4.253701210021972656e+00 -1.164781570434570312e+01 -9.804061651229858398e-01 -0.000000000000000000e+00 -0.000000000000000000e+00 -6.517625451087951660e-01 7.584231495857238770e-01
4.207982540130615234e+00 -1.171815776824951172e+01 -8.744894266128540039e-01 -5.457206629216670990e-03 7.000212557613849640e-03 -6.475683450698852539e-01 7.619556784629821777e-01
4.204648494720458984e+00 -1.182768535614013672e+01 -7.806189060211181641e-01 -1.120921969413757324e-02 1.390935201197862625e-02 -6.433807611465454102e-01 7.653379440307617188e-01
4.229762554168701172e+00 -1.195441055297851562e+01 -7.022051811218261719e-01 -1.720323599874973297e-02 2.074270136654376984e-02 -6.391850709915161133e-01 7.685806751251220703e-01
4.267524242401123047e+00 -1.208922481536865234e+01 -6.302503943443298340e-01 -2.338620834052562714e-02 2.751514129340648651e-02 -6.349679231643676758e-01 7.716941237449645996e-01
4.312381267547607422e+00 -1.223087120056152344e+01 -5.616033673286437988e-01 -2.970537729561328888e-02 3.424206376075744629e-02 -6.307151913642883301e-01 7.746891379356384277e-01
4.360770225524902344e+00 -1.237921333312988281e+01 -4.943481385707855225e-01 -3.610782325267791748e-02 4.093861579895019531e-02 -6.264140605926513672e-01 7.775768637657165527e-01
4.410846233367919922e+00 -1.253444766998291016e+01 -4.278410375118255615e-01 -4.254084080457687378e-02 4.761997237801551819e-02 -6.220508217811584473e-01 7.803688049316406250e-01
4.461023330688476562e+00 -1.269701862335205078e+01 -3.621374368667602539e-01 -4.895147308707237244e-02 5.430150032043457031e-02 -6.176130175590515137e-01 7.830768227577209473e-01
4.509241104125976562e+00 -1.286759757995605469e+01 -2.977163493633270264e-01 -5.528726428747177124e-02 6.099823489785194397e-02 -6.130879521369934082e-01 7.857134342193603516e-01
4.552258491516113281e+00 -1.304717350006103516e+01 -2.356891632080078125e-01 -6.149524450302124023e-02 6.772528588771820068e-02 -6.084641218185424805e-01 7.882911562919616699e-01
4.583373546600341797e+00 -1.323729133605957031e+01 -1.787867695093154907e-01 -6.752289831638336182e-02 7.449788600206375122e-02 -6.037296056747436523e-01 7.908231616020202637e-01
4.587579250335693359e+00 -1.343881797790527344e+01 -1.325031220912933350e-01 -7.331826537847518921e-02 8.133132755756378174e-02 -5.988729000091552734e-01 7.933227419853210449e-01
4.552276134490966797e+00 -1.364580059051513672e+01 -9.971877932548522949e-02 -7.882899045944213867e-02 8.824084699153900146e-02 -5.938826799392700195e-01 7.958033084869384766e-01
4.477721691131591797e+00 -1.385018444061279297e+01 -7.804122567176818848e-02 -8.400284498929977417e-02 9.524137526750564575e-02 -5.887479782104492188e-01 7.982784509658813477e-01
4.376611709594726562e+00 -1.405047798156738281e+01 -6.130683794617652893e-02 -8.878800272941589355e-02 1.023481190204620361e-01 -5.834569334983825684e-01 8.007618188858032227e-01
4.258600711822509766e+00 -1.424869346618652344e+01 -4.528449848294258118e-02 -9.313296526670455933e-02 1.095762029290199280e-01 -5.779989361763000488e-01 8.032662272453308105e-01
4.133656024932861328e+00 -1.445008277893066406e+01 -2.987281791865825653e-02 -9.698621928691864014e-02 1.169406473636627197e-01 -5.723615288734436035e-01 8.058045506477355957e-01
4.005879402160644531e+00 -1.465719890594482422e+01 -1.557945180684328079e-02 -1.002965569496154785e-01 1.244564577937126160e-01 -5.665324330329895020e-01 8.083886504173278809e-01
3.880376577377319336e+00 -1.487317752838134766e+01 -3.430175594985485077e-03 -1.030126363039016724e-01 1.321384012699127197e-01 -5.604991912841796875e-01 8.110293149948120117e-01
3.764443874359130859e+00 -1.509491157531738281e+01 5.739746149629354477e-03 -1.050839126110076904e-01 1.400011926889419556e-01 -5.542475581169128418e-01 8.137362599372863770e-01
3.663756608963012695e+00 -1.532446479797363281e+01 1.088790874928236008e-02 -1.064750105142593384e-01 1.480435132980346680e-01 -5.477740764617919922e-01 8.165107369422912598e-01
3.591501712799072266e+00 -1.556498527526855469e+01 8.594436571002006531e-03 -1.045344546437263489e-01 1.544298380613327026e-01 -5.416293740272521973e-01 8.196716308593750000e-01
3.547149896621704102e+00 -1.580476760864257812e+01 3.736877406481653452e-04 -1.009758412837982178e-01 1.602475643157958984e-01 -5.356020927429199219e-01 8.229549527168273926e-01
3.528890371322631836e+00 -1.604042243957519531e+01 -1.273529045283794403e-02 -9.728939086198806763e-02 1.663727164268493652e-01 -5.294779539108276367e-01 8.261403441429138184e-01
3.516401290893554688e+00 -1.626901245117187500e+01 -2.710830606520175934e-02 -9.353370219469070435e-02 1.727196276187896729e-01 -5.233030319213867188e-01 8.292003273963928223e-01
3.451108932495117188e+00 -1.647809982299804688e+01 -3.318382054567337036e-02 -8.976566791534423828e-02 1.792007088661193848e-01 -5.171236991882324219e-01 8.321131467819213867e-01
3.302891731262207031e+00 -1.662618064880371094e+01 -2.314399741590023041e-02 -8.603992313146591187e-02 1.857268512248992920e-01 -5.109887719154357910e-01 8.348610997200012207e-01
3.117876529693603516e+00 -1.671187973022460938e+01 -3.453903133049607277e-03 -8.240869641304016113e-02 1.922081708908081055e-01 -5.049480199813842773e-01 8.374319672584533691e-01
2.930724143981933594e+00 -1.677132606506347656e+01 1.813377253711223602e-02 -7.892174273729324341e-02 1.985539793968200684e-01 -4.990541934967041016e-01 8.398169875144958496e-01
2.748143196105957031e+00 -1.681965255737304688e+01 3.944259509444236755e-02 -7.562625408172607422e-02 2.046734690666198730e-01 -4.933618307113647461e-01 8.420115113258361816e-01
2.572238683700561523e+00 -1.686450576782226562e+01 5.942985415458679199e-02 -7.256632298231124878e-02 2.104761600494384766e-01 -4.879297614097595215e-01 8.440133333206176758e-01
2.399240732192993164e+00 -1.690623283386230469e+01 7.834915071725845337e-02 -6.978328526020050049e-02 2.158720344305038452e-01 -4.828190207481384277e-01 8.458222150802612305e-01
2.228969097137451172e+00 -1.694400596618652344e+01 9.594947844743728638e-02 -6.731550395488739014e-02 2.207722067832946777e-01 -4.780943393707275391e-01 8.474396467208862305e-01
2.061200618743896484e+00 -1.697654342651367188e+01 1.118355542421340942e-01 -6.519895792007446289e-02 2.250884175300598145e-01 -4.738233089447021484e-01 8.488672971725463867e-01
1.895682334899902344e+00 -1.700172996520996094e+01 1.252492517232894897e-01 -6.346662342548370361e-02 2.287345677614212036e-01 -4.700773060321807861e-01 8.501057028770446777e-01
1.732469439506530762e+00 -1.701786994934082031e+01 1.353652924299240112e-01 -6.214967370033264160e-02 2.316258847713470459e-01 -4.669300019741058350e-01 8.511540889739990234e-01
1.572069048881530762e+00 -1.702569961547851562e+01 1.422508209943771362e-01 -6.127771735191345215e-02 2.336796075105667114e-01 -4.644575417041778564e-01 8.520081639289855957e-01
1.414953589439392090e+00 -1.702770996093750000e+01 1.467394232749938965e-01 -6.087931245565414429e-02 2.348154783248901367e-01 -4.627382159233093262e-01 8.526598215103149414e-01
1.261322021484375000e+00 -1.702644157409667969e+01 1.498049944639205933e-01 -6.098314374685287476e-02 2.349556982517242432e-01 -4.618507027626037598e-01 8.530948758125305176e-01
1.113344073295593262e+00 -1.702356147766113281e+01 1.521042585372924805e-01 -6.161876022815704346e-02 2.340255677700042725e-01 -4.618745446205139160e-01 8.532918095588684082e-01
9.704864025115966797e-01 -1.701934432983398438e+01 1.527590900659561157e-01 -5.876784026622772217e-02 2.297947108745574951e-01 -4.639536142349243164e-01 8.535148501396179199e-01
8.332665562629699707e-01 -1.701461029052734375e+01 1.530222296714782715e-01 -5.612885951995849609e-02 2.243598103523254395e-01 -4.669810235500335693e-01 8.534874916076660156e-01
7.017071247100830078e-01 -1.700955772399902344e+01 1.530015468597412109e-01 -5.368502438068389893e-02 2.178480476140975952e-01 -4.708459973335266113e-01 8.532081842422485352e-01
5.758288502693176270e-01 -1.700444984436035156e+01 1.528189778327941895e-01 -5.141957104206085205e-02 2.103863507509231567e-01 -4.754366874694824219e-01 8.526743650436401367e-01
4.556591808795928955e-01 -1.699925804138183594e+01 1.524015814065933228e-01 -4.931565374135971069e-02 2.021021842956542969e-01 -4.806413054466247559e-01 8.518840670585632324e-01
3.412231504917144775e-01 -1.699411773681640625e+01 1.518942266702651978e-01 -4.735662788152694702e-02 1.931238919496536255e-01 -4.863487780094146729e-01 8.508381247520446777e-01
2.325439453125000000e-01 -1.698903846740722656e+01 1.512752473354339600e-01 -4.552624374628067017e-02 1.835811585187911987e-01 -4.924499690532684326e-01 8.495400547981262207e-01
1.296472102403640747e-01 -1.698399162292480469e+01 1.504732519388198853e-01 -4.380862414836883545e-02 1.736053675413131714e-01 -4.988383650779724121e-01 8.479989171028137207e-01
3.255371004343032837e-02 -1.697907257080078125e+01 1.495980769395828247e-01 -4.218809679150581360e-02 1.633291542530059814e-01 -5.054100751876831055e-01 8.462294340133666992e-01
-5.871642753481864929e-02 -1.697430801391601562e+01 1.486573815345764160e-01 -4.064935073256492615e-02 1.528868377208709717e-01 -5.120652318000793457e-01 8.442525863647460938e-01
-1.441455036401748657e-01 -1.696972084045410156e+01 1.476610600948333740e-01 -3.917754441499710083e-02 1.424142569303512573e-01 -5.187076330184936523e-01 8.420960307121276855e-01
-2.237164229154586792e-01 -1.696530151367187500e+01 1.465560942888259888e-01 -3.775863349437713623e-02 1.320486366748809814e-01 -5.252454280853271484e-01 8.397945165634155273e-01
-2.974163889884948730e-01 -1.696110725402832031e+01 1.454166322946548462e-01 -3.637855499982833862e-02 1.219279244542121887e-01 -5.315905809402465820e-01 8.373898267745971680e-01
-3.652349710464477539e-01 -1.695716667175292969e+01 1.442708522081375122e-01 -3.502334281802177429e-02 1.121911257505416870e-01 -5.376604199409484863e-01 8.349297642707824707e-01
-4.271612465381622314e-01 -1.695351028442382812e+01 1.431371271610260010e-01 -3.368014842271804810e-02 1.029780209064483643e-01 -5.433754324913024902e-01 8.324687480926513672e-01
-4.831902980804443359e-01 -1.695015525817871094e+01 1.420352905988693237e-01 -3.233600407838821411e-02 9.442837536334991455e-02 -5.486603975296020508e-01 8.300659656524658203e-01
-5.333154201507568359e-01 -1.694713020324707031e+01 1.409863233566284180e-01 -3.097837232053279877e-02 8.668223023414611816e-02 -5.534424185752868652e-01 8.277850151062011719e-01
-5.775329470634460449e-01 -1.694445419311523438e+01 1.400119811296463013e-01 -2.959408052265644073e-02 7.987948507070541382e-02 -5.576519370079040527e-01 8.256922960281372070e-01
-6.158398389816284180e-01 -1.694214248657226562e+01 1.391143053770065308e-01 -2.817112579941749573e-02 7.415980100631713867e-02 -5.612201690673828125e-01 8.238559961318969727e-01
-6.482329964637756348e-01 -1.694022750854492188e+01 1.383255720138549805e-01 -2.669662423431873322e-02 6.966254115104675293e-02 -5.640788674354553223e-01 8.223438858985900879e-01
-6.747137308120727539e-01 -1.693872451782226562e+01 1.376764625310897827e-01 -2.516151405870914459e-02 6.648361682891845703e-02 -5.661820173263549805e-01 8.212093114852905273e-01
-6.952942013740539551e-01 -1.693762969970703125e+01 1.371614038944244385e-01 -2.357191778719425201e-02 6.454602628946304321e-02 -5.675743818283081055e-01 8.204495310783386230e-01
-7.099853157997131348e-01 -1.693691825866699219e+01 1.367684155702590942e-01 -2.193749882280826569e-02 6.372924149036407471e-02 -5.683194398880004883e-01 8.200427889823913574e-01
-7.187988162040710449e-01 -1.693658256530761719e+01 1.364832967519760132e-01 -2.026793546974658966e-02 6.391254067420959473e-02 -5.684778094291687012e-01 8.199617862701416016e-01
-7.217443585395812988e-01 -1.693659782409667969e+01 1.362916529178619385e-01 -1.857282035052776337e-02 6.497465074062347412e-02 -5.681068897247314453e-01 8.201755881309509277e-01
-7.251129150390625000e-01 -1.693672752380371094e+01 1.361985057592391968e-01 -1.686115749180316925e-02 6.679409742355346680e-02 -5.672624111175537109e-01 8.206508159637451172e-01
-7.289135456085205078e-01 -1.693696022033691406e+01 1.361878961324691772e-01 -1.514236070215702057e-02 6.924919784069061279e-02 -5.659989714622497559e-01 8.213528394699096680e-01
-7.331524491310119629e-01 -1.693727684020996094e+01 1.362440437078475952e-01 -1.342608407139778137e-02 7.221873104572296143e-02 -5.643718242645263672e-01 8.222461938858032227e-01
-7.378357052803039551e-01 -1.693765830993652344e+01 1.363507807254791260e-01 -1.172143965959548950e-02 7.558069378137588501e-02 -5.624355673789978027e-01 8.232960700988769531e-01
-7.429705858230590820e-01 -1.693809127807617188e+01 1.364926099777221680e-01 -1.003768295049667358e-02 7.921370118856430054e-02 -5.602458119392395020e-01 8.244690299034118652e-01
-7.485644221305847168e-01 -1.693855667114257812e+01 1.366542726755142212e-01 -8.384395390748977661e-03 8.299636095762252808e-02 -5.578594803810119629e-01 8.257324695587158203e-01
-7.546252012252807617e-01 -1.693903923034667969e+01 1.368215084075927734e-01 -6.771445274353027344e-03 8.680751919746398926e-02 -5.553344488143920898e-01 8.270564079284667969e-01
-7.611596584320068359e-01 -1.693952178955078125e+01 1.369799822568893433e-01 -5.207728594541549683e-03 9.052576869726181030e-02 -5.527303218841552734e-01 8.284124135971069336e-01
-7.681781053543090820e-01 -1.693998718261718750e+01 1.371167749166488647e-01 -3.703407943248748779e-03 9.403073787689208984e-02 -5.501080751419067383e-01 8.297743201255798340e-01
-7.756878733634948730e-01 -1.694042015075683594e+01 1.372190862894058228e-01 -2.267602831125259399e-03 9.720144420862197876e-02 -5.475297570228576660e-01 8.311184048652648926e-01
-7.836993336677551270e-01 -1.694079971313476562e+01 1.372750848531723022e-01 -9.102821350097656250e-04 9.991773962974548340e-02 -5.450587868690490723e-01 8.324220180511474609e-01
-7.922222614288330078e-01 -1.694111442565917969e+01 1.372732520103454590e-01 3.589615225791931152e-04 1.020596250891685486e-01 -5.427596569061279297e-01 8.336640000343322754e-01
-8.012664318084716797e-01 -1.694134330749511719e+01 1.372025310993194580e-01 1.530550420284271240e-03 1.035068109631538391e-01 -5.406961441040039062e-01 8.348243236541748047e-01
-8.108416795730590820e-01 -1.694147109985351562e+01 1.370516866445541382e-01 2.594839781522750854e-03 1.041392832994461060e-01 -5.389333963394165039e-01 8.358821868896484375e-01
-8.209588527679443359e-01 -1.694148445129394531e+01 1.368099898099899292e-01 3.542199730873107910e-03 1.038371324539184570e-01 -5.375350117683410645e-01 8.368162512779235840e-01
-8.316228985786437988e-01 -1.694136619567871094e+01 1.364698708057403564e-01 4.365690052509307861e-03 1.025171205401420593e-01 -5.365467667579650879e-01 8.376088142395019531e-01
-8.428313732147216797e-01 -1.694112586975097656e+01 1.360392719507217407e-01 5.069620907306671143e-03 1.002456545829772949e-01 -5.359480381011962891e-01 8.382629752159118652e-01
-8.545776009559631348e-01 -1.694077491760253906e+01 1.355297118425369263e-01 5.660429596900939941e-03 9.712627530097961426e-02 -5.357002019882202148e-01 8.387847542762756348e-01
-8.668524026870727539e-01 -1.694032478332519531e+01 1.349519342184066772e-01 6.145000457763671875e-03 9.326222538948059082e-02 -5.357632637023925781e-01 8.391794562339782715e-01
-8.796496391296386719e-01 -1.693978500366210938e+01 1.343170106410980225e-01 6.529714912176132202e-03 8.875696361064910889e-02 -5.360977053642272949e-01 8.394514918327331543e-01
-8.929620385169982910e-01 -1.693916511535644531e+01 1.336351782083511353e-01 6.821710616350173950e-03 8.371368795633316040e-02 -5.366637706756591797e-01 8.396055102348327637e-01
-9.067822098731994629e-01 -1.693847656250000000e+01 1.329172551631927490e-01 7.027273997664451599e-03 7.823624461889266968e-02 -5.374217033386230469e-01 8.396472930908203125e-01
-9.211041331291198730e-01 -1.693772888183593750e+01 1.321741491556167603e-01 7.153203710913658142e-03 7.242819666862487793e-02 -5.383332967758178711e-01 8.395833373069763184e-01
-9.359216094017028809e-01 -1.693693351745605469e+01 1.314168572425842285e-01 7.206121459603309631e-03 6.639374792575836182e-02 -5.393609404563903809e-01 8.394222259521484375e-01
-9.512280225753784180e-01 -1.693609809875488281e+01 1.306568086147308350e-01 7.192967459559440613e-03 6.023693084716796875e-02 -5.404684543609619141e-01 8.391743898391723633e-01
-9.670190215110778809e-01 -1.693523406982421875e+01 1.299056261777877808e-01 7.120469585061073303e-03 5.406222864985466003e-02 -5.416210889816284180e-01 8.388523459434509277e-01
-9.832903742790222168e-01 -1.693434715270996094e+01 1.291756480932235718e-01 6.995411589741706848e-03 4.797413200139999390e-02 -5.427853465080261230e-01 8.384709358215332031e-01
-1.000037789344787598e+00 -1.693344879150390625e+01 1.284791529178619385e-01 6.824485957622528076e-03 4.207744449377059937e-02 -5.439295768737792969e-01 8.380475044250488281e-01
-1.017258286476135254e+00 -1.693254661560058594e+01 1.278290599584579468e-01 6.614303216338157654e-03 3.647708520293235779e-02 -5.450232625007629395e-01 8.376009464263916016e-01
-1.034948110580444336e+00 -1.693164825439453125e+01 1.272383034229278564e-01 6.371849216520786285e-03 3.127770125865936279e-02 -5.460370182991027832e-01 8.371527791023254395e-01
-1.053104877471923828e+00 -1.693075942993164062e+01 1.267057806253433228e-01 6.104188039898872375e-03 2.658416144549846649e-02 -5.469433069229125977e-01 8.367252349853515625e-01
-1.061699748039245605e+00 -1.693024635314941406e+01 1.262325197458267212e-01 5.817504599690437317e-03 2.250143513083457947e-02 -5.477141737937927246e-01 8.363427519798278809e-01
-1.062012314796447754e+00 -1.693007087707519531e+01 1.258377879858016968e-01 5.518977995961904526e-03 1.913426816463470459e-02 -5.483229160308837891e-01 8.360295891761779785e-01
-1.062787413597106934e+00 -1.692993164062500000e+01 1.255558729171752930e-01 5.215380340814590454e-03 1.658717542886734009e-02 -5.487428307533264160e-01 8.358103036880493164e-01
-1.064023375511169434e+00 -1.692983245849609375e+01 1.254002302885055542e-01 4.913130775094032288e-03 1.496524270623922348e-02 -5.489467382431030273e-01 8.357088565826416016e-01
-1.065719008445739746e+00 -1.692977905273437500e+01 1.253797858953475952e-01 4.617886617779731750e-03 1.433822698891162872e-02 -5.489156842231750488e-01 8.357419371604919434e-01
-1.067874789237976074e+00 -1.692977142333984375e+01 1.254859119653701782e-01 4.327536560595035553e-03 1.463963650166988373e-02 -5.486680865287780762e-01 8.359009027481079102e-01
-1.070495009422302246e+00 -1.692979621887207031e+01 1.257051825523376465e-01 4.039375577121973038e-03 1.576821506023406982e-02 -5.482295751571655273e-01 8.361694812774658203e-01
-1.073581576347351074e+00 -1.692985153198242188e+01 1.260243207216262817e-01 3.749909345060586929e-03 1.762262918055057526e-02 -5.476254820823669434e-01 8.365295529365539551e-01
-1.077136874198913574e+00 -1.692992401123046875e+01 1.264297515153884888e-01 3.456058911979198456e-03 2.010168880224227905e-02 -5.468803644180297852e-01 8.369623422622680664e-01
-1.081162691116333008e+00 -1.693001174926757812e+01 1.269077211618423462e-01 3.154487349092960358e-03 2.310418337583541870e-02 -5.460186004638671875e-01 8.374484777450561523e-01
-1.085662245750427246e+00 -1.693010711669921875e+01 1.274449080228805542e-01 2.842144109308719635e-03 2.652880363166332245e-02 -5.450646877288818359e-01 8.379693031311035156e-01
-1.090636014938354492e+00 -1.693020248413085938e+01 1.280275732278823853e-01 2.516062930226325989e-03 3.027394413948059082e-02 -5.440437793731689453e-01 8.385066986083984375e-01
-1.096089482307434082e+00 -1.693029212951660156e+01 1.286427229642868042e-01 2.172562293708324432e-03 3.423870354890823364e-02 -5.429816246032714844e-01 8.390434980392456055e-01
-1.102024555206298828e+00 -1.693036651611328125e+01 1.292771100997924805e-01 1.808747649192810059e-03 3.832170367240905762e-02 -5.419048666954040527e-01 8.395638465881347656e-01
-1.108444213867187500e+00 -1.693041992187500000e+01 1.299179792404174805e-01 1.421524211764335632e-03 4.242157191038131714e-02 -5.408406257629394531e-01 8.400534987449645996e-01
-1.115353941917419434e+00 -1.693044090270996094e+01 1.305525898933410645e-01 1.007512211799621582e-03 4.643733054399490356e-02 -5.398175120353698730e-01 8.404995799064636230e-01
-1.122757554054260254e+00 -1.693043136596679688e+01 1.311685889959335327e-01 5.637817084789276123e-04 5.026779323816299438e-02 -5.388654470443725586e-01 8.408905267715454102e-01
-1.130660414695739746e+00 -1.693037033081054688e+01 1.317538470029830933e-01 8.704885840415954590e-05 5.381210520863533020e-02 -5.380144119262695312e-01 8.412162661552429199e-01
-1.139067411422729492e+00 -1.693025970458984375e+01 1.322962939739227295e-01 -4.256311804056167603e-04 5.696912109851837158e-02 -5.372949242591857910e-01 8.414681553840637207e-01
-1.147984623908996582e+00 -1.693008804321289062e+01 1.327840387821197510e-01 -9.777396917343139648e-04 5.963823571801185608e-02 -5.367388725280761719e-01 8.416374325752258301e-01
-1.157417535781860352e+00 -1.692984390258789062e+01 1.332052648067474365e-01 -1.572337001562118530e-03 6.171888113021850586e-02 -5.363779664039611816e-01 8.417166471481323242e-01
-1.167371749877929688e+00 -1.692952156066894531e+01 1.335479766130447388e-01 -2.212392166256904602e-03 6.310985237360000610e-02 -5.362437367439270020e-01 8.416976332664489746e-01
-1.177853941917419434e+00 -1.692911529541015625e+01 1.338001191616058350e-01 -2.901187166571617126e-03 6.371055543422698975e-02 -5.363668799400329590e-01 8.415718078613281250e-01
-1.188868403434753418e+00 -1.692860984802246094e+01 1.339493542909622192e-01 -3.642044961452484131e-03 6.342025101184844971e-02 -5.367781519889831543e-01 8.413286209106445312e-01
-1.200419902801513672e+00 -1.692800521850585938e+01 1.339863538742065430e-01 -4.436766728758811951e-03 6.216731667518615723e-02 -5.375026464462280273e-01 8.409556746482849121e-01
-1.212508559226989746e+00 -1.692729187011718750e+01 1.339160948991775513e-01 -5.282776430249214172e-03 5.999884009361267090e-02 -5.385516285896301270e-01 8.404369950294494629e-01
-1.225134253501892090e+00 -1.692647361755371094e+01 1.337468624114990234e-01 -6.176007911562919617e-03 5.699096620082855225e-02 -5.399320125579833984e-01 8.397542238235473633e-01
-1.238294601440429688e+00 -1.692554473876953125e+01 1.334863305091857910e-01 -7.112313061952590942e-03 5.321988835930824280e-02 -5.416492223739624023e-01 8.388881683349609375e-01
-1.251990318298339844e+00 -1.692450332641601562e+01 1.331420093774795532e-01 -8.088089525699615479e-03 4.876219853758811951e-02 -5.437082052230834961e-01 8.378175497055053711e-01
-1.266216397285461426e+00 -1.692334747314453125e+01 1.327209472656250000e-01 -9.099015966057777405e-03 4.369413852691650391e-02 -5.461133122444152832e-01 8.365216255187988281e-01
-1.287683725357055664e+00 -1.692183303833007812e+01 1.322463899850845337e-01 -1.014142297208309174e-02 3.809212893247604370e-02 -5.488690733909606934e-01 8.349783420562744141e-01
-1.316388487815856934e+00 -1.691996002197265625e+01 1.317249238491058350e-01 -1.121072191745042801e-02 3.203265741467475891e-02 -5.519795417785644531e-01 8.331667780876159668e-01
-1.352328419685363770e+00 -1.691772460937500000e+01 1.311634778976440430e-01 -1.230299100279808044e-02 2.559237368404865265e-02 -5.554492473602294922e-01 8.310654163360595703e-01
-1.395501017570495605e+00 -1.691512489318847656e+01 1.305687725543975830e-01 -1.341433078050613403e-02 1.884820125997066498e-02 -5.592823624610900879e-01 8.286542892456054688e-01
-1.445902705192565918e+00 -1.691215324401855469e+01 1.299480348825454712e-01 -1.454083248972892761e-02 1.187725923955440521e-02 -5.634843111038208008e-01 8.259134888648986816e-01
-1.503528356552124023e+00 -1.690880584716796875e+01 1.292858123779296875e-01 -1.567783392965793610e-02 4.756387323141098022e-03 -5.680598616600036621e-01 8.228241801261901855e-01
-1.568375825881958008e+00 -1.690507316589355469e+01 1.285632997751235962e-01 -1.682154089212417603e-02 -2.437119372189044952e-03 -5.730152726173400879e-01 8.193684220314025879e-01
-1.640441894531250000e+00 -1.690095710754394531e+01 1.278288215398788452e-01 -1.796800270676612854e-02 -9.625845588743686676e-03 -5.783559679985046387e-01 8.155297636985778809e-01
-1.719721674919128418e+00 -1.689645385742187500e+01 1.270900666713714600e-01 -1.911300420761108398e-02 -1.673284173011779785e-02 -5.840891599655151367e-01 8.112919330596923828e-01
-1.806210875511169434e+00 -1.689155769348144531e+01 1.263555884361267090e-01 -2.025231905281543732e-02 -2.368063293397426605e-02 -5.902212858200073242e-01 8.066398501396179199e-01
-1.899905323982238770e+00 -1.688626098632812500e+01 1.256340742111206055e-01 -2.138180471956729889e-02 -3.039214946329593658e-02 -5.967594981193542480e-01 8.015592694282531738e-01
-2.000799417495727539e+00 -1.688054847717285156e+01 1.248126178979873657e-01 -2.249757200479507446e-02 -3.679027035832405090e-02 -6.037110090255737305e-01 7.960361242294311523e-01
-2.108887195587158203e+00 -1.687442016601562500e+01 1.239971891045570374e-01 -2.359541319310665131e-02 -4.279813170433044434e-02 -6.110827326774597168e-01 7.900566458702087402e-01
-2.212670326232910156e+00 -1.686828994750976562e+01 1.232167780399322510e-01 -2.467157505452632904e-02 -4.833951219916343689e-02 -6.188814043998718262e-01 7.836072444915771484e-01
-2.312139749526977539e+00 -1.686215209960937500e+01 1.224718466401100159e-01 -2.572217769920825958e-02 -5.335346236824989319e-02 -6.270988583564758301e-01 7.766844630241394043e-01
-2.413159132003784180e+00 -1.685581016540527344e+01 1.215865314006805420e-01 -2.674759179353713989e-02 -5.784524232149124146e-02 -6.356675028800964355e-01 7.693278193473815918e-01
-2.515714168548583984e+00 -1.684928131103515625e+01 1.207440942525863647e-01 -2.774842455983161926e-02 -6.183566898107528687e-02 -6.445068120956420898e-01 7.615886330604553223e-01
-2.619796037673950195e+00 -1.684259796142578125e+01 1.199454441666603088e-01 -2.872535027563571930e-02 -6.534586101770401001e-02 -6.535372734069824219e-01 7.535209059715270996e-01
-2.725395441055297852e+00 -1.683578300476074219e+01 1.189741492271423340e-01 -2.967941202223300934e-02 -6.839755177497863770e-02 -6.626811623573303223e-01 7.451808452606201172e-01
-2.832503557205200195e+00 -1.682885932922363281e+01 1.179358661174774170e-01 -3.061138093471527100e-02 -7.101228833198547363e-02 -6.718633174896240234e-01 7.366273403167724609e-01
-2.941120624542236328e+00 -1.682184791564941406e+01 1.169281005859375000e-01 -3.152226656675338745e-02 -7.321225106716156006e-02 -6.810106039047241211e-01 7.279222607612609863e-01
-3.051237821578979492e+00 -1.681478309631347656e+01 1.155236810445785522e-01 -3.241328150033950806e-02 -7.501989603042602539e-02 -6.900531053543090820e-01 7.191301584243774414e-01
-3.162858724594116211e+00 -1.680768013000488281e+01 1.141568720340728760e-01 -3.328588232398033142e-02 -7.645829766988754272e-02 -6.989228129386901855e-01 7.103190422058105469e-01
-3.275977611541748047e+00 -1.680058097839355469e+01 1.122221350669860840e-01 -3.414136543869972229e-02 -7.755039632320404053e-02 -7.075557708740234375e-01 7.015590667724609375e-01
-3.390603065490722656e+00 -1.679350280761718750e+01 1.099713891744613647e-01 -3.498126566410064697e-02 -7.831969857215881348e-02 -7.158903479576110840e-01 6.929236650466918945e-01
-3.506728410720825195e+00 -1.678647804260253906e+01 1.070251464843750000e-01 -3.580744564533233643e-02 -7.879007607698440552e-02 -7.238682508468627930e-01 6.844886541366577148e-01
-3.622936964035034180e+00 -1.677177619934082031e+01 1.024830639362335205e-01 -3.662147372961044312e-02 -7.898531109094619751e-02 -7.314336299896240234e-01 6.763320565223693848e-01
-3.724861860275268555e+00 -1.671312141418457031e+01 9.501487761735916138e-02 -3.742559999227523804e-02 -7.892977446317672729e-02 -7.385336160659790039e-01 6.685337424278259277e-01
-3.802606105804443359e+00 -1.661977195739746094e+01 8.644035458564758301e-02 -3.822170197963714600e-02 -7.864764332771301270e-02 -7.451177239418029785e-01 6.611755490303039551e-01
-3.865925312042236328e+00 -1.651294708251953125e+01 7.787933200597763062e-02 -3.901184350252151489e-02 -7.816315442323684692e-02 -7.511372566223144531e-01 6.543403267860412598e-01
-3.920182943344116211e+00 -1.639969635009765625e+01 6.965660303831100464e-02 -3.979857265949249268e-02 -7.750093936920166016e-02 -7.565454840660095215e-01 6.481116414070129395e-01
-3.973730325698852539e+00 -1.628125000000000000e+01 6.129157915711402893e-02 -4.058397561311721802e-02 -7.668516784906387329e-02 -7.612955570220947266e-01 6.425739526748657227e-01
-4.026901721954345703e+00 -1.615802383422851562e+01 5.286002904176712036e-02 -4.137068986892700195e-02 -7.574020326137542725e-02 -7.653426527976989746e-01 6.378107070922851562e-01
-4.074670314788818359e+00 -1.603907585144042969e+01 4.509979113936424255e-02 -4.216071218252182007e-02 -7.468984276056289673e-02 -7.686399817466735840e-01 6.339056491851806641e-01
-4.120273113250732422e+00 -1.592584419250488281e+01 3.774795308709144592e-02 -4.295480623841285706e-02 -7.355843484401702881e-02 -7.711611390113830566e-01 6.309155225753784180e-01
-4.163045406341552734e+00 -1.581803894042968750e+01 3.090293891727924347e-02 -4.374515265226364136e-02 -7.237055897712707520e-02 -7.729597091674804688e-01 6.287942528724670410e-01
-4.201959133148193359e+00 -1.571521949768066406e+01 2.471816912293434143e-02 -4.452225938439369202e-02 -7.115098834037780762e-02 -7.741062641143798828e-01 6.274669170379638672e-01
-4.238836765289306641e+00 -1.561809825897216797e+01 1.889770478010177612e-02 -4.527609422802925110e-02 -6.992401927709579468e-02 -7.746684551239013672e-01 6.268569231033325195e-01
-4.273666858673095703e+00 -1.552665042877197266e+01 1.343299821019172668e-02 -4.599690809845924377e-02 -6.871399283409118652e-02 -7.747108936309814453e-01 6.268855929374694824e-01
-4.306451320648193359e+00 -1.544085216522216797e+01 8.315887302160263062e-03 -4.667441546916961670e-02 -6.754468381404876709e-02 -7.742981314659118652e-01 6.274724006652832031e-01
-4.336209774017333984e+00 -1.536029720306396484e+01 3.853988600894808769e-03 -4.729852452874183655e-02 -6.644006073474884033e-02 -7.734921574592590332e-01 6.285367608070373535e-01
-4.363883018493652344e+00 -1.528533458709716797e+01 -2.688598469831049442e-04 -4.785934463143348694e-02 -6.542417407035827637e-02 -7.723554968833923340e-01 6.299969553947448730e-01
-4.389560222625732422e+00 -1.521597862243652344e+01 -4.092788789421319962e-03 -4.834634438157081604e-02 -6.452063471078872681e-02 -7.709500193595886230e-01 6.317719817161560059e-01
-4.413237094879150391e+00 -1.515220165252685547e+01 -7.626037579029798508e-03 -4.874971136450767517e-02 -6.375356018543243408e-02 -7.693381905555725098e-01 6.337805390357971191e-01
-4.434908390045166016e+00 -1.509398174285888672e+01 -1.087684649974107742e-02 -4.905903711915016174e-02 -6.314667314291000366e-02 -7.675830125808715820e-01 6.359419226646423340e-01
-4.454566478729248047e+00 -1.504129600524902344e+01 -1.385330129414796829e-02 -4.926447570323944092e-02 -6.272412836551666260e-02 -7.657482624053955078e-01 6.381757259368896484e-01
-4.472178936004638672e+00 -1.499410629272460938e+01 -1.654167100787162781e-02 -4.935594648122787476e-02 -6.251002103090286255e-02 -7.638981938362121582e-01 6.404030323028564453e-01
-4.487486362457275391e+00 -1.495228195190429688e+01 -1.875473000109195709e-02 -4.932343214750289917e-02 -6.252844631671905518e-02 -7.620981931686401367e-01 6.425446867942810059e-01
-4.500808238983154297e+00 -1.491593742370605469e+01 -2.074882388114929199e-02 -4.915690049529075623e-02 -6.280352920293807983e-02 -7.604141831398010254e-01 6.445227265357971191e-01
-4.512142181396484375e+00 -1.488504028320312500e+01 -2.253204211592674255e-02 -4.884680360555648804e-02 -6.335981190204620361e-02 -7.589128613471984863e-01 6.462591290473937988e-01
-4.521484375000000000e+00 -1.485956859588623047e+01 -2.411247231066226959e-02 -4.838293045759201050e-02 -6.422130763530731201e-02 -7.576609253883361816e-01 6.476763486862182617e-01
-4.528831481933593750e+00 -1.483949756622314453e+01 -2.549835108220577240e-02 -4.775534570217132568e-02 -6.541234254837036133e-02 -7.567248344421386719e-01 6.486974358558654785e-01
-4.534182071685791016e+00 -1.482480430603027344e+01 -2.669776789844036102e-02 -4.695449769496917725e-02 -6.695741415023803711e-02 -7.561709284782409668e-01 6.492437124252319336e-01
-4.537528991699218750e+00 -1.481546115875244141e+01 -2.771903946995735168e-02 -4.597010836005210876e-02 -6.888050585985183716e-02 -7.560645937919616699e-01 6.492368578910827637e-01
-4.538869380950927734e+00 -1.481145763397216797e+01 -2.856590226292610168e-02 -4.480002075433731079e-02 -7.119098305702209473e-02 -7.564460635185241699e-01 6.486247777938842773e-01
-4.541194915771484375e+00 -1.480444145202636719e+01 -2.966750971972942352e-02 -4.347284510731697083e-02 -7.383912801742553711e-02 -7.572599649429321289e-01 6.474682688713073730e-01
-4.544506549835205078e+00 -1.479444503784179688e+01 -3.100357018411159515e-02 -4.202568531036376953e-02 -7.676085084676742554e-02 -7.584278583526611328e-01 6.458549499511718750e-01
-4.548807144165039062e+00 -1.478149414062500000e+01 -3.255401551723480225e-02 -4.049485549330711365e-02 -7.989152520895004272e-02 -7.598708271980285645e-01 6.438739895820617676e-01
-4.554102897644042969e+00 -1.476561450958251953e+01 -3.429847583174705505e-02 -3.891748934984207153e-02 -8.316714316606521606e-02 -7.615114450454711914e-01 6.416143774986267090e-01
-4.560395240783691406e+00 -1.474684047698974609e+01 -3.621658310294151306e-02 -3.733010590076446533e-02 -8.652326464653015137e-02 -7.632732391357421875e-01 6.391668915748596191e-01
-4.567690372467041016e+00 -1.472519397735595703e+01 -3.828788548707962036e-02 -3.576988726854324341e-02 -8.989605307579040527e-02 -7.650818228721618652e-01 6.366231441497802734e-01
-4.575995922088623047e+00 -1.470070552825927734e+01 -4.049186781048774719e-02 -3.427373617887496948e-02 -9.322164207696914673e-02 -7.668644189834594727e-01 6.340772509574890137e-01
-4.585317134857177734e+00 -1.467339801788330078e+01 -4.280799627304077148e-02 -3.287900611758232117e-02 -9.643664956092834473e-02 -7.685500979423522949e-01 6.316246390342712402e-01
-4.595666408538818359e+00 -1.464330291748046875e+01 -4.521552845835685730e-02 -3.162261471152305603e-02 -9.947742521762847900e-02 -7.700704932212829590e-01 6.293612718582153320e-01
-4.607050895690917969e+00 -1.461044120788574219e+01 -4.769393801689147949e-02 -3.054205700755119324e-02 -1.022810339927673340e-01 -7.713578939437866211e-01 6.273856163024902344e-01
-4.619482517242431641e+00 -1.457484340667724609e+01 -5.022254958748817444e-02 -2.967463806271553040e-02 -1.047846078872680664e-01 -7.723459005355834961e-01 6.257966756820678711e-01
-4.632779598236083984e+00 -1.453645706176757812e+01 -5.263496190309524536e-02 -2.905749157071113586e-02 -1.069250106811523438e-01 -7.729692459106445312e-01 6.246929168701171875e-01
-4.646949291229248047e+00 -1.449530982971191406e+01 -5.490951240062713623e-02 -2.872805297374725342e-02 -1.086395382881164551e-01 -7.731616497039794922e-01 6.241739988327026367e-01
-4.662171363830566406e+00 -1.445148849487304688e+01 -5.715133622288703918e-02 -2.872360870242118835e-02 -1.098652705550193787e-01 -7.728564739227294922e-01 6.243377327919006348e-01
-4.678453445434570312e+00 -1.440502166748046875e+01 -5.933952331542968750e-02 -2.908104285597801208e-02 -1.105387508869171143e-01 -7.719841003417968750e-01 6.252807378768920898e-01
-4.695799350738525391e+00 -1.435593509674072266e+01 -6.145301833748817444e-02 -2.983783930540084839e-02 -1.105966717004776001e-01 -7.704726457595825195e-01 6.270964145660400391e-01
-4.714886188507080078e+00 -1.430231571197509766e+01 -6.355926394462585449e-02 -3.103060647845268250e-02 -1.099747493863105774e-01 -7.682446241378784180e-01 6.298751831054687500e-01
-4.735716342926025391e+00 -1.424419307708740234e+01 -6.563697755336761475e-02 -3.269575163722038269e-02 -1.086078658699989319e-01 -7.652170062065124512e-01 6.337019801139831543e-01
-4.758278846740722656e+00 -1.418159484863281250e+01 -6.766433268785476685e-02 -3.486974909901618958e-02 -1.064304113388061523e-01 -7.612990736961364746e-01 6.386551856994628906e-01
-4.782604694366455078e+00 -1.411531448364257812e+01 -6.896461546421051025e-02 -3.838367760181427002e-02 -1.015906929969787598e-01 -7.541928291320800781e-01 6.476104259490966797e-01
-4.807807445526123047e+00 -1.404398632049560547e+01 -6.994949281215667725e-02 -4.189104586839675903e-02 -9.673389047384262085e-02 -7.469612360000610352e-01 6.564575433731079102e-01
-4.834537029266357422e+00 -1.396785354614257812e+01 -7.111114263534545898e-02 -4.539171233773231506e-02 -9.186123311519622803e-02 -7.396051883697509766e-01 6.651955246925354004e-01
-4.862792968750000000e+00 -1.388691329956054688e+01 -7.245094329118728638e-02 -4.888461530208587646e-02 -8.697308599948883057e-02 -7.321262359619140625e-01 6.738228201866149902e-01
-4.892574310302734375e+00 -1.380116271972656250e+01 -7.396995276212692261e-02 -5.236956477165222168e-02 -8.207064867019653320e-02 -7.245253324508666992e-01 6.823378205299377441e-01
-4.923882961273193359e+00 -1.371059989929199219e+01 -7.566932588815689087e-02 -5.584570392966270447e-02 -7.715446501970291138e-02 -7.168037891387939453e-01 6.907392740249633789e-01
-4.955425739288330078e+00 -1.361477470397949219e+01 -7.657852023839950562e-02 -5.931263417005538940e-02 -7.222551852464675903e-02 -7.089630961418151855e-01 6.990257501602172852e-01
-4.988376140594482422e+00 -1.351409149169921875e+01 -7.758232206106185913e-02 -6.276948004961013794e-02 -6.728433072566986084e-02 -7.010042667388916016e-01 7.071957588195800781e-01
-5.022786617279052734e+00 -1.340856933593750000e+01 -7.872039824724197388e-02 -6.621603667736053467e-02 -6.233211234211921692e-02 -6.929284930229187012e-01 7.152482867240905762e-01
-5.058657169342041016e+00 -1.329820251464843750e+01 -7.999389618635177612e-02 -6.965132057666778564e-02 -5.736945196986198425e-02 -6.847377419471740723e-01 7.231816053390502930e-01
-5.094293117523193359e+00 -1.318244457244873047e+01 -8.013702183961868286e-02 -7.307540625333786011e-02 -5.239723250269889832e-02 -6.764329075813293457e-01 7.309945225715637207e-01
-5.131115436553955078e+00 -1.306175136566162109e+01 -8.021324127912521362e-02 -7.648707926273345947e-02 -4.741634428501129150e-02 -6.680153608322143555e-01 7.386858463287353516e-01
-5.169320106506347656e+00 -1.293618488311767578e+01 -8.037017285823822021e-02 -7.988607883453369141e-02 -4.242761805653572083e-02 -6.594866514205932617e-01 7.462543249130249023e-01
-5.207841873168945312e+00 -1.280542945861816406e+01 -8.009032905101776123e-02 -8.327182382345199585e-02 -3.743172064423561096e-02 -6.508481502532958984e-01 7.536984682083129883e-01
-5.246442794799804688e+00 -1.266941165924072266e+01 -7.925987243652343750e-02 -8.664372563362121582e-02 -3.242947906255722046e-02 -6.421014070510864258e-01 7.610170245170593262e-01
-5.286342620849609375e+00 -1.252849006652832031e+01 -7.847312837839126587e-02 -9.000103175640106201e-02 -2.742213755846023560e-02 -6.332477331161499023e-01 7.682090401649475098e-01
-5.326225280761718750e+00 -1.238230419158935547e+01 -7.739844918251037598e-02 -9.334343671798706055e-02 -2.240996807813644409e-02 -6.242887377738952637e-01 7.752730250358581543e-01
-5.365850925445556641e+00 -1.223078632354736328e+01 -7.597709447145462036e-02 -9.667058289051055908e-02 -1.739428192377090454e-02 -6.152258515357971191e-01 7.822079658508300781e-01
-5.406688213348388672e+00 -1.207433700561523438e+01 -7.457954436540603638e-02 -9.998132288455963135e-02 -1.237553730607032776e-02 -6.060603857040405273e-01 7.890129089355468750e-01
-5.445925235748291016e+00 -1.191224575042724609e+01 -7.307975739240646362e-02 -1.032755225896835327e-01 -7.354907691478729248e-03 -5.967941284179687500e-01 7.956864237785339355e-01
-5.486420631408691406e+00 -1.174333000183105469e+01 -7.311713695526123047e-02 -1.030573248863220215e-01 -7.239829748868942261e-03 -5.938337445259094238e-01 7.979274988174438477e-01
-5.526386737823486328e+00 -1.156866931915283203e+01 -7.372070103883743286e-02 -1.021670103073120117e-01 -8.144367486238479614e-03 -5.922418832778930664e-01 7.992153167724609375e-01
-5.565273284912109375e+00 -1.138817310333251953e+01 -7.493728399276733398e-02 -1.006605625152587891e-01 -9.985856711864471436e-03 -5.919118523597717285e-01 7.996299862861633301e-01
-5.603692531585693359e+00 -1.120206356048583984e+01 -7.691162079572677612e-02 -9.859328716993331909e-02 -1.268072053790092468e-02 -5.927305817604064941e-01 7.992427945137023926e-01
-5.639650821685791016e+00 -1.100997638702392578e+01 -8.018729835748672485e-02 -9.601995348930358887e-02 -1.614623144268989563e-02 -5.945799350738525391e-01 7.981190681457519531e-01
-5.673895359039306641e+00 -1.081219482421875000e+01 -8.486823737621307373e-02 -9.299442172050476074e-02 -2.029919996857643127e-02 -5.973394513130187988e-01 7.963200807571411133e-01
-5.705147743225097656e+00 -1.060854434967041016e+01 -9.145156294107437134e-02 -8.957077562808990479e-02 -2.505608275532722473e-02 -6.008863449096679688e-01 7.939048409461975098e-01
-5.731101036071777344e+00 -1.039898204803466797e+01 -1.014895588159561157e-01 -8.580259978771209717e-02 -3.033331781625747681e-02 -6.050983071327209473e-01 7.909323573112487793e-01
-5.752893924713134766e+00 -1.018381786346435547e+01 -1.145424619317054749e-01 -8.174449205398559570e-02 -3.604731708765029907e-02 -6.098523736000061035e-01 7.874633669853210449e-01
-5.765741825103759766e+00 -9.969586372375488281e+00 -1.328980177640914917e-01 -7.745119929313659668e-02 -4.211402684450149536e-02 -6.150284409523010254e-01 7.835609316825866699e-01
-5.767831802368164062e+00 -9.756848335266113281e+00 -1.558440327644348145e-01 -7.297794520854949951e-02 -4.844968393445014954e-02 -6.205089092254638672e-01 7.792917490005493164e-01
-5.759765625000000000e+00 -9.546068191528320312e+00 -1.817179769277572632e-01 -6.838072836399078369e-02 -5.497006326913833618e-02 -6.261789202690124512e-01 7.747272253036499023e-01
-5.739876747131347656e+00 -9.337797164916992188e+00 -2.095146179199218750e-01 -6.371566653251647949e-02 -6.159156560897827148e-02 -6.319283246994018555e-01 7.699438333511352539e-01
-5.706877231597900391e+00 -9.132731437683105469e+00 -2.373781502246856689e-01 -5.904027447104454041e-02 -6.823065131902694702e-02 -6.376501917839050293e-01 7.650235295295715332e-01
-5.661470890045166016e+00 -8.935800552368164062e+00 -2.622549235820770264e-01 -5.441159009933471680e-02 -7.480376958847045898e-02 -6.432431340217590332e-01 7.600538730621337891e-01
-5.605000019073486328e+00 -8.747394561767578125e+00 -2.815739512443542480e-01 -4.988802596926689148e-02 -8.122850954532623291e-02 -6.486101746559143066e-01 7.551278471946716309e-01
-5.539622783660888672e+00 -8.567654609680175781e+00 -2.932133376598358154e-01 -4.552785679697990417e-02 -8.742263913154602051e-02 -6.536586880683898926e-01 7.503432035446166992e-01
-5.467421531677246094e+00 -8.396750450134277344e+00 -2.949790954589843750e-01 -4.138962179422378540e-02 -9.330451488494873047e-02 -6.583008766174316406e-01 7.458023428916931152e-01
-5.391489028930664062e+00 -8.234507560729980469e+00 -2.858662307262420654e-01 -3.753200918436050415e-02 -9.879319369792938232e-02 -6.624519228935241699e-01 7.416122555732727051e-01
-5.315025329589843750e+00 -8.079851150512695312e+00 -2.700424194335937500e-01 -3.401401638984680176e-02 -1.038085296750068665e-01 -6.660309433937072754e-01 7.378819584846496582e-01
-5.239643573760986328e+00 -7.931987285614013672e+00 -2.498293966054916382e-01 -3.088168054819107056e-02 -1.082912385463714600e-01 -6.689822077751159668e-01 7.346986532211303711e-01
-5.166235446929931641e+00 -7.790370941162109375e+00 -2.267884761095046997e-01 -2.813113480806350708e-02 -1.122654154896736145e-01 -6.713456511497497559e-01 7.320520281791687012e-01
-5.096224308013916016e+00 -7.654341697692871094e+00 -2.011032104492187500e-01 -2.574519440531730652e-02 -1.157749071717262268e-01 -6.731819510459899902e-01 7.299036383628845215e-01
-5.030075550079345703e+00 -7.523167133331298828e+00 -1.755096465349197388e-01 -2.370690554380416870e-02 -1.188637539744377136e-01 -6.745487451553344727e-01 7.282124161720275879e-01
-4.967634201049804688e+00 -7.396894931793212891e+00 -1.501263380050659180e-01 -2.199896797537803650e-02 -1.215752810239791870e-01 -6.755017042160034180e-01 7.269339561462402344e-01
-4.911128997802734375e+00 -7.274295330047607422e+00 -1.258648633956909180e-01 -2.060408890247344971e-02 -1.239527910947799683e-01 -6.760940551757812500e-01 7.260221242904663086e-01
-4.858296871185302734e+00 -7.156446933746337891e+00 -1.028928384184837341e-01 -1.950476318597793579e-02 -1.260390877723693848e-01 -6.763777136802673340e-01 7.254288196563720703e-01
-4.811773777008056641e+00 -7.042021274566650391e+00 -8.218894898891448975e-02 -1.868356391787528992e-02 -1.278769671916961670e-01 -6.764032840728759766e-01 7.251048088073730469e-01
-4.769339561462402344e+00 -6.932185649871826172e+00 -6.330703943967819214e-02 -1.812308281660079956e-02 -1.295090466737747192e-01 -6.762206554412841797e-01 7.249996066093444824e-01
-4.733049392700195312e+00 -6.825987339019775391e+00 -4.725120589137077332e-02 -1.780577376484870911e-02 -1.309777796268463135e-01 -6.758790016174316406e-01 7.250623106956481934e-01
-4.700335502624511719e+00 -6.724709510803222656e+00 -3.294151276350021362e-02 -1.771387085318565369e-02 -1.323253214359283447e-01 -6.754265427589416504e-01 7.252414822578430176e-01
-4.674494743347167969e+00 -6.627092838287353516e+00 -2.226730249822139740e-02 -1.782991737127304077e-02 -1.335940957069396973e-01 -6.749115586280822754e-01 7.254853844642639160e-01
-4.650153636932373047e+00 -6.535146713256835938e+00 -1.218009926378726959e-02 -1.813657581806182861e-02 -1.348264366388320923e-01 -6.743829250335693359e-01 7.257413268089294434e-01
-4.631770133972167969e+00 -6.447566986083984375e+00 -5.367049947381019592e-03 -1.861589029431343079e-02 -1.360643506050109863e-01 -6.738877892494201660e-01 7.259581089019775391e-01
-4.615056037902832031e+00 -6.365576744079589844e+00 7.322692545130848885e-04 -1.925080269575119019e-02 -1.373504400253295898e-01 -6.734746098518371582e-01 7.260828018188476562e-01
-4.599938869476318359e+00 -6.289209842681884766e+00 6.130676250904798508e-03 -2.002317458391189575e-02 -1.387263834476470947e-01 -6.731911897659301758e-01 7.260631918907165527e-01
-4.588721752166748047e+00 -6.217945575714111328e+00 9.322357363998889923e-03 -2.091594412922859192e-02 -1.402347981929779053e-01 -6.730849146842956543e-01 7.258465886116027832e-01
-4.578422546386718750e+00 -6.152421951293945312e+00 1.222610473632812500e-02 -2.191132679581642151e-02 -1.419177055358886719e-01 -6.732032299041748047e-01 7.253803610801696777e-01
-4.569041728973388672e+00 -6.092623710632324219e+00 1.482933014631271362e-02 -2.299140766263008118e-02 -1.438166797161102295e-01 -6.735929250717163086e-01 7.246108055114746094e-01
-4.561465740203857422e+00 -6.038385868072509766e+00 1.646568253636360168e-02 -2.413885667920112610e-02 -1.459739506244659424e-01 -6.742998361587524414e-01 7.234838008880615234e-01
-4.555459022521972656e+00 -5.989740371704101562e+00 1.730079576373100281e-02 -2.533595636487007141e-02 -1.484162211418151855e-01 -6.753531694412231445e-01 7.219617962837219238e-01
-4.550177097320556641e+00 -5.946835994720458984e+00 1.795188896358013153e-02 -2.656526863574981689e-02 -1.511107087135314941e-01 -6.767185926437377930e-01 7.200775146484375000e-01
-4.545617580413818359e+00 -5.909689426422119141e+00 1.842506416141986847e-02 -2.780970185995101929e-02 -1.540101468563079834e-01 -6.783455014228820801e-01 7.178822159767150879e-01
-4.541780948638916016e+00 -5.878317356109619141e+00 1.872650161385536194e-02 -2.905197441577911377e-02 -1.570669710636138916e-01 -6.801841855049133301e-01 7.154267430305480957e-01
-4.538664340972900391e+00 -5.852736473083496094e+00 1.886245608329772949e-02 -3.027491271495819092e-02 -1.602340638637542725e-01 -6.821850538253784180e-01 7.127637267112731934e-01
-4.536265850067138672e+00 -5.832962512969970703e+00 1.883972063660621643e-02 -3.146132826805114746e-02 -1.634643673896789551e-01 -6.843001246452331543e-01 7.099457979202270508e-01
-4.534193038940429688e+00 -5.813622474670410156e+00 1.853614673018455505e-02 -3.259414434432983398e-02 -1.667110025882720947e-01 -6.864817142486572266e-01 7.070273160934448242e-01
-4.532263278961181641e+00 -5.794752120971679688e+00 1.812248118221759796e-02 -3.365633636713027954e-02 -1.699275374412536621e-01 -6.886840462684631348e-01 7.040639519691467285e-01
-4.530378341674804688e+00 -5.776381492614746094e+00 1.770072989165782928e-02 -3.463067114353179932e-02 -1.730674505233764648e-01 -6.908620595932006836e-01 7.011119127273559570e-01
-4.528536319732666016e+00 -5.758526325225830078e+00 1.727882400155067444e-02 -3.550031036138534546e-02 -1.760848462581634521e-01 -6.929717063903808594e-01 6.982291936874389648e-01
-4.526739597320556641e+00 -5.741202831268310547e+00 1.686485297977924347e-02 -3.624841570854187012e-02 -1.789341270923614502e-01 -6.949703097343444824e-01 6.954745054244995117e-01
-4.524990081787109375e+00 -5.724424362182617188e+00 1.646697893738746643e-02 -3.685814887285232544e-02 -1.815697252750396729e-01 -6.968163251876831055e-01 6.929075717926025391e-01
-4.523291110992431641e+00 -5.708208084106445312e+00 1.609374955296516418e-02 -3.731267899274826050e-02 -1.839465498924255371e-01 -6.984682083129882812e-01 6.905892491340637207e-01
-4.521645545959472656e+00 -5.692568302154541016e+00 1.575347781181335449e-02 -3.759517520666122437e-02 -1.860193610191345215e-01 -6.998860836029052734e-01 6.885802149772644043e-01
-4.520054817199707031e+00 -5.677519321441650391e+00 1.545471139252185822e-02 -3.768886625766754150e-02 -1.877431571483612061e-01 -7.010299563407897949e-01 6.869418025016784668e-01
-4.518522739410400391e+00 -5.663077354431152344e+00 1.520591694861650467e-02 -3.757721930742263794e-02 -1.890732944011688232e-01 -7.018591165542602539e-01 6.857354044914245605e-01
-4.517053127288818359e+00 -5.649257183074951172e+00 1.501525845378637314e-02 -3.724306076765060425e-02 -1.899642944335937500e-01 -7.023330330848693848e-01 6.850216984748840332e-01
-4.515645503997802734e+00 -5.636072158813476562e+00 1.489082258194684982e-02 -3.667004406452178955e-02 -1.903712451457977295e-01 -7.024102807044982910e-01 6.848604083061218262e-01
-4.514306545257568359e+00 -5.623539447784423828e+00 1.484008785337209702e-02 -3.584071993827819824e-02 -1.902480423450469971e-01 -7.020481228828430176e-01 6.853098869323730469e-01
-4.513034343719482422e+00 -5.611673355102539062e+00 1.487022358924150467e-02 -3.473838418722152710e-02 -1.895488202571868896e-01 -7.012007832527160645e-01 6.864269375801086426e-01
-4.511828422546386719e+00 -5.600485801696777344e+00 1.498641911894083023e-02 -3.335573524236679077e-02 -1.882403492927551270e-01 -6.998355984687805176e-01 6.882463693618774414e-01
-4.510685920715332031e+00 -5.589964866638183594e+00 1.518676709383726120e-02 -3.172683715820312500e-02 -1.863453686237335205e-01 -6.979735493659973145e-01 6.907255649566650391e-01
-4.509664058685302734e+00 -5.580094337463378906e+00 1.537078805267810822e-02 -2.989487349987030029e-02 -1.838993132114410400e-01 -6.956481337547302246e-01 6.938018202781677246e-01
-4.508726596832275391e+00 -5.570859432220458984e+00 1.558860763907432556e-02 -2.790391445159912109e-02 -1.809382140636444092e-01 -6.928925514221191406e-01 6.974113583564758301e-01
-4.507835388183593750e+00 -5.562250614166259766e+00 1.588691584765911102e-02 -2.579757571220397949e-02 -1.774976253509521484e-01 -6.897398829460144043e-01 7.014898657798767090e-01
-4.506989479064941406e+00 -5.554254055023193359e+00 1.626205444335937500e-02 -2.361981570720672607e-02 -1.736136674880981445e-01 -6.862230896949768066e-01 7.059732079505920410e-01
-4.506182670593261719e+00 -5.546854496002197266e+00 1.671089045703411102e-02 -2.141441404819488525e-02 -1.693224012851715088e-01 -6.823762059211730957e-01 7.107982039451599121e-01
-4.505412578582763672e+00 -5.540038108825683594e+00 1.723022386431694031e-02 -1.922547817230224609e-02 -1.646605581045150757e-01 -6.782342195510864258e-01 7.159018516540527344e-01
-4.504122257232666016e+00 -5.527999877929687500e+00 1.776000857353210449e-02 -1.709660887718200684e-02 -1.596648097038269043e-01 -6.738334894180297852e-01 7.212233543395996094e-01
-4.502309322357177734e+00 -5.510723590850830078e+00 1.829810999333858490e-02 -1.507227867841720581e-02 -1.543730348348617554e-01 -6.692122817039489746e-01 7.267025709152221680e-01
-4.499975681304931641e+00 -5.488194942474365234e+00 1.884292624890804291e-02 -1.319634914398193359e-02 -1.488230377435684204e-01 -6.644105315208435059e-01 7.322815656661987305e-01
-4.497115612030029297e+00 -5.460400104522705078e+00 1.939338631927967072e-02 -1.151313632726669312e-02 -1.430536061525344849e-01 -6.594698429107666016e-01 7.379042506217956543e-01
-4.493730545043945312e+00 -5.427321434020996094e+00 1.994888298213481903e-02 -1.006658375263214111e-02 -1.371037364006042480e-01 -6.544340848922729492e-01 7.435169219970703125e-01
-4.489820480346679688e+00 -5.388947010040283203e+00 2.050964348018169403e-02 -8.900843560695648193e-03 -1.310129612684249878e-01 -6.493493914604187012e-01 7.490672469139099121e-01
-4.485324382781982422e+00 -5.345268249511718750e+00 2.087768539786338806e-02 -8.059851825237274170e-03 -1.248212158679962158e-01 -6.442632675170898438e-01 7.545062899589538574e-01
-4.480223178863525391e+00 -5.296272277832031250e+00 2.098617516458034515e-02 -7.587734609842300415e-03 -1.185689419507980347e-01 -6.392254829406738281e-01 7.597859501838684082e-01
-4.474250316619873047e+00 -5.238488674163818359e+00 2.098930254578590393e-02 -7.528323680162429810e-03 -1.122967377305030823e-01 -6.342869997024536133e-01 7.648613452911376953e-01
-4.467409610748291016e+00 -5.171899318695068359e+00 2.088943496346473694e-02 -7.925696671009063721e-03 -1.060456708073616028e-01 -6.295005679130554199e-01 7.696886062622070312e-01
-4.459145545959472656e+00 -5.096553325653076172e+00 2.050628699362277985e-02 -8.823368698358535767e-03 -9.985639154911041260e-02 -6.249197125434875488e-01 7.742261886596679688e-01
-4.449349403381347656e+00 -5.012445449829101562e+00 1.980636641383171082e-02 -1.026531308889389038e-02 -9.377007186412811279e-02 -6.205992698669433594e-01 7.784332036972045898e-01
-4.438574314117431641e+00 -4.919502735137939453e+00 1.897048950195312500e-02 -1.227790489792823792e-02 -8.781984448432922363e-02 -6.165817379951477051e-01 7.822811603546142578e-01
-4.424606800079345703e+00 -4.818004608154296875e+00 1.797348074615001678e-02 -1.481853239238262177e-02 -8.200815320014953613e-02 -6.128587722778320312e-01 7.857857346534729004e-01
-4.408956050872802734e+00 -4.707770347595214844e+00 1.682067848742008209e-02 -1.782687008380889893e-02 -7.632893323898315430e-02 -6.094090342521667480e-01 7.889719605445861816e-01
-4.390878677368164062e+00 -4.588918685913085938e+00 1.567848213016986847e-02 -2.124265395104885101e-02 -7.077621668577194214e-02 -6.062091588973999023e-01 7.918648123741149902e-01
-4.370878696441650391e+00 -4.461385726928710938e+00 1.446708664298057556e-02 -2.500585466623306274e-02 -6.534411758184432983e-02 -6.032366156578063965e-01 7.944875359535217285e-01
-4.349089145660400391e+00 -4.325153350830078125e+00 1.363990735262632370e-02 -2.905607037246227264e-02 -6.002630665898323059e-02 -6.004676818847656250e-01 7.968633770942687988e-01
-4.326180458068847656e+00 -4.180128097534179688e+00 1.308723445981740952e-02 -3.333307057619094849e-02 -5.481663718819618225e-02 -5.978778600692749023e-01 7.990158200263977051e-01
