-4.264626502990722656e+00 -3.690598726272583008e+00 1.909530535340309143e-02 -4.692342132329940796e-02 -3.977472707629203796e-02 -5.909474492073059082e-01 8.043614029884338379e-01
-4.257390022277832031e+00 -3.508799552917480469e+00 2.706573344767093658e-02 -5.150583758950233459e-02 -3.493556380271911621e-02 -5.888382792472839355e-01 8.058512806892395020e-01
-4.270771503448486328e+00 -3.319080114364624023e+00 4.226287826895713806e-02 -5.601459741592407227e-02 -3.017357550561428070e-02 -5.867908596992492676e-01 8.072350025177001953e-01
-4.337204456329345703e+00 -3.134164094924926758e+00 7.377257943153381348e-02 -6.038954854011535645e-02 -2.548253908753395081e-02 -5.847826600074768066e-01 8.085376024246215820e-01
-4.467087268829345703e+00 -2.980167388916015625e+00 1.216934174299240112e-01 -6.457087397575378418e-02 -2.085641957819461823e-02 -5.827913284301757812e-01 8.097839355468750000e-01
-4.646983623504638672e+00 -2.872820377349853516e+00 1.780240535736083984e-01 -6.849905103445053101e-02 -1.628882065415382385e-02 -5.807948708534240723e-01 8.109992742538452148e-01
-4.852412223815917969e+00 -2.794752120971679688e+00 2.323804348707199097e-01 -7.211437076330184937e-02 -1.177385821938514709e-02 -5.787714719772338867e-01 8.122096061706542969e-01
-5.070505142211914062e+00 -2.717974185943603516e+00 2.749185264110565186e-01 -7.535714656114578247e-02 -7.304921746253967285e-03 -5.766993165016174316e-01 8.134407401084899902e-01
-5.299678802490234375e+00 -2.637894868850708008e+00 2.953594028949737549e-01 -7.816787809133529663e-02 -2.876397222280502319e-03 -5.745566487312316895e-01 8.147184252738952637e-01
-5.529522418975830078e+00 -2.559282064437866211e+00 2.811846137046813965e-01 -8.048741519451141357e-02 1.518551260232925415e-03 -5.723217129707336426e-01 8.160681724548339844e-01
-5.755417346954345703e+00 -2.483350753784179688e+00 2.325807064771652222e-01 -8.225642889738082886e-02 5.885910242795944214e-03 -5.699724555015563965e-01 8.175148367881774902e-01
-5.972730636596679688e+00 -2.401786327362060547e+00 1.598951667547225952e-01 -8.343543112277984619e-02 1.022242754697799683e-02 -5.674979686737060547e-01 8.190726637840270996e-01
-6.177083492279052734e+00 -2.301507472991943359e+00 7.462249696254730225e-02 -8.406305313110351562e-02 1.448649726808071136e-02 -5.649370551109313965e-01 8.207129240036010742e-01
-6.360476970672607422e+00 -2.168491840362548828e+00 -1.253166142851114273e-02 -8.419775962829589844e-02 1.862722821533679962e-02 -5.623415112495422363e-01 8.223963379859924316e-01
-6.513986587524414062e+00 -1.996575236320495605e+00 -8.907005190849304199e-02 -8.389891684055328369e-02 2.259349077939987183e-02 -5.597627758979797363e-01 8.240851163864135742e-01
-6.648638725280761719e+00 -1.802950978279113770e+00 -1.481746584177017212e-01 -8.322471380233764648e-02 2.633387036621570587e-02 -5.572530031204223633e-01 8.257415890693664551e-01
-6.779532432556152344e+00 -1.601835250854492188e+00 -1.882192939519882202e-01 -8.223438262939453125e-02 2.979787811636924744e-02 -5.548654198646545410e-01 8.273293972015380859e-01
-6.918137073516845703e+00 -1.403040170669555664e+00 -2.105601429939270020e-01 -8.098679035902023315e-02 3.293434903025627136e-02 -5.526532530784606934e-01 8.288130164146423340e-01
-7.067914962768554688e+00 -1.211437344551086426e+00 -2.218177020549774170e-01 -7.954123616218566895e-02 3.569209948182106018e-02 -5.506700873374938965e-01 8.301575779914855957e-01
-7.231175422668457031e+00 -1.030756831169128418e+00 -2.264386713504791260e-01 -7.795669138431549072e-02 3.802062198519706726e-02 -5.489711165428161621e-01 8.313289284706115723e-01
-7.410383224487304688e+00 -8.656896948814392090e-01 -2.277372628450393677e-01 -7.629171758890151978e-02 3.986898064613342285e-02 -5.476107001304626465e-01 8.322936296463012695e-01
-7.605472087860107422e+00 -7.195501327514648438e-01 -2.284051477909088135e-01 -7.460628449916839600e-02 4.118646308779716492e-02 -5.466433167457580566e-01 8.330177664756774902e-01
-7.811457157135009766e+00 -5.888683795928955078e-01 -2.289308905601501465e-01 -7.295861840248107910e-02 4.192221164703369141e-02 -5.461235046386718750e-01 8.334679007530212402e-01
-8.024702072143554688e+00 -4.700433313846588135e-01 -2.293633967638015747e-01 -7.140831649303436279e-02 4.202526062726974487e-02 -5.461050868034362793e-01 8.336089849472045898e-01
-8.242498397827148438e+00 -3.594048917293548584e-01 -2.297486811876296997e-01 -7.001380622386932373e-02 4.144487157464027405e-02 -5.466417074203491211e-01 8.334045410156250000e-01
-8.441224098205566406e+00 -2.245642095804214478e-01 -2.111970484256744385e-01 -6.883358955383300781e-02 4.013000056147575378e-02 -5.477838516235351562e-01 8.328170776367187500e-01
-8.615667343139648438e+00 -5.836303532123565674e-02 -1.691533625125885010e-01 -6.792624294757843018e-02 3.802944719791412354e-02 -5.495821833610534668e-01 8.318048119544982910e-01
-8.792196273803710938e+00 1.054931581020355225e-01 -1.255825012922286987e-01 -6.734967976808547974e-02 3.509186208248138428e-02 -5.520834922790527344e-01 8.303231000900268555e-01
-8.972391128540039062e+00 2.647973597049713135e-01 -7.918197661638259888e-02 -6.716167181730270386e-02 3.126604482531547546e-02 -5.553321242332458496e-01 8.283223509788513184e-01
-9.159595489501953125e+00 4.139965772628784180e-01 -2.699272148311138153e-02 -6.741917133331298828e-02 2.650032937526702881e-02 -5.593686103820800781e-01 8.257477283477783203e-01
-9.361415863037109375e+00 5.353857278823852539e-01 3.846969455480575562e-02 -6.817864626646041870e-02 2.074309438467025757e-02 -5.642281174659729004e-01 8.225374817848205566e-01
-9.583658218383789062e+00 6.030797958374023438e-01 1.144293174147605896e-01 -6.947718560695648193e-02 1.397462747991085052e-02 -5.699133872985839844e-01 8.186430335044860840e-01
-9.817772865295410156e+00 6.486071348190307617e-01 1.695707738399505615e-01 -7.127382606267929077e-02 6.302364170551300049e-03 -5.763095617294311523e-01 8.140931129455566406e-01
-1.005392932891845703e+01 7.096599936485290527e-01 1.953672766685485840e-01 -7.350898534059524536e-02 -2.134852111339569092e-03 -5.832749009132385254e-01 8.089389801025390625e-01
-1.029163455963134766e+01 7.701501250267028809e-01 2.033424377441406250e-01 -7.612301409244537354e-02 -1.119600981473922729e-02 -5.906700491905212402e-01 8.032364845275878906e-01
-1.053232383728027344e+01 8.168908357620239258e-01 1.965839415788650513e-01 -7.905676960945129395e-02 -2.074103243649005890e-02 -5.983594655990600586e-01 7.970482110977172852e-01
-1.077563285827636719e+01 8.403265476226806641e-01 1.786453276872634888e-01 -8.225160837173461914e-02 -3.062862157821655273e-02 -6.062130928039550781e-01 7.904443144798278809e-01
-1.101967048645019531e+01 8.426873683929443359e-01 1.579874455928802490e-01 -8.564880490303039551e-02 -4.071696102619171143e-02 -6.141064763069152832e-01 7.835046648979187012e-01
-1.126353454589843750e+01 8.322699069976806641e-01 1.400028169155120850e-01 -8.919173479080200195e-02 -5.086486786603927612e-02 -6.219228506088256836e-01 7.763179540634155273e-01
-1.150709915161132812e+01 8.152282238006591797e-01 1.250866651535034180e-01 -9.282380342483520508e-02 -6.093164533376693726e-02 -6.295520663261413574e-01 7.689831852912902832e-01
-1.175041580200195312e+01 7.951244711875915527e-01 1.117241680622100830e-01 -9.648969769477844238e-02 -7.077676057815551758e-02 -6.368923187255859375e-01 7.616092562675476074e-01
-1.199357509613037109e+01 7.737194895744323730e-01 9.912322461605072021e-02 -1.001359671354293823e-01 -8.026094734668731689e-02 -6.438497900962829590e-01 7.543131113052368164e-01
-1.223672485351562500e+01 7.529699802398681641e-01 8.644454926252365112e-02 -1.037095561623573303e-01 -8.924577385187149048e-02 -6.503380537033081055e-01 7.472214698791503906e-01
-1.248012161254882812e+01 7.370605468750000000e-01 7.220435887575149536e-02 -1.071591973304748535e-01 -9.759497642517089844e-02 -6.562774181365966797e-01 7.404674291610717773e-01
-1.269713115692138672e+01 7.739452719688415527e-01 4.975990206003189087e-02 -1.104347705841064453e-01 -1.051726043224334717e-01 -6.615942120552062988e-01 7.341905832290649414e-01
-1.248145008087158203e+01 8.851965069770812988e-01 4.221450537443161011e-02 -1.134869456291198730e-01 -1.118449792265892029e-01 -6.662200093269348145e-01 7.285343408584594727e-01
-1.225134754180908203e+01 9.676531553268432617e-01 3.664596378803253174e-02 -1.162672489881515503e-01 -1.174784824252128601e-01 -6.700887084007263184e-01 7.236448526382446289e-01
-1.201894283294677734e+01 1.043104887008666992e+00 3.060653619468212128e-02 -1.187278926372528076e-01 -1.219408065080642700e-01 -6.731358766555786133e-01 7.196680903434753418e-01
-1.178551101684570312e+01 1.115023732185363770e+00 2.438697777688503265e-02 -1.208204552531242371e-01 -1.250993311405181885e-01 -6.752949357032775879e-01 7.167490720748901367e-01
-1.155137825012207031e+01 1.184339523315429688e+00 1.832298189401626587e-02 -1.224970072507858276e-01 -1.268212497234344482e-01 -6.764964461326599121e-01 7.150267958641052246e-01
-1.131677627563476562e+01 1.251744389533996582e+00 1.260772719979286194e-02 -1.237074881792068481e-01 -1.269722580909729004e-01 -6.766633391380310059e-01 7.146336436271667480e-01
-1.108178234100341797e+01 1.317467570304870605e+00 7.349853403866291046e-03 -1.244157031178474426e-01 -1.254673302173614502e-01 -6.757397651672363281e-01 7.156496047973632812e-01
-1.084642791748046875e+01 1.381646752357482910e+00 2.605819609016180038e-03 -1.246417537331581116e-01 -1.224212720990180969e-01 -6.737846136093139648e-01 7.179774641990661621e-01
-1.061070537567138672e+01 1.444277882575988770e+00 -1.548690721392631531e-03 -1.244186311960220337e-01 -1.179981604218482971e-01 -6.708789467811584473e-01 7.214691638946533203e-01
-1.037461662292480469e+01 1.505424737930297852e+00 -5.066070239990949631e-03 -1.237788125872612000e-01 -1.123620271682739258e-01 -6.670984029769897461e-01 7.259705662727355957e-01
-1.013814449310302734e+01 1.565071344375610352e+00 -7.882766425609588623e-03 -1.227532103657722473e-01 -1.056758165359497070e-01 -6.625164747238159180e-01 7.313248515129089355e-01
-9.901498794555664062e+00 1.624069213867187500e+00 -1.023918110877275467e-02 -1.213748678565025330e-01 -9.810366481542587280e-02 -6.572080254554748535e-01 7.373746633529663086e-01
-9.664923667907714844e+00 1.683395981788635254e+00 -1.241737324744462967e-02 -1.196757107973098755e-01 -8.981070667505264282e-02 -6.512502431869506836e-01 7.439656257629394531e-01
-9.428676605224609375e+00 1.744069814682006836e+00 -1.470947265625000000e-02 -1.176894828677177429e-01 -8.096313476562500000e-02 -6.447255015373229980e-01 7.509481310844421387e-01
-9.193300247192382812e+00 1.807050704956054688e+00 -1.740844734013080597e-02 -1.154511645436286926e-01 -7.172868400812149048e-02 -6.377235054969787598e-01 7.581786513328552246e-01
-8.959120750427246094e+00 1.873348951339721680e+00 -2.080749534070491791e-02 -1.129970848560333252e-01 -6.227642670273780823e-02 -6.303405761718750000e-01 7.655220627784729004e-01
-8.726494789123535156e+00 1.943931221961975098e+00 -2.519027702510356903e-02 -1.103652864694595337e-01 -5.277638882398605347e-02 -6.226822137832641602e-01 7.728525400161743164e-01
-8.495827674865722656e+00 2.019689798355102539e+00 -3.082290664315223694e-02 -1.075946688652038574e-01 -4.339993372559547424e-02 -6.148617863655090332e-01 7.800543308258056641e-01
-8.267556190490722656e+00 2.101414203643798828e+00 -3.794601187109947205e-02 -1.047269701957702637e-01 -3.431877866387367249e-02 -6.070016622543334961e-01 7.870219349861145020e-01
-8.041965484619140625e+00 2.189365863800048828e+00 -4.662582278251647949e-02 -1.018042117357254028e-01 -2.570508792996406555e-02 -5.992317795753479004e-01 7.936601042747497559e-01
-7.819000244140625000e+00 2.282948017120361328e+00 -5.662925541400909424e-02 -9.886965155601501465e-02 -1.773101836442947388e-02 -5.916892886161804199e-01 7.998838424682617188e-01
-7.598580360412597656e+00 2.381614923477172852e+00 -6.773658841848373413e-02 -9.596776962280273438e-02 -1.056823879480361938e-02 -5.845171213150024414e-01 8.056166172027587891e-01
-7.380644321441650391e+00 2.484953641891479492e+00 -7.975128293037414551e-02 -9.314341843128204346e-02 -4.388291388750076294e-03 -5.778629779815673828e-01 8.107892870903015137e-01
-7.165246486663818359e+00 2.592812538146972656e+00 -9.249404817819595337e-02 -9.044168889522552490e-02 6.375201046466827393e-04 -5.718774795532226562e-01 8.153380155563354492e-01
-6.952028751373291016e+00 2.704322338104248047e+00 -1.057038083672523499e-01 -8.790794014930725098e-02 4.339318722486495972e-03 -5.667116045951843262e-01 8.192015290260314941e-01
-6.740855693817138672e+00 2.819107532501220703e+00 -1.192060858011245728e-01 -8.558680862188339233e-02 6.546188145875930786e-03 -5.625165700912475586e-01 8.223181366920471191e-01
-6.531578063964843750e+00 2.936818838119506836e+00 -1.328312605619430542e-01 -8.351604640483856201e-02 7.132381200790405273e-03 -5.594061613082885742e-01 8.246447443962097168e-01
-6.324031829833984375e+00 3.057097196578979492e+00 -1.463990807533264160e-01 -8.170791715383529663e-02 6.149280816316604614e-03 -5.573590993881225586e-01 8.262184858322143555e-01
-6.116286277770996094e+00 3.176501512527465820e+00 -1.601536571979522705e-01 -8.016766607761383057e-02 3.692671656608581543e-03 -5.563140511512756348e-01 8.270878195762634277e-01
-5.903630256652832031e+00 3.285881280899047852e+00 -1.750141829252243042e-01 -7.889909297227859497e-02 -1.418590545654296875e-04 -5.562030673027038574e-01 8.272925615310668945e-01
-5.679640769958496094e+00 3.365906953811645508e+00 -1.925946027040481567e-01 -7.790556550025939941e-02 -5.258772522211074829e-03 -5.569539070129394531e-01 8.268647789955139160e-01
-5.446522235870361328e+00 3.366506338119506836e+00 -2.153400331735610962e-01 -7.718996703624725342e-02 -1.156234741210937500e-02 -5.584893822669982910e-01 8.258314728736877441e-01
-5.267942905426025391e+00 3.222625732421875000e+00 -2.407957464456558228e-01 -7.675442844629287720e-02 -1.895663700997829437e-02 -5.607306957244873047e-01 8.242151141166687012e-01
-5.192642688751220703e+00 2.997737884521484375e+00 -2.610874176025390625e-01 -7.660108804702758789e-02 -2.734531648457050323e-02 -5.635966658592224121e-01 8.220361471176147461e-01
-5.173138141632080078e+00 2.761630773544311523e+00 -2.769174873828887939e-01 -7.673223316669464111e-02 -3.663166612386703491e-02 -5.670049786567687988e-01 8.193141818046569824e-01
-5.169087886810302734e+00 2.525405168533325195e+00 -2.914236485958099365e-01 -7.714924961328506470e-02 -4.671802744269371033e-02 -5.708736181259155273e-01 8.160690665245056152e-01
-5.183485984802246094e+00 2.289302825927734375e+00 -3.043043315410614014e-01 -7.785436511039733887e-02 -5.750691890716552734e-02 -5.751211643218994141e-01 8.123220801353454590e-01
-5.202477931976318359e+00 2.054002046585083008e+00 -3.169274926185607910e-01 -7.884939759969711304e-02 -6.889972835779190063e-02 -5.796672701835632324e-01 8.080974817276000977e-01
-5.234517574310302734e+00 1.820267319679260254e+00 -3.287068009376525879e-01 -8.013671636581420898e-02 -8.079780638217926025e-02 -5.844332575798034668e-01 8.034223318099975586e-01
-5.266501426696777344e+00 1.586862802505493164e+00 -3.405189514160156250e-01 -8.171871304512023926e-02 -9.310181438922882080e-02 -5.893439650535583496e-01 7.983280420303344727e-01
-5.306191444396972656e+00 1.355016469955444336e+00 -3.520915210247039795e-01 -8.359798043966293335e-02 -1.057126149535179138e-01 -5.943264961242675781e-01 7.928506731986999512e-01
-5.350854396820068359e+00 1.124271273612976074e+00 -3.635006546974182129e-01 -8.577756583690643311e-02 -1.185312271118164062e-01 -5.993117094039916992e-01 7.870311737060546875e-01
-5.395421028137207031e+00 8.937957286834716797e-01 -3.748985230922698975e-01 -8.826089650392532349e-02 -1.314586997032165527e-01 -6.042339801788330078e-01 7.809160947799682617e-01
-5.446886062622070312e+00 6.650854349136352539e-01 -3.862976133823394775e-01 -9.105185419321060181e-02 -1.443966627120971680e-01 -6.090323925018310547e-01 7.745571732521057129e-01
-5.502638816833496094e+00 4.375591874122619629e-01 -3.976680040359497070e-01 -9.415461122989654541e-02 -1.572474241256713867e-01 -6.136498451232910156e-01 7.680116891860961914e-01
-5.558279991149902344e+00 2.102496325969696045e-01 -4.089718461036682129e-01 -9.757412970066070557e-02 -1.699146479368209839e-01 -6.180336475372314453e-01 7.613427639007568359e-01
-5.619003772735595703e+00 -1.544738747179508209e-02 -4.203875660896301270e-01 -1.013079509139060974e-01 -1.823124885559082031e-01 -6.221411824226379395e-01 7.546120285987854004e-01
-5.686266899108886719e+00 -2.391436696052551270e-01 -4.319656193256378174e-01 -1.053239107131958008e-01 -1.943968683481216431e-01 -6.259532570838928223e-01 7.478632330894470215e-01
-5.753415584564208984e+00 -4.626544117927551270e-01 -4.434528946876525879e-01 -1.095824390649795532e-01 -2.061344981193542480e-01 -6.294580101966857910e-01 7.411363124847412109e-01
-5.823722839355468750e+00 -6.848858594894409180e-01 -4.550556838512420654e-01 -1.140437051653862000e-01 -2.174924314022064209e-01 -6.326455473899841309e-01 7.344730496406555176e-01
-5.904643535614013672e+00 -9.033440947532653809e-01 -4.672463834285736084e-01 -1.186688542366027832e-01 -2.284390777349472046e-01 -6.355078816413879395e-01 7.279169559478759766e-01
-5.985444068908691406e+00 -1.121635675430297852e+00 -4.793377518653869629e-01 -1.234188824892044067e-01 -2.389434576034545898e-01 -6.380383372306823730e-01 7.215128540992736816e-01
-6.068961143493652344e+00 -1.338572382926940918e+00 -4.915580749511718750e-01 -1.282553672790527344e-01 -2.489757239818572998e-01 -6.402320265769958496e-01 7.153072953224182129e-01
-6.167982101440429688e+00 -1.548761010169982910e+00 -5.049493312835693359e-01 -1.331406533718109131e-01 -2.585071921348571777e-01 -6.420853137969970703e-01 7.093477249145507812e-01
-6.266880989074707031e+00 -1.758804917335510254e+00 -5.182294845581054688e-01 -1.380367130041122437e-01 -2.675092518329620361e-01 -6.435956954956054688e-01 7.036826014518737793e-01
-6.374884128570556641e+00 -1.963554024696350098e+00 -5.322530865669250488e-01 -1.429064273834228516e-01 -2.759544849395751953e-01 -6.447624564170837402e-01 6.983611583709716797e-01
-6.500340461730957031e+00 -2.158348321914672852e+00 -5.477920174598693848e-01 -1.477130502462387085e-01 -2.838163077831268311e-01 -6.455848217010498047e-01 6.934331655502319336e-01
-6.625652790069580078e+00 -2.353026628494262695e+00 -5.632057189941406250e-01 -1.524201631546020508e-01 -2.910684049129486084e-01 -6.460629701614379883e-01 6.889483332633972168e-01
-6.789527416229248047e+00 -2.515470504760742188e+00 -5.823179483413696289e-01 -1.569916307926177979e-01 -2.976852059364318848e-01 -6.461971998214721680e-01 6.849572062492370605e-01
-6.956063270568847656e+00 -2.675383806228637695e+00 -6.015739440917968750e-01 -1.613913178443908691e-01 -3.036408126354217529e-01 -6.459879875183105469e-01 6.815089583396911621e-01
-7.161171913146972656e+00 -2.780426025390625000e+00 -6.244539022445678711e-01 -1.655836254358291626e-01 -3.089101910591125488e-01 -6.454349160194396973e-01 6.786533594131469727e-01
-7.374526023864746094e+00 -2.859240055084228516e+00 -6.479679942131042480e-01 -1.695327609777450562e-01 -3.134675920009613037e-01 -6.445372700691223145e-01 6.764379739761352539e-01
-7.594326019287109375e+00 -2.894078254699707031e+00 -6.718292236328125000e-01 -1.732032746076583862e-01 -3.172873258590698242e-01 -6.432930231094360352e-01 6.749100685119628906e-01
-7.807466983795166016e+00 -2.875952005386352539e+00 -6.947274804115295410e-01 -1.765584945678710938e-01 -3.203425407409667969e-01 -6.416982412338256836e-01 6.741151213645935059e-01
-8.010476112365722656e+00 -2.838263511657714844e+00 -7.164081931114196777e-01 -1.795626580715179443e-01 -3.226064443588256836e-01 -6.397471427917480469e-01 6.740963459014892578e-01
-8.198513984680175781e+00 -2.770402669906616211e+00 -7.364146113395690918e-01 -1.821787357330322266e-01 -3.240504264831542969e-01 -6.374318599700927734e-01 6.748945713043212891e-01
-8.372509956359863281e+00 -2.689929723739624023e+00 -7.549369931221008301e-01 -1.843807399272918701e-01 -3.246638178825378418e-01 -6.347519159317016602e-01 6.765258312225341797e-01
-8.533985137939453125e+00 -2.600184202194213867e+00 -7.721165418624877930e-01 -1.861855089664459229e-01 -3.245074748992919922e-01 -6.317474246025085449e-01 6.789146065711975098e-01
-8.681372642517089844e+00 -2.502446889877319336e+00 -7.879930138587951660e-01 -1.876206547021865845e-01 -3.236601352691650391e-01 -6.284675002098083496e-01 6.819612979888916016e-01
-8.818902015686035156e+00 -2.403347015380859375e+00 -8.028529286384582520e-01 -1.887134909629821777e-01 -3.222001791000366211e-01 -6.249597072601318359e-01 6.855652928352355957e-01
-8.944450378417968750e+00 -2.301370859146118164e+00 -8.168044686317443848e-01 -1.894917786121368408e-01 -3.202054798603057861e-01 -6.212721467018127441e-01 6.896245479583740234e-01
-9.061340332031250000e+00 -2.200684070587158203e+00 -8.299493193626403809e-01 -1.899824738502502441e-01 -3.177544176578521729e-01 -6.174533367156982422e-01 6.940390467643737793e-01
-9.168558120727539062e+00 -2.100759744644165039e+00 -8.426037430763244629e-01 -1.902135312557220459e-01 -3.149261176586151123e-01 -6.135522127151489258e-01 6.987088322639465332e-01
-9.267737388610839844e+00 -2.003319025039672852e+00 -8.546937108039855957e-01 -1.902130842208862305e-01 -3.118001818656921387e-01 -6.096198558807373047e-01 7.035361528396606445e-01
-9.357177734375000000e+00 -1.907130718231201172e+00 -8.661279082298278809e-01 -1.900099813938140869e-01 -3.084574639797210693e-01 -6.057096719741821289e-01 7.084251642227172852e-01
-9.438463211059570312e+00 -1.813645005226135254e+00 -8.769084215164184570e-01 -1.896338462829589844e-01 -3.049800097942352295e-01 -6.018760204315185547e-01 7.132822275161743164e-01
-9.510050773620605469e+00 -1.722082495689392090e+00 -8.868586421012878418e-01 -1.891149431467056274e-01 -3.014507889747619629e-01 -5.981767177581787109e-01 7.180163860321044922e-01
-9.573651313781738281e+00 -1.633762121200561523e+00 -8.960520625114440918e-01 -1.884835511445999146e-01 -2.979536950588226318e-01 -5.946709513664245605e-01 7.225400209426879883e-01
-9.628282546997070312e+00 -1.548533916473388672e+00 -9.042803645133972168e-01 -1.877716928720474243e-01 -2.945739626884460449e-01 -5.914204120635986328e-01 7.267666459083557129e-01
-9.675087928771972656e+00 -1.467111229896545410e+00 -9.116435050964355469e-01 -1.870109289884567261e-01 -2.913974225521087646e-01 -5.884882211685180664e-01 7.306134104728698730e-01
-9.715139389038085938e+00 -1.390572428703308105e+00 -9.181104898452758789e-01 -1.862340122461318970e-01 -2.885107100009918213e-01 -5.859394669532775879e-01 7.339982986450195312e-01
-9.746954917907714844e+00 -1.318132281303405762e+00 -9.235215783119201660e-01 -1.854731142520904541e-01 -2.860004305839538574e-01 -5.838394761085510254e-01 7.368412017822265625e-01
-9.775777816772460938e+00 -1.252451181411743164e+00 -9.284995794296264648e-01 -1.847612857818603516e-01 -2.839540541172027588e-01 -5.822542905807495117e-01 7.390624284744262695e-01
-9.795851707458496094e+00 -1.191273808479309082e+00 -9.321292042732238770e-01 -1.841312646865844727e-01 -2.824585139751434326e-01 -5.812499523162841797e-01 7.405817508697509766e-01
-9.813164710998535156e+00 -1.136896371841430664e+00 -9.353875517845153809e-01 -1.836151033639907837e-01 -2.815998494625091553e-01 -5.808912515640258789e-01 7.413181066513061523e-01
-9.828235626220703125e+00 -1.089500069618225098e+00 -9.383718371391296387e-01 -1.832444965839385986e-01 -2.814636230468750000e-01 -5.812405347824096680e-01 7.411876320838928223e-01
-9.838873863220214844e+00 -1.046797513961791992e+00 -9.413384795188903809e-01 -1.845567673444747925e-01 -2.853707671165466309e-01 -5.872074365615844727e-01 7.346357107162475586e-01
-9.846623420715332031e+00 -1.011139512062072754e+00 -9.437572956085205078e-01 -1.858514398336410522e-01 -2.892506718635559082e-01 -5.931182503700256348e-01 7.280136942863464355e-01
-9.852718353271484375e+00 -9.828698635101318359e-01 -9.458944201469421387e-01 -1.871283650398254395e-01 -2.931028306484222412e-01 -5.989727973937988281e-01 7.213220000267028809e-01
-9.857164382934570312e+00 -9.619891047477722168e-01 -9.477494359016418457e-01 -1.883875131607055664e-01 -2.969272136688232422e-01 -6.047695875167846680e-01 7.145615220069885254e-01
-9.859955787658691406e+00 -9.484984874725341797e-01 -9.493223428726196289e-01 -1.896284669637680054e-01 -3.007229566574096680e-01 -6.105089187622070312e-01 7.077326774597167969e-01
-9.861096382141113281e+00 -9.423986673355102539e-01 -9.506121873855590820e-01 -1.908514797687530518e-01 -3.044902682304382324e-01 -6.161897182464599609e-01 7.008363604545593262e-01
-9.861642837524414062e+00 -9.388317465782165527e-01 -9.518127441406250000e-01 -1.920561939477920532e-01 -3.082283437252044678e-01 -6.218118667602539062e-01 6.938729882240295410e-01
-9.862968444824218750e+00 -9.315081834793090820e-01 -9.531756639480590820e-01 -1.932425647974014282e-01 -3.119369745254516602e-01 -6.273745298385620117e-01 6.868433356285095215e-01
-9.865075111389160156e+00 -9.204296469688415527e-01 -9.547005891799926758e-01 -1.944104582071304321e-01 -3.156158924102783203e-01 -6.328772306442260742e-01 6.797482371330261230e-01
-9.867960929870605469e+00 -9.055956602096557617e-01 -9.563866853713989258e-01 -1.955596953630447388e-01 -3.192644715309143066e-01 -6.383196115493774414e-01 6.725881099700927734e-01
-9.871625900268554688e+00 -8.870080113410949707e-01 -9.582337737083435059e-01 -1.966903209686279297e-01 -3.228826820850372314e-01 -6.437007784843444824e-01 6.653637886047363281e-01
-9.874718666076660156e+00 -8.644128441810607910e-01 -9.598454236984252930e-01 -1.978023052215576172e-01 -3.264701366424560547e-01 -6.490206122398376465e-01 6.580758094787597656e-01
-9.878105163574218750e+00 -8.379742503166198730e-01 -9.614742994308471680e-01 -1.988953053951263428e-01 -3.300262987613677979e-01 -6.542784571647644043e-01 6.507249474525451660e-01
-9.881984710693359375e+00 -8.077300786972045898e-01 -9.631792902946472168e-01 -1.999693512916564941e-01 -3.335509896278381348e-01 -6.594737768173217773e-01 6.433119773864746094e-01
-9.886358261108398438e+00 -7.736803889274597168e-01 -9.649599790573120117e-01 -2.010240703821182251e-01 -3.370436429977416992e-01 -6.646061539649963379e-01 6.358375549316406250e-01
-9.891227722167968750e+00 -7.358276247978210449e-01 -9.668156504631042480e-01 -2.020598202943801880e-01 -3.405042290687561035e-01 -6.696751117706298828e-01 6.283023953437805176e-01
-9.896286010742187500e+00 -6.941351294517517090e-01 -9.686151146888732910e-01 -2.030762583017349243e-01 -3.439323604106903076e-01 -6.746798157691955566e-01 6.207073330879211426e-01
-9.899820327758789062e+00 -6.484057307243347168e-01 -9.696246385574340820e-01 -2.040732651948928833e-01 -3.473274707794189453e-01 -6.796205043792724609e-01 6.130526661872863770e-01
-9.903647422790527344e+00 -5.988506674766540527e-01 -9.706209897994995117e-01 -2.050508856773376465e-01 -3.506895899772644043e-01 -6.844959259033203125e-01 6.053398251533508301e-01
-9.907767295837402344e+00 -5.454705953598022461e-01 -9.716036915779113770e-01 -2.060088068246841431e-01 -3.540181219577789307e-01 -6.893060207366943359e-01 5.975690484046936035e-01
-9.911306381225585938e+00 -4.877636730670928955e-01 -9.707874655723571777e-01 -2.091734707355499268e-01 -3.521575629711151123e-01 -6.946340799331665039e-01 5.913671255111694336e-01
-9.913757324218750000e+00 -4.261413514614105225e-01 -9.693279862403869629e-01 -2.123213410377502441e-01 -3.502686619758605957e-01 -6.999063491821289062e-01 5.851176381111145020e-01
-9.916337966918945312e+00 -3.606750369071960449e-01 -9.677741527557373047e-01 -2.154520750045776367e-01 -3.483516573905944824e-01 -7.051224112510681152e-01 5.788211226463317871e-01
-9.917646408081054688e+00 -2.988274991512298584e-01 -9.657852053642272949e-01 -2.185655534267425537e-01 -3.464066684246063232e-01 -7.102817893028259277e-01 5.724782347679138184e-01
-9.917892456054687500e+00 -2.406005859375000000e-01 -9.634623527526855469e-01 -2.216613590717315674e-01 -3.444338738918304443e-01 -7.153840065002441406e-01 5.660893321037292480e-01
-9.918069839477539062e+00 -1.860058605670928955e-01 -9.612896442413330078e-01 -2.247394919395446777e-01 -3.424333930015563965e-01 -7.204288840293884277e-01 5.596549510955810547e-01
-9.917873382568359375e+00 -1.350543200969696045e-01 -9.591027498245239258e-01 -2.277995347976684570e-01 -3.404054045677185059e-01 -7.254158854484558105e-01 5.531756281852722168e-01
-9.916666030883789062e+00 -8.776488900184631348e-02 -9.565507173538208008e-01 -2.308412790298461914e-01 -3.383500576019287109e-01 -7.303445935249328613e-01 5.466518402099609375e-01
-9.915487289428710938e+00 -4.410766437649726868e-02 -9.542034864425659180e-01 -2.338644266128540039e-01 -3.362675905227661133e-01 -7.352145314216613770e-01 5.400841832160949707e-01
-9.914339065551757812e+00 -4.081420600414276123e-03 -9.520611166954040527e-01 -2.368689179420471191e-01 -3.341580033302307129e-01 -7.400256395339965820e-01 5.334729552268981934e-01
-9.913220405578613281e+00 3.231262043118476868e-02 -9.501237273216247559e-01 -2.398543208837509155e-01 -3.320216238498687744e-01 -7.447773218154907227e-01 5.268189311027526855e-01
-9.911564826965332031e+00 6.503356993198394775e-02 -9.480212330818176270e-01 -2.428204566240310669e-01 -3.298586010932922363e-01 -7.494689822196960449e-01 5.201227664947509766e-01
-9.909934997558593750e+00 9.411986917257308960e-02 -9.461210370063781738e-01 -2.457671761512756348e-01 -3.276689648628234863e-01 -7.541006803512573242e-01 5.133845210075378418e-01
-9.908410072326660156e+00 1.195776313543319702e-01 -9.444758296012878418e-01 -2.486940324306488037e-01 -3.254531025886535645e-01 -7.586715817451477051e-01 5.066052079200744629e-01
-9.906994819641113281e+00 1.414056420326232910e-01 -9.430851340293884277e-01 -2.516009807586669922e-01 -3.232111036777496338e-01 -7.631816267967224121e-01 4.997851252555847168e-01
-9.905682563781738281e+00 1.596032679080963135e-01 -9.419494271278381348e-01 -2.544876337051391602e-01 -3.209431767463684082e-01 -7.676303386688232422e-01 4.929251670837402344e-01
-9.904477119445800781e+00 1.741699129343032837e-01 -9.410685300827026367e-01 -2.573538720607757568e-01 -3.186493813991546631e-01 -7.720172405242919922e-01 4.860254228115081787e-01
-9.903379440307617188e+00 1.851043701171875000e-01 -9.404423236846923828e-01 -2.601994872093200684e-01 -3.163300752639770508e-01 -7.763423323631286621e-01 4.790867567062377930e-01
-9.902388572692871094e+00 1.924072206020355225e-01 -9.400709271430969238e-01 -2.630241215229034424e-01 -3.139852881431579590e-01 -7.806049585342407227e-01 4.721094667911529541e-01
-9.901507377624511719e+00 1.960766613483428955e-01 -9.399545192718505859e-01 -2.658276259899139404e-01 -3.116153776645660400e-01 -7.848049402236938477e-01 4.650943279266357422e-01
-9.901408195495605469e+00 2.025830000638961792e-01 -9.380190968513488770e-01 -2.686389684677124023e-01 -3.056946992874145508e-01 -7.854496836662292480e-01 4.663181006908416748e-01
-9.901246070861816406e+00 2.131011933088302612e-01 -9.356382489204406738e-01 -2.714150547981262207e-01 -2.995501756668090820e-01 -7.855637073516845703e-01 4.685011208057403564e-01
-9.900935173034667969e+00 2.276379317045211792e-01 -9.327734112739562988e-01 -2.741828560829162598e-01 -2.932458519935607910e-01 -7.851718068122863770e-01 4.715250134468078613e-01
-9.900317192077636719e+00 2.461913973093032837e-01 -9.293199181556701660e-01 -2.769649624824523926e-01 -2.868470251560211182e-01 -7.843016982078552246e-01 4.752682149410247803e-01
-9.899519920349121094e+00 2.687939405441284180e-01 -9.254299998283386230e-01 -2.797776758670806885e-01 -2.804206013679504395e-01 -7.829856872558593750e-01 4.796061515808105469e-01
-9.898530960083007812e+00 2.954608201980590820e-01 -9.211279153823852539e-01 -2.826295793056488037e-01 -2.740342617034912109e-01 -7.812619209289550781e-01 4.844125509262084961e-01
-9.897331237792968750e+00 3.262139856815338135e-01 -9.164394736289978027e-01 -2.855205535888671875e-01 -2.677556276321411133e-01 -7.791759967803955078e-01 4.895606040954589844e-01
-9.895902633666992188e+00 3.610717654228210449e-01 -9.113925099372863770e-01 -2.884412705898284912e-01 -2.616510391235351562e-01 -7.767824530601501465e-01 4.949235916137695312e-01
-9.894064903259277344e+00 4.000250101089477539e-01 -9.057496190071105957e-01 -2.913731038570404053e-01 -2.557842135429382324e-01 -7.741434574127197266e-01 5.003777742385864258e-01
-9.891777992248535156e+00 4.430914223194122314e-01 -8.995045423507690430e-01 -2.942887544631958008e-01 -2.502152919769287109e-01 -7.713295817375183105e-01 5.058033466339111328e-01
-9.889194488525390625e+00 4.903295934200286865e-01 -8.929315209388732910e-01 -2.971530556678771973e-01 -2.449990063905715942e-01 -7.684187293052673340e-01 5.110851526260375977e-01
-9.886292457580566406e+00 5.417394638061523438e-01 -8.858213424682617188e-01 -2.999246120452880859e-01 -2.401843816041946411e-01 -7.654954791069030762e-01 5.161136984825134277e-01
-9.883051872253417969e+00 5.973181128501892090e-01 -8.779148459434509277e-01 -3.025567233562469482e-01 -2.358145713806152344e-01 -7.626484036445617676e-01 5.207861661911010742e-01
-9.879508018493652344e+00 6.571380496025085449e-01 -8.696806430816650391e-01 -3.049996197223663330e-01 -2.319267541170120239e-01 -7.599701285362243652e-01 5.250054001808166504e-01
-9.876253128051757812e+00 7.211523056030273438e-01 -8.602080941200256348e-01 -3.072018623352050781e-01 -2.285530120134353638e-01 -7.575544118881225586e-01 5.286793708801269531e-01
-9.872917175292968750e+00 7.894250154495239258e-01 -8.501066565513610840e-01 -3.091119229793548584e-01 -2.257216572761535645e-01 -7.554953694343566895e-01 5.317199826240539551e-01
-9.869864463806152344e+00 8.619244098663330078e-01 -8.388247489929199219e-01 -3.106797635555267334e-01 -2.234588712453842163e-01 -7.538863420486450195e-01 5.340408086776733398e-01
-9.867341041564941406e+00 9.386059641838073730e-01 -8.260037302970886230e-01 -3.118576705455780029e-01 -2.217913419008255005e-01 -7.528168559074401855e-01 5.355559587478637695e-01
-9.865473747253417969e+00 1.019437789916992188e+00 -8.114718198776245117e-01 -3.126023709774017334e-01 -2.207479476928710938e-01 -7.523732781410217285e-01 5.361757874488830566e-01
-9.864756584167480469e+00 1.104271769523620605e+00 -7.944860458374023438e-01 -3.128755390644073486e-01 -2.203633487224578857e-01 -7.526360154151916504e-01 5.358057022094726562e-01
-9.865648269653320312e+00 1.192900419235229492e+00 -7.743775844573974609e-01 -3.126593232154846191e-01 -2.206617295742034912e-01 -7.536517381668090820e-01 5.343794822692871094e-01
-9.867363929748535156e+00 1.285952091217041016e+00 -7.544000148773193359e-01 -3.119961619377136230e-01 -2.216028571128845215e-01 -7.553535103797912598e-01 5.319694280624389648e-01
-9.867474555969238281e+00 1.385593891143798828e+00 -7.512547373771667480e-01 -3.109475970268249512e-01 -2.231344431638717651e-01 -7.576422095298767090e-01 5.286784172058105469e-01
-9.867158889770507812e+00 1.489750385284423828e+00 -7.522109746932983398e-01 -3.095787167549133301e-01 -2.252071350812911987e-01 -7.604146599769592285e-01 5.246068239212036133e-01
-9.866838455200195312e+00 1.598251342773437500e+00 -7.528687715530395508e-01 -3.079566359519958496e-01 -2.277712523937225342e-01 -7.635663747787475586e-01 5.198552608489990234e-01
-9.866653442382812500e+00 1.711045503616333008e+00 -7.519025802612304688e-01 -3.061486780643463135e-01 -2.307740449905395508e-01 -7.669929265975952148e-01 5.145269036293029785e-01
-9.866727828979492188e+00 1.828038334846496582e+00 -7.482640147209167480e-01 -3.042202591896057129e-01 -2.341582179069519043e-01 -7.705925703048706055e-01 5.087308287620544434e-01
-9.867135047912597656e+00 1.949091792106628418e+00 -7.412723898887634277e-01 -3.022333085536956787e-01 -2.378601729869842529e-01 -7.742673158645629883e-01 5.025810003280639648e-01
-9.868006706237792969e+00 2.073982000350952148e+00 -7.298130393028259277e-01 -3.002440333366394043e-01 -2.418100386857986450e-01 -7.779254317283630371e-01 4.961989820003509521e-01
-9.869519233703613281e+00 2.202321767807006836e+00 -7.123754620552062988e-01 -2.983015775680541992e-01 -2.459316700696945190e-01 -7.814827561378479004e-01 4.897125363349914551e-01
-9.871917724609375000e+00 2.333417892456054688e+00 -6.868321299552917480e-01 -2.964465320110321045e-01 -2.501433193683624268e-01 -7.848646044731140137e-01 4.832546710968017578e-01
-9.875200271606445312e+00 2.466677188873291016e+00 -6.524361968040466309e-01 -2.947099208831787109e-01 -2.543595433235168457e-01 -7.880053520202636719e-01 4.769640862941741943e-01
-9.879030227661132812e+00 2.601757764816284180e+00 -6.096459627151489258e-01 -2.931133806705474854e-01 -2.584916949272155762e-01 -7.908496260643005371e-01 4.709813296794891357e-01
-9.882844924926757812e+00 2.739235877990722656e+00 -5.610322356224060059e-01 -2.916693687438964844e-01 -2.624500989913940430e-01 -7.933511137962341309e-01 4.654490947723388672e-01
-9.885995864868164062e+00 2.879962205886840820e+00 -5.091342329978942871e-01 -2.903821766376495361e-01 -2.661451697349548340e-01 -7.954716682434082031e-01 4.605101943016052246e-01
-9.887421607971191406e+00 3.025270938873291016e+00 -4.575320184230804443e-01 -2.892500758171081543e-01 -2.694882750511169434e-01 -7.971795201301574707e-01 4.563061296939849854e-01
-9.886404037475585938e+00 3.176513671875000000e+00 -4.104862809181213379e-01 -2.882673144340515137e-01 -2.723922729492187500e-01 -7.984459400177001953e-01 4.529773592948913574e-01
-9.885068893432617188e+00 3.333725452423095703e+00 -3.690269291400909424e-01 -2.874166369438171387e-01 -2.747669816017150879e-01 -7.992482185363769531e-01 4.506628513336181641e-01
-9.888651847839355469e+00 3.496286630630493164e+00 -3.321526944637298584e-01 -2.866241037845611572e-01 -2.764987349510192871e-01 -7.995877861976623535e-01 4.495046436786651611e-01
-9.903174400329589844e+00 3.662928342819213867e+00 -2.976762354373931885e-01 -2.861635088920593262e-01 -2.776190042495727539e-01 -7.993000745773315430e-01 4.496192336082458496e-01
-9.936715126037597656e+00 3.830594301223754883e+00 -2.622770667076110840e-01 -2.866589725017547607e-01 -2.747206687927246094e-01 -7.967335581779479980e-01 4.555992484092712402e-01
-9.991278648376464844e+00 3.996983528137207031e+00 -2.250557690858840942e-01 -2.872353196144104004e-01 -2.718249559402465820e-01 -7.940791249275207520e-01 4.615682661533355713e-01
-1.005811977386474609e+01 4.162691593170166016e+00 -1.836874336004257202e-01 -2.878922522068023682e-01 -2.689357995986938477e-01 -7.913368344306945801e-01 4.675226509571075439e-01
-1.012774848937988281e+01 4.330344200134277344e+00 -1.360669732093811035e-01 -2.886292636394500732e-01 -2.660572528839111328e-01 -7.885070443153381348e-01 4.734587669372558594e-01
-1.019259738922119141e+01 4.502308368682861328e+00 -8.085929602384567261e-02 -2.894455492496490479e-01 -2.631933391094207764e-01 -7.855902910232543945e-01 4.793728291988372803e-01
-1.024712467193603516e+01 4.679794788360595703e+00 -1.771278306841850281e-02 -2.903403043746948242e-01 -2.603479027748107910e-01 -7.825875282287597656e-01 4.852608740329742432e-01
-1.029276943206787109e+01 4.850998401641845703e+00 4.476791247725486755e-02 -2.913122177124023438e-01 -2.575250864028930664e-01 -7.794994711875915527e-01 4.911196231842041016e-01
-1.033279800415039062e+01 5.015952110290527344e+00 1.035246998071670532e-01 -2.923601567745208740e-01 -2.547287046909332275e-01 -7.763275504112243652e-01 4.969448745250701904e-01
-1.036988162994384766e+01 5.175027847290039062e+00 1.552179753780364990e-01 -2.934824228286743164e-01 -2.519626021385192871e-01 -7.730731964111328125e-01 5.027331709861755371e-01
-1.040645980834960938e+01 5.328456878662109375e+00 1.962690651416778564e-01 -2.946772873401641846e-01 -2.492307126522064209e-01 -7.697376608848571777e-01 5.084812641143798828e-01
-1.044626808166503906e+01 5.476237773895263672e+00 2.177863270044326782e-01 -2.959429025650024414e-01 -2.465366423130035400e-01 -7.663230299949645996e-01 5.141851305961608887e-01
-1.049059391021728516e+01 5.615528583526611328e+00 2.190959900617599487e-01 -2.972770631313323975e-01 -2.438841015100479126e-01 -7.628310322761535645e-01 5.198419094085693359e-01
-1.053838920593261719e+01 5.744620323181152344e+00 2.098805159330368042e-01 -2.986775338649749756e-01 -2.412765622138977051e-01 -7.592639327049255371e-01 5.254479050636291504e-01
-1.058684349060058594e+01 5.864801883697509766e+00 2.028668224811553955e-01 -3.001418411731719971e-01 -2.387173473834991455e-01 -7.556239366531372070e-01 5.310001373291015625e-01
-1.063328361511230469e+01 5.977204322814941406e+00 2.039079964160919189e-01 -3.016673922538757324e-01 -2.362098246812820435e-01 -7.519134879112243652e-01 5.364957451820373535e-01
-1.067570686340332031e+01 6.082297325134277344e+00 2.086083889007568359e-01 -3.032513558864593506e-01 -2.337570339441299438e-01 -7.481350898742675781e-01 5.419316887855529785e-01
-1.071325778961181641e+01 6.180362224578857422e+00 2.151099294424057007e-01 -3.048910200595855713e-01 -2.313618063926696777e-01 -7.442916631698608398e-01 5.473052859306335449e-01
-1.074557495117187500e+01 6.271523475646972656e+00 2.221331745386123657e-01 -3.065832257270812988e-01 -2.290270179510116577e-01 -7.403857111930847168e-01 5.526140332221984863e-01
-1.077289295196533203e+01 6.355669975280761719e+00 2.289116680622100830e-01 -3.083249032497406006e-01 -2.267551720142364502e-01 -7.364202141761779785e-01 5.578557252883911133e-01
-1.079510879516601562e+01 6.432778358459472656e+00 2.350434064865112305e-01 -3.101128339767456055e-01 -2.245487570762634277e-01 -7.323982715606689453e-01 5.630279779434204102e-01
-1.081228351593017578e+01 6.503734111785888672e+00 2.396369874477386475e-01 -3.107963502407073975e-01 -2.223479002714157104e-01 -7.317602634429931641e-01 5.643528103828430176e-01
-1.082549381256103516e+01 6.567424297332763672e+00 2.431298792362213135e-01 -3.113067448139190674e-01 -2.205542922019958496e-01 -7.318989634513854980e-01 5.645954012870788574e-01
-1.083555507659912109e+01 6.623629093170166016e+00 2.456954866647720337e-01 -3.116604983806610107e-01 -2.191470116376876831e-01 -7.327522635459899902e-01 5.638408064842224121e-01
-1.084221935272216797e+01 6.672287464141845703e+00 2.472916394472122192e-01 -3.118722140789031982e-01 -2.181047946214675903e-01 -7.342538237571716309e-01 5.621718168258666992e-01
-1.084747791290283203e+01 6.713043212890625000e+00 2.483962923288345337e-01 -3.119559586048126221e-01 -2.174052596092224121e-01 -7.363350987434387207e-01 5.596684813499450684e-01
-1.085073947906494141e+01 6.745934963226318359e+00 2.488885372877120972e-01 -3.119242191314697266e-01 -2.170255184173583984e-01 -7.389252781867980957e-01 5.564105510711669922e-01
-1.085276699066162109e+01 6.770848274230957031e+00 2.489604204893112183e-01 -3.117894530296325684e-01 -2.169423550367355347e-01 -7.419525980949401855e-01 5.524759292602539062e-01
-1.085393619537353516e+01 6.787712097167968750e+00 2.487155050039291382e-01 -3.115639686584472656e-01 -2.171325236558914185e-01 -7.453452348709106445e-01 5.479432940483093262e-01
-1.085424995422363281e+01 6.796503543853759766e+00 2.481695562601089478e-01 -3.112605214118957520e-01 -2.175726294517517090e-01 -7.490314245223999023e-01 5.428912639617919922e-01
-1.085380554199218750e+01 6.798187255859375000e+00 2.473606765270233154e-01 -3.108918666839599609e-01 -2.182398438453674316e-01 -7.529407739639282227e-01 5.373990535736083984e-01
-1.085418510437011719e+01 6.808744907379150391e+00 2.466717511415481567e-01 -3.104713261127471924e-01 -2.191118299961090088e-01 -7.570036053657531738e-01 5.315478444099426270e-01
-1.085525608062744141e+01 6.828166484832763672e+00 2.460865676403045654e-01 -3.100135624408721924e-01 -2.201664894819259644e-01 -7.611522674560546875e-01 5.254193544387817383e-01
-1.085645008087158203e+01 6.856480598449707031e+00 2.454878985881805420e-01 -3.095334470272064209e-01 -2.213823348283767700e-01 -7.653214335441589355e-01 5.190974473953247070e-01
-1.085820388793945312e+01 6.893627643585205078e+00 2.449916005134582520e-01 -3.090472817420959473e-01 -2.227387577295303345e-01 -7.694476246833801270e-01 5.126671195030212402e-01
-1.085999107360839844e+01 6.939617633819580078e+00 2.444886714220046997e-01 -3.085718750953674316e-01 -2.242155075073242188e-01 -7.734705209732055664e-01 5.062155723571777344e-01
-1.086151981353759766e+01 6.994446754455566406e+00 2.439245581626892090e-01 -3.081257343292236328e-01 -2.257937490940093994e-01 -7.773314714431762695e-01 4.998314082622528076e-01
-1.086246109008789062e+01 7.058090686798095703e+00 2.432366162538528442e-01 -3.077278137207031250e-01 -2.274546921253204346e-01 -7.809750437736511230e-01 4.936048388481140137e-01
-1.086286258697509766e+01 7.130522251129150391e+00 2.424491792917251587e-01 -3.073978722095489502e-01 -2.291807383298873901e-01 -7.843478918075561523e-01 4.876282811164855957e-01
-1.086261463165283203e+01 7.211714744567871094e+00 2.415486127138137817e-01 -3.071566224098205566e-01 -2.309543788433074951e-01 -7.873988151550292969e-01 4.819937944412231445e-01
-1.086204242706298828e+01 7.301647663116455078e+00 2.406226247549057007e-01 -3.070260584354400635e-01 -2.327594459056854248e-01 -7.900782823562622070e-01 4.767957031726837158e-01
-1.086175632476806641e+01 7.400314807891845703e+00 2.401441186666488647e-01 -3.064889013767242432e-01 -2.342927753925323486e-01 -7.925858497619628906e-01 4.722065031528472900e-01
-1.086284065246582031e+01 7.507662296295166016e+00 2.418846786022186279e-01 -3.059804141521453857e-01 -2.357695400714874268e-01 -7.947417497634887695e-01 4.681605398654937744e-01
-1.086706256866455078e+01 7.623424053192138672e+00 2.487313747406005859e-01 -3.055047690868377686e-01 -2.371620535850524902e-01 -7.965628504753112793e-01 4.646595716476440430e-01
-1.087792205810546875e+01 7.746343612670898438e+00 2.663864791393280029e-01 -3.050670921802520752e-01 -2.384419739246368408e-01 -7.980641722679138184e-01 4.617064893245697021e-01
-1.089955520629882812e+01 7.872814655303955078e+00 3.021356761455535889e-01 -3.046739697456359863e-01 -2.395798116922378540e-01 -7.992593646049499512e-01 4.593034684658050537e-01
-1.093158817291259766e+01 7.962234973907470703e+00 3.833125531673431396e-01 -3.043328225612640381e-01 -2.405458539724349976e-01 -8.001597523689270020e-01 4.574533998966217041e-01
-1.091714191436767578e+01 7.821878433227539062e+00 4.268243014812469482e-01 -3.040524125099182129e-01 -2.413102686405181885e-01 -8.007751107215881348e-01 4.561584889888763428e-01
-1.089116573333740234e+01 7.664876461029052734e+00 4.391759037971496582e-01 -3.038430511951446533e-01 -2.418436259031295776e-01 -8.011136651039123535e-01 4.554204344749450684e-01
-1.086072254180908203e+01 7.499076843261718750e+00 4.440708160400390625e-01 -3.037162423133850098e-01 -2.421172857284545898e-01 -8.011818528175354004e-01 4.552397727966308594e-01
-1.082668209075927734e+01 7.324782371520996094e+00 4.453708827495574951e-01 -3.036851882934570312e-01 -2.421040534973144531e-01 -8.009837865829467773e-01 4.556158185005187988e-01
-1.078878021240234375e+01 7.142156600952148438e+00 4.437671601772308350e-01 -3.037644028663635254e-01 -2.417788952589035034e-01 -8.005220293998718262e-01 4.565462470054626465e-01
-1.074716854095458984e+01 6.951224327087402344e+00 4.402313530445098877e-01 -3.039701581001281738e-01 -2.411192357540130615e-01 -7.997975945472717285e-01 4.580256938934326172e-01
-1.070167350769042969e+01 6.752051830291748047e+00 4.350234568119049072e-01 -3.043201267719268799e-01 -2.401057779788970947e-01 -7.988096475601196289e-01 4.600450992584228516e-01
-1.065201663970947266e+01 6.544741153717041016e+00 4.282655715942382812e-01 -3.048330247402191162e-01 -2.387238740921020508e-01 -7.975558638572692871e-01 4.625930786132812500e-01
-1.059779167175292969e+01 6.329418659210205078e+00 4.200024604797363281e-01 -3.055287897586822510e-01 -2.369630336761474609e-01 -7.960332036018371582e-01 4.656519889831542969e-01
-1.053800487518310547e+01 6.106400012969970703e+00 4.100812673568725586e-01 -3.064277470111846924e-01 -2.348186671733856201e-01 -7.942378520965576172e-01 4.691997766494750977e-01
-1.047173881530761719e+01 5.876018047332763672e+00 3.984978795051574707e-01 -3.075501620769500732e-01 -2.322922199964523315e-01 -7.921661734580993652e-01 4.732082486152648926e-01
-1.039905166625976562e+01 5.638349533081054688e+00 3.856534957885742188e-01 -3.067429363727569580e-01 -2.281921356916427612e-01 -7.907605767250061035e-01 4.780530631542205811e-01
-1.032218456268310547e+01 5.401219367980957031e+00 3.724234700202941895e-01 -3.053928315639495850e-01 -2.232048809528350830e-01 -7.893964648246765137e-01 4.834955632686614990e-01
-1.024124813079833984e+01 5.164627552032470703e+00 3.592612445354461670e-01 -3.037285208702087402e-01 -2.174223065376281738e-01 -7.879630923271179199e-01 4.894799590110778809e-01
-1.015973377227783203e+01 4.937581539154052734e+00 3.471310436725616455e-01 -3.017268478870391846e-01 -2.108246386051177979e-01 -7.864568829536437988e-01 4.959833621978759766e-01
-1.007821178436279297e+01 4.719899654388427734e+00 3.362800478935241699e-01 -2.993972003459930420e-01 -2.035051435232162476e-01 -7.848589420318603516e-01 5.029348134994506836e-01
-9.996755599975585938e+00 4.511579513549804688e+00 3.270382583141326904e-01 -2.967572808265686035e-01 -1.955855339765548706e-01 -7.831498384475708008e-01 5.102527141571044922e-01
-9.915719032287597656e+00 4.312532901763916016e+00 3.197067975997924805e-01 -2.938264012336730957e-01 -1.871893256902694702e-01 -7.813128829002380371e-01 5.178573727607727051e-01
-9.836120605468750000e+00 4.122390270233154297e+00 3.140039741992950439e-01 -2.906256616115570068e-01 -1.784407198429107666e-01 -7.793362140655517578e-01 5.256715416908264160e-01
-9.758411407470703125e+00 3.940986156463623047e+00 3.096978664398193359e-01 -2.871779203414916992e-01 -1.694656014442443848e-01 -7.772123813629150391e-01 5.336207747459411621e-01
-9.681688308715820312e+00 3.768732786178588867e+00 3.077973723411560059e-01 -2.835081517696380615e-01 -1.603916734457015991e-01 -7.749390602111816406e-01 5.416338443756103516e-01
-9.607542037963867188e+00 3.605000019073486328e+00 3.068004548549652100e-01 -2.796434164047241211e-01 -1.513468921184539795e-01 -7.725194692611694336e-01 5.496428608894348145e-01
-9.535861968994140625e+00 3.449849843978881836e+00 3.067598640918731689e-01 -2.756129503250122070e-01 -1.424614787101745605e-01 -7.699624896049499512e-01 5.575839281082153320e-01
-9.466423034667968750e+00 3.303431272506713867e+00 3.076038956642150879e-01 -2.714475095272064209e-01 -1.338657736778259277e-01 -7.672821879386901855e-01 5.653973817825317383e-01
-9.400321960449218750e+00 3.165237903594970703e+00 3.086641728878021240e-01 -2.671805620193481445e-01 -1.256911307573318481e-01 -7.644978761672973633e-01 5.730262994766235352e-01
-9.336527824401855469e+00 3.035810470581054688e+00 3.102946281433105469e-01 -2.628463506698608398e-01 -1.180690079927444458e-01 -7.616339921951293945e-01 5.804179906845092773e-01
-9.276486396789550781e+00 2.914450645446777344e+00 3.118354082107543945e-01 -2.584807872772216797e-01 -1.111317873001098633e-01 -7.587181329727172852e-01 5.875238180160522461e-01
-9.219165802001953125e+00 2.801710128784179688e+00 3.135261535644531250e-01 -2.541209459304809570e-01 -1.050114482641220093e-01 -7.557823061943054199e-01 5.942965149879455566e-01
-9.165617942810058594e+00 2.697070360183715820e+00 3.150452375411987305e-01 -2.498039603233337402e-01 -9.984023869037628174e-02 -7.528601288795471191e-01 6.006926298141479492e-01
-9.115583419799804688e+00 2.600694417953491211e+00 3.163545131683349609e-01 -2.455681264400482178e-01 -9.575005620718002319e-02 -7.499872446060180664e-01 6.066691279411315918e-01
-9.068941116333007812e+00 2.512667179107666016e+00 3.174529969692230225e-01 -2.414510548114776611e-01 -9.287275373935699463e-02 -7.471987605094909668e-01 6.121845245361328125e-01
-9.026556015014648438e+00 2.432542562484741211e+00 3.182062506675720215e-01 -2.374894469976425171e-01 -9.133935719728469849e-02 -7.445296645164489746e-01 6.171964406967163086e-01
-8.987741470336914062e+00 2.360720157623291016e+00 3.185870349407196045e-01 -2.337193787097930908e-01 -9.128089249134063721e-02 -7.420112490653991699e-01 6.216610074043273926e-01
-8.952810287475585938e+00 2.297037363052368164e+00 3.185826838016510010e-01 -2.301747053861618042e-01 -9.282782673835754395e-02 -7.396706938743591309e-01 6.255317926406860352e-01
-8.921957969665527344e+00 2.243104219436645508e+00 3.177082836627960205e-01 -2.306121140718460083e-01 -9.929200261831283569e-02 -7.414733171463012695e-01 6.222352385520935059e-01
-8.895476341247558594e+00 2.196910381317138672e+00 3.167562782764434814e-01 -2.310368120670318604e-01 -1.057504564523696899e-01 -7.432342171669006348e-01 6.189036369323730469e-01
-8.872933387756347656e+00 2.158705472946166992e+00 3.156585693359375000e-01 -2.314482331275939941e-01 -1.122033149003982544e-01 -7.449535131454467773e-01 6.155374050140380859e-01
-8.854587554931640625e+00 2.128338575363159180e+00 3.144566416740417480e-01 -2.318469583988189697e-01 -1.186496466398239136e-01 -7.466310262680053711e-01 6.121367812156677246e-01
-8.840760231018066406e+00 2.105624437332153320e+00 3.132016658782958984e-01 -2.322325855493545532e-01 -1.250893175601959229e-01 -7.482667565345764160e-01 6.087015271186828613e-01
-8.831453323364257812e+00 2.090562582015991211e+00 3.118940591812133789e-01 -2.326049953699111938e-01 -1.315220594406127930e-01 -7.498605251312255859e-01 6.052322983741760254e-01
-8.826663970947265625e+00 2.083153009414672852e+00 3.105339705944061279e-01 -2.329645752906799316e-01 -1.379474252462387085e-01 -7.514121532440185547e-01 6.017289757728576660e-01
-8.826395988464355469e+00 2.083395957946777344e+00 3.091219365596771240e-01 -2.333110272884368896e-01 -1.443650424480438232e-01 -7.529215812683105469e-01 5.981920361518859863e-01
-8.824956893920898438e+00 2.081668615341186523e+00 3.077152073383331299e-01 -2.336444705724716187e-01 -1.507743746042251587e-01 -7.543888688087463379e-01 5.946214795112609863e-01
-8.822347640991210938e+00 2.077970504760742188e+00 3.063142299652099609e-01 -2.339645475149154663e-01 -1.571752727031707764e-01 -7.558138966560363770e-01 5.910176038742065430e-01
-8.818568229675292969e+00 2.072303533554077148e+00 3.049191832542419434e-01 -2.342718988656997681e-01 -1.635676622390747070e-01 -7.571961879730224609e-01 5.873807668685913086e-01
-8.813619613647460938e+00 2.064664840698242188e+00 3.035304248332977295e-01 -2.345657050609588623e-01 -1.699506193399429321e-01 -7.585363984107971191e-01 5.837106704711914062e-01
-8.807497024536132812e+00 2.055056095123291016e+00 3.021482825279235840e-01 -2.348466515541076660e-01 -1.763243228197097778e-01 -7.598338127136230469e-01 5.800082087516784668e-01
-8.800206184387207031e+00 2.043475866317749023e+00 3.007731437683105469e-01 -2.351142764091491699e-01 -1.826878488063812256e-01 -7.610886693000793457e-01 5.762728452682495117e-01
-8.791745185852050781e+00 2.029926061630249023e+00 2.994052767753601074e-01 -2.353686988353729248e-01 -1.890411972999572754e-01 -7.623008489608764648e-01 5.725053548812866211e-01
-8.782114028930664062e+00 2.014404773712158203e+00 2.980450391769409180e-01 -2.356100082397460938e-01 -1.953839957714080811e-01 -7.634702920913696289e-01 5.687057375907897949e-01
-8.771313667297363281e+00 1.996912240982055664e+00 2.966926395893096924e-01 -2.358380109071731567e-01 -2.017157524824142456e-01 -7.645969986915588379e-01 5.648740530014038086e-01
-8.759196281433105469e+00 1.977535963058471680e+00 2.953064739704132080e-01 -2.360528260469436646e-01 -2.080362141132354736e-01 -7.656806707382202148e-01 5.610107779502868652e-01
-8.745561599731445312e+00 1.956400156021118164e+00 2.938266694545745850e-01 -2.362544387578964233e-01 -2.143451273441314697e-01 -7.667213082313537598e-01 5.571161508560180664e-01
-8.730710029602050781e+00 1.933320283889770508e+00 2.923429906368255615e-01 -2.364426851272583008e-01 -2.206418663263320923e-01 -7.677190899848937988e-01 5.531901717185974121e-01
-8.713843345642089844e+00 1.911666870117187500e+00 2.945318520069122314e-01 -2.440293431282043457e-01 -2.096166908740997314e-01 -7.751009464263916016e-01 5.438096523284912109e-01
-8.695623397827148438e+00 1.888034582138061523e+00 2.967285811901092529e-01 -2.515372037887573242e-01 -1.985238790512084961e-01 -7.822336554527282715e-01 5.342544317245483398e-01
-8.676053047180175781e+00 1.862419366836547852e+00 2.989304363727569580e-01 -2.589642405509948730e-01 -1.873672455549240112e-01 -7.891148328781127930e-01 5.245272517204284668e-01
-8.655136108398437500e+00 1.834816217422485352e+00 3.011344969272613525e-01 -2.663080990314483643e-01 -1.761504560708999634e-01 -7.957421541213989258e-01 5.146313905715942383e-01
-8.632686614990234375e+00 1.805338144302368164e+00 3.032704889774322510e-01 -2.735663354396820068e-01 -1.648770123720169067e-01 -8.021134734153747559e-01 5.045700669288635254e-01
-8.608438491821289062e+00 1.774153351783752441e+00 3.052368760108947754e-01 -2.807365655899047852e-01 -1.535504460334777832e-01 -8.082270026206970215e-01 4.943463802337646484e-01
-8.582813262939453125e+00 1.740989327430725098e+00 3.071841299533843994e-01 -2.878165543079376221e-01 -1.421745717525482178e-01 -8.140806555747985840e-01 4.839637279510498047e-01
-8.555812835693359375e+00 1.705841660499572754e+00 3.091091811656951904e-01 -2.948038876056671143e-01 -1.307530552148818970e-01 -8.196722865104675293e-01 4.734254181385040283e-01
-8.527439117431640625e+00 1.668706655502319336e+00 3.110094368457794189e-01 -3.016963303089141846e-01 -1.192893758416175842e-01 -8.250004649162292480e-01 4.627348184585571289e-01
-8.497340202331542969e+00 1.629816889762878418e+00 3.126940727233886719e-01 -3.084920048713684082e-01 -1.077873855829238892e-01 -8.300633430480957031e-01 4.518954455852508545e-01
-8.465695381164550781e+00 1.589050292968750000e+00 3.142535388469696045e-01 -3.151882886886596680e-01 -9.625067561864852905e-02 -8.348591327667236328e-01 4.409107565879821777e-01
-8.432664871215820312e+00 1.546300053596496582e+00 3.157674968242645264e-01 -3.217832744121551514e-01 -8.468300849199295044e-02 -8.393866419792175293e-01 4.297842681407928467e-01
-8.398230552673339844e+00 1.501574635505676270e+00 3.172058165073394775e-01 -3.282746970653533936e-01 -7.308805733919143677e-02 -8.436439633369445801e-01 4.185194671154022217e-01
-8.362223625183105469e+00 1.454991459846496582e+00 3.183362483978271484e-01 -3.346606791019439697e-01 -6.146952509880065918e-02 -8.476302027702331543e-01 4.071201086044311523e-01
-8.324833869934082031e+00 1.406418442726135254e+00 3.194020092487335205e-01 -3.409389257431030273e-01 -4.983163625001907349e-02 -8.513435721397399902e-01 3.955901861190795898e-01
-8.286088943481445312e+00 1.355835556983947754e+00 3.203766644001007080e-01 -3.471075594425201416e-01 -3.817728906869888306e-02 -8.547833561897277832e-01 3.839328289031982422e-01
-8.246219635009765625e+00 1.303094506263732910e+00 3.210478127002716064e-01 -3.531646132469177246e-01 -2.651114761829376221e-02 -8.579480648040771484e-01 3.721519410610198975e-01
-8.204986572265625000e+00 1.248347759246826172e+00 3.216378092765808105e-01 -3.591077923774719238e-01 -1.483613252639770508e-02 -8.608370423316955566e-01 3.602514266967773438e-01
-8.162821769714355469e+00 1.191316485404968262e+00 3.220531344413757324e-01 -3.649358749389648438e-01 -3.156304359436035156e-03 -8.634490370750427246e-01 3.482349216938018799e-01
-8.119805335998535156e+00 1.131948828697204590e+00 3.222752213478088379e-01 -3.706462979316711426e-01 8.524417877197265625e-03 -8.657834529876708984e-01 3.361063599586486816e-01
-8.081585884094238281e+00 1.066799283027648926e+00 3.202709853649139404e-01 -3.723711669445037842e-01 2.283245325088500977e-03 -8.610738515853881836e-01 3.462460637092590332e-01
-8.043589591979980469e+00 9.987475275993347168e-01 3.181358277797698975e-01 -3.740337491035461426e-01 -3.958359360694885254e-03 -8.562204837799072266e-01 3.563277423381805420e-01
-8.004370689392089844e+00 9.286981225013732910e-01 3.159584105014801025e-01 -3.756339251995086670e-01 -1.019906997680664062e-02 -8.512243032455444336e-01 3.663498163223266602e-01
-7.966098308563232422e+00 8.553783893585205078e-01 3.137535154819488525e-01 -3.771713674068450928e-01 -1.643802225589752197e-02 -8.460861444473266602e-01 3.763107657432556152e-01
-7.926916122436523438e+00 7.798791527748107910e-01 3.115086257457733154e-01 -3.786457180976867676e-01 -2.267435193061828613e-02 -8.408067226409912109e-01 3.862090706825256348e-01
-7.889088153839111328e+00 7.009954452514648438e-01 3.093373179435729980e-01 -3.800570368766784668e-01 -2.890703082084655762e-02 -8.353867530822753906e-01 3.960428535938262939e-01
-7.850805282592773438e+00 6.196984648704528809e-01 3.071572780609130859e-01 -3.814047574996948242e-01 -3.513462841510772705e-02 -8.298275470733642578e-01 4.058107137680053711e-01
-7.815118312835693359e+00 5.393707156181335449e-01 3.051151931285858154e-01 -3.826889991760253906e-01 -4.135684669017791748e-02 -8.241294622421264648e-01 4.155108928680419922e-01
-7.780855655670166016e+00 4.605895876884460449e-01 3.031578660011291504e-01 -3.839091062545776367e-01 -4.757158458232879639e-02 -8.182941675186157227e-01 4.251414835453033447e-01
-7.748239517211914062e+00 3.832702636718750000e-01 3.012956976890563965e-01 -3.850653767585754395e-01 -5.377848446369171143e-02 -8.123221993446350098e-01 4.347011446952819824e-01
-7.717028617858886719e+00 3.075256347656250000e-01 2.995174229145050049e-01 -3.861573338508605957e-01 -5.997684597969055176e-02 -8.062146306037902832e-01 4.441883265972137451e-01
-7.687319278717041016e+00 2.333374023437500000e-01 2.977798283100128174e-01 -3.871848583221435547e-01 -6.616486608982086182e-02 -7.999725341796875000e-01 4.536012113094329834e-01
-7.660531997680664062e+00 1.601025313138961792e-01 2.960509359836578369e-01 -3.881476521492004395e-01 -7.234181463718414307e-02 -7.935968637466430664e-01 4.629385173320770264e-01
-7.634465217590332031e+00 8.875915408134460449e-02 2.943805754184722900e-01 -3.890456557273864746e-01 -7.850648462772369385e-02 -7.870888113975524902e-01 4.721984565258026123e-01
-7.612087249755859375e+00 1.821960322558879852e-02 2.926471531391143799e-01 -3.898789882659912109e-01 -8.465845882892608643e-02 -7.804493904113769531e-01 4.813794791698455811e-01
-7.591459751129150391e+00 -5.080322176218032837e-02 2.909301817417144775e-01 -3.906470239162445068e-01 -9.079615771770477295e-02 -7.736794948577880859e-01 4.904800653457641602e-01
-7.571430683135986328e+00 -1.178857386112213135e-01 2.892765104770660400e-01 -3.913497328758239746e-01 -9.691859781742095947e-02 -7.667807340621948242e-01 4.994993209838867188e-01
-7.554212570190429688e+00 -1.837182641029357910e-01 2.875536382198333740e-01 -3.919874429702758789e-01 -1.030249893665313721e-01 -7.597538828849792480e-01 5.084345936775207520e-01
-7.537600994110107422e+00 -2.476092427968978882e-01 2.858935594558715820e-01 -3.925594091415405273e-01 -1.091141924262046814e-01 -7.526000738143920898e-01 5.172854661941528320e-01
