-7.638746261596679688e+00 -1.497815895080566406e+01 -1.814552210271358490e-02 3.032214939594268799e-01 -4.632525891065597534e-02 8.338502049446105957e-01 4.589166939258575439e-01
-7.561851501464843750e+00 -1.485636329650878906e+01 -1.437995862215757370e-02 3.044082224369049072e-01 -4.241888970136642456e-02 8.343117237091064453e-01 4.576681852340698242e-01
-7.485754013061523438e+00 -1.473496150970458984e+01 -1.085914578288793564e-02 3.050754666328430176e-01 -3.843913972377777100e-02 8.347876071929931641e-01 4.567066431045532227e-01
-7.411283969879150391e+00 -1.461343002319335938e+01 -8.027572184801101685e-03 3.052160441875457764e-01 -3.441237658262252808e-02 8.352732658386230469e-01 4.560457468032836914e-01
-7.337692737579345703e+00 -1.449224567413330078e+01 -5.481185857206583023e-03 3.048222959041595459e-01 -3.036461770534515381e-02 8.357631564140319824e-01 4.556986987590789795e-01
-7.266244888305664062e+00 -1.437065887451171875e+01 -3.883590688928961754e-03 3.038995563983917236e-01 -2.632249891757965088e-02 8.362510204315185547e-01 4.556712210178375244e-01
-7.195748329162597656e+00 -1.424938488006591797e+01 -2.602386521175503731e-03 3.025059401988983154e-01 -2.231498062610626221e-02 8.367272615432739258e-01 4.559381008148193359e-01
-7.127304553985595703e+00 -1.412781715393066406e+01 -2.202301053330302238e-03 3.007119894027709961e-01 -1.837109029293060303e-02 8.371818661689758301e-01 4.564660787582397461e-01
-7.060256004333496094e+00 -1.400632381439208984e+01 -2.337646437808871269e-03 2.985888421535491943e-01 -1.452016085386276245e-02 8.376047015190124512e-01 4.572222530841827393e-01
-6.994175910949707031e+00 -1.388516712188720703e+01 -2.742385724559426308e-03 2.962077558040618896e-01 -1.079150289297103882e-02 8.379864096641540527e-01 4.581739604473114014e-01
-6.930187702178955078e+00 -1.376373767852783203e+01 -3.931961022317409515e-03 2.936397492885589600e-01 -7.214382290840148926e-03 8.383179306983947754e-01 4.592892825603485107e-01
-6.866501331329345703e+00 -1.364299488067626953e+01 -5.075606983155012131e-03 2.909567654132843018e-01 -3.817915916442871094e-03 8.385918140411376953e-01 4.605359733104705811e-01
-6.804814338684082031e+00 -1.352206516265869141e+01 -6.853103637695312500e-03 2.882308661937713623e-01 -6.317049264907836914e-04 8.388005495071411133e-01 4.618830680847167969e-01
-6.743999958038330078e+00 -1.340152072906494141e+01 -8.809356950223445892e-03 2.855342924594879150e-01 2.315253019332885742e-03 8.389387726783752441e-01 4.632997214794158936e-01
-6.683679103851318359e+00 -1.328155517578125000e+01 -1.077796891331672668e-02 2.829399108886718750e-01 4.993394017219543457e-03 8.390008211135864258e-01 4.647555947303771973e-01
-6.625688552856445312e+00 -1.316126632690429688e+01 -1.339271478354930878e-02 2.805201709270477295e-01 7.373765110969543457e-03 8.389827013015747070e-01 4.662211239337921143e-01
-6.568004131317138672e+00 -1.304163551330566406e+01 -1.595184206962585449e-02 2.783486247062683105e-01 9.426772594451904297e-03 8.388807177543640137e-01 4.676668047904968262e-01
-6.511365890502929688e+00 -1.292231655120849609e+01 -1.867217943072319031e-02 2.764985561370849609e-01 1.112327724695205688e-02 8.386920094490051270e-01 4.690634608268737793e-01
-6.456573486328125000e+00 -1.280293560028076172e+01 -2.178756706416606903e-02 2.750427722930908203e-01 1.243425160646438599e-02 8.384135365486145020e-01 4.703824818134307861e-01
-6.402091979980468750e+00 -1.268419170379638672e+01 -2.484611421823501587e-02 2.740551531314849854e-01 1.332996040582656860e-02 8.380420804023742676e-01 4.715945422649383545e-01
-6.349178314208984375e+00 -1.256553363800048828e+01 -2.816024795174598694e-02 2.736082673072814941e-01 1.378174126148223877e-02 8.375745415687561035e-01 4.726704657077789307e-01
-6.297773361206054688e+00 -1.244697856903076172e+01 -3.171493485569953918e-02 2.737751305103302002e-01 1.375998556613922119e-02 8.370062112808227539e-01 4.735805094242095947e-01
-6.246680736541748047e+00 -1.232904529571533203e+01 -3.521240130066871643e-02 2.746281325817108154e-01 1.323542743921279907e-02 8.363309502601623535e-01 4.742940962314605713e-01
-6.197829246520996094e+00 -1.221093750000000000e+01 -3.905784338712692261e-02 2.762384414672851562e-01 1.217911392450332642e-02 8.355408906936645508e-01 4.747791886329650879e-01
-6.150134086608886719e+00 -1.209309291839599609e+01 -4.302223026752471924e-02 2.786773741245269775e-01 1.056148111820220947e-02 8.346255421638488770e-01 4.750027954578399658e-01
-6.102746486663818359e+00 -1.197585773468017578e+01 -4.692748934030532837e-02 2.819880247116088867e-01 8.367337286472320557e-03 8.335735201835632324e-01 4.749397337436676025e-01
-6.058701038360595703e+00 -1.185808086395263672e+01 -5.131759494543075562e-02 2.861087322235107422e-01 5.636289715766906738e-03 8.323832154273986816e-01 4.746032953262329102e-01
-6.015186786651611328e+00 -1.174083805084228516e+01 -5.569343268871307373e-02 2.909505665302276611e-01 2.422168850898742676e-03 8.310542106628417969e-01 4.740155935287475586e-01
-5.972988128662109375e+00 -1.162387561798095703e+01 -6.017135456204414368e-02 2.964242696762084961e-01 -1.221030950546264648e-03 8.295863270759582520e-01 4.731993377208709717e-01
-5.934104919433593750e+00 -1.150650405883789062e+01 -6.506095826625823975e-02 3.024413585662841797e-01 -5.239531397819519043e-03 8.279799222946166992e-01 4.721768796443939209e-01
-5.895468711853027344e+00 -1.138979434967041016e+01 -6.989387422800064087e-02 3.089131712913513184e-01 -9.579509496688842773e-03 8.262362480163574219e-01 4.709718525409698486e-01
-5.860678672790527344e+00 -1.127264785766601562e+01 -7.490813732147216797e-02 3.157509565353393555e-01 -1.418612897396087646e-02 8.243589997291564941e-01 4.696086347103118896e-01
-5.827388763427734375e+00 -1.115579223632812500e+01 -7.995323091745376587e-02 3.228679001331329346e-01 -1.900596916675567627e-02 8.223534822463989258e-01 4.681131243705749512e-01
-5.793593406677246094e+00 -1.103118610382080078e+01 -8.529670536518096924e-02 3.301770389080047607e-01 -2.398444712162017822e-02 8.202278614044189453e-01 4.665125906467437744e-01
-5.762124061584472656e+00 -1.089958953857421875e+01 -9.085319191217422485e-02 3.375928401947021484e-01 -2.906708419322967529e-02 8.179938197135925293e-01 4.648357927799224854e-01
-5.729381084442138672e+00 -1.076196002960205078e+01 -9.665061533451080322e-02 3.450308740139007568e-01 -3.419978916645050049e-02 8.156653046607971191e-01 4.631133675575256348e-01
-5.700448989868164062e+00 -1.061716556549072266e+01 -1.022521927952766418e-01 3.524079918861389160e-01 -3.932836651802062988e-02 8.132601380348205566e-01 4.613782167434692383e-01
-5.670289039611816406e+00 -1.046634292602539062e+01 -1.080992892384529114e-01 3.596424162387847900e-01 -4.439888894557952881e-02 8.107988238334655762e-01 4.596643745899200439e-01
-5.642613410949707031e+00 -1.030877876281738281e+01 -1.135394275188446045e-01 3.666538298130035400e-01 -4.935756325721740723e-02 8.083052039146423340e-01 4.580080807209014893e-01
-5.614677429199218750e+00 -1.014501285552978516e+01 -1.190634146332740784e-01 3.733632564544677734e-01 -5.415053665637969971e-02 8.058064579963684082e-01 4.564465880393981934e-01
-5.587474346160888672e+00 -9.974896430969238281e+00 -1.242733746767044067e-01 3.796930015087127686e-01 -5.872453749179840088e-02 8.033317327499389648e-01 4.550195336341857910e-01
-5.560772418975830078e+00 -9.798472404479980469e+00 -1.292441487312316895e-01 3.855665922164916992e-01 -6.302635371685028076e-02 8.009129166603088379e-01 4.537670612335205078e-01
-5.533414363861083984e+00 -9.615948677062988281e+00 -1.342668831348419189e-01 3.909090757369995117e-01 -6.700342893600463867e-02 7.985835671424865723e-01 4.527304470539093018e-01
-5.506857872009277344e+00 -9.427096366882324219e+00 -1.385794728994369507e-01 3.956454098224639893e-01 -7.060270011425018311e-02 7.963787913322448730e-01 4.519523084163665771e-01
-5.479410171508789062e+00 -9.232192039489746094e+00 -1.430767029523849487e-01 3.997020721435546875e-01 -7.377210259437561035e-02 7.943339347839355469e-01 4.514748156070709229e-01
-5.451507568359375000e+00 -9.031266212463378906e+00 -1.470718383789062500e-01 4.023348689079284668e-01 -7.677976787090301514e-02 7.925353646278381348e-01 4.517953991889953613e-01
-5.423105239868164062e+00 -8.824369430541992188e+00 -1.509644240140914917e-01 4.021772146224975586e-01 -7.760138809680938721e-02 7.916109561920166016e-01 4.534132480621337891e-01
-5.393886566162109375e+00 -8.611343383789062500e+00 -1.549718379974365234e-01 4.020238816738128662e-01 -7.839174568653106689e-02 7.907181978225708008e-01 4.549683034420013428e-01
-5.363979339599609375e+00 -8.392150878906250000e+00 -1.583171784877777100e-01 4.018785655498504639e-01 -7.913348078727722168e-02 7.898772954940795898e-01 4.564266800880432129e-01
-5.333302974700927734e+00 -8.166800498962402344e+00 -1.615274846553802490e-01 4.017448127269744873e-01 -7.980962097644805908e-02 7.891080975532531738e-01 4.577552080154418945e-01
-5.301832199096679688e+00 -7.935296058654785156e+00 -1.648247539997100830e-01 4.016262292861938477e-01 -8.040410280227661133e-02 7.884297966957092285e-01 4.589225649833679199e-01
-5.269638538360595703e+00 -7.697609901428222656e+00 -1.676484644412994385e-01 4.015263915061950684e-01 -8.090139925479888916e-02 7.878608703613281250e-01 4.598985314369201660e-01
-5.236681938171386719e+00 -7.453747272491455078e+00 -1.703593432903289795e-01 4.014485478401184082e-01 -8.128662407398223877e-02 7.874191999435424805e-01 4.606542885303497314e-01
-5.204648494720458984e+00 -7.216339111328125000e+00 -1.729978173971176147e-01 4.013960361480712891e-01 -8.154568076133728027e-02 7.871217727661132812e-01 4.611623585224151611e-01
-5.173559665679931641e+00 -6.985373497009277344e+00 -1.752586364746093750e-01 4.013717770576477051e-01 -8.166484534740447998e-02 7.869848012924194336e-01 4.613959789276123047e-01
-5.143417835235595703e+00 -6.760845661163330078e+00 -1.772201508283615112e-01 4.013786911964416504e-01 -8.163097500801086426e-02 7.870238423347473145e-01 4.613295197486877441e-01
-5.114210128784179688e+00 -6.542753219604492188e+00 -1.791247576475143433e-01 4.014192819595336914e-01 -8.143094182014465332e-02 7.872536182403564453e-01 4.609372615814208984e-01
-5.085939884185791016e+00 -6.331089973449707031e+00 -1.809723675251007080e-01 4.014959931373596191e-01 -8.105203509330749512e-02 7.876882553100585938e-01 4.601941108703613281e-01
-5.058615684509277344e+00 -6.125847816467285156e+00 -1.824259161949157715e-01 4.016107916831970215e-01 -8.048112690448760986e-02 7.883417010307312012e-01 4.590736925601959229e-01
-5.032240867614746094e+00 -5.927022457122802734e+00 -1.837684661149978638e-01 4.017655551433563232e-01 -7.970517873764038086e-02 7.892271876335144043e-01 4.575500488281250000e-01
-5.006819725036621094e+00 -5.734609127044677734e+00 -1.850668340921401978e-01 4.019615650177001953e-01 -7.871051132678985596e-02 7.903572320938110352e-01 4.555951654911041260e-01
-4.982361793518066406e+00 -5.548603534698486328e+00 -1.863211840391159058e-01 4.022000432014465332e-01 -7.748295366764068604e-02 7.917444705963134766e-01 4.531800448894500732e-01
-4.958856105804443359e+00 -5.369012355804443359e+00 -1.874030977487564087e-01 4.022998213768005371e-01 -7.586576044559478760e-02 7.934578061103820801e-01 4.503598511219024658e-01
-4.936318397521972656e+00 -5.195809841156005859e+00 -1.882685869932174683e-01 4.025444388389587402e-01 -7.406544685363769531e-02 7.954210638999938965e-01 4.469648003578186035e-01
-4.914780139923095703e+00 -5.028970718383789062e+00 -1.890729516744613647e-01 4.031736254692077637e-01 -7.224613428115844727e-02 7.975707650184631348e-01 4.428457915782928467e-01
-4.894125938415527344e+00 -4.868620872497558594e+00 -1.897522658109664917e-01 4.032790660858154297e-01 -7.048410177230834961e-02 8.000494241714477539e-01 4.385419487953186035e-01
-4.874449253082275391e+00 -4.714682102203369141e+00 -1.903858184814453125e-01 4.033882617950439453e-01 -6.852100789546966553e-02 8.027847409248352051e-01 4.337273240089416504e-01
-4.855731010437011719e+00 -4.567173480987548828e+00 -1.909225434064865112e-01 4.034887850284576416e-01 -6.639875471591949463e-02 8.057315945625305176e-01 4.284677207469940186e-01
-4.837938308715820312e+00 -4.426118850708007812e+00 -1.912147551774978638e-01 4.035698175430297852e-01 -6.415815651416778564e-02 8.088449835777282715e-01 4.228297173976898193e-01
-4.821091175079345703e+00 -4.291532516479492188e+00 -1.914691179990768433e-01 4.036227464675903320e-01 -6.183850765228271484e-02 8.120800852775573730e-01 4.168819189071655273e-01
-4.805176734924316406e+00 -4.163433551788330078e+00 -1.916858702898025513e-01 4.036415815353393555e-01 -5.947688221931457520e-02 8.153930306434631348e-01 4.106946289539337158e-01
-4.790181636810302734e+00 -4.041840076446533203e+00 -1.918659955263137817e-01 4.036232233047485352e-01 -5.710718035697937012e-02 8.187404870986938477e-01 4.043403267860412598e-01
-4.776094913482666016e+00 -3.926769018173217773e+00 -1.920114159584045410e-01 4.035674333572387695e-01 -5.476073920726776123e-02 8.220791220664978027e-01 3.978950381278991699e-01
-4.762897968292236328e+00 -3.818238019943237305e+00 -1.921255439519882202e-01 4.034769535064697266e-01 -5.246503651142120361e-02 8.253670334815979004e-01 3.914369046688079834e-01
-4.750557899475097656e+00 -3.716265201568603516e+00 -1.921340972185134888e-01 4.033574163913726807e-01 -5.024394392967224121e-02 8.285630941390991211e-01 3.850473761558532715e-01
-4.739055156707763672e+00 -3.620866537094116211e+00 -1.920211017131805420e-01 4.032166600227355957e-01 -4.811795055866241455e-02 8.316267132759094238e-01 3.788112401962280273e-01
-4.728395938873291016e+00 -3.532054901123046875e+00 -1.919049024581909180e-01 4.030644893646240234e-01 -4.610466957092285156e-02 8.345185518264770508e-01 3.728164434432983398e-01
-4.718563079833984375e+00 -3.449843406677246094e+00 -1.917922943830490112e-01 4.029121696949005127e-01 -4.421840608119964600e-02 8.372011184692382812e-01 3.671523332595825195e-01
-4.707425594329833984e+00 -3.358619213104248047e+00 -1.917115747928619385e-01 4.027714431285858154e-01 -4.247251152992248535e-02 8.396376371383666992e-01 3.619112372398376465e-01
-4.694965839385986328e+00 -3.258396863937377930e+00 -1.916702985763549805e-01 4.026542603969573975e-01 -4.087921977043151855e-02 8.417938947677612305e-01 3.571853041648864746e-01
-4.681163311004638672e+00 -3.149187326431274414e+00 -1.916754096746444702e-01 4.025715887546539307e-01 -3.945165872573852539e-02 8.436370491981506348e-01 3.530668914318084717e-01
-4.665996074676513672e+00 -3.031003713607788086e+00 -1.917331665754318237e-01 4.025327563285827637e-01 -3.820547461509704590e-02 8.451361060142517090e-01 3.496464788913726807e-01
-4.649401664733886719e+00 -2.903862476348876953e+00 -1.917060017585754395e-01 4.025446474552154541e-01 -3.716027736663818359e-02 8.462622165679931641e-01 3.470117747783660889e-01
-4.631357192993164062e+00 -2.767776966094970703e+00 -1.915766149759292603e-01 4.026108980178833008e-01 -3.634120523929595947e-02 8.469883203506469727e-01 3.452455997467041016e-01
-4.611884593963623047e+00 -2.622751951217651367e+00 -1.914881020784378052e-01 4.027309715747833252e-01 -3.578133881092071533e-02 8.472886085510253906e-01 3.444263339042663574e-01
-4.590731143951416016e+00 -2.469100952148437500e+00 -1.918213665485382080e-01 3.972230553627014160e-01 -3.229442238807678223e-02 8.491055369377136230e-01 3.466853797435760498e-01
-4.568111419677734375e+00 -2.306561946868896484e+00 -1.922379285097122192e-01 3.908499479293823242e-01 -2.857990562915802002e-02 8.507618904113769531e-01 3.501767516136169434e-01
-4.543910980224609375e+00 -2.135137796401977539e+00 -1.923584640026092529e-01 3.836933374404907227e-01 -2.466751635074615479e-02 8.522408604621887207e-01 3.547625541687011719e-01
-4.518222332000732422e+00 -1.954802870750427246e+00 -1.923370361328125000e-01 3.758350610733032227e-01 -2.058640122413635254e-02 8.535254597663879395e-01 3.603034019470214844e-01
-4.491125583648681641e+00 -1.765532851219177246e+00 -1.923097223043441772e-01 3.673572838306427002e-01 -1.636628806591033936e-02 8.545995950698852539e-01 3.666609525680541992e-01
-4.462550163269042969e+00 -1.567326664924621582e+00 -1.919946223497390747e-01 3.583447039127349854e-01 -1.203726232051849365e-02 8.554498553276062012e-01 3.736972212791442871e-01
-4.432432651519775391e+00 -1.360178232192993164e+00 -1.911358535289764404e-01 3.488839566707611084e-01 -7.629498839378356934e-03 8.560671210289001465e-01 3.812751770019531250e-01
-4.400972843170166016e+00 -1.144041776657104492e+00 -1.901837885379791260e-01 3.390640616416931152e-01 -3.173485398292541504e-03 8.564472198486328125e-01 3.892603516578674316e-01
-4.367881774902343750e+00 -9.189495444297790527e-01 -1.882733851671218872e-01 3.289768993854522705e-01 1.300036907196044922e-03 8.565921783447265625e-01 3.975202739238739014e-01
-4.333421707153320312e+00 -6.848382353782653809e-01 -1.860410273075103760e-01 3.187175393104553223e-01 5.760431289672851562e-03 8.565107583999633789e-01 4.059251844882965088e-01
-4.297252178192138672e+00 -4.417498707771301270e-01 -1.824864894151687622e-01 3.083841800689697266e-01 1.017630100250244141e-02 8.562186956405639648e-01 4.143491685390472412e-01
-4.261320590972900391e+00 -2.018096894025802612e-01 -1.783421337604522705e-01 2.980775237083435059e-01 1.451680809259414673e-02 8.557392954826354980e-01 4.226691424846649170e-01
-4.225441932678222656e+00 3.496643155813217163e-02 -1.730327606201171875e-01 2.879010736942291260e-01 1.875097304582595825e-02 8.551033139228820801e-01 4.307664036750793457e-01
-4.189504146575927734e+00 2.685699462890625000e-01 -1.662077307701110840e-01 2.779605984687805176e-01 2.284809201955795288e-02 8.543483614921569824e-01 4.385257363319396973e-01
-4.153553485870361328e+00 4.990240335464477539e-01 -1.579258739948272705e-01 2.683638334274291992e-01 2.677747607231140137e-02 8.535186648368835449e-01 4.458359777927398682e-01
-4.117498874664306641e+00 7.263208031654357910e-01 -1.478915363550186157e-01 2.592208385467529297e-01 3.050857037305831909e-02 8.526647090911865234e-01 4.525889754295349121e-01
-4.081332683563232422e+00 9.504662752151489258e-01 -1.360379010438919067e-01 2.506417632102966309e-01 3.401152789592742920e-02 8.518416881561279297e-01 4.586802721023559570e-01
-4.043643474578857422e+00 1.180314898490905762e+00 -1.217569708824157715e-01 2.427380979061126709e-01 3.725653141736984253e-02 8.511090874671936035e-01 4.640080630779266357e-01
-4.005328178405761719e+00 1.408980727195739746e+00 -1.049131751060485840e-01 2.356220334768295288e-01 4.021374881267547607e-02 8.505285978317260742e-01 4.684722125530242920e-01
-3.966420888900756836e+00 1.636469721794128418e+00 -8.555328100919723511e-02 2.294043600559234619e-01 4.285440593957901001e-02 8.501634001731872559e-01 4.719737172126770020e-01
-3.927036046981811523e+00 1.862816095352172852e+00 -6.396659463644027710e-02 2.241741120815277100e-01 4.515463113784790039e-02 8.500669002532958984e-01 4.744400680065155029e-01
-3.864794731140136719e+00 2.082244157791137695e+00 -5.428718402981758118e-02 2.199275940656661987e-01 4.711360484361648560e-02 8.502514958381652832e-01 4.759038388729095459e-01
-3.725131750106811523e+00 2.258576631546020508e+00 -9.405677765607833862e-02 2.166372388601303101e-01 4.873585700988769531e-02 8.507151603698730469e-01 4.764209687709808350e-01
-3.575673818588256836e+00 2.424201488494873047e+00 -1.418333351612091064e-01 2.142734527587890625e-01 5.002558976411819458e-02 8.514494299888610840e-01 4.760444760322570801e-01
-3.428581476211547852e+00 2.590670108795166016e+00 -1.892561316490173340e-01 2.128057181835174561e-01 5.098685622215270996e-02 8.524413108825683594e-01 4.748239517211914062e-01
-3.284454345703125000e+00 2.758486270904541016e+00 -2.362687587738037109e-01 2.122021913528442383e-01 5.162321031093597412e-02 8.536733984947204590e-01 4.728075861930847168e-01
-3.143331289291381836e+00 2.927623271942138672e+00 -2.828602492809295654e-01 2.124301344156265259e-01 5.193826556205749512e-02 8.551243543624877930e-01 4.700405597686767578e-01
-3.005269765853881836e+00 3.098148107528686523e+00 -3.287599086761474609e-01 2.134557068347930908e-01 5.193553864955902100e-02 8.567700386047363281e-01 4.665666222572326660e-01
-2.868964672088623047e+00 3.269197940826416016e+00 -3.730204701423645020e-01 2.152449190616607666e-01 5.161809176206588745e-02 8.585835099220275879e-01 4.624279141426086426e-01
-2.733607053756713867e+00 3.440363645553588867e+00 -4.145199358463287354e-01 2.177625596523284912e-01 5.098915845155715942e-02 8.605353832244873047e-01 4.576662480831146240e-01
-2.598281145095825195e+00 3.611227989196777344e+00 -4.516203105449676514e-01 2.209736406803131104e-01 5.005154758691787720e-02 8.625952601432800293e-01 4.523216784000396729e-01
-2.462218046188354492e+00 3.781258344650268555e+00 -4.831831157207489014e-01 2.248421311378479004e-01 4.880856722593307495e-02 8.647312521934509277e-01 4.464343786239624023e-01
-2.321977376937866211e+00 3.952131271362304688e+00 -5.061259269714355469e-01 2.293321490287780762e-01 4.726296663284301758e-02 8.669105172157287598e-01 4.400445222854614258e-01
-2.176320791244506836e+00 4.122590065002441406e+00 -5.165718197822570801e-01 2.344070374965667725e-01 4.541829228401184082e-02 8.691004514694213867e-01 4.331915080547332764e-01
-2.022865533828735352e+00 4.295074462890625000e+00 -5.141234993934631348e-01 2.400307059288024902e-01 4.327716678380966187e-02 8.712679743766784668e-01 4.259161353111267090e-01
-1.863279938697814941e+00 4.470409870147705078e+00 -5.035375952720642090e-01 2.461660504341125488e-01 4.084350913763046265e-02 8.733807802200317383e-01 4.182585179805755615e-01
-1.700264811515808105e+00 4.651423454284667969e+00 -4.952892959117889404e-01 2.527769804000854492e-01 3.812034428119659424e-02 8.754069805145263672e-01 4.102600514888763428e-01
-1.538205504417419434e+00 4.841991901397705078e+00 -4.989857375621795654e-01 2.598264217376708984e-01 3.511160612106323242e-02 8.773158788681030273e-01 4.019629061222076416e-01
-1.387196660041809082e+00 5.037417888641357422e+00 -5.064892172813415527e-01 2.672778964042663574e-01 3.182119876146316528e-02 8.790782690048217773e-01 3.934098482131958008e-01
-1.247225880622863770e+00 5.237228870391845703e+00 -5.106544494628906250e-01 2.750955820083618164e-01 2.825286984443664551e-02 8.806660175323486328e-01 3.846449553966522217e-01
-1.116672396659851074e+00 5.439684867858886719e+00 -5.089725852012634277e-01 2.832325398921966553e-01 2.442026138305664062e-02 8.820558786392211914e-01 3.757129907608032227e-01
-9.960638284683227539e-01 5.639027118682861328e+00 -5.016515851020812988e-01 2.916022241115570068e-01 2.037204802036285400e-02 8.832392692565917969e-01 3.666626513004302979e-01
-8.839409947395324707e-01 5.834126949310302734e+00 -4.909133911132812500e-01 3.001080751419067383e-01 1.616654545068740845e-02 8.842146992683410645e-01 3.575446605682373047e-01
-7.789996266365051270e-01 6.024157524108886719e+00 -4.787690639495849609e-01 3.086554110050201416e-01 1.186194270849227905e-02 8.849858045578002930e-01 3.484125137329101562e-01
-6.809033155441284180e-01 6.208897590637207031e+00 -4.660977125167846680e-01 3.171514868736267090e-01 7.516913115978240967e-03 8.855617642402648926e-01 3.393209278583526611e-01
-5.895770192146301270e-01 6.388275146484375000e+00 -4.535427689552307129e-01 3.255051076412200928e-01 3.189757466316223145e-03 8.859568834304809570e-01 3.303279280662536621e-01
-5.052074790000915527e-01 6.562341213226318359e+00 -4.416613578796386719e-01 3.336277902126312256e-01 -1.060828566551208496e-03 8.861910700798034668e-01 3.214914798736572266e-01
-4.283550977706909180e-01 6.731299877166748047e+00 -4.310563504695892334e-01 3.414319753646850586e-01 -5.176454782485961914e-03 8.862885832786560059e-01 3.128734529018402100e-01
-3.602893054485321045e-01 6.895588397979736328e+00 -4.225811660289764404e-01 3.488333225250244141e-01 -9.099222719669342041e-03 8.862788677215576172e-01 3.045362234115600586e-01
-3.027929663658142090e-01 7.055649280548095703e+00 -4.171630740165710449e-01 3.557481765747070312e-01 -1.277063786983489990e-02 8.861953020095825195e-01 2.965430617332458496e-01
-2.572094798088073730e-01 7.211408615112304688e+00 -4.152920544147491455e-01 3.620959222316741943e-01 -1.613303273916244507e-02 8.860751986503601074e-01 2.889582812786102295e-01
-2.294824123382568359e-01 7.363283634185791016e+00 -4.190762341022491455e-01 3.677967786788940430e-01 -1.912920922040939331e-02 8.859579563140869141e-01 2.818476557731628418e-01
-2.271984815597534180e-01 7.509064674377441406e+00 -4.311240911483764648e-01 3.727717995643615723e-01 -2.170151472091674805e-02 8.858854770660400391e-01 2.752763628959655762e-01
-2.989282011985778809e-01 7.604504108428955078e+00 -4.659190177917480469e-01 3.769434094429016113e-01 -2.379297465085983276e-02 8.859004974365234375e-01 2.693096995353698730e-01
-4.038030803203582764e-01 7.538643836975097656e+00 -5.002418160438537598e-01 3.802340030670166016e-01 -2.534671127796173096e-02 8.860455155372619629e-01 2.640130221843719482e-01
-4.856719970703125000e-01 7.451039791107177734e+00 -5.247154235839843750e-01 3.825651109218597412e-01 -2.630570530891418457e-02 8.863617181777954102e-01 2.594507038593292236e-01
-5.567608475685119629e-01 7.363688945770263672e+00 -5.455421209335327148e-01 3.838578760623931885e-01 -2.661287784576416016e-02 8.868877887725830078e-01 2.556854486465454102e-01
-6.203728914260864258e-01 7.279966831207275391e+00 -5.636469721794128418e-01 3.840313851833343506e-01 -2.621146291494369507e-02 8.876572847366333008e-01 2.527791261672973633e-01
-6.781182885169982910e-01 7.201308250427246094e+00 -5.794685482978820801e-01 3.830019831657409668e-01 -2.504383027553558350e-02 8.886989951133728027e-01 2.507912814617156982e-01
-7.306866049766540527e-01 7.128315448760986328e+00 -5.933775305747985840e-01 3.806826174259185791e-01 -2.305215597152709961e-02 8.900337219238281250e-01 2.497784793376922607e-01
-7.783416509628295898e-01 7.061262130737304688e+00 -6.057752966880798340e-01 3.770190477371215820e-01 -2.020461857318878174e-02 8.916637897491455078e-01 2.497677505016326904e-01
-8.211809992790222168e-01 7.000130653381347656e+00 -6.160580515861511230e-01 3.721003234386444092e-01 -1.657292246818542480e-02 8.935488462448120117e-01 2.506731450557708740e-01
-8.594176769256591797e-01 6.945263385772705078e+00 -6.253260374069213867e-01 3.660506010055541992e-01 -1.225515455007553101e-02 8.956343531608581543e-01 2.523803412914276123e-01
-8.931115269660949707e-01 6.896585464477539062e+00 -6.327490210533142090e-01 3.589937686920166016e-01 -7.349714636802673340e-03 8.978638052940368652e-01 2.547745406627655029e-01
-9.222088456153869629e-01 6.854223251342773438e+00 -6.394053697586059570e-01 3.510539233684539795e-01 -1.955009996891021729e-03 9.001816511154174805e-01 2.577409446239471436e-01
-9.468480944633483887e-01 6.818193435668945312e+00 -6.446241736412048340e-01 3.423575162887573242e-01 3.830164670944213867e-03 9.025351405143737793e-01 2.611646056175231934e-01
-9.669555425643920898e-01 6.788498401641845703e+00 -6.488285660743713379e-01 3.330327868461608887e-01 9.906597435474395752e-03 9.048765301704406738e-01 2.649331092834472656e-01
-9.824737310409545898e-01 6.765143871307373047e+00 -6.523667573928833008e-01 3.232117295265197754e-01 1.617482304573059082e-02 9.071641564369201660e-01 2.689345479011535645e-01
-9.934185743331909180e-01 6.748141765594482422e+00 -6.552129983901977539e-01 3.130285143852233887e-01 2.253545820713043213e-02 9.093643426895141602e-01 2.730599343776702881e-01
-9.998071193695068359e-01 6.737509727478027344e+00 -6.573438644409179688e-01 3.026218116283416748e-01 2.888870239257812500e-02 9.114515185356140137e-01 2.772027850151062012e-01
-1.001657128334045410e+00 6.733259201049804688e+00 -6.587371826171875000e-01 2.921326756477355957e-01 3.513535112142562866e-02 9.134097695350646973e-01 2.812588214874267578e-01
-1.007236957550048828e+00 6.723840236663818359e+00 -6.604099869728088379e-01 2.817058861255645752e-01 4.117625206708908081e-02 9.152315855026245117e-01 2.851270139217376709e-01
-1.016596078872680664e+00 6.709283351898193359e+00 -6.622381210327148438e-01 2.714885175228118896e-01 4.691275954246520996e-02 9.169188141822814941e-01 2.887094318866729736e-01
-1.029721617698669434e+00 6.689593315124511719e+00 -6.643249392509460449e-01 2.616299986839294434e-01 5.224698036909103394e-02 9.184814095497131348e-01 2.919105887413024902e-01
-1.046636343002319336e+00 6.664794921875000000e+00 -6.666561961174011230e-01 2.522814273834228516e-01 5.708146095275878906e-02 9.199370741844177246e-01 2.946380078792572021e-01
-1.067359566688537598e+00 6.634908199310302734e+00 -6.692188978195190430e-01 2.435957789421081543e-01 6.131919473409652710e-02 9.213089346885681152e-01 2.968010604381561279e-01
-1.092313170433044434e+00 6.600189208984375000e+00 -6.707598567008972168e-01 2.357257902622222900e-01 6.486399471759796143e-02 9.226247668266296387e-01 2.983112633228302002e-01
-1.121358036994934082e+00 6.560566425323486328e+00 -6.717703342437744141e-01 2.288241386413574219e-01 6.762008368968963623e-02 9.239144325256347656e-01 2.990801334381103516e-01
-1.154606342315673828e+00 6.516160964965820312e+00 -6.718655228614807129e-01 2.230434417724609375e-01 6.949180364608764648e-02 9.252080321311950684e-01 2.990195155143737793e-01
-1.194399356842041016e+00 6.464580059051513672e+00 -6.699070334434509277e-01 2.185346335172653198e-01 7.038311660289764404e-02 9.265314340591430664e-01 2.980406284332275391e-01
-1.240885019302368164e+00 6.406095981597900391e+00 -6.651066541671752930e-01 2.154030650854110718e-01 7.022950053215026855e-02 9.279034137725830078e-01 2.960821390151977539e-01
-1.294174790382385254e+00 6.340940952301025391e+00 -6.567399501800537109e-01 2.135802060365676880e-01 6.909159570932388306e-02 9.293231368064880371e-01 2.932036817073822021e-01
-1.354464650154113770e+00 6.269609451293945312e+00 -6.433465480804443359e-01 2.129512280225753784e-01 6.706096231937408447e-02 9.307786822319030762e-01 2.894922196865081787e-01
-1.421759009361267090e+00 6.192547321319580078e+00 -6.238802671432495117e-01 2.134000509977340698e-01 6.422860920429229736e-02 9.322506189346313477e-01 2.850328683853149414e-01
-1.495908141136169434e+00 6.110002517700195312e+00 -5.979282855987548828e-01 2.148099839687347412e-01 6.068523228168487549e-02 9.337156414985656738e-01 2.799091339111328125e-01
-1.576678395271301270e+00 6.021910190582275391e+00 -5.657609701156616211e-01 2.170627415180206299e-01 5.652179941534996033e-02 9.351477622985839844e-01 2.742038965225219727e-01
-1.663812875747680664e+00 5.927902698516845703e+00 -5.281785726547241211e-01 2.200406044721603394e-01 5.182909965515136719e-02 9.365208745002746582e-01 2.680008709430694580e-01
-1.756654620170593262e+00 5.826917648315429688e+00 -4.865640103816986084e-01 2.236259281635284424e-01 4.669833183288574219e-02 9.378108978271484375e-01 2.613838613033294678e-01
-1.854567885398864746e+00 5.717713356018066406e+00 -4.426972866058349609e-01 2.277016341686248779e-01 4.122106358408927917e-02 9.389963746070861816e-01 2.544377446174621582e-01
-1.956798076629638672e+00 5.599079608917236328e+00 -3.982096910476684570e-01 2.321516275405883789e-01 3.548922017216682434e-02 9.400606751441955566e-01 2.472493350505828857e-01
-2.061735868453979492e+00 5.468887805938720703e+00 -3.560511767864227295e-01 2.368605285882949829e-01 2.959522604942321777e-02 9.409919381141662598e-01 2.399071007966995239e-01
-2.168608903884887695e+00 5.326517105102539062e+00 -3.178259134292602539e-01 2.417154759168624878e-01 2.363164722919464111e-02 9.417847990989685059e-01 2.325005978345870972e-01
-2.275247812271118164e+00 5.170320987701416016e+00 -2.867756485939025879e-01 2.466045618057250977e-01 1.769140362739562988e-02 9.424401521682739258e-01 2.251218706369400024e-01
-2.380351543426513672e+00 5.000441551208496094e+00 -2.619724869728088379e-01 2.514174282550811768e-01 1.186773180961608887e-02 9.429653286933898926e-01 2.178641408681869507e-01
-2.482300996780395508e+00 4.816946983337402344e+00 -2.414001375436782837e-01 2.560460269451141357e-01 6.253648549318313599e-03 9.433742761611938477e-01 2.108227312564849854e-01
-2.579002618789672852e+00 4.619557857513427734e+00 -2.229219824075698853e-01 2.603842020034790039e-01 9.423196315765380859e-04 9.436867833137512207e-01 2.040937840938568115e-01
-2.665877580642700195e+00 4.407279968261718750e+00 -2.033102363348007202e-01 2.643271982669830322e-01 -3.973308950662612915e-03 9.439281821250915527e-01 1.977747976779937744e-01
-2.738098144531250000e+00 4.179993629455566406e+00 -1.780362725257873535e-01 2.677716910839080811e-01 -8.400354534387588501e-03 9.441279768943786621e-01 1.919637918472290039e-01
-2.795577287673950195e+00 3.939527511596679688e+00 -1.439943611621856689e-01 2.706162929534912109e-01 -1.224639266729354858e-02 9.443186521530151367e-01 1.867594122886657715e-01
-2.842395067214965820e+00 3.706511259078979492e+00 -1.028283685445785522e-01 2.727585434913635254e-01 -1.541882380843162537e-02 9.445348978042602539e-01 1.822605133056640625e-01
-2.888558387756347656e+00 3.483198165893554688e+00 -5.584182590246200562e-02 2.741170823574066162e-01 -1.785081624984741211e-02 9.448085427284240723e-01 1.785440444946289062e-01
-2.939713001251220703e+00 3.270646810531616211e+00 -5.145111121237277985e-03 2.746852338314056396e-01 -1.957651600241661072e-02 9.451608061790466309e-01 1.756010204553604126e-01
-2.994319915771484375e+00 3.068249464035034180e+00 4.697097837924957275e-02 2.744734883308410645e-01 -2.065541967749595642e-02 9.456055164337158203e-01 1.734009385108947754e-01
-3.050477266311645508e+00 2.875385761260986328e+00 9.930267184972763062e-02 2.734917104244232178e-01 -2.114684507250785828e-02 9.461510181427001953e-01 1.719110012054443359e-01
-3.106516122817993164e+00 2.691376924514770508e+00 1.508093178272247314e-01 2.717481255531311035e-01 -2.111014164984226227e-02 9.468011856079101562e-01 1.710984408855438232e-01
-3.166053295135498047e+00 2.501426935195922852e+00 2.050535529851913452e-01 2.692494988441467285e-01 -2.060440927743911743e-02 9.475564360618591309e-01 1.709293276071548462e-01
-3.260040283203125000e+00 2.362038612365722656e+00 2.740978300571441650e-01 2.660022377967834473e-01 -1.968889869749546051e-02 9.484132528305053711e-01 1.713694632053375244e-01
-3.366525888442993164e+00 2.169754505157470703e+00 2.556281089782714844e-01 2.620111703872680664e-01 -1.842257194221019745e-02 9.493653178215026855e-01 1.723835170269012451e-01
-3.472858905792236328e+00 1.969359755516052246e+00 2.334278821945190430e-01 2.572815418243408203e-01 -1.686470955610275269e-02 9.504041075706481934e-01 1.739365160465240479e-01
-3.582996845245361328e+00 1.762343764305114746e+00 2.165415883064270020e-01 2.518170177936553955e-01 -1.507423073053359985e-02 9.515185952186584473e-01 1.759921908378601074e-01
-3.697315692901611328e+00 1.548788428306579590e+00 2.110907733440399170e-01 2.456216812133789062e-01 -1.311030983924865723e-02 9.526965618133544922e-01 1.785145103931427002e-01
-3.815408945083618164e+00 1.329046607017517090e+00 2.138812243938446045e-01 2.386991232633590698e-01 -1.103206723928451538e-02 9.539238810539245605e-01 1.814668178558349609e-01
-3.932609796524047852e+00 1.112108707427978516e+00 2.276002466678619385e-01 2.310531884431838989e-01 -8.898627012968063354e-03 9.551857113838195801e-01 1.848118305206298828e-01
-4.040571212768554688e+00 8.938860893249511719e-01 2.494938671588897705e-01 2.226876467466354370e-01 -6.769217550754547119e-03 9.564661383628845215e-01 1.885124146938323975e-01
-4.126925945281982422e+00 6.688995361328125000e-01 2.723321616649627686e-01 2.136063575744628906e-01 -4.703085869550704956e-03 9.577483534812927246e-01 1.925310194492340088e-01
-4.190676212310791016e+00 4.386035203933715820e-01 2.919278740882873535e-01 2.038135975599288940e-01 -2.759438008069992065e-03 9.590153098106384277e-01 1.968299746513366699e-01
-4.237921237945556641e+00 2.066033929586410522e-01 3.077276647090911865e-01 1.933137178421020508e-01 -9.973272681236267090e-04 9.602492451667785645e-01 2.013707011938095093e-01
-4.275687217712402344e+00 -2.481567300856113434e-02 3.210256099700927734e-01 1.821121722459793091e-01 5.240030586719512939e-04 9.614319205284118652e-01 2.061152011156082153e-01
-4.304117202758789062e+00 -2.554046511650085449e-01 3.317127227783203125e-01 1.702140867710113525e-01 1.745648682117462158e-03 9.625447988510131836e-01 2.110249400138854980e-01
-4.325526237487792969e+00 -4.843328893184661865e-01 3.401762247085571289e-01 1.576259136199951172e-01 2.608820796012878418e-03 9.635688066482543945e-01 2.160606235265731812e-01
-4.341978549957275391e+00 -7.112560868263244629e-01 3.474949598312377930e-01 1.466190516948699951e-01 9.207390248775482178e-04 9.644014239311218262e-01 2.200722843408584595e-01
-4.356036186218261719e+00 -9.358599781990051270e-01 3.539238572120666504e-01 1.355916410684585571e-01 -7.674656808376312256e-04 9.650982618331909180e-01 2.240527719259262085e-01
-4.363471508026123047e+00 -1.158424019813537598e+00 3.578589558601379395e-01 1.245449632406234741e-01 -2.455567941069602966e-03 9.656590819358825684e-01 2.280019968748092651e-01
-4.370838642120361328e+00 -1.378514409065246582e+00 3.617842793464660645e-01 1.134807541966438293e-01 -4.143301397562026978e-03 9.660841822624206543e-01 2.319190204143524170e-01
-4.376049518585205078e+00 -1.596187710762023926e+00 3.648343682289123535e-01 1.024006977677345276e-01 -5.830485373735427856e-03 9.663730859756469727e-01 2.358033955097198486e-01
-4.376778602600097656e+00 -1.811503291130065918e+00 3.660408556461334229e-01 9.130620211362838745e-02 -7.516837678849697113e-03 9.665257930755615234e-01 2.396544367074966431e-01
-4.377511978149414062e+00 -2.024344444274902344e+00 3.672670423984527588e-01 8.019864559173583984e-02 -9.202080778777599335e-03 9.665427207946777344e-01 2.434719204902648926e-01
-4.378252983093261719e+00 -2.234710693359375000e+00 3.685123622417449951e-01 6.908013671636581421e-02 -1.088612154126167297e-02 9.664234519004821777e-01 2.472552061080932617e-01
-4.376824855804443359e+00 -2.442596435546875000e+00 3.687505722045898438e-01 5.795168131589889526e-02 -1.256855670362710953e-02 9.661682248115539551e-01 2.510033845901489258e-01
-4.374046325683593750e+00 -2.652047157287597656e+00 3.683555424213409424e-01 4.681529849767684937e-02 -1.424929127097129822e-02 9.657767415046691895e-01 2.547165155410766602e-01
-4.371279239654541016e+00 -2.863066911697387695e+00 3.679697215557098389e-01 3.567191958427429199e-02 -1.592797040939331055e-02 9.652494788169860840e-01 2.583936452865600586e-01
-4.368526458740234375e+00 -3.075653553009033203e+00 3.675924241542816162e-01 2.452377043664455414e-02 -1.760428771376609802e-02 9.645861983299255371e-01 2.620343267917633057e-01
-4.365021705627441406e+00 -3.289792299270629883e+00 3.667744696140289307e-01 1.337207201868295670e-02 -1.927843689918518066e-02 9.637871384620666504e-01 2.656383514404296875e-01
-4.360175609588623047e+00 -3.505471467971801758e+00 3.651690483093261719e-01 2.218809910118579865e-03 -2.094958908855915070e-02 9.628525972366333008e-01 2.692048251628875732e-01
-4.355329513549804688e+00 -3.722716808319091797e+00 3.635613024234771729e-01 -8.935081772506237030e-03 -2.261792495846748352e-02 9.617822766304016113e-01 2.727331519126892090e-01
-4.350483417510986328e+00 -3.941528797149658203e+00 3.619505465030670166e-01 -2.008768543601036072e-02 -2.428293973207473755e-02 9.605765342712402344e-01 2.762234508991241455e-01
-4.345635890960693359e+00 -4.161906242370605469e+00 3.603361845016479492e-01 -3.123745694756507874e-02 -2.594474703073501587e-02 9.592356681823730469e-01 2.796748578548431396e-01
-4.339780330657958984e+00 -4.383813858032226562e+00 3.578333258628845215e-01 -4.238276556134223938e-02 -2.760280668735504150e-02 9.577597379684448242e-01 2.830866873264312744e-01
-4.333780288696289062e+00 -4.607282161712646484e+00 3.551969826221466064e-01 -5.352216586470603943e-02 -2.925693988800048828e-02 9.561489224433898926e-01 2.864586710929870605e-01
-4.327770709991455078e+00 -4.832315444946289062e+00 3.525477647781372070e-01 -6.465396285057067871e-02 -3.090692125260829926e-02 9.544035792350769043e-01 2.897901833057403564e-01
-4.322668552398681641e+00 -5.058151245117187500e+00 3.486017584800720215e-01 -5.495227873325347900e-02 -3.377401828765869141e-02 9.555456638336181641e-01 2.877011895179748535e-01
-4.317411899566650391e+00 -5.285545349121093750e+00 3.443605005741119385e-01 -4.524465277791023254e-02 -3.663726150989532471e-02 9.565844535827636719e-01 2.855813801288604736e-01
-4.311862468719482422e+00 -5.514486789703369141e+00 3.394916355609893799e-01 -3.553201630711555481e-02 -3.949654102325439453e-02 9.575200676918029785e-01 2.834305763244628906e-01
-4.306274414062500000e+00 -5.744993686676025391e+00 3.345988392829895020e-01 -2.581563964486122131e-02 -4.235177114605903625e-02 9.583522081375122070e-01 2.812488973140716553e-01
-4.300648212432861328e+00 -5.977065086364746094e+00 3.296821415424346924e-01 -1.609648577868938446e-02 -4.520229995250701904e-02 9.590807557106018066e-01 2.790371477603912354e-01
-4.294981479644775391e+00 -6.210703372955322266e+00 3.247415721416473389e-01 -6.375620607286691666e-03 -4.804789647459983826e-02 9.597058296203613281e-01 2.767950892448425293e-01
-4.289573669433593750e+00 -6.445899486541748047e+00 3.191020190715789795e-01 3.346139565110206604e-03 -5.088825896382331848e-02 9.602271318435668945e-01 2.745231986045837402e-01
-4.284204006195068359e+00 -6.682658672332763672e+00 3.132668137550354004e-01 1.306734234094619751e-02 -5.372337996959686279e-02 9.606447815895080566e-01 2.722216248512268066e-01
-4.278797626495361328e+00 -6.920984268188476562e+00 3.074021935462951660e-01 2.278713881969451904e-02 -5.655244365334510803e-02 9.609587192535400391e-01 2.698906958103179932e-01
-4.273353099822998047e+00 -7.160875320434570312e+00 3.015078604221343994e-01 3.250449895858764648e-02 -5.937530845403671265e-02 9.611688256263732910e-01 2.675305008888244629e-01
-4.268432617187500000e+00 -7.402334213256835938e+00 2.951833903789520264e-01 4.221833869814872742e-02 -6.219197809696197510e-02 9.612749814987182617e-01 2.651413679122924805e-01
-4.264135837554931641e+00 -7.645361900329589844e+00 2.883574664592742920e-01 5.192767828702926636e-02 -6.500210613012313843e-02 9.612774848937988281e-01 2.627238929271697998e-01
-4.259809494018554688e+00 -7.889955043792724609e+00 2.814962565898895264e-01 6.163144111633300781e-02 -6.780486553907394409e-02 9.611760377883911133e-01 2.602777481079101562e-01
-4.255452632904052734e+00 -8.136115074157714844e+00 2.745998203754425049e-01 7.132850587368011475e-02 -7.060045003890991211e-02 9.609708786010742188e-01 2.578035891056060791e-01
-4.251994609832763672e+00 -8.383843421936035156e+00 2.672778367996215820e-01 8.101770281791687012e-02 -7.338834553956985474e-02 9.606618881225585938e-01 2.553015947341918945e-01
-4.249923229217529297e+00 -8.633141517639160156e+00 2.593258619308471680e-01 9.069831669330596924e-02 -7.616828382015228271e-02 9.602491259574890137e-01 2.527720928192138672e-01
-4.247900485992431641e+00 -8.877403259277343750e+00 2.515455484390258789e-01 1.003691479563713074e-01 -7.894025743007659912e-02 9.597327113151550293e-01 2.502150237560272217e-01
-4.245926380157470703e+00 -9.116628646850585938e+00 2.439366877079010010e-01 1.100290492177009583e-01 -8.170337975025177002e-02 9.591124653816223145e-01 2.476312518119812012e-01
-4.246235370635986328e+00 -9.350799560546875000e+00 2.358216792345046997e-01 1.196770146489143372e-01 -8.445794880390167236e-02 9.583887457847595215e-01 2.450207024812698364e-01
-4.248001575469970703e+00 -9.579922676086425781e+00 2.274507880210876465e-01 1.293123662471771240e-01 -8.720304071903228760e-02 9.575615525245666504e-01 2.423833310604095459e-01
-4.249805927276611328e+00 -9.804046630859375000e+00 2.198748737573623657e-01 1.401121467351913452e-01 -9.265679121017456055e-02 9.563836455345153809e-01 2.389849573373794556e-01
-4.251533031463623047e+00 -1.002318382263183594e+01 2.126239687204360962e-01 1.502153575420379639e-01 -9.848195314407348633e-02 9.550852775573730469e-01 2.356880158185958862e-01
-4.256451129913330078e+00 -1.023723888397216797e+01 2.045370489358901978e-01 1.596622020006179810e-01 -1.046215668320655823e-01 9.536864757537841797e-01 2.324741929769515991e-01
-4.261445045471191406e+00 -1.044629573822021484e+01 1.966897547245025635e-01 1.684931069612503052e-01 -1.110176891088485718e-01 9.522054791450500488e-01 2.293244898319244385e-01
-4.266297340393066406e+00 -1.065036106109619141e+01 1.891432106494903564e-01 1.767484545707702637e-01 -1.176129877567291260e-01 9.506586790084838867e-01 2.262194007635116577e-01
-4.272288799285888672e+00 -1.084936237335205078e+01 1.813504695892333984e-01 1.844683289527893066e-01 -1.243498474359512329e-01 9.490613937377929688e-01 2.231389731168746948e-01
-4.280048847198486328e+00 -1.104326915740966797e+01 1.730365753173828125e-01 1.916929781436920166e-01 -1.311705112457275391e-01 9.474281668663024902e-01 2.200632095336914062e-01
-4.287604808807373047e+00 -1.123217010498046875e+01 1.650089174509048462e-01 1.984634548425674438e-01 -1.380176246166229248e-01 9.457729458808898926e-01 2.169720381498336792e-01
-4.294968128204345703e+00 -1.141606140136718750e+01 1.572522670030593872e-01 2.048196941614151001e-01 -1.448332816362380981e-01 9.441094398498535156e-01 2.138448953628540039e-01
-4.304931640625000000e+00 -1.159472846984863281e+01 1.483190953731536865e-01 2.108028382062911987e-01 -1.515606492757797241e-01 9.424505829811096191e-01 2.106616944074630737e-01
-4.314694881439208984e+00 -1.176837348937988281e+01 1.396384388208389282e-01 2.164528220891952515e-01 -1.581421643495559692e-01 9.408101439476013184e-01 2.074018418788909912e-01
-4.324206352233886719e+00 -1.193699169158935547e+01 1.312265694141387939e-01 2.218110263347625732e-01 -1.645208597183227539e-01 9.392008781433105469e-01 2.040448337793350220e-01
-4.335133075714111328e+00 -1.210040378570556641e+01 1.219493076205253601e-01 2.269176244735717773e-01 -1.706401109695434570e-01 9.376362562179565430e-01 2.005706727504730225e-01
-4.346496582031250000e+00 -1.225870323181152344e+01 1.124591007828712463e-01 2.318135201930999756e-01 -1.764428913593292236e-01 9.361290931701660156e-01 1.969584971666336060e-01
-4.357557296752929688e+00 -1.241195678710937500e+01 1.032481342554092407e-01 2.365390360355377197e-01 -1.818728297948837280e-01 9.346922636032104492e-01 1.931882798671722412e-01
-4.369290828704833984e+00 -1.256001186370849609e+01 9.334213286638259888e-02 2.411354184150695801e-01 -1.868734657764434814e-01 9.333383440971374512e-01 1.892394870519638062e-01
-4.381524562835693359e+00 -1.270288753509521484e+01 8.290503919124603271e-02 2.456426918506622314e-01 -1.913885772228240967e-01 9.320790171623229980e-01 1.850912570953369141e-01
-4.394360065460205078e+00 -1.285220909118652344e+01 7.184730470180511475e-02 2.501013278961181641e-01 -1.953618675470352173e-01 9.309254288673400879e-01 1.807229965925216675e-01
-4.408600807189941406e+00 -1.300776576995849609e+01 5.861694365739822388e-02 2.545514702796936035e-01 -1.987369656562805176e-01 9.298877120018005371e-01 1.761135160923004150e-01
-4.423936843872070312e+00 -1.316963100433349609e+01 4.382430762052536011e-02 2.590330243110656738e-01 -2.014575302600860596e-01 9.289741516113281250e-01 1.712416559457778931e-01
-4.440378189086914062e+00 -1.333731460571289062e+01 2.620551921427249908e-02 2.642180621623992920e-01 -1.998457312583923340e-01 9.289800524711608887e-01 1.650650501251220703e-01
-4.457468032836914062e+00 -1.351127433776855469e+01 5.962448194622993469e-03 2.692763507366180420e-01 -1.981332004070281982e-01 9.289885163307189941e-01 1.587887108325958252e-01
-4.473722934722900391e+00 -1.369148540496826172e+01 -1.784393191337585449e-02 2.741656005382537842e-01 -1.963398754596710205e-01 9.289969205856323242e-01 1.524746865034103394e-01
-4.488918304443359375e+00 -1.387791442871093750e+01 -4.530425742268562317e-02 2.788452506065368652e-01 -1.944880485534667969e-01 9.290046691894531250e-01 1.461849361658096313e-01
-4.501586914062500000e+00 -1.407032394409179688e+01 -7.815787941217422485e-02 2.832729518413543701e-01 -1.926025599241256714e-01 9.290132522583007812e-01 1.399824321269989014e-01
-4.509461402893066406e+00 -1.426839160919189453e+01 -1.177505478262901306e-01 2.874075174331665039e-01 -1.907099187374114990e-01 9.290263056755065918e-01 1.339288204908370972e-01
-4.509656906127929688e+00 -1.447190284729003906e+01 -1.638195067644119263e-01 2.912073135375976562e-01 -1.888385713100433350e-01 9.290490150451660156e-01 1.280863583087921143e-01
-4.497694015502929688e+00 -1.468134689331054688e+01 -2.115392982959747314e-01 2.946300208568572998e-01 -1.870183646678924561e-01 9.290892481803894043e-01 1.225162744522094727e-01
-4.475147724151611328e+00 -1.489886665344238281e+01 -2.473072707653045654e-01 2.976331710815429688e-01 -1.852802336215972900e-01 9.291561245918273926e-01 1.172796189785003662e-01
-4.446005821228027344e+00 -1.512457084655761719e+01 -2.637142837047576904e-01 3.001731932163238525e-01 -1.836553215980529785e-01 9.292604327201843262e-01 1.124355494976043701e-01
-4.405040264129638672e+00 -1.535572242736816406e+01 -2.635124027729034424e-01 3.022060990333557129e-01 -1.821749955415725708e-01 9.294140934944152832e-01 1.080425083637237549e-01
-4.342924594879150391e+00 -1.558813667297363281e+01 -2.456354498863220215e-01 3.036870956420898438e-01 -1.808697879314422607e-01 9.296298027038574219e-01 1.041571199893951416e-01
-4.249643325805664062e+00 -1.581438159942626953e+01 -2.087942510843276978e-01 3.045695722103118896e-01 -1.797689795494079590e-01 9.299208521842956543e-01 1.008342951536178589e-01
-4.118873119354248047e+00 -1.601016235351562500e+01 -1.530883759260177612e-01 3.048060834407806396e-01 -1.788997054100036621e-01 9.303005933761596680e-01 9.812662750482559204e-02
-3.954449415206909180e+00 -1.616754150390625000e+01 -8.721976727247238159e-02 3.043473660945892334e-01 -1.782861202955245972e-01 9.307816624641418457e-01 9.608450531959533691e-02
-3.768133401870727539e+00 -1.628974533081054688e+01 -2.212814241647720337e-02 3.031432628631591797e-01 -1.779485642910003662e-01 9.313752055168151855e-01 9.475555270910263062e-02
-3.569175958633422852e+00 -1.638348388671875000e+01 3.517372161149978638e-02 3.011411428451538086e-01 -1.779027730226516724e-01 9.320910573005676270e-01 9.418481588363647461e-02
-3.352122783660888672e+00 -1.646162986755371094e+01 8.433334529399871826e-02 2.982872724533081055e-01 -1.781589239835739136e-01 9.329361319541931152e-01 9.441503882408142090e-02
-3.119758129119873047e+00 -1.652725982666015625e+01 1.230085715651512146e-01 2.945259213447570801e-01 -1.787206530570983887e-01 9.339142441749572754e-01 9.548582136631011963e-02
-2.885272264480590820e+00 -1.658075904846191406e+01 1.511198431253433228e-01 2.898002266883850098e-01 -1.795841157436370850e-01 9.350248575210571289e-01 9.743441641330718994e-02
-2.650219678878784180e+00 -1.662298011779785156e+01 1.685707867145538330e-01 2.842745184898376465e-01 -1.788991540670394897e-01 9.366107583045959473e-01 9.971648454666137695e-02
-2.415770292282104492e+00 -1.665679931640625000e+01 1.778060048818588257e-01 2.778286337852478027e-01 -1.785655617713928223e-01 9.382665753364562988e-01 1.028655543923377991e-01
-2.182719707489013672e+00 -1.668386840820312500e+01 1.801528930664062500e-01 2.705665230751037598e-01 -1.785492002964019775e-01 9.399528503417968750e-01 1.067831069231033325e-01
-1.951560616493225098e+00 -1.670529747009277344e+01 1.765128225088119507e-01 2.625927031040191650e-01 -1.788156330585479736e-01 9.416297078132629395e-01 1.113704741001129150e-01
-1.722635507583618164e+00 -1.672201919555664062e+01 1.677138507366180420e-01 2.540127635002136230e-01 -1.793307214975357056e-01 9.432597160339355469e-01 1.165290921926498413e-01
-1.496181607246398926e+00 -1.673459243774414062e+01 1.542216390371322632e-01 2.449328154325485229e-01 -1.800613999366760254e-01 9.448082447052001953e-01 1.221602186560630798e-01
-1.271422743797302246e+00 -1.674410438537597656e+01 1.366632878780364990e-01 2.354611903429031372e-01 -1.809747517108917236e-01 9.462450742721557617e-01 1.281656324863433838e-01
-1.048440575599670410e+00 -1.675174331665039062e+01 1.160819232463836670e-01 2.257079631090164185e-01 -1.820390671491622925e-01 9.475449323654174805e-01 1.344477087259292603e-01
-8.273296952247619629e-01 -1.675790023803710938e+01 9.243362396955490112e-02 2.157841622829437256e-01 -1.832241863012313843e-01 9.486888647079467773e-01 1.409091949462890625e-01
-6.082445979118347168e-01 -1.676292228698730469e+01 6.518447399139404297e-02 2.058033645153045654e-01 -1.845000684261322021e-01 9.496641755104064941e-01 1.474536657333374023e-01
-3.915313780307769775e-01 -1.676728057861328125e+01 3.276229649782180786e-02 1.958802789449691772e-01 -1.858391165733337402e-01 9.504646658897399902e-01 1.539861112833023071e-01
-1.785101294517517090e-01 -1.677219390869140625e+01 -1.030708290636539459e-02 1.861312091350555420e-01 -1.872144788503646851e-01 9.510908722877502441e-01 1.604120731353759766e-01
-2.419659346342086792e-01 -1.678654098510742188e+01 -7.586540281772613525e-02 1.766731739044189453e-01 -1.886006146669387817e-01 9.515502452850341797e-01 1.666384935379028320e-01
-4.538067579269409180e-01 -1.679065132141113281e+01 -8.393768221139907837e-02 1.676254421472549438e-01 -1.899733841419219971e-01 9.518561363220214844e-01 1.725735962390899658e-01
-6.643542051315307617e-01 -1.679022216796875000e+01 -8.003173768520355225e-02 1.591067612171173096e-01 -1.913103312253952026e-01 9.520273804664611816e-01 1.781269162893295288e-01
-8.730791807174682617e-01 -1.678610229492187500e+01 -6.871940195560455322e-02 1.512369960546493530e-01 -1.925891339778900146e-01 9.520878195762634277e-01 1.832090169191360474e-01
-1.079774141311645508e+00 -1.677850341796875000e+01 -5.149429291486740112e-02 1.441362947225570679e-01 -1.937889158725738525e-01 9.520649313926696777e-01 1.877312809228897095e-01
-1.284263849258422852e+00 -1.676742553710937500e+01 -2.890106104314327240e-02 1.379245221614837646e-01 -1.948890835046768188e-01 9.519884586334228516e-01 1.916059851646423340e-01
-1.486357331275939941e+00 -1.675273132324218750e+01 -1.064453157596290112e-03 1.327218562364578247e-01 -1.958698928356170654e-01 9.518896341323852539e-01 1.947461813688278198e-01
-1.685927748680114746e+00 -1.673438453674316406e+01 3.184364363551139832e-02 1.286476999521255493e-01 -1.967110484838485718e-01 9.517984390258789062e-01 1.970642507076263428e-01
-1.882718443870544434e+00 -1.671197891235351562e+01 6.971091777086257935e-02 1.259514540433883667e-01 -1.965872347354888916e-01 9.519082307815551758e-01 1.983942389488220215e-01
-2.076921224594116211e+00 -1.668664169311523438e+01 1.109681650996208191e-01 1.243597790598869324e-01 -1.964690089225769043e-01 9.520317912101745605e-01 1.989217847585678101e-01
-2.268753528594970703e+00 -1.665900993347167969e+01 1.545330733060836792e-01 1.237592026591300964e-01 -1.963619440793991089e-01 9.521731138229370117e-01 1.987257152795791626e-01
-2.458255529403686523e+00 -1.662920570373535156e+01 1.999812275171279907e-01 1.240378916263580322e-01 -1.962658911943435669e-01 9.523318409919738770e-01 1.978847682476043701e-01
-2.645474910736083984e+00 -1.659726524353027344e+01 2.468587458133697510e-01 1.250838339328765869e-01 -1.961765587329864502e-01 9.525046348571777344e-01 1.964775025844573975e-01
-2.830424785614013672e+00 -1.656278610229492188e+01 2.945369780063629150e-01 1.267863959074020386e-01 -1.960875093936920166e-01 9.526869654655456543e-01 1.945826560258865356e-01
-3.013469219207763672e+00 -1.652626228332519531e+01 3.417549729347229004e-01 1.290355026721954346e-01 -1.959912031888961792e-01 9.528725743293762207e-01 1.922784298658370972e-01
-3.194835186004638672e+00 -1.648737716674804688e+01 3.871796727180480957e-01 1.317205578088760376e-01 -1.958803236484527588e-01 9.530559778213500977e-01 1.896440535783767700e-01
-3.374927997589111328e+00 -1.644506835937500000e+01 4.276681542396545410e-01 1.347311884164810181e-01 -1.957487016916275024e-01 9.532318711280822754e-01 1.867588013410568237e-01
-3.552459716796875000e+00 -1.639062690734863281e+01 4.544432759284973145e-01 1.379563361406326294e-01 -1.955920904874801636e-01 9.533966779708862305e-01 1.837025582790374756e-01
-3.715431928634643555e+00 -1.630405807495117188e+01 4.473413825035095215e-01 1.412855088710784912e-01 -1.954086869955062866e-01 9.535477757453918457e-01 1.805557310581207275e-01
-3.830837249755859375e+00 -1.617456817626953125e+01 3.888903856277465820e-01 1.446074098348617554e-01 -1.951995640993118286e-01 9.536849856376647949e-01 1.773992478847503662e-01
-3.904743671417236328e+00 -1.602935218811035156e+01 3.064113557338714600e-01 1.478100717067718506e-01 -1.949687302112579346e-01 9.538100361824035645e-01 1.743150353431701660e-01
-3.962565898895263672e+00 -1.588024997711181641e+01 2.214323431253433228e-01 1.507820785045623779e-01 -1.947229206562042236e-01 9.539260864257812500e-01 1.713849604129791260e-01
-4.010049819946289062e+00 -1.572699165344238281e+01 1.410557478666305542e-01 1.534112691879272461e-01 -1.944715678691864014e-01 9.540380835533142090e-01 1.686922609806060791e-01
-4.049924373626708984e+00 -1.556975078582763672e+01 6.831222027540206909e-02 1.555861532688140869e-01 -1.942259520292282104e-01 9.541524052619934082e-01 1.663196682929992676e-01
-4.083890438079833984e+00 -1.540923309326171875e+01 4.411239642649888992e-03 1.571940779685974121e-01 -1.939985454082489014e-01 9.542762637138366699e-01 1.643510460853576660e-01
-4.113139629364013672e+00 -1.524640369415283203e+01 -5.058517307043075562e-02 1.581229865550994873e-01 -1.938017606735229492e-01 9.544169306755065918e-01 1.628687679767608643e-01
-4.138602256774902344e+00 -1.508223342895507812e+01 -9.743530303239822388e-02 1.582605987787246704e-01 -1.936469227075576782e-01 9.545807838439941406e-01 1.619561463594436646e-01
-4.161069393157958984e+00 -1.491748905181884766e+01 -1.374799311161041260e-01 1.574944704771041870e-01 -1.935424208641052246e-01 9.547731280326843262e-01 1.616942882537841797e-01
-4.178964614868164062e+00 -1.475140666961669922e+01 -1.654672920703887939e-01 1.557955741882324219e-01 -1.931700408458709717e-01 9.550601243972778320e-01 1.620897054672241211e-01
-4.194922924041748047e+00 -1.458615970611572266e+01 -1.881225556135177612e-01 1.531428694725036621e-01 -1.928387284278869629e-01 9.553725719451904297e-01 1.631669551134109497e-01
-4.208342075347900391e+00 -1.442144298553466797e+01 -2.035864144563674927e-01 1.495977044105529785e-01 -1.925373077392578125e-01 9.557018280029296875e-01 1.648754328489303589e-01
-4.219506740570068359e+00 -1.425784873962402344e+01 -2.130694538354873657e-01 1.452215462923049927e-01 -1.922551542520523071e-01 9.560358524322509766e-01 1.671645790338516235e-01
-4.229744911193847656e+00 -1.409092044830322266e+01 -2.196906208992004395e-01 1.400749683380126953e-01 -1.919806301593780518e-01 9.563618898391723633e-01 1.699833124876022339e-01
-4.238106727600097656e+00 -1.392070484161376953e+01 -2.211304455995559692e-01 1.342187821865081787e-01 -1.917023360729217529e-01 9.566659331321716309e-01 1.732802987098693848e-01
-4.245986461639404297e+00 -1.374735641479492188e+01 -2.210674285888671875e-01 1.277138590812683105e-01 -1.914082914590835571e-01 9.569334387779235840e-01 1.770038753747940063e-01
-4.252099514007568359e+00 -1.357091426849365234e+01 -2.165566235780715942e-01 1.206218600273132324e-01 -1.910872906446456909e-01 9.571509361267089844e-01 1.811028718948364258e-01
-4.257956504821777344e+00 -1.339138889312744141e+01 -2.111821770668029785e-01 1.130043268203735352e-01 -1.907278746366500854e-01 9.573051333427429199e-01 1.855257153511047363e-01
-4.262171745300292969e+00 -1.320886421203613281e+01 -2.021838277578353882e-01 1.049228981137275696e-01 -1.903188973665237427e-01 9.573850035667419434e-01 1.902209371328353882e-01
-4.266261100769042969e+00 -1.302326011657714844e+01 -1.926512122154235840e-01 9.644076973199844360e-02 -1.898500025272369385e-01 9.573805332183837891e-01 1.951375007629394531e-01
-4.268785476684570312e+00 -1.283554744720458984e+01 -1.803684979677200317e-01 8.762025833129882812e-02 -1.893109083175659180e-01 9.572847485542297363e-01 2.002246379852294922e-01
-4.271240234375000000e+00 -1.264561367034912109e+01 -1.677839607000350952e-01 7.852491736412048340e-02 -1.886921226978302002e-01 9.570928215980529785e-01 2.054322957992553711e-01
-4.272263050079345703e+00 -1.245353889465332031e+01 -1.533925533294677734e-01 6.921879947185516357e-02 -1.879843324422836304e-01 9.568028450012207031e-01 2.107102572917938232e-01
-4.273169040679931641e+00 -1.225923061370849609e+01 -1.387599110603332520e-01 5.976603552699089050e-02 -1.871794760227203369e-01 9.564160704612731934e-01 2.160094082355499268e-01
-4.272885799407958984e+00 -1.206271839141845703e+01 -1.233528107404708862e-01 5.023099482059478760e-02 -1.862695366144180298e-01 9.559366703033447266e-01 2.212815135717391968e-01
-4.272331237792968750e+00 -1.186394977569580078e+01 -1.078586578369140625e-01 4.067911952733993530e-02 -1.852478086948394775e-01 9.553720355033874512e-01 2.264785319566726685e-01
-4.270827770233154297e+00 -1.166290283203125000e+01 -9.247191995382308960e-02 3.117468208074569702e-02 -1.841080039739608765e-01 9.547331333160400391e-01 2.315533757209777832e-01
-4.269074440002441406e+00 -1.145957851409912109e+01 -7.717269659042358398e-02 2.178319916129112244e-02 -1.828438639640808105e-01 9.540336132049560547e-01 2.364599704742431641e-01
-4.266976356506347656e+00 -1.125395965576171875e+01 -6.205879151821136475e-02 1.256947591900825500e-02 -1.814507246017456055e-01 9.532905817031860352e-01 2.411527335643768311e-01
-4.264918327331542969e+00 -1.104600334167480469e+01 -4.739639163017272949e-02 3.662258386611938477e-03 -1.796527504920959473e-01 9.525733590126037598e-01 2.455916553735733032e-01
-4.262898921966552734e+00 -1.083575153350830078e+01 -3.286285325884819031e-02 -4.992961883544921875e-03 -1.777881383895874023e-01 9.518315792083740234e-01 2.497661262750625610e-01
-4.261577129364013672e+00 -1.062316226959228516e+01 -1.911384612321853638e-02 -1.337745785713195801e-02 -1.758730262517929077e-01 9.510753154754638672e-01 2.536638677120208740e-01
-4.260638236999511719e+00 -1.040827274322509766e+01 -5.551376380026340485e-03 -2.147223427891731262e-02 -1.739244014024734497e-01 9.503154754638671875e-01 2.572733759880065918e-01
-4.260873794555664062e+00 -1.019104576110839844e+01 7.185440044850111008e-03 -2.925890497863292694e-02 -1.719595938920974731e-01 9.495632648468017578e-01 2.605829238891601562e-01
-4.262166500091552734e+00 -9.971507072448730469e+00 1.938468962907791138e-02 -3.671927377581596375e-02 -1.699963063001632690e-01 9.488295912742614746e-01 2.635815143585205078e-01
-4.264595985412597656e+00 -9.749655723571777344e+00 3.099754266440868378e-02 -4.383518919348716736e-02 -1.680526286363601685e-01 9.481262564659118652e-01 2.662579417228698730e-01
-4.269123554229736328e+00 -9.525499343872070312e+00 4.158477857708930969e-02 -5.058882012963294983e-02 -1.661466658115386963e-01 9.474647045135498047e-01 2.686015963554382324e-01
-4.274442195892333984e+00 -9.299053192138671875e+00 5.188705399632453918e-02 -5.696189403533935547e-02 -1.642967164516448975e-01 9.468560814857482910e-01 2.706021070480346680e-01
-4.282988071441650391e+00 -9.070348739624023438e+00 6.071708723902702332e-02 -6.293657422065734863e-02 -1.625208556652069092e-01 9.463119506835937500e-01 2.722488343715667725e-01
-4.292537689208984375e+00 -8.839381217956542969e+00 6.923263520002365112e-02 -6.849493086338043213e-02 -1.608369648456573486e-01 9.458438754081726074e-01 2.735314071178436279e-01
-4.304965496063232422e+00 -8.606204986572265625e+00 7.656646519899368286e-02 -7.361897081136703491e-02 -1.592624038457870483e-01 9.454619884490966797e-01 2.744399011135101318e-01
-4.319184303283691406e+00 -8.370822906494140625e+00 8.343917876482009888e-02 -7.829016447067260742e-02 -1.578142344951629639e-01 9.451773166656494141e-01 2.749641239643096924e-01
-4.335793495178222656e+00 -8.133264541625976562e+00 8.964729309082031250e-02 -8.248297870159149170e-02 -1.564830541610717773e-01 9.450036287307739258e-01 2.750960290431976318e-01
-4.355021953582763672e+00 -7.893576622009277344e+00 9.532020241022109985e-02 -8.611097931861877441e-02 -1.550527215003967285e-01 9.449880719184875488e-01 2.748472094535827637e-01
-4.376204967498779297e+00 -7.651723384857177734e+00 1.006656587123870850e-01 -8.922248333692550659e-02 -1.537673026323318481e-01 9.451008439064025879e-01 2.741882205009460449e-01
-4.401038646697998047e+00 -7.407900333404541016e+00 1.056163758039474487e-01 -9.179986268281936646e-02 -1.526448875665664673e-01 9.453486800193786621e-01 2.731083631515502930e-01
-4.427331447601318359e+00 -7.161900043487548828e+00 1.104608923196792603e-01 -9.382525086402893066e-02 -1.517024636268615723e-01 9.457371234893798828e-01 2.715959846973419189e-01
-4.458624362945556641e+00 -6.914155006408691406e+00 1.150804087519645691e-01 -9.528088569641113281e-02 -1.509578973054885864e-01 9.462703466415405273e-01 2.696399390697479248e-01
-4.490077972412109375e+00 -6.673057556152343750e+00 1.195558160543441772e-01 -9.614873677492141724e-02 -1.504278630018234253e-01 9.469509720802307129e-01 2.672277092933654785e-01
-4.525691986083984375e+00 -6.439168453216552734e+00 1.239155530929565430e-01 -9.641633927822113037e-02 -1.501248478889465332e-01 9.477794170379638672e-01 2.643493413925170898e-01
-4.561480522155761719e+00 -6.211969375610351562e+00 1.282089203596115112e-01 -9.609283506870269775e-02 -1.500438153743743896e-01 9.487514495849609375e-01 2.610051333904266357e-01
-4.601103305816650391e+00 -5.992060184478759766e+00 1.326091736555099487e-01 -9.519280493259429932e-02 -1.501746624708175659e-01 9.498606920242309570e-01 2.571973502635955811e-01
-4.640915393829345703e+00 -5.778885364532470703e+00 1.369917988777160645e-01 -9.373055398464202881e-02 -1.505076736211776733e-01 9.510990381240844727e-01 2.529278397560119629e-01
-4.684690952301025391e+00 -5.573178768157958984e+00 1.416782289743423462e-01 -9.172065556049346924e-02 -1.510323286056518555e-01 9.524569511413574219e-01 2.481982707977294922e-01
-4.728179931640625000e+00 -5.374151706695556641e+00 1.463373601436614990e-01 -8.917702734470367432e-02 -1.517380774021148682e-01 9.539230465888977051e-01 2.430099844932556152e-01
-4.776309490203857422e+00 -5.182942867279052734e+00 1.515389978885650635e-01 -8.611394464969635010e-02 -1.526144295930862427e-01 9.554850459098815918e-01 2.373638153076171875e-01
-4.823039531707763672e+00 -4.998167514801025391e+00 1.565849334001541138e-01 -8.254568278789520264e-02 -1.536497771739959717e-01 9.571291804313659668e-01 2.312611639499664307e-01
-4.874078273773193359e+00 -4.821353435516357422e+00 1.620568037033081055e-01 -7.848626375198364258e-02 -1.548335254192352295e-01 9.588406682014465332e-01 2.247021943330764771e-01
-4.923412799835205078e+00 -4.650898456573486328e+00 1.673448979854583740e-01 -7.394996285438537598e-02 -1.561541110277175903e-01 9.606035947799682617e-01 2.176878601312637329e-01
-4.975135326385498047e+00 -4.488039016723632812e+00 1.727896034717559814e-01 -6.895109266042709351e-02 -1.575997024774551392e-01 9.624012708663940430e-01 2.102187722921371460e-01
-5.025888442993164062e+00 -4.331768512725830078e+00 1.781146973371505737e-01 -6.350402534008026123e-02 -1.591584980487823486e-01 9.642159342765808105e-01 2.022955119609832764e-01
-5.077013969421386719e+00 -4.182568073272705078e+00 1.833742409944534302e-01 -5.762344598770141602e-02 -1.608188599348068237e-01 9.660291075706481934e-01 1.939190477132797241e-01
-5.128041744232177734e+00 -4.040286064147949219e+00 1.885433942079544067e-01 -5.132406577467918396e-02 -1.625681221485137939e-01 9.678217172622680664e-01 1.850904375314712524e-01
-5.177587985992431641e+00 -3.904482126235961914e+00 1.935234069824218750e-01 -4.462105035781860352e-02 -1.643947511911392212e-01 9.695740342140197754e-01 1.758105903863906860e-01
-5.227868556976318359e+00 -3.775968551635742188e+00 1.983618140220642090e-01 -3.752953186631202698e-02 -1.662856340408325195e-01 9.712660312652587891e-01 1.660811007022857666e-01
-5.275907039642333984e+00 -3.653669595718383789e+00 2.029992640018463135e-01 -3.006517700850963593e-02 -1.682287007570266724e-01 9.728766083717346191e-01 1.559040546417236328e-01
-5.323639869689941406e+00 -3.538346529006958008e+00 2.073749452829360962e-01 -2.224356867372989655e-02 -1.702110916376113892e-01 9.743853807449340820e-01 1.452809870243072510e-01
-5.369864463806152344e+00 -3.429537296295166016e+00 2.115296870470046997e-01 -1.408137194812297821e-02 -1.722198128700256348e-01 9.757706522941589355e-01 1.342151165008544922e-01
-5.413875579833984375e+00 -3.326976299285888672e+00 2.154739350080490112e-01 -5.594728514552116394e-03 -1.742425262928009033e-01 9.770110845565795898e-01 1.227090582251548767e-01
-5.456834793090820312e+00 -3.231371402740478516e+00 2.184542864561080933e-01 1.617448404431343079e-03 -1.738201528787612915e-01 9.781926274299621582e-01 1.136793941259384155e-01
-5.497179031372070312e+00 -3.141883134841918945e+00 2.212476283311843872e-01 8.829735219478607178e-03 -1.733741015195846558e-01 9.792419075965881348e-01 1.046344414353370667e-01
-5.535379409790039062e+00 -3.058719635009765625e+00 2.237398475408554077e-01 1.604075357317924500e-02 -1.729047447443008423e-01 9.801591634750366211e-01 9.557534754276275635e-02
-5.572088718414306641e+00 -2.982165813446044922e+00 2.257734686136245728e-01 2.324940636754035950e-02 -1.724119186401367188e-01 9.809439182281494141e-01 8.650330454111099243e-02
-5.608132362365722656e+00 -2.907124280929565430e+00 2.277850359678268433e-01 3.045486286282539368e-02 -1.718959063291549683e-01 9.815958738327026367e-01 7.741944491863250732e-02
-5.643989086151123047e+00 -2.833812236785888672e+00 2.295529842376708984e-01 3.765651956200599670e-02 -1.713568866252899170e-01 9.821152687072753906e-01 6.832525134086608887e-02
-5.680067062377929688e+00 -2.762417554855346680e+00 2.308869808912277222e-01 4.485279694199562073e-02 -1.707942187786102295e-01 9.825020432472229004e-01 5.922188982367515564e-02
-5.715448856353759766e+00 -2.692521810531616211e+00 2.322121411561965942e-01 5.204312875866889954e-02 -1.702089160680770874e-01 9.827559590339660645e-01 5.011038482189178467e-02
-5.751077651977539062e+00 -2.624584197998046875e+00 2.330266535282135010e-01 5.922674387693405151e-02 -1.696002483367919922e-01 9.828771352767944336e-01 4.099202528595924377e-02
-5.786474704742431641e+00 -2.558371543884277344e+00 2.335858047008514404e-01 6.640192121267318726e-02 -1.689689457416534424e-01 9.828655719757080078e-01 3.186845034360885620e-02
-5.821433067321777344e+00 -2.493793964385986328e+00 2.339727729558944702e-01 7.356824725866317749e-02 -1.683146804571151733e-01 9.827210903167724609e-01 2.274033427238464355e-02
-5.856770038604736328e+00 -2.431276798248291016e+00 2.336789667606353760e-01 -8.072464168071746826e-02 1.676376312971115112e-01 -9.824438095092773438e-01 -1.360910851508378983e-02
-5.891345024108886719e+00 -2.370228290557861328e+00 2.334128469228744507e-01 -8.787003904581069946e-02 1.669380962848663330e-01 -9.820337891578674316e-01 -4.476286470890045166e-03
-5.926342487335205078e+00 -2.311311483383178711e+00 2.322791218757629395e-01 -9.500375390052795410e-02 1.662158071994781494e-01 -9.814911484718322754e-01 4.657434299588203430e-03
-5.960618972778320312e+00 -2.253887176513671875e+00 2.311415821313858032e-01 -1.021244823932647705e-01 1.654712855815887451e-01 -9.808158278465270996e-01 1.379039138555526733e-02
-5.994893550872802734e+00 -2.198393583297729492e+00 2.292698621749877930e-01 -1.092314794659614563e-01 1.647042930126190186e-01 -9.800080060958862305e-01 2.292143926024436951e-02
-6.028516769409179688e+00 -2.144439697265625000e+00 2.273040711879730225e-01 -1.163235455751419067e-01 1.639149785041809082e-01 -9.790676832199096680e-01 3.204943239688873291e-02
-6.061723709106445312e+00 -2.092192888259887695e+00 2.247486859560012817e-01 -1.234002485871315002e-01 1.631033569574356079e-01 -9.779950976371765137e-01 4.117295891046524048e-02
-6.094205379486083984e+00 -2.041449546813964844e+00 2.221069335937500000e-01 -1.304599940776824951e-01 1.622700989246368408e-01 -9.767904281616210938e-01 5.029127746820449829e-02
-6.125843524932861328e+00 -1.992159962654113770e+00 2.190892696380615234e-01 -1.375021934509277344e-01 1.614146381616592407e-01 -9.754536747932434082e-01 5.940236151218414307e-02
-6.154582500457763672e+00 -1.943574190139770508e+00 2.144067287445068359e-01 -1.382784098386764526e-01 1.554175466299057007e-01 -9.763932824134826660e-01 5.814243480563163757e-02
-6.181891918182373047e+00 -1.896145582199096680e+00 2.093868255615234375e-01 -1.381295025348663330e-01 1.487904638051986694e-01 -9.776052832603454590e-01 5.540575087070465088e-02
-6.207923412322998047e+00 -1.849963903427124023e+00 2.041505426168441772e-01 -1.371446400880813599e-01 1.416335552930831909e-01 -9.790269136428833008e-01 5.135663971304893494e-02
-6.232670783996582031e+00 -1.805031061172485352e+00 1.988433748483657837e-01 -1.354131698608398438e-01 1.340475976467132568e-01 -9.805936217308044434e-01 4.615922272205352783e-02
-6.255805492401123047e+00 -1.761168837547302246e+00 1.934593915939331055e-01 -1.330245137214660645e-01 1.261333525180816650e-01 -9.822405576705932617e-01 3.997816890478134155e-02
-6.277954101562500000e+00 -1.718740224838256836e+00 1.880960762500762939e-01 -1.300685703754425049e-01 1.179924532771110535e-01 -9.839066863059997559e-01 3.297863900661468506e-02
-6.298847675323486328e+00 -1.677598834037780762e+00 1.827487945556640625e-01 -1.266369074583053589e-01 1.097277179360389709e-01 -9.855360984802246094e-01 2.532584965229034424e-02
-6.318575382232666016e+00 -1.637794137001037598e+00 1.774596422910690308e-01 -1.228212937712669373e-01 1.014430522918701172e-01 -9.870809912681579590e-01 1.718663610517978668e-02
-6.337431430816650391e+00 -1.599478721618652344e+00 1.722967475652694702e-01 -1.187155321240425110e-01 9.324388206005096436e-02 -9.885019659996032715e-01 8.727532811462879181e-03
-6.355314731597900391e+00 -1.562589645385742188e+00 1.672717183828353882e-01 -1.144141852855682373e-01 8.523651957511901855e-02 -9.897696971893310547e-01 1.152027398347854614e-04
-6.372168064117431641e+00 -1.527077555656433105e+00 1.624027937650680542e-01 -1.100132316350936890e-01 7.752827554941177368e-02 -9.908654093742370605e-01 -8.482814766466617584e-03
-6.388273715972900391e+00 -1.493073105812072754e+00 1.577627509832382202e-01 1.056096926331520081e-01 -7.022777199745178223e-02 9.917806386947631836e-01 1.690005883574485779e-02
-6.403675556182861328e+00 -1.460571289062500000e+00 1.533827930688858032e-01 1.013018935918807983e-01 -6.344367563724517822e-02 9.925166368484497070e-01 2.496985904872417450e-02
-6.418262958526611328e+00 -1.429485440254211426e+00 1.492609381675720215e-01 9.718795120716094971e-02 -5.728593841195106506e-02 9.930835962295532227e-01 3.252594918012619019e-02
-6.432134628295898438e+00 -1.399835228919982910e+00 1.454389095306396484e-01 9.336704760789871216e-02 -5.186402425169944763e-02 9.934989809989929199e-01 3.940342739224433899e-02
-6.445437908172607422e+00 -1.371657729148864746e+00 1.419657915830612183e-01 8.993830531835556030e-02 -4.728794470429420471e-02 9.937859773635864258e-01 4.543767496943473816e-02
-6.458211421966552734e+00 -1.344938993453979492e+00 1.388682574033737183e-01 8.700126409530639648e-02 -4.366737231612205505e-02 9.939704537391662598e-01 5.046427994966506958e-02
-6.470498085021972656e+00 -1.319663047790527344e+00 1.361722499132156372e-01 8.465487509965896606e-02 -4.111235961318016052e-02 9.940788149833679199e-01 5.432012677192687988e-02
-6.482192039489746094e+00 -1.295745849609375000e+00 1.338609308004379272e-01 8.299745619297027588e-02 -3.973196819424629211e-02 9.941337108612060547e-01 5.684098973870277405e-02
-6.493483543395996094e+00 -1.273250102996826172e+00 1.320044696331024170e-01 8.212694525718688965e-02 -3.963513299822807312e-02 9.941509366035461426e-01 5.786362662911415100e-02
-6.504403114318847656e+00 -1.252174615859985352e+00 1.306214928627014160e-01 8.210553228855133057e-02 -4.089155048131942749e-02 9.941355586051940918e-01 5.727858096361160278e-02
-6.514921665191650391e+00 -1.232523202896118164e+00 1.296893209218978882e-01 8.285523205995559692e-02 -4.341412335634231567e-02 9.940843582153320312e-01 5.519581586122512817e-02
-6.525004863739013672e+00 -1.214307785034179688e+00 1.291764825582504272e-01 8.426260948181152344e-02 -4.707689583301544189e-02 9.939831495285034180e-01 5.178019776940345764e-02
-6.534609317779541016e+00 -1.197541475296020508e+00 1.290518939495086670e-01 8.621324598789215088e-02 -5.175295099616050720e-02 9.938114881515502930e-01 4.719652235507965088e-02
-6.543664455413818359e+00 -1.182224035263061523e+00 1.292696297168731689e-01 8.859307318925857544e-02 -5.731511488556861877e-02 9.935465455055236816e-01 4.160944744944572449e-02
-6.552132606506347656e+00 -1.168371558189392090e+00 1.297988891601562500e-01 9.128684550523757935e-02 -6.363612413406372070e-02 9.931662678718566895e-01 3.518371656537055969e-02
-6.560009479522705078e+00 -1.156013727188110352e+00 1.306239217519760132e-01 9.418095648288726807e-02 -7.058867067098617554e-02 9.926521778106689453e-01 2.808503434062004089e-02
-6.567258358001708984e+00 -1.145161747932434082e+00 1.317108124494552612e-01 9.716127067804336548e-02 -7.804512232542037964e-02 9.919925928115844727e-01 2.047963254153728485e-02
-6.573837757110595703e+00 -1.135821461677551270e+00 1.330249011516571045e-01 1.001143753528594971e-01 -8.587847650051116943e-02 9.911836385726928711e-01 1.253410615026950836e-02
-6.579711914062500000e+00 -1.127996802330017090e+00 1.345300227403640747e-01 -1.029279008507728577e-01 9.396152198314666748e-02 -9.902310967445373535e-01 -4.415900912135839462e-03
-6.584846019744873047e+00 -1.121686339378356934e+00 1.361895650625228882e-01 -1.054914146661758423e-01 1.021687611937522888e-01 -9.891508221626281738e-01 3.707977011799812317e-03
-6.592193603515625000e+00 -1.110978960990905762e+00 1.374768018722534180e-01 -1.076940372586250305e-01 1.103744134306907654e-01 -9.879692792892456055e-01 1.167007721960544586e-02
-6.601723670959472656e+00 -1.095864176750183105e+00 1.383540332317352295e-01 -1.094277128577232361e-01 1.184546649456024170e-01 -9.867224693298339844e-01 1.930290460586547852e-02
-6.613405704498291016e+00 -1.076327443122863770e+00 1.387837976217269897e-01 -1.105845272541046143e-01 1.262865364551544189e-01 -9.854560494422912598e-01 2.643954753875732422e-02
-6.627170085906982422e+00 -1.052330851554870605e+00 1.386981159448623657e-01 -1.110579967498779297e-01 1.337483376264572144e-01 -9.842225909233093262e-01 3.291410580277442932e-02
-6.642980575561523438e+00 -1.023850083351135254e+00 1.380538195371627808e-01 -1.107422336935997009e-01 1.407193839550018311e-01 -9.830805063247680664e-01 3.856040909886360168e-02
-6.660843372344970703e+00 -9.908752441406250000e-01 1.368431001901626587e-01 -1.095320209860801697e-01 1.470800340175628662e-01 -9.820910692214965820e-01 4.321336001157760620e-02
-6.680733680725097656e+00 -9.533795118331909180e-01 1.350322663784027100e-01 -1.073215603828430176e-01 1.527111977338790894e-01 -9.813152551651000977e-01 4.670808464288711548e-02
-6.702570438385009766e+00 -9.113232493400573730e-01 1.324967890977859497e-01 -1.040050610899925232e-01 1.574938446283340454e-01 -9.808105826377868652e-01 4.887982457876205444e-02
-6.726357460021972656e+00 -8.646905422210693359e-01 1.292587965726852417e-01 -9.947479516267776489e-02 1.613084822893142700e-01 -9.806261658668518066e-01 4.956426471471786499e-02
-6.752088546752929688e+00 -8.134759068489074707e-01 1.252783983945846558e-01 -9.366466104984283447e-02 1.640684753656387329e-01 -9.807863235473632812e-01 4.864872992038726807e-02
-6.779787540435791016e+00 -7.576977610588073730e-01 1.204776763916015625e-01 -8.667910844087600708e-02 1.658239364624023438e-01 -9.812501072883605957e-01 4.623055458068847656e-02
-6.809858322143554688e+00 -6.975512504577636719e-01 1.150253266096115112e-01 -7.866552472114562988e-02 1.666578054428100586e-01 -9.819542169570922852e-01 4.245883971452713013e-02
-6.842720985412597656e+00 -6.332567930221557617e-01 1.089559122920036316e-01 -6.977020204067230225e-02 1.666522622108459473e-01 -9.828297495841979980e-01 3.748293220996856689e-02
-6.879665374755859375e+00 -5.655328035354614258e-01 1.025364696979522705e-01 -6.014107167720794678e-02 1.658889353275299072e-01 -9.838061928749084473e-01 3.145284578204154968e-02
-6.920993328094482422e+00 -4.946374297142028809e-01 9.590385109186172485e-02 -4.992565512657165527e-02 1.644507795572280884e-01 -9.848157167434692383e-01 2.451838180422782898e-02
-6.967839241027832031e+00 -4.213275015354156494e-01 8.932220190763473511e-02 -3.927356377243995667e-02 1.624213606119155884e-01 -9.857960343360900879e-01 1.683103665709495544e-02
-7.022226333618164062e+00 -3.472247123718261719e-01 8.332405239343643188e-02 -2.833449281752109528e-02 1.598860025405883789e-01 -9.866916537284851074e-01 8.542248979210853577e-03
-7.084597110748291016e+00 -2.732250988483428955e-01 7.819709926843643188e-02 -1.725944690406322479e-02 1.569315046072006226e-01 -9.874586462974548340e-01 -1.954936888068914413e-04
-7.154752254486083984e+00 -1.996887177228927612e-01 7.404769957065582275e-02 6.200096104294061661e-03 -1.536467671394348145e-01 9.880632162094116211e-01 9.229576215147972107e-03
-7.232551097869873047e+00 -1.268987953662872314e-01 7.096076756715774536e-02 -4.691115580499172211e-03 -1.501229107379913330e-01 9.884848594665527344e-01 1.840698160231113434e-02
-7.317630290985107422e+00 -5.482055619359016418e-02 6.893012672662734985e-02 -1.526210084557533264e-02 -1.464525461196899414e-01 9.887154698371887207e-01 2.757524512708187103e-02
-7.410573482513427734e+00 1.534851081669330597e-02 6.829605251550674438e-02 -2.536051720380783081e-02 -1.427301466464996338e-01 9.887602925300598145e-01 3.658172860741615295e-02
-7.513355731964111328e+00 8.773193508386611938e-02 6.854003667831420898e-02 -3.483474999666213989e-02 -1.390512585639953613e-01 9.886361360549926758e-01 4.527529701590538025e-02
-7.625706672668457031e+00 1.626556366682052612e-01 6.954856961965560913e-02 -4.353348910808563232e-02 -1.355137377977371216e-01 9.883713126182556152e-01 5.350502952933311462e-02
-7.747707366943359375e+00 2.399328500032424927e-01 7.132636755704879761e-02 -5.130659788846969604e-02 -1.322149783372879028e-01 9.880034923553466797e-01 6.112157553434371948e-02
-7.879703044891357422e+00 3.189050257205963135e-01 7.390632480382919312e-02 -5.800448358058929443e-02 -1.292534619569778442e-01 9.875769019126892090e-01 6.797635555267333984e-02
-8.021441459655761719e+00 3.999114930629730225e-01 7.709846645593643188e-02 -6.347821652889251709e-02 -1.267279982566833496e-01 9.871403574943542480e-01 7.392174750566482544e-02
-8.172986030578613281e+00 4.828186035156250000e-01 8.078346401453018188e-02 -6.757935136556625366e-02 -1.247367858886718750e-01 9.867432713508605957e-01 7.881104201078414917e-02
-8.334590911865234375e+00 5.671209692955017090e-01 8.479118347167968750e-02 -7.015971839427947998e-02 -1.233777850866317749e-01 9.864327907562255859e-01 8.249738812446594238e-02
-8.506637573242187500e+00 6.519909501075744629e-01 8.877517282962799072e-02 -7.111594825983047485e-02 -1.227230653166770935e-01 9.862442016601562500e-01 8.487538993358612061e-02
-8.690730094909667969e+00 7.336486577987670898e-01 9.168380498886108398e-02 -7.052483409643173218e-02 -1.227435842156410217e-01 9.861864447593688965e-01 8.600234985351562500e-02
-8.890273094177246094e+00 8.015387058258056641e-01 9.296210855245590210e-02 -6.850746273994445801e-02 -1.233829036355018616e-01 9.862512350082397461e-01 8.597597479820251465e-02
-9.106900215148925781e+00 8.414342999458312988e-01 9.297081083059310913e-02 -6.518414616584777832e-02 -1.245841234922409058e-01 9.864193797111511230e-01 8.489280194044113159e-02
-9.336318016052246094e+00 8.577941656112670898e-01 9.328895062208175659e-02 -6.067464500665664673e-02 -1.262889355421066284e-01 9.866639971733093262e-01 8.284910768270492554e-02
-9.575829505920410156e+00 8.629003763198852539e-01 9.478065371513366699e-02 -5.509886890649795532e-02 -1.284386366605758667e-01 9.869534969329833984e-01 7.994034141302108765e-02
-9.824870109558105469e+00 8.642388582229614258e-01 9.709610044956207275e-02 -4.857642948627471924e-02 -1.309735476970672607e-01 9.872538447380065918e-01 7.626225799322128296e-02
-1.007064628601074219e+01 8.634216189384460449e-01 9.967277199029922485e-02 -4.122747853398323059e-02 -1.338344812393188477e-01 9.875309467315673828e-01 7.191082835197448730e-02
