1.665622329711914062e+01 -1.830471992492675781e+01 -1.268859803676605225e-01 2.453697472810745239e-01 1.165350303053855896e-01 9.605054259300231934e-01 6.035174429416656494e-02
1.675307083129882812e+01 -1.822523307800292969e+01 -1.275659203529357910e-01 2.462336570024490356e-01 1.162570789456367493e-01 9.604979753494262695e-01 5.741807445883750916e-02
1.685215377807617188e+01 -1.814412117004394531e+01 -1.283245831727981567e-01 2.462025582790374756e-01 1.160737872123718262e-01 9.606572389602661133e-01 5.521586537361145020e-02
1.695351600646972656e+01 -1.806138038635253906e+01 -1.291680932044982910e-01 2.451564967632293701e-01 1.159677430987358093e-01 9.610115289688110352e-01 5.391176789999008179e-02
1.705720138549804688e+01 -1.797701454162597656e+01 -1.301013082265853882e-01 2.429735660552978516e-01 1.159209758043289185e-01 9.615849256515502930e-01 5.367195606231689453e-02
1.716256141662597656e+01 -1.789019203186035156e+01 -1.308142095804214478e-01 2.395766973495483398e-01 1.159180700778961182e-01 9.623844623565673828e-01 5.460842698812484741e-02
1.727014732360839844e+01 -1.780162048339843750e+01 -1.315625011920928955e-01 2.350691258907318115e-01 1.159580051898956299e-01 9.633747935295104980e-01 5.661623924970626831e-02
1.738000297546386719e+01 -1.771140861511230469e+01 -1.323712170124053955e-01 2.295987457036972046e-01 1.160430014133453369e-01 9.645070433616638184e-01 5.953608453273773193e-02
1.749192619323730469e+01 -1.761935997009277344e+01 -1.331677287817001343e-01 2.233136892318725586e-01 1.161751151084899902e-01 9.657323360443115234e-01 6.320909410715103149e-02
1.760528755187988281e+01 -1.752477073669433594e+01 -1.337158232927322388e-01 2.163628786802291870e-01 1.163568124175071716e-01 9.670032262802124023e-01 6.747545301914215088e-02
1.772077560424804688e+01 -1.742851448059082031e+01 -1.342816203832626343e-01 2.088964432477951050e-01 1.165908351540565491e-01 9.682765603065490723e-01 7.217635214328765869e-02
1.783834648132324219e+01 -1.733058738708496094e+01 -1.348553448915481567e-01 2.010661363601684570e-01 1.168807968497276306e-01 9.695148468017578125e-01 7.715232670307159424e-02
1.795700645446777344e+01 -1.722987174987792969e+01 -1.351489275693893433e-01 1.930248737335205078e-01 1.172308996319770813e-01 9.706873893737792969e-01 8.224524557590484619e-02
1.807760047912597656e+01 -1.712740516662597656e+01 -1.354193091392517090e-01 1.849278509616851807e-01 1.176465526223182678e-01 9.717716574668884277e-01 8.729673177003860474e-02
1.820007324218750000e+01 -1.702316856384277344e+01 -1.356585621833801270e-01 1.769319474697113037e-01 1.181338429450988770e-01 9.727527499198913574e-01 9.214981645345687866e-02
1.832377433776855469e+01 -1.691644477844238281e+01 -1.356341540813446045e-01 1.691949963569641113e-01 1.186999380588531494e-01 9.736234545707702637e-01 9.664826095104217529e-02
1.844930839538574219e+01 -1.680798339843750000e+01 -1.355969160795211792e-01 1.618760228157043457e-01 1.193528026342391968e-01 9.743834733963012695e-01 1.006359234452247620e-01
1.857647895812988281e+01 -1.669758796691894531e+01 -1.354382336139678955e-01 1.551354974508285522e-01 1.201010867953300476e-01 9.750391840934753418e-01 1.039586514234542847e-01
1.870572471618652344e+01 -1.658480262756347656e+01 -1.351531893014907837e-01 1.491336077451705933e-01 1.209540516138076782e-01 9.755999445915222168e-01 1.064615994691848755e-01
1.883719825744628906e+01 -1.646984100341796875e+01 -1.348406970500946045e-01 1.440305709838867188e-01 1.219212412834167480e-01 9.760779738426208496e-01 1.079912632703781128e-01
1.897099876403808594e+01 -1.635284805297851562e+01 -1.343811005353927612e-01 1.399868726730346680e-01 1.230120956897735596e-01 9.764847159385681152e-01 1.083936393260955811e-01
1.910693550109863281e+01 -1.623365974426269531e+01 -1.339251697063446045e-01 1.371615231037139893e-01 1.242357939481735229e-01 9.768279194831848145e-01 1.075147837400436401e-01
1.924578857421875000e+01 -1.611320877075195312e+01 -1.333831697702407837e-01 1.357123851776123047e-01 1.256006956100463867e-01 9.771077632904052734e-01 1.051990389823913574e-01
1.938684082031250000e+01 -1.599072456359863281e+01 -1.328485012054443359e-01 1.357949376106262207e-01 1.271139532327651978e-01 9.773137569427490234e-01 1.012899354100227356e-01
1.953140068054199219e+01 -1.586780452728271484e+01 -1.323187202215194702e-01 1.375630199909210205e-01 1.287805587053298950e-01 9.774185419082641602e-01 9.562894701957702637e-02
1.967875671386718750e+01 -1.574369621276855469e+01 -1.318182349205017090e-01 1.411165893077850342e-01 1.305997669696807861e-01 9.773784875869750977e-01 8.809825032949447632e-02
1.982988929748535156e+01 -1.561959362030029297e+01 -1.313757300376892090e-01 1.463551372289657593e-01 1.325534284114837646e-01 9.771426320075988770e-01 7.875180244445800781e-02
1.998544311523437500e+01 -1.549641418457031250e+01 -1.310656666755676270e-01 1.531269103288650513e-01 1.346181482076644897e-01 9.766517877578735352e-01 6.768652051687240601e-02
2.014487266540527344e+01 -1.537351608276367188e+01 -1.308258026838302612e-01 1.612772792577743530e-01 1.367688775062561035e-01 9.758374094963073730e-01 5.500076711177825928e-02
2.031037330627441406e+01 -1.525398635864257812e+01 -1.308758556842803955e-01 1.706497073173522949e-01 1.389799416065216064e-01 9.746276140213012695e-01 4.079407826066017151e-02
2.048114395141601562e+01 -1.513704204559326172e+01 -1.310992389917373657e-01 1.810853928327560425e-01 1.412251740694046021e-01 9.729492068290710449e-01 2.516854554414749146e-02
2.065701675415039062e+01 -1.502257442474365234e+01 -1.314453035593032837e-01 1.924243867397308350e-01 1.434781998395919800e-01 9.707312583923339844e-01 8.229522034525871277e-03
2.083836936950683594e+01 -1.491133594512939453e+01 -1.319213807582855225e-01 2.045051455497741699e-01 1.457133591175079346e-01 9.679085016250610352e-01 -9.914649650454521179e-03
2.102635955810546875e+01 -1.480572700500488281e+01 -1.326165795326232910e-01 2.171660065650939941e-01 1.479054987430572510e-01 9.644236564636230469e-01 -2.915200218558311462e-02
2.121990203857421875e+01 -1.470426273345947266e+01 -1.333905011415481567e-01 -2.302453815937042236e-01 -1.500307917594909668e-01 -9.602295160293579102e-01 4.936749860644340515e-02
2.141912078857421875e+01 -1.460745429992675781e+01 -1.342327892780303955e-01 -2.435823976993560791e-01 -1.520669162273406982e-01 -9.552910327911376953e-01 7.044276595115661621e-02
2.162405204772949219e+01 -1.451572227478027344e+01 -1.351232826709747314e-01 -2.570180594921112061e-01 -1.539933383464813232e-01 -9.495875239372253418e-01 9.225679934024810791e-02
2.183465194702148438e+01 -1.442936038970947266e+01 -1.360394209623336792e-01 -2.703958749771118164e-01 -1.557915657758712769e-01 -9.431130290031433105e-01 1.146863549947738647e-01
2.205080986022949219e+01 -1.434852504730224609e+01 -1.369525045156478882e-01 -2.835629880428314209e-01 -1.574457734823226929e-01 -9.358776807785034180e-01 1.376075446605682373e-01
2.227235221862792969e+01 -1.427316665649414062e+01 -1.378332525491714478e-01 -2.963716089725494385e-01 -1.589423567056655884e-01 -9.279083013534545898e-01 1.608955711126327515e-01
2.249877357482910156e+01 -1.420214366912841797e+01 -1.387335211038589478e-01 -3.086787164211273193e-01 -1.602705419063568115e-01 -9.192484617233276367e-01 1.844262480735778809e-01
2.272950935363769531e+01 -1.413382053375244141e+01 -1.397106945514678955e-01 -3.203474879264831543e-01 -1.614224314689636230e-01 -9.099582433700561523e-01 2.080775499343872070e-01
2.296403312683105469e+01 -1.406639003753662109e+01 -1.408215314149856567e-01 -3.312477767467498779e-01 -1.623928248882293701e-01 -9.001138210296630859e-01 2.317295670509338379e-01
2.320185470581054688e+01 -1.399804782867431641e+01 -1.421374529600143433e-01 -3.412567675113677979e-01 -1.631794273853302002e-01 -8.898063302040100098e-01 2.552664875984191895e-01
2.344240379333496094e+01 -1.392678928375244141e+01 -1.437384039163589478e-01 -3.502594232559204102e-01 -1.637826561927795410e-01 -8.791408538818359375e-01 2.785765826702117920e-01
2.368514060974121094e+01 -1.385032939910888672e+01 -1.458825618028640747e-01 -3.494310975074768066e-01 -1.615779697895050049e-01 -8.720104098320007324e-01 3.023045361042022705e-01
2.392893028259277344e+01 -1.376650333404541016e+01 -1.483300775289535522e-01 -3.492149114608764648e-01 -1.589912027120590210e-01 -8.639880418777465820e-01 3.260296285152435303e-01
2.417268180847167969e+01 -1.367287731170654297e+01 -1.511669903993606567e-01 -3.496171534061431885e-01 -1.561947613954544067e-01 -8.550956249237060547e-01 3.495459854602813721e-01
2.441665077209472656e+01 -1.357071018218994141e+01 -1.541760265827178955e-01 -3.506104052066802979e-01 -1.533635109663009644e-01 -8.453928828239440918e-01 3.726431131362915039e-01
2.466159057617187500e+01 -1.346211051940917969e+01 -1.570605486631393433e-01 -3.521350026130676270e-01 -1.506623476743698120e-01 -8.349753022193908691e-01 3.951178491115570068e-01
2.490843200683593750e+01 -1.334919929504394531e+01 -1.594824194908142090e-01 -3.541038334369659424e-01 -1.482356637716293335e-01 -8.239701390266418457e-01 4.167852103710174561e-01
2.515828132629394531e+01 -1.323429203033447266e+01 -1.610058546066284180e-01 -3.564106822013854980e-01 -1.461976915597915649e-01 -8.125274181365966797e-01 4.374891221523284912e-01
2.541251373291015625e+01 -1.312030124664306641e+01 -1.610363721847534180e-01 -3.589400351047515869e-01 -1.446274369955062866e-01 -8.008115887641906738e-01 4.571058154106140137e-01
2.567319679260253906e+01 -1.301202201843261719e+01 -1.584673970937728882e-01 -3.615761697292327881e-01 -1.435677409172058105e-01 -7.889903783798217773e-01 4.755471348762512207e-01
2.594316673278808594e+01 -1.291767787933349609e+01 -1.517224013805389404e-01 -3.642125129699707031e-01 -1.430262029170989990e-01 -7.772281765937805176e-01 4.927564859390258789e-01
2.622339820861816406e+01 -1.284447097778320312e+01 -1.414703279733657837e-01 -3.667570352554321289e-01 -1.429814696311950684e-01 -7.656773924827575684e-01 5.087077021598815918e-01
2.651375579833984375e+01 -1.280222129821777344e+01 -1.293902546167373657e-01 -3.691366016864776611e-01 -1.433877050876617432e-01 -7.544764280319213867e-01 5.233961939811706543e-01
2.681117820739746094e+01 -1.280025386810302734e+01 -1.189575195312500000e-01 -3.712987303733825684e-01 -1.441812813282012939e-01 -7.437460422515869141e-01 5.368340611457824707e-01
2.711005020141601562e+01 -1.284046745300292969e+01 -1.143524125218391418e-01 -3.732107579708099365e-01 -1.452875435352325439e-01 -7.335911989212036133e-01 5.490437746047973633e-01
2.740676498413085938e+01 -1.291331481933593750e+01 -1.162756308913230896e-01 -3.748583793640136719e-01 -1.466252952814102173e-01 -7.241011857986450195e-01 5.600531697273254395e-01
2.770189857482910156e+01 -1.300513267517089844e+01 -1.228662058711051941e-01 -3.762429058551788330e-01 -1.481112837791442871e-01 -7.153518199920654297e-01 5.698912739753723145e-01
2.799815559387207031e+01 -1.310434532165527344e+01 -1.319390833377838135e-01 -3.773785233497619629e-01 -1.496632099151611328e-01 -7.074077129364013672e-01 5.785850882530212402e-01
2.829694366455078125e+01 -1.320628833770751953e+01 -1.426507532596588135e-01 -3.782894611358642578e-01 -1.512016803026199341e-01 -7.003244161605834961e-01 5.861576199531555176e-01
2.859921646118164062e+01 -1.330806732177734375e+01 -1.542034894227981567e-01 -3.790062069892883301e-01 -1.526525616645812988e-01 -6.941506266593933105e-01 5.926266312599182129e-01
2.890538787841796875e+01 -1.340836715698242188e+01 -1.663330048322677612e-01 -3.795642554759979248e-01 -1.539461761713027954e-01 -6.889296770095825195e-01 5.980027318000793457e-01
2.920694732666015625e+01 -1.350411605834960938e+01 -1.789330989122390747e-01 -3.769680261611938477e-01 -1.552547365427017212e-01 -6.846071481704711914e-01 6.042382717132568359e-01
2.950427818298339844e+01 -1.359410285949707031e+01 -1.915679872035980225e-01 -3.749118149280548096e-01 -1.562040746212005615e-01 -6.812156438827514648e-01 6.090866327285766602e-01
2.979763793945312500e+01 -1.367722702026367188e+01 -2.042529284954071045e-01 -3.733563423156738281e-01 -1.568546891212463379e-01 -6.786884069442749023e-01 6.126855015754699707e-01
3.008718872070312500e+01 -1.375238609313964844e+01 -2.169921845197677612e-01 -3.722599148750305176e-01 -1.572539210319519043e-01 -6.769554018974304199e-01 6.151626706123352051e-01
3.037277793884277344e+01 -1.381956672668457031e+01 -2.297546267509460449e-01 -3.715795278549194336e-01 -1.574403047561645508e-01 -6.759430170059204102e-01 6.166378259658813477e-01
3.065442085266113281e+01 -1.387796211242675781e+01 -2.425476014614105225e-01 -3.712714314460754395e-01 -1.574445962905883789e-01 -6.755755543708801270e-01 6.172246336936950684e-01
3.093216705322265625e+01 -1.392635917663574219e+01 -2.553887963294982910e-01 -3.712908625602722168e-01 -1.572919636964797974e-01 -6.757760047912597656e-01 6.170324683189392090e-01
3.120626640319824219e+01 -1.396091175079345703e+01 -2.683624327182769775e-01 -3.715930581092834473e-01 -1.570043563842773438e-01 -6.764655113220214844e-01 6.161675453186035156e-01
3.147629737854003906e+01 -1.397728729248046875e+01 -2.815215885639190674e-01 -3.721330165863037109e-01 -1.566009670495986938e-01 -6.775655746459960938e-01 6.147341728210449219e-01
3.174871826171875000e+01 -1.397686386108398438e+01 -2.950750589370727539e-01 -3.728656172752380371e-01 -1.561004519462585449e-01 -6.789963841438293457e-01 6.128358244895935059e-01
3.202244186401367188e+01 -1.395793151855468750e+01 -3.088836669921875000e-01 -3.737456202507019043e-01 -1.555205583572387695e-01 -6.806795001029968262e-01 6.105758547782897949e-01
3.229619216918945312e+01 -1.391972255706787109e+01 -3.227178752422332764e-01 -3.747279047966003418e-01 -1.548805236816406250e-01 -6.825359463691711426e-01 6.080589294433593750e-01
3.256853485107421875e+01 -1.386182117462158203e+01 -3.362072706222534180e-01 -3.757677078247070312e-01 -1.542007774114608765e-01 -6.844877004623413086e-01 6.053901314735412598e-01
3.283847808837890625e+01 -1.378567314147949219e+01 -3.487542569637298584e-01 -3.768204450607299805e-01 -1.535036861896514893e-01 -6.864572763442993164e-01 6.026768684387207031e-01
3.310963058471679688e+01 -1.369722270965576172e+01 -3.600597977638244629e-01 -3.772803544998168945e-01 -1.534572243690490723e-01 -6.882246136665344238e-01 6.003810167312622070e-01
3.338400650024414062e+01 -1.360337352752685547e+01 -3.682305812835693359e-01 -3.772548139095306396e-01 -1.539250910282135010e-01 -6.897508502006530762e-01 5.985229015350341797e-01
3.366308593750000000e+01 -1.350846672058105469e+01 -3.702734410762786865e-01 -3.771327435970306396e-01 -1.544410884380340576e-01 -6.910706758499145508e-01 5.969423055648803711e-01
3.394805908203125000e+01 -1.341684532165527344e+01 -3.625127971172332764e-01 -3.768956363201141357e-01 -1.550030410289764404e-01 -6.921153068542480469e-01 5.957348942756652832e-01
3.423973464965820312e+01 -1.333298683166503906e+01 -3.433508276939392090e-01 -3.765247464179992676e-01 -1.556091010570526123e-01 -6.928160190582275391e-01 5.949965119361877441e-01
3.453793716430664062e+01 -1.325821781158447266e+01 -3.146252334117889404e-01 -3.760014474391937256e-01 -1.562574207782745361e-01 -6.931035518646240234e-01 5.948226451873779297e-01
3.484190368652343750e+01 -1.318953990936279297e+01 -2.807470560073852539e-01 -3.753105401992797852e-01 -1.569436043500900269e-01 -6.929231286048889160e-01 5.952883958816528320e-01
3.515130996704101562e+01 -1.312461376190185547e+01 -2.450518757104873657e-01 -3.744512796401977539e-01 -1.576567292213439941e-01 -6.922768354415893555e-01 5.963920354843139648e-01
3.546611404418945312e+01 -1.306181812286376953e+01 -2.106811404228210449e-01 -3.734264969825744629e-01 -1.583835780620574951e-01 -6.911806464195251465e-01 5.981107950210571289e-01
3.578631210327148438e+01 -1.299963760375976562e+01 -1.810418665409088135e-01 -3.722380697727203369e-01 -1.591115593910217285e-01 -6.896489858627319336e-01 6.004220247268676758e-01
3.611180496215820312e+01 -1.293690013885498047e+01 -1.588928252458572388e-01 -3.708874583244323730e-01 -1.598263233900070190e-01 -6.876958608627319336e-01 6.033014059066772461e-01
3.644208526611328125e+01 -1.287245941162109375e+01 -1.420336812734603882e-01 -3.693756163120269775e-01 -1.605143845081329346e-01 -6.853341460227966309e-01 6.067238450050354004e-01
3.675935363769531250e+01 -1.279919433593750000e+01 -1.089477539062500000e-01 -3.677034080028533936e-01 -1.611621528863906860e-01 -6.825761795043945312e-01 6.106641292572021484e-01
3.642387008666992188e+01 -1.288383007049560547e+01 -9.487060457468032837e-02 -3.658714890480041504e-01 -1.617550402879714966e-01 -6.794339418411254883e-01 6.150957942008972168e-01
3.608614730834960938e+01 -1.298372364044189453e+01 -1.025775149464607239e-01 -3.638797998428344727e-01 -1.622794717550277710e-01 -6.759186387062072754e-01 6.199926733970642090e-01
3.574554443359375000e+01 -1.309020709991455078e+01 -1.153057813644409180e-01 -3.617283999919891357e-01 -1.627211123704910278e-01 -6.720415353775024414e-01 6.253276467323303223e-01
3.540166091918945312e+01 -1.320204448699951172e+01 -1.293530315160751343e-01 -3.594176769256591797e-01 -1.630656719207763672e-01 -6.678135395050048828e-01 6.310732960700988770e-01
3.505439376831054688e+01 -1.331891727447509766e+01 -1.432409584522247314e-01 -3.569473624229431152e-01 -1.632989048957824707e-01 -6.632458567619323730e-01 6.372023820877075195e-01
3.470369720458984375e+01 -1.344067478179931641e+01 -1.561419665813446045e-01 -3.543176352977752686e-01 -1.634062528610229492e-01 -6.583499312400817871e-01 6.436868906021118164e-01
3.434958648681640625e+01 -1.356725215911865234e+01 -1.675366163253784180e-01 -3.515284657478332520e-01 -1.633738130331039429e-01 -6.531364917755126953e-01 6.504994034767150879e-01
3.399209213256835938e+01 -1.369863510131835938e+01 -1.770672500133514404e-01 -3.485803008079528809e-01 -1.631877124309539795e-01 -6.476172804832458496e-01 6.576118469238281250e-01
3.363126373291015625e+01 -1.383483695983886719e+01 -1.844598352909088135e-01 -3.454737663269042969e-01 -1.628336757421493530e-01 -6.418042778968811035e-01 6.649965047836303711e-01
3.326715850830078125e+01 -1.397589969635009766e+01 -1.894891262054443359e-01 -3.422092199325561523e-01 -1.622974723577499390e-01 -6.357099413871765137e-01 6.726257205009460449e-01
3.289977645874023438e+01 -1.412167930603027344e+01 -1.922094672918319702e-01 -3.387878835201263428e-01 -1.615659445524215698e-01 -6.293465495109558105e-01 6.804719567298889160e-01
3.252906799316406250e+01 -1.427195167541503906e+01 -1.929205209016799927e-01 -3.352111279964447021e-01 -1.606249511241912842e-01 -6.227278709411621094e-01 6.885078549385070801e-01
3.215511322021484375e+01 -1.442676639556884766e+01 -1.918066293001174927e-01 -3.314802646636962891e-01 -1.594614088535308838e-01 -6.158676147460937500e-01 6.967064738273620605e-01
3.177757835388183594e+01 -1.458556461334228516e+01 -1.897680610418319702e-01 -3.268243074417114258e-01 -1.587276756763458252e-01 -6.086095571517944336e-01 7.053976058959960938e-01
3.139655113220214844e+01 -1.474814796447753906e+01 -1.867999285459518433e-01 -3.220363855361938477e-01 -1.576875299215316772e-01 -6.011688113212585449e-01 7.141591310501098633e-01
3.101206779479980469e+01 -1.491457462310791016e+01 -1.831475794315338135e-01 -3.171317875385284424e-01 -1.563096940517425537e-01 -5.935833454132080078e-01 7.229477167129516602e-01
3.062421607971191406e+01 -1.508500671386718750e+01 -1.791723519563674927e-01 -3.121256232261657715e-01 -1.545655131340026855e-01 -5.858914256095886230e-01 7.317227721214294434e-01
3.023391342163085938e+01 -1.525947570800781250e+01 -1.754962056875228882e-01 -3.070325255393981934e-01 -1.524281203746795654e-01 -5.781319737434387207e-01 7.404458522796630859e-01
2.984152221679687500e+01 -1.543874073028564453e+01 -1.733105480670928955e-01 -3.018671274185180664e-01 -1.498734652996063232e-01 -5.703443884849548340e-01 7.490802407264709473e-01
2.944799995422363281e+01 -1.562478160858154297e+01 -1.744799762964248657e-01 -2.966429591178894043e-01 -1.468795835971832275e-01 -5.625683665275573730e-01 7.575923204421997070e-01
2.905516052246093750e+01 -1.582099914550781250e+01 -1.815924048423767090e-01 -2.913727164268493652e-01 -1.434273421764373779e-01 -5.548430085182189941e-01 7.659502029418945312e-01
2.866379165649414062e+01 -1.602817726135253906e+01 -1.972418129444122314e-01 -2.860677838325500488e-01 -1.394990533590316772e-01 -5.472086071968078613e-01 7.741239070892333984e-01
2.826044464111328125e+01 -1.621994018554687500e+01 -2.058660835027694702e-01 -2.807375788688659668e-01 -1.350791454315185547e-01 -5.397046804428100586e-01 7.820861935615539551e-01
2.786799812316894531e+01 -1.642127799987792969e+01 -1.318200677633285522e-01 -2.753900885581970215e-01 -1.301542222499847412e-01 -5.323702692985534668e-01 7.898113727569580078e-01
2.751046371459960938e+01 -1.668178749084472656e+01 -2.511840686202049255e-02 -2.700309157371520996e-01 -1.247120648622512817e-01 -5.252445936203002930e-01 7.972754836082458496e-01
2.713773918151855469e+01 -1.693779945373535156e+01 5.209777876734733582e-02 -2.646635472774505615e-01 -1.187421903014183044e-01 -5.183663368225097656e-01 8.044562339782714844e-01
2.674759864807128906e+01 -1.718172645568847656e+01 9.881469607353210449e-02 -2.592887580394744873e-01 -1.122355610132217407e-01 -5.117732286453247070e-01 8.113326430320739746e-01
2.634473037719726562e+01 -1.741525650024414062e+01 1.228186041116714478e-01 -2.539046108722686768e-01 -1.051838323473930359e-01 -5.055028796195983887e-01 8.178848028182983398e-01
2.593067741394042969e+01 -1.763783836364746094e+01 1.251916438341140747e-01 -2.485063374042510986e-01 -9.757983684539794922e-02 -4.995923936367034912e-01 8.240935802459716797e-01
2.550810050964355469e+01 -1.785196304321289062e+01 1.112658679485321045e-01 -2.430858314037322998e-01 -8.941703289747238159e-02 -4.940778613090515137e-01 8.299403786659240723e-01
2.507949256896972656e+01 -1.806176757812500000e+01 8.740844577550888062e-02 -2.376319020986557007e-01 -8.068978786468505859e-02 -4.889950156211853027e-01 8.354066014289855957e-01
2.464603233337402344e+01 -1.826957893371582031e+01 5.681701377034187317e-02 -2.321298718452453613e-01 -7.139340043067932129e-02 -4.843783676624298096e-01 8.404738306999206543e-01
2.420860862731933594e+01 -1.847757911682128906e+01 2.252929657697677612e-02 -2.265613675117492676e-01 -6.152327358722686768e-02 -4.802627563476562500e-01 8.451227545738220215e-01
2.376770210266113281e+01 -1.868722343444824219e+01 -1.401733327656984329e-02 -2.200484424829483032e-01 -5.157007277011871338e-02 -4.766095876693725586e-01 8.495661020278930664e-01
2.332382965087890625e+01 -1.889968299865722656e+01 -5.115234106779098511e-02 -2.134627699851989746e-01 -4.109025746583938599e-02 -4.734279811382293701e-01 8.535872697830200195e-01
2.287759208679199219e+01 -1.911647033691406250e+01 -8.731140196323394775e-02 -2.068278193473815918e-01 -3.014227002859115601e-02 -4.706339538097381592e-01 8.572148680686950684e-01
2.243938827514648438e+01 -1.933482551574707031e+01 -1.197955310344696045e-01 -2.001668810844421387e-01 -1.878602057695388794e-02 -4.681434035301208496e-01 8.604777455329895020e-01
2.201047515869140625e+01 -1.955733299255371094e+01 -1.459527611732482910e-01 -1.935039162635803223e-01 -7.081039249897003174e-03 -4.658730924129486084e-01 8.634050488471984863e-01
2.159265518188476562e+01 -1.978722190856933594e+01 -1.625030487775802612e-01 -1.868627816438674927e-01 4.912383854389190674e-03 -4.637395441532135010e-01 8.660275936126708984e-01
2.118671417236328125e+01 -2.002486228942871094e+01 -1.691021621227264404e-01 -1.802679300308227539e-01 1.713431999087333679e-02 -4.616612792015075684e-01 8.683770895004272461e-01
2.079334640502929688e+01 -2.027035522460937500e+01 -1.657415777444839478e-01 -1.737444847822189331e-01 2.952461689710617065e-02 -4.595566093921661377e-01 8.704876899719238281e-01
2.041326332092285156e+01 -2.052371978759765625e+01 -1.526885926723480225e-01 -1.673173606395721436e-01 4.202266037464141846e-02 -4.573465883731842041e-01 8.723950386047363281e-01
2.004789352416992188e+01 -2.078591346740722656e+01 -1.301672309637069702e-01 -1.610122621059417725e-01 5.456814914941787720e-02 -4.549520909786224365e-01 8.741372227668762207e-01
1.969465446472167969e+01 -2.105296897888183594e+01 -1.047253385186195374e-01 -1.548549085855484009e-01 6.710115820169448853e-02 -4.522963762283325195e-01 8.757541179656982422e-01
1.934812164306640625e+01 -2.131821060180664062e+01 -8.608642220497131348e-02 -1.488721817731857300e-01 7.956150174140930176e-02 -4.493038058280944824e-01 8.772873878479003906e-01
1.899402999877929688e+01 -2.156169700622558594e+01 -8.033508062362670898e-02 -1.430899500846862793e-01 9.188962727785110474e-02 -4.458999037742614746e-01 8.787802457809448242e-01
1.862597465515136719e+01 -2.177011680603027344e+01 -8.123901486396789551e-02 -1.375347375869750977e-01 1.040263697504997253e-01 -4.420111179351806641e-01 8.802777528762817383e-01
1.825921440124511719e+01 -2.196683502197265625e+01 -7.712951302528381348e-02 -1.322332322597503662e-01 1.159127727150917053e-01 -4.375649094581604004e-01 8.818251490592956543e-01
1.790326881408691406e+01 -2.216843032836914062e+01 -6.074279546737670898e-02 -1.272116899490356445e-01 1.274906098842620850e-01 -4.324893653392791748e-01 8.834683895111083984e-01
1.756652259826660156e+01 -2.238626670837402344e+01 -2.534118667244911194e-02 -1.224960386753082275e-01 1.387020051479339600e-01 -4.267131388187408447e-01 8.852526545524597168e-01
1.725239562988281250e+01 -2.262250518798828125e+01 2.313842810690402985e-02 -1.181120350956916809e-01 1.494898498058319092e-01 -4.201645553112030029e-01 8.872227072715759277e-01
1.696036911010742188e+01 -2.287620544433593750e+01 6.758422404527664185e-02 -1.140843629837036133e-01 1.597970277070999146e-01 -4.127711653709411621e-01 8.894209265708923340e-01
1.669228553771972656e+01 -2.314883422851562500e+01 7.775634527206420898e-02 -1.104371175169944763e-01 1.695674359798431396e-01 -4.044602215290069580e-01 8.918870091438293457e-01
1.645575141906738281e+01 -2.343909835815429688e+01 4.235961660742759705e-02 -1.068720743060112000e-01 1.786205917596817017e-01 -3.952454924583435059e-01 8.946809768676757812e-01
1.625678253173828125e+01 -2.374798202514648438e+01 4.880371037870645523e-03 -1.038453876972198486e-01 1.871868818998336792e-01 -3.850910365581512451e-01 8.977093100547790527e-01
1.613751029968261719e+01 -2.409056854248046875e+01 -1.093810983002185822e-02 -1.013514026999473572e-01 1.952973753213882446e-01 -3.740677237510681152e-01 9.009217619895935059e-01
1.606443405151367188e+01 -2.444007110595703125e+01 -2.618957497179508209e-02 -9.938004612922668457e-02 2.029786109924316406e-01 -3.622477948665618896e-01 9.042675495147705078e-01
1.600913619995117188e+01 -2.478610992431640625e+01 -4.318603500723838806e-02 -9.745728969573974609e-02 2.100758999586105347e-01 -3.498109579086303711e-01 9.077458977699279785e-01
1.596725082397460938e+01 -2.512721061706542969e+01 -6.214294210076332092e-02 -9.565917402505874634e-02 2.166649699211120605e-01 -3.368183076381683350e-01 9.112952351570129395e-01
1.594177722930908203e+01 -2.546302604675292969e+01 -8.432555943727493286e-02 -9.403937309980392456e-02 2.228074371814727783e-01 -3.233359456062316895e-01 9.148591160774230957e-01
1.594899177551269531e+01 -2.579256057739257812e+01 -1.124584972858428955e-01 -9.256049245595932007e-02 2.285288274288177490e-01 -3.094497323036193848e-01 9.183943271636962891e-01
1.598461437225341797e+01 -2.611446380615234375e+01 -1.317565888166427612e-01 -9.118599444627761841e-02 2.338556647300720215e-01 -2.952478528022766113e-01 9.218597412109375000e-01
1.600926208496093750e+01 -2.643098640441894531e+01 -1.315191686153411865e-01 -8.987934142351150513e-02 2.388153374195098877e-01 -2.808203399181365967e-01 9.252182841300964355e-01
1.601697921752929688e+01 -2.674120712280273438e+01 -1.206585690379142761e-01 -8.860473334789276123e-02 2.434359192848205566e-01 -2.662572860717773438e-01 9.284369945526123047e-01
1.601575660705566406e+01 -2.704443550109863281e+01 -1.061657667160034180e-01 -8.732666075229644775e-02 2.477466911077499390e-01 -2.516510784626007080e-01 9.314866662025451660e-01
1.600882339477539062e+01 -2.734058570861816406e+01 -9.048278629779815674e-02 -8.601044118404388428e-02 2.517777979373931885e-01 -2.370943576097488403e-01 9.343427419662475586e-01
1.599672603607177734e+01 -2.762960624694824219e+01 -7.460997998714447021e-02 -8.462177217006683350e-02 2.555605471134185791e-01 -2.226810902357101440e-01 9.369851946830749512e-01
1.597916221618652344e+01 -2.791141128540039062e+01 -5.935668945312500000e-02 -8.312736451625823975e-02 2.591270804405212402e-01 -2.085062116384506226e-01 9.393976926803588867e-01
1.595553874969482422e+01 -2.818584632873535156e+01 -4.548217728734016418e-02 -8.149375021457672119e-02 2.625106573104858398e-01 -1.946646571159362793e-01 9.415692687034606934e-01
1.592351531982421875e+01 -2.845249176025390625e+01 -3.404663130640983582e-02 -7.968878746032714844e-02 2.657452821731567383e-01 -1.812520623207092285e-01 9.434918165206909180e-01
1.587803554534912109e+01 -2.871013069152832031e+01 -2.640991099178791046e-02 -7.768003642559051514e-02 2.688657641410827637e-01 -1.683644056320190430e-01 9.451615810394287109e-01
1.581532287597656250e+01 -2.895696449279785156e+01 -2.310851961374282837e-02 -7.543614506721496582e-02 2.719076573848724365e-01 -1.560970693826675415e-01 9.465776681900024414e-01
1.573302078247070312e+01 -2.919053459167480469e+01 -2.406738139688968658e-02 -7.292580604553222656e-02 2.749072015285491943e-01 -1.445449590682983398e-01 9.477417469024658203e-01
1.563820075988769531e+01 -2.941180610656738281e+01 -2.700988762080669403e-02 -7.109790295362472534e-02 2.732821404933929443e-01 -1.345742642879486084e-01 9.498166441917419434e-01
1.553920173645019531e+01 -2.962377166748046875e+01 -3.019470162689685822e-02 -6.888093054294586182e-02 2.717632055282592773e-01 -1.253153085708618164e-01 9.516807198524475098e-01
1.543922615051269531e+01 -2.982775115966796875e+01 -3.312072530388832092e-02 -6.634144484996795654e-02 2.703599035739898682e-01 -1.167689263820648193e-01 9.533464312553405762e-01
1.533869934082031250e+01 -3.002388191223144531e+01 -3.603210300207138062e-02 -6.354853510856628418e-02 2.690786123275756836e-01 -1.089402362704277039e-01 9.548248052597045898e-01
1.523766803741455078e+01 -3.021210861206054688e+01 -3.906555101275444031e-02 -6.057413667440414429e-02 2.679235637187957764e-01 -1.018368601799011230e-01 9.561260342597961426e-01
1.513575744628906250e+01 -3.039213562011718750e+01 -4.234069585800170898e-02 -5.749151483178138733e-02 2.668956518173217773e-01 -9.546913206577301025e-02 9.572601914405822754e-01
1.503178691864013672e+01 -3.056310653686523438e+01 -4.606262221932411194e-02 -5.437521263957023621e-02 2.659943997859954834e-01 -8.984930813312530518e-02 9.582366347312927246e-01
1.492413043975830078e+01 -3.072367286682128906e+01 -5.051330476999282837e-02 -5.129897594451904297e-02 2.652166187763214111e-01 -8.499158918857574463e-02 9.590646624565124512e-01
1.480998229980468750e+01 -3.087113761901855469e+01 -5.583557114005088806e-02 -4.833725839853286743e-02 2.645587027072906494e-01 -8.091022819280624390e-02 9.597529768943786621e-01
1.468339729309082031e+01 -3.099850273132324219e+01 -6.187072768807411194e-02 -4.556193575263023376e-02 2.640151679515838623e-01 -7.761940360069274902e-02 9.603099822998046875e-01
1.454329204559326172e+01 -3.110594940185546875e+01 -6.809508800506591797e-02 -4.304242134094238281e-02 2.635812163352966309e-01 -7.513216882944107056e-02 9.607431888580322266e-01
1.439483261108398438e+01 -3.119603538513183594e+01 -7.399413734674453735e-02 -4.084492847323417664e-02 2.632517516613006592e-01 -7.345898449420928955e-02 9.610587954521179199e-01
1.424223327636718750e+01 -3.127271842956542969e+01 -7.932006567716598511e-02 -3.903076052665710449e-02 2.630230188369750977e-01 -7.260665297508239746e-02 9.612615108489990234e-01
1.408855342864990234e+01 -3.134030723571777344e+01 -8.401793986558914185e-02 -3.765553236007690430e-02 2.628925740718841553e-01 -7.257830351591110229e-02 9.613542556762695312e-01
1.393557357788085938e+01 -3.140207481384277344e+01 -8.814331144094467163e-02 -3.676857054233551025e-02 2.628605365753173828e-01 -7.337041199207305908e-02 9.613372087478637695e-01
1.378422546386718750e+01 -3.146005630493164062e+01 -9.179931133985519409e-02 -3.641131520271301270e-02 2.629293501377105713e-01 -7.497282326221466064e-02 9.612084031105041504e-01
1.363460636138916016e+01 -3.151429367065429688e+01 -9.492614865303039551e-02 -3.661621361970901489e-02 2.631036639213562012e-01 -7.736842334270477295e-02 9.609630107879638672e-01
1.348747062683105469e+01 -3.156674003601074219e+01 -9.768187999725341797e-02 -3.740784525871276855e-02 2.633917927742004395e-01 -8.053056895732879639e-02 9.605937004089355469e-01
1.334278297424316406e+01 -3.161725807189941406e+01 -1.000476032495498657e-01 -3.879976272583007812e-02 2.638037800788879395e-01 -8.442419767379760742e-02 9.600909352302551270e-01
1.320073127746582031e+01 -3.166631507873535156e+01 -1.020172089338302612e-01 -4.079698026180267334e-02 2.643523514270782471e-01 -8.900441974401473999e-02 9.594433307647705078e-01
1.306108760833740234e+01 -3.171402359008789062e+01 -1.034924313426017761e-01 -4.462469369173049927e-02 2.561039328575134277e-01 -9.516987204551696777e-02 9.609173536300659180e-01
1.292421817779541016e+01 -3.176073265075683594e+01 -1.045745834708213806e-01 -4.923874139785766602e-02 2.468720376491546631e-01 -1.020316481590270996e-01 9.624028205871582031e-01
1.279013252258300781e+01 -3.180639266967773438e+01 -1.053942814469337463e-01 -5.453621223568916321e-02 2.368001341819763184e-01 -1.094320341944694519e-01 9.638340473175048828e-01
1.265903282165527344e+01 -3.185151290893554688e+01 -1.059027090668678284e-01 -6.041492521762847900e-02 2.260346710681915283e-01 -1.172139197587966919e-01 9.651523828506469727e-01
1.253084850311279297e+01 -3.189580917358398438e+01 -1.062176525592803955e-01 -6.677201390266418457e-02 2.147253453731536865e-01 -1.252210140228271484e-01 9.663096070289611816e-01
1.240585136413574219e+01 -3.193993759155273438e+01 -1.062945500016212463e-01 -7.350543141365051270e-02 2.030254900455474854e-01 -1.332976222038269043e-01 9.672690033912658691e-01
1.228395748138427734e+01 -3.198359298706054688e+01 -1.062170416116714478e-01 -8.051332831382751465e-02 1.910916566848754883e-01 -1.412898004055023193e-01 9.680076241493225098e-01
1.216548061370849609e+01 -3.202749633789062500e+01 -1.059448197484016418e-01 -8.769521862268447876e-02 1.790838539600372314e-01 -1.490450203418731689e-01 9.685164093971252441e-01
1.205037117004394531e+01 -3.207142639160156250e+01 -1.055346652865409851e-01 -9.495096653699874878e-02 1.671650856733322144e-01 -1.564142554998397827e-01 9.688006043434143066e-01
1.193914794921875000e+01 -3.211647796630859375e+01 -1.049035638570785522e-01 -1.021825969219207764e-01 1.555004715919494629e-01 -1.632496565580368042e-01 9.688796997070312500e-01
1.183158206939697266e+01 -3.216202545166015625e+01 -1.041400134563446045e-01 -1.092929616570472717e-01 1.442570686340332031e-01 -1.694065481424331665e-01 9.687860608100891113e-01
1.172873306274414062e+01 -3.221010971069335938e+01 -1.030303910374641418e-01 -1.161873713135719299e-01 1.336031407117843628e-01 -1.747424602508544922e-01 9.685637950897216797e-01
1.162972831726074219e+01 -3.225869369506835938e+01 -1.018145754933357239e-01 -1.227717846632003784e-01 1.237075850367546082e-01 -1.791179627180099487e-01 9.682666063308715820e-01
1.153630924224853516e+01 -3.231086730957031250e+01 -1.001495346426963806e-01 -1.289551258087158203e-01 1.147395074367523193e-01 -1.823939681053161621e-01 9.679555296897888184e-01
1.144807434082031250e+01 -3.236523818969726562e+01 -9.819396585226058960e-02 -1.346459686756134033e-01 1.068671196699142456e-01 -1.844341903924942017e-01 9.676951766014099121e-01
1.136489868164062500e+01 -3.242142486572265625e+01 -9.600097686052322388e-02 -1.397546380758285522e-01 1.002581268548965454e-01 -1.851015239953994751e-01 9.675506353378295898e-01
1.128833866119384766e+01 -3.248117446899414062e+01 -9.336425364017486572e-02 -1.441918909549713135e-01 9.507885575294494629e-02 -1.842582076787948608e-01 9.675834774971008301e-01
1.121784782409667969e+01 -3.254305267333984375e+01 -9.045532345771789551e-02 -1.478668004274368286e-01 9.149359166622161865e-02 -1.817645430564880371e-01 9.678460955619812012e-01
1.115247631072998047e+01 -3.260572433471679688e+01 -8.745238929986953735e-02 -1.506887674331665039e-01 8.966483175754547119e-02 -1.774779260158538818e-01 9.683773517608642578e-01
1.109267234802246094e+01 -3.266943740844726562e+01 -8.434448391199111938e-02 -1.525635868310928345e-01 8.975195884704589844e-02 -1.712507307529449463e-01 9.691966176033020020e-01
1.103775596618652344e+01 -3.273320007324218750e+01 -8.128051459789276123e-02 -1.534234285354614258e-01 9.185157716274261475e-02 -1.629921495914459229e-01 9.702876210212707520e-01
1.098621559143066406e+01 -3.279562759399414062e+01 -7.843811064958572388e-02 -1.533095687627792358e-01 9.581814706325531006e-02 -1.528578847646713257e-01 9.715706110000610352e-01
1.093486595153808594e+01 -3.286189270019531250e+01 -7.554076611995697021e-02 -1.522906869649887085e-01 1.014449894428253174e-01 -1.410640776157379150e-01 9.729426503181457520e-01
1.088214492797851562e+01 -3.293067169189453125e+01 -7.272643595933914185e-02 -1.504344195127487183e-01 1.085233688354492188e-01 -1.278282254934310913e-01 9.742957353591918945e-01
1.082820320129394531e+01 -3.300209045410156250e+01 -6.995483487844467163e-02 -1.478098928928375244e-01 1.168438047170639038e-01 -1.133695393800735474e-01 9.755240082740783691e-01
1.077223587036132812e+01 -3.307548522949218750e+01 -6.727661192417144775e-02 -1.444877237081527710e-01 1.261963546276092529e-01 -9.791070967912673950e-02 9.765302538871765137e-01
1.071421718597412109e+01 -3.315085220336914062e+01 -6.469604372978210449e-02 -1.405411809682846069e-01 1.363710761070251465e-01 -8.167839050292968750e-02 9.772306084632873535e-01
1.065288925170898438e+01 -3.322712707519531250e+01 -6.222228705883026123e-02 -1.360474675893783569e-01 1.471592932939529419e-01 -6.490261107683181763e-02 9.775596261024475098e-01
1.058904552459716797e+01 -3.330501174926757812e+01 -5.985534563660621643e-02 -1.310867816209793091e-01 1.583540588617324829e-01 -4.781679809093475342e-02 9.774731993675231934e-01
1.052037239074707031e+01 -3.338241577148437500e+01 -5.760497972369194031e-02 -1.257437318563461304e-01 1.697513759136199951e-01 -3.065783530473709106e-02 9.769508838653564453e-01
1.044803905487060547e+01 -3.346032714843750000e+01 -5.544677749276161194e-02 -1.201055049896240234e-01 1.811513006687164307e-01 -1.366405375301837921e-02 9.759979844093322754e-01
1.037088012695312500e+01 -3.353764724731445312e+01 -5.336608737707138062e-02 -1.142636686563491821e-01 1.923583000898361206e-01 2.925949171185493469e-03 9.746453762054443359e-01
1.028782558441162109e+01 -3.361293792724609375e+01 -5.137756094336509705e-02 -1.083115637302398682e-01 2.031826525926589966e-01 1.887275651097297668e-02 9.729487299919128418e-01
1.020036983489990234e+01 -3.368789291381835938e+01 -4.938354343175888062e-02 -1.023454517126083374e-01 2.134399712085723877e-01 3.393884375691413879e-02 9.709876775741577148e-01
1.010574436187744141e+01 -3.375730514526367188e+01 -4.752502217888832092e-02 -9.646280854940414429e-02 2.229522168636322021e-01 4.788813740015029907e-02 9.688621759414672852e-01
1.000644397735595703e+01 -3.382387542724609375e+01 -4.566589370369911194e-02 -9.076149761676788330e-02 2.315466403961181641e-01 6.048711016774177551e-02 9.666901230812072754e-01
9.901676177978515625e+00 -3.388647460937500000e+01 -4.378906264901161194e-02 -8.534032106399536133e-02 2.390551120042800903e-01 7.150486856698989868e-02 9.646018147468566895e-01
9.791274070739746094e+00 -3.394392395019531250e+01 -4.191833361983299255e-02 -8.029685914516448975e-02 2.453130632638931274e-01 8.071266859769821167e-02 9.627354145050048828e-01
9.677177429199218750e+00 -3.399976730346679688e+01 -3.985107317566871643e-02 -7.572790235280990601e-02 2.501578032970428467e-01 8.788357675075531006e-02 9.612299203872680664e-01
9.558290481567382812e+00 -3.405151367187500000e+01 -3.767516836524009705e-02 -7.172884792089462280e-02 2.534257471561431885e-01 9.279149770736694336e-02 9.602187275886535645e-01
9.435747146606445312e+00 -3.410144424438476562e+01 -3.524963185191154480e-02 -6.826922297477722168e-02 2.535945177078247070e-01 9.523989260196685791e-02 9.601867198944091797e-01
9.309912681579589844e+00 -3.415019989013671875e+01 -3.257812559604644775e-02 -6.556155532598495483e-02 2.538221478462219238e-01 9.540405869483947754e-02 9.602988958358764648e-01
9.180374145507812500e+00 -3.419641876220703125e+01 -2.984496951103210449e-02 -6.352160871028900146e-02 2.534525394439697266e-01 9.341096878051757812e-02 9.607294797897338867e-01
9.048044204711914062e+00 -3.424250793457031250e+01 -2.689514122903347015e-02 -6.196018308401107788e-02 2.505775392055511475e-01 8.937783539295196533e-02 9.619684815406799316e-01
8.912918090820312500e+00 -3.428826522827148438e+01 -2.379943802952766418e-02 -6.092766672372817993e-02 2.464603930711746216e-01 8.348352462053298950e-02 9.636263251304626465e-01
8.775238037109375000e+00 -3.433427047729492188e+01 -2.074035629630088806e-02 -6.038780510425567627e-02 2.412163466215133667e-01 7.588188350200653076e-02 9.656137228012084961e-01
8.635434150695800781e+00 -3.438166809082031250e+01 -1.764404214918613434e-02 -6.030341610312461853e-02 2.349594384431838989e-01 6.672678887844085693e-02 9.678353071212768555e-01
8.493779182434082031e+00 -3.443111801147460938e+01 -1.459228526800870895e-02 -6.063776463270187378e-02 2.278035432100296021e-01 5.617300793528556824e-02 9.701923727989196777e-01
8.350764274597167969e+00 -3.448382568359375000e+01 -1.167785655707120895e-02 -6.135349348187446594e-02 2.198636829853057861e-01 4.437647387385368347e-02 9.725875854492187500e-01
8.206709861755371094e+00 -3.454035186767578125e+01 -9.007568471133708954e-03 -6.241366267204284668e-02 2.112568914890289307e-01 3.149474039673805237e-02 9.749272465705871582e-01
8.061633110046386719e+00 -3.460042953491210938e+01 -6.588744930922985077e-03 -6.378161907196044922e-02 2.021023184061050415e-01 1.768713071942329407e-02 9.771252870559692383e-01
7.915600299835205078e+00 -3.466396713256835938e+01 -4.444580059498548508e-03 -6.542050093412399292e-02 1.925224363803863525e-01 3.114446066319942474e-03 9.791045188903808594e-01
7.768648624420166016e+00 -3.473080825805664062e+01 -2.587890485301613808e-03 -6.729500740766525269e-02 1.826426684856414795e-01 -1.206053979694843292e-02 9.807995557785034180e-01
7.620269775390625000e+00 -3.479970932006835938e+01 -1.124877948313951492e-03 -6.937020272016525269e-02 1.725915223360061646e-01 -2.767431363463401794e-02 9.821578860282897949e-01
7.469491958618164062e+00 -3.486849212646484375e+01 -2.697753952816128731e-04 -7.161220908164978027e-02 1.625006943941116333e-01 -4.356245324015617371e-02 9.831416606903076172e-01
7.315003395080566406e+00 -3.493410491943359375e+01 -2.014160127146169543e-04 -7.398808002471923828e-02 1.525045931339263916e-01 -5.956069007515907288e-02 9.837279915809631348e-01
7.156177997589111328e+00 -3.499461746215820312e+01 -1.010131789371371269e-03 -7.646623998880386353e-02 1.427400261163711548e-01 -7.550518214702606201e-02 9.839091300964355469e-01
6.993703365325927734e+00 -3.505117416381835938e+01 -2.536010695621371269e-03 -7.901623845100402832e-02 1.333458423614501953e-01 -9.123295545578002930e-02 9.836930036544799805e-01
6.828633785247802734e+00 -3.510631942749023438e+01 -4.434814210981130600e-03 -8.160953968763351440e-02 1.244623884558677673e-01 -1.065829098224639893e-01 9.831017255783081055e-01
6.662694931030273438e+00 -3.516465377807617188e+01 -8.110350929200649261e-03 -8.421859890222549438e-02 1.162312775850296021e-01 -1.213962882757186890e-01 9.821712970733642578e-01
6.498852252960205078e+00 -3.523261642456054688e+01 -1.780456490814685822e-02 -8.682133257389068604e-02 1.087673902511596680e-01 -1.355395168066024780e-01 9.809488654136657715e-01
6.338301658630371094e+00 -3.531087875366210938e+01 -3.410034254193305969e-02 -8.941074460744857788e-02 1.020766869187355042e-01 -1.489745080471038818e-01 9.794859290122985840e-01
6.179980278015136719e+00 -3.539636611938476562e+01 -5.562743917107582092e-02 -9.198471158742904663e-02 9.613712877035140991e-02 -1.616869568824768066e-01 9.778311252593994141e-01
6.021221637725830078e+00 -3.548423004150390625e+01 -8.023681491613388062e-02 -9.453944116830825806e-02 9.092536568641662598e-02 -1.736639738082885742e-01 9.760306477546691895e-01
5.859733581542968750e+00 -3.557069396972656250e+01 -1.066015586256980896e-01 -9.707277268171310425e-02 8.641749620437622070e-02 -1.848920881748199463e-01 9.741271734237670898e-01
5.692790508270263672e+00 -3.565068435668945312e+01 -1.335156261920928955e-01 -9.958097338676452637e-02 8.258886635303497314e-02 -1.953591257333755493e-01 9.721611738204956055e-01
5.517192363739013672e+00 -3.571529769897460938e+01 -1.605072021484375000e-01 -1.020612418651580811e-01 7.941425591707229614e-02 -2.050521969795227051e-01 9.701703190803527832e-01
5.331904411315917969e+00 -3.575305175781250000e+01 -1.868823170661926270e-01 -1.045097634196281433e-01 7.686817646026611328e-02 -2.139594405889511108e-01 9.681892395019531250e-01
5.153671741485595703e+00 -3.572497940063476562e+01 -2.075958251953125000e-01 -1.069233790040016174e-01 7.492431253194808960e-02 -2.220685780048370361e-01 9.662501215934753418e-01
5.005627155303955078e+00 -3.563669967651367188e+01 -2.197387665510177612e-01 -1.092984005808830261e-01 7.355672866106033325e-02 -2.293672412633895874e-01 9.643826484680175781e-01
4.888430118560791016e+00 -3.552164459228515625e+01 -2.254870533943176270e-01 -1.116310134530067444e-01 7.273870706558227539e-02 -2.358428537845611572e-01 9.626141190528869629e-01
4.789568901062011719e+00 -3.540163421630859375e+01 -2.280786037445068359e-01 -1.139172017574310303e-01 7.244358956813812256e-02 -2.414826452732086182e-01 9.609687328338623047e-01
4.699927806854248047e+00 -3.528581619262695312e+01 -2.293884158134460449e-01 -1.161525696516036987e-01 7.264439016580581665e-02 -2.462734580039978027e-01 9.594689607620239258e-01
4.614641189575195312e+00 -3.517812347412109375e+01 -2.303588837385177612e-01 -1.183334589004516602e-01 7.331417500972747803e-02 -2.502015531063079834e-01 9.581343531608581543e-01
4.534072399139404297e+00 -3.507828521728515625e+01 -2.309789955615997314e-01 -1.204546615481376648e-01 7.442578673362731934e-02 -2.532528936862945557e-01 9.569820165634155273e-01
4.458657264709472656e+00 -3.498598098754882812e+01 -2.312261909246444702e-01 -1.225116997957229614e-01 7.595192641019821167e-02 -2.554126977920532227e-01 9.560263752937316895e-01
4.388696193695068359e+00 -3.490097427368164062e+01 -2.311370819807052612e-01 -1.244993731379508972e-01 7.786515355110168457e-02 -2.566660046577453613e-01 9.552797079086303711e-01
4.324326038360595703e+00 -3.482316589355468750e+01 -2.306579500436782837e-01 -1.264125406742095947e-01 8.013796806335449219e-02 -2.569963037967681885e-01 9.547516107559204102e-01
4.265756607055664062e+00 -3.475238037109375000e+01 -2.299395650625228882e-01 -1.282456964254379272e-01 8.274260908365249634e-02 -2.563872337341308594e-01 9.544486403465270996e-01
4.213049411773681641e+00 -3.468857955932617188e+01 -2.291241437196731567e-01 -1.299929171800613403e-01 8.565111458301544189e-02 -2.548213601112365723e-01 9.543750882148742676e-01
4.155158519744873047e+00 -3.461846923828125000e+01 -2.279095351696014404e-01 -1.316463053226470947e-01 8.882850408554077148e-02 -2.523097097873687744e-01 9.545252323150634766e-01
4.092104434967041016e+00 -3.454197311401367188e+01 -2.264697253704071045e-01 -1.331917792558670044e-01 9.221287071704864502e-02 -2.489815354347229004e-01 9.548638463020324707e-01
4.023876667022705078e+00 -3.445906066894531250e+01 -2.246636897325515747e-01 -1.346133947372436523e-01 9.573560953140258789e-02 -2.449962049722671509e-01 9.553484916687011719e-01
3.950573682785034180e+00 -3.436959457397460938e+01 -2.222784310579299927e-01 -1.358959078788757324e-01 9.932818263769149780e-02 -2.405128926038742065e-01 9.559392333030700684e-01
3.872167825698852539e+00 -3.427355194091796875e+01 -2.194689959287643433e-01 -1.370243430137634277e-01 1.029222160577774048e-01 -2.356916964054107666e-01 9.565984606742858887e-01
3.788698673248291016e+00 -3.417084503173828125e+01 -2.161889672279357910e-01 -1.379840224981307983e-01 1.064498722553253174e-01 -2.306942939758300781e-01 9.572924971580505371e-01
3.702763557434082031e+00 -3.406441497802734375e+01 -2.124774158000946045e-01 -1.387607306241989136e-01 1.098434552550315857e-01 -2.256826162338256836e-01 9.579912424087524414e-01
3.614475011825561523e+00 -3.395411682128906250e+01 -2.083416730165481567e-01 -1.393414139747619629e-01 1.130361557006835938e-01 -2.208197861909866333e-01 9.586685895919799805e-01
3.523779153823852539e+00 -3.383994674682617188e+01 -2.038799971342086792e-01 -1.397125422954559326e-01 1.159610152244567871e-01 -2.162698358297348022e-01 9.593023061752319336e-01
3.430727481842041016e+00 -3.372181701660156250e+01 -1.991033852100372314e-01 -1.398625075817108154e-01 1.185519993305206299e-01 -2.121971100568771362e-01 9.598731398582458496e-01
3.335366249084472656e+00 -3.359965515136718750e+01 -1.940234303474426270e-01 -1.397786587476730347e-01 1.207430362701416016e-01 -2.087666839361190796e-01 9.603642821311950684e-01
3.237907648086547852e+00 -3.347325515747070312e+01 -1.886279284954071045e-01 -1.394490301609039307e-01 1.224683672189712524e-01 -2.061437219381332397e-01 9.607602357864379883e-01
3.138427734375000000e+00 -3.334251785278320312e+01 -1.829614192247390747e-01 -1.388615667819976807e-01 1.236624568700790405e-01 -2.044935971498489380e-01 9.610449671745300293e-01
3.036938428878784180e+00 -3.320740509033203125e+01 -1.770678609609603882e-01 -1.380043476819992065e-01 1.242589801549911499e-01 -2.039804458618164062e-01 9.612005949020385742e-01
2.933369159698486328e+00 -3.306792449951171875e+01 -1.709558069705963135e-01 -1.368640661239624023e-01 1.241916492581367493e-01 -2.047681659460067749e-01 9.612047672271728516e-01
2.827617168426513672e+00 -3.292411804199218750e+01 -1.646301299333572388e-01 -1.354266703128814697e-01 1.233931854367256165e-01 -2.070191502571105957e-01 9.610290527343750000e-01
2.719575166702270508e+00 -3.277602005004882812e+01 -1.580950915813446045e-01 -1.336769461631774902e-01 1.217951551079750061e-01 -2.108937203884124756e-01 9.606353044509887695e-01
2.609125852584838867e+00 -3.262367248535156250e+01 -1.513555943965911865e-01 -1.315980106592178345e-01 1.193279027938842773e-01 -2.165492773056030273e-01 9.599735736846923828e-01
2.496125459671020508e+00 -3.246712112426757812e+01 -1.444122344255447388e-01 -1.291708648204803467e-01 1.159199029207229614e-01 -2.241399884223937988e-01 9.589779973030090332e-01
2.380371093750000000e+00 -3.230645751953125000e+01 -1.372637897729873657e-01 -1.263733059167861938e-01 1.114977896213531494e-01 -2.338145375251770020e-01 9.575639963150024414e-01
2.261543035507202148e+00 -3.214187240600585938e+01 -1.298931837081909180e-01 -1.231911778450012207e-01 1.060149222612380981e-01 -2.456517070531845093e-01 9.556359648704528809e-01
2.138090848922729492e+00 -3.197450637817382812e+01 -1.222802698612213135e-01 -1.196469068527221680e-01 9.953732788562774658e-02 -2.594697177410125732e-01 9.531277418136596680e-01
1.999594688415527344e+00 -3.181276512145996094e+01 -1.163848862051963806e-01 -1.157723814249038696e-01 9.216040372848510742e-02 -2.750194072723388672e-01 9.499828815460205078e-01
1.836694240570068359e+00 -3.166767692565917969e+01 -1.154260262846946716e-01 -1.116020604968070984e-01 8.398175239562988281e-02 -2.920501828193664551e-01 9.461494088172912598e-01
1.660717725753784180e+00 -3.153040885925292969e+01 -1.176818832755088806e-01 -1.071703657507896423e-01 7.510097324848175049e-02 -3.103107511997222900e-01 9.415846467018127441e-01
1.475476026535034180e+00 -3.139758300781250000e+01 -1.205035373568534851e-01 -1.025155484676361084e-01 6.562070548534393311e-02 -3.295499384403228760e-01 9.362592101097106934e-01
1.280690908432006836e+00 -3.127043724060058594e+01 -1.228039488196372986e-01 -9.767755866050720215e-02 5.564655736088752747e-02 -3.495190739631652832e-01 9.301607012748718262e-01
1.074465274810791016e+00 -3.115338516235351562e+01 -1.237402334809303284e-01 -9.269890189170837402e-02 4.528623819351196289e-02 -3.699724972248077393e-01 9.232964515686035156e-01
8.575341701507568359e-01 -3.104727745056152344e+01 -1.230157464742660522e-01 -8.762523531913757324e-02 3.465047478675842285e-02 -3.906708955764770508e-01 9.156950116157531738e-01
6.297436356544494629e-01 -3.095522689819335938e+01 -1.201440393924713135e-01 -8.250428736209869385e-02 2.385172247886657715e-02 -4.113816320896148682e-01 9.074079990386962891e-01
3.913476467132568359e-01 -3.088085556030273438e+01 -1.146173104643821716e-01 -7.738658040761947632e-02 1.300374045968055725e-02 -4.318816959857940674e-01 8.985101580619812012e-01
1.442211866378784180e-01 -3.082342910766601562e+01 -1.068902537226676941e-01 -7.232498377561569214e-02 2.221131697297096252e-03 -4.519573450088500977e-01 8.890999555587768555e-01
-1.093310490250587463e-01 -3.077746963500976562e+01 -9.809386730194091797e-02 -6.737358868122100830e-02 -8.381525054574012756e-03 -4.714071452617645264e-01 8.792985677719116211e-01
-3.681445121765136719e-01 -3.073866462707519531e+01 -8.914184570312500000e-02 -6.258833408355712891e-02 -1.869014464318752289e-02 -4.900420010089874268e-01 8.692480325698852539e-01
-6.315795779228210449e-01 -3.070329093933105469e+01 -8.093749731779098511e-02 -5.802610516548156738e-02 -2.859239652752876282e-02 -5.076864957809448242e-01 8.591099381446838379e-01
-8.990648984909057617e-01 -3.066669845581054688e+01 -7.486877590417861938e-02 -5.374477803707122803e-02 -3.797724843025207520e-02 -5.241760611534118652e-01 8.490634560585021973e-01
-1.169589877128601074e+00 -3.062169456481933594e+01 -7.309936732053756714e-02 -4.980266094207763672e-02 -4.673592373728752136e-02 -5.393595695495605469e-01 8.393012881278991699e-01
-1.445258736610412598e+00 -3.056287765502929688e+01 -7.670532166957855225e-02 -4.625757783651351929e-02 -5.476164445281028748e-02 -5.530966520309448242e-01 8.300272822380065918e-01
-1.725212335586547852e+00 -3.048946762084960938e+01 -8.509276807308197021e-02 -4.316814988851547241e-02 -6.195040792226791382e-02 -5.652549862861633301e-01 8.214532136917114258e-01
-2.009313821792602539e+00 -3.040306282043457031e+01 -9.508056193590164185e-02 -4.059187322854995728e-02 -6.819891929626464844e-02 -5.757094025611877441e-01 8.137934803962707520e-01
-2.300078153610229492e+00 -3.031269264221191406e+01 -9.638854861259460449e-02 -3.856924176216125488e-02 -7.343026250600814819e-02 -5.843774080276489258e-01 8.072319030761718750e-01
-2.603886604309082031e+00 -3.024407005310058594e+01 -9.814453125000000000e-02 -3.706949949264526367e-02 -7.766029983758926392e-02 -5.913344621658325195e-01 8.018218874931335449e-01
-2.915363788604736328e+00 -3.020974349975585938e+01 -1.569610536098480225e-01 -3.604357689619064331e-02 -8.092795312404632568e-02 -5.966860055923461914e-01 7.975696325302124023e-01
-3.228300809860229492e+00 -3.018536376953125000e+01 -2.487622052431106567e-01 -3.544164448976516724e-02 -8.327119797468185425e-02 -6.005274653434753418e-01 7.944661378860473633e-01
-3.550202608108520508e+00 -3.015430259704589844e+01 -3.346209526062011719e-01 -3.521339595317840576e-02 -8.472717553377151489e-02 -6.029451489448547363e-01 7.924887537956237793e-01
-3.883933067321777344e+00 -3.010789299011230469e+01 -3.935174345970153809e-01 -3.530756384134292603e-02 -8.533149212598800659e-02 -6.040159463882446289e-01 7.916039228439331055e-01
-4.226171970367431641e+00 -3.003827285766601562e+01 -4.053710699081420898e-01 -3.567263111472129822e-02 -8.511880040168762207e-02 -6.038106083869934082e-01 7.917670011520385742e-01
-4.568691253662109375e+00 -2.994206237792968750e+01 -3.717535436153411865e-01 -3.625666350126266479e-02 -8.412295579910278320e-02 -6.023927330970764160e-01 7.929260730743408203e-01
-4.907309532165527344e+00 -2.981864738464355469e+01 -3.132550120353698730e-01 -3.700776398181915283e-02 -8.237754553556442261e-02 -5.998203158378601074e-01 7.950218915939331055e-01
-5.241086483001708984e+00 -2.966559219360351562e+01 -2.494409084320068359e-01 -3.787336125969886780e-02 -7.991488277912139893e-02 -5.961484313011169434e-01 7.979889512062072754e-01
-5.568920612335205078e+00 -2.947973823547363281e+01 -1.996478289365768433e-01 -3.880057483911514282e-02 -7.676703482866287231e-02 -5.914273262023925781e-01 8.017574548721313477e-01
-5.891860008239746094e+00 -2.926725959777832031e+01 -1.698150634765625000e-01 -3.973641991615295410e-02 -7.296599447727203369e-02 -5.857055783271789551e-01 8.062543272972106934e-01
-6.215236663818359375e+00 -2.904028511047363281e+01 -1.571301221847534180e-01 -4.062803834676742554e-02 -6.854399293661117554e-02 -5.790305733680725098e-01 8.114029169082641602e-01
-6.551503658294677734e+00 -2.881866455078125000e+01 -1.617486476898193359e-01 -4.142184555530548096e-02 -6.353276222944259644e-02 -5.714482665061950684e-01 8.171258568763732910e-01
-6.910163402557373047e+00 -2.861987495422363281e+01 -1.805236786603927612e-01 -4.206485301256179810e-02 -5.796531587839126587e-02 -5.630057454109191895e-01 8.233438134193420410e-01
-7.265632152557373047e+00 -2.840038299560546875e+01 -1.957672089338302612e-01 -4.250374436378479004e-02 -5.187397822737693787e-02 -5.537500381469726562e-01 8.299778699874877930e-01
-7.609355449676513672e+00 -2.814968490600585938e+01 -2.004907131195068359e-01 -4.268521070480346680e-02 -4.529222473502159119e-02 -5.437299013137817383e-01 8.369494676589965820e-01
-7.949738502502441406e+00 -2.788177108764648438e+01 -2.000988721847534180e-01 -4.255639761686325073e-02 -3.825420513749122620e-02 -5.329956412315368652e-01 8.441808223724365234e-01
-8.294701576232910156e+00 -2.760737037658691406e+01 -1.991497725248336792e-01 -4.206475615501403809e-02 -3.079447522759437561e-02 -5.215999484062194824e-01 8.515959978103637695e-01
-8.643671989440917969e+00 -2.732578086853027344e+01 -1.974572688341140747e-01 -4.115759581327438354e-02 -2.294816076755523682e-02 -5.095974802970886230e-01 8.591214418411254883e-01
-8.996457099914550781e+00 -2.703676223754882812e+01 -1.951525807380676270e-01 -3.980143368244171143e-02 -1.476233359426259995e-02 -4.970551729202270508e-01 8.666798472404479980e-01
-9.353595733642578125e+00 -2.674095153808593750e+01 -1.930035352706909180e-01 -3.803406655788421631e-02 -6.329030729830265045e-03 -4.840773940086364746e-01 8.741753101348876953e-01
-9.711967468261718750e+00 -2.643478393554687500e+01 -1.977239996194839478e-01 -3.591182082891464233e-02 2.249202691018581390e-03 -4.707838594913482666e-01 8.815144896507263184e-01
-1.003616714477539062e+01 -2.609206390380859375e+01 -2.750817835330963135e-01 -3.349186107516288757e-02 1.086839288473129272e-02 -4.573005735874176025e-01 8.886148333549499512e-01
-1.033797073364257812e+01 -2.572310066223144531e+01 -3.681378066539764404e-01 -3.083179146051406860e-02 1.942501589655876160e-02 -4.437590241432189941e-01 8.954049348831176758e-01
-1.060256576538085938e+01 -2.530574989318847656e+01 -3.876586854457855225e-01 -2.798996120691299438e-02 2.781565114855766296e-02 -4.302966892719268799e-01 9.018245339393615723e-01
-1.085466766357421875e+01 -2.487924957275390625e+01 -3.862957656383514404e-01 -2.502473816275596619e-02 3.593729063868522644e-02 -4.170562624931335449e-01 9.078251719474792480e-01
-1.110246276855468750e+01 -2.444961357116699219e+01 -3.777734339237213135e-01 -2.199517935514450073e-02 4.368826746940612793e-02 -4.041852653026580811e-01 9.133684039115905762e-01
-1.134525108337402344e+01 -2.402488517761230469e+01 -3.669396936893463135e-01 -1.895984821021556854e-02 5.096704140305519104e-02 -3.918352723121643066e-01 9.184269309043884277e-01
-1.158323001861572266e+01 -2.360519218444824219e+01 -3.540679812431335449e-01 -1.597767509520053864e-02 5.767352506518363953e-02 -3.801596164703369141e-01 9.229827523231506348e-01
-1.181704044342041016e+01 -2.319082641601562500e+01 -3.400835990905761719e-01 -1.310685090720653534e-02 6.370873749256134033e-02 -3.693151175975799561e-01 9.270251989364624023e-01
-1.204760932922363281e+01 -2.278223991394042969e+01 -3.263574242591857910e-01 -1.040576398372650146e-02 6.897447258234024048e-02 -3.594594895839691162e-01 9.305499792098999023e-01
-1.227409362792968750e+01 -2.237896919250488281e+01 -3.114935159683227539e-01 -7.932260632514953613e-03 7.337351143360137939e-02 -3.507503271102905273e-01 9.335564374923706055e-01
-1.249727058410644531e+01 -2.198138046264648438e+01 -2.966284155845642090e-01 -5.744179710745811462e-03 7.680928707122802734e-02 -3.433451652526855469e-01 9.360456466674804688e-01
-1.271734142303466797e+01 -2.158954620361328125e+01 -2.819879055023193359e-01 -3.898784518241882324e-03 7.918532937765121460e-02 -3.373999893665313721e-01 9.380168914794921875e-01
-1.293406486511230469e+01 -2.120328330993652344e+01 -2.679205238819122314e-01 -2.452535554766654968e-03 8.040468394756317139e-02 -3.330686986446380615e-01 9.394648671150207520e-01
-1.314752674102783203e+01 -2.082260894775390625e+01 -2.543463110923767090e-01 -1.462688669562339783e-03 8.037000149488449097e-02 -3.305011689662933350e-01 9.403762221336364746e-01
-1.335799503326416016e+01 -2.044764518737792969e+01 -2.409442067146301270e-01 -9.859502315521240234e-04 7.898271083831787109e-02 -3.298425078392028809e-01 9.407256245613098145e-01
-1.356549263000488281e+01 -2.007837867736816406e+01 -2.277386486530303955e-01 -1.078860834240913391e-03 7.614233344793319702e-02 -3.312329053878784180e-01 9.404711127281188965e-01
-1.376983356475830078e+01 -1.971456527709960938e+01 -2.175262421369552612e-01 -1.798059791326522827e-03 7.174649834632873535e-02 -3.348036408424377441e-01 9.395508170127868652e-01
-1.397124481201171875e+01 -1.935640144348144531e+01 -2.074395716190338135e-01 -3.173939883708953857e-03 6.573927402496337891e-02 -3.406141400337219238e-01 9.378967285156250000e-01
-1.416967773437500000e+01 -1.900390052795410156e+01 -1.975073218345642090e-01 -5.128055810928344727e-03 5.825803801417350769e-02 -3.484629690647125244e-01 9.354962706565856934e-01
-1.436494636535644531e+01 -1.865697860717773438e+01 -1.893029808998107910e-01 -7.555846124887466431e-03 4.948953911662101746e-02 -3.580815196037292480e-01 9.323472976684570312e-01
-1.455703353881835938e+01 -1.831570816040039062e+01 -1.821856647729873657e-01 -1.035171002149581909e-02 3.962144628167152405e-02 -3.691982328891754150e-01 9.284479618072509766e-01
-1.474594402313232422e+01 -1.798017311096191406e+01 -1.752764880657196045e-01 -1.340979244560003281e-02 2.884339727461338043e-02 -3.815433084964752197e-01 9.238035082817077637e-01
-1.493156909942626953e+01 -1.765036964416503906e+01 -1.691973805427551270e-01 -1.662429980933666229e-02 1.734739914536476135e-02 -3.948501348495483398e-01 9.184312820434570312e-01
-1.511379146575927734e+01 -1.732629394531250000e+01 -1.645349115133285522e-01 -1.988891139626502991e-02 5.327114835381507874e-03 -4.088553190231323242e-01 9.123668670654296875e-01
-1.529265117645263672e+01 -1.700806045532226562e+01 -1.601153463125228882e-01 -2.309772372245788574e-02 -7.022067904472351074e-03 -4.233046174049377441e-01 9.056656956672668457e-01
-1.546807575225830078e+01 -1.669571685791015625e+01 -1.560418605804443359e-01 -2.614522911608219147e-02 -1.950335502624511719e-02 -4.379504621028900146e-01 8.984071612358093262e-01
-1.563978958129882812e+01 -1.638915061950683594e+01 -1.550237983465194702e-01 -2.892716787755489349e-02 -3.191975504159927368e-02 -4.525567889213562012e-01 8.906944394111633301e-01
-1.580799007415771484e+01 -1.608858299255371094e+01 -1.541973799467086792e-01 -3.133963793516159058e-02 -4.407487064599990845e-02 -4.668994843959808350e-01 8.826551437377929688e-01
-1.597263622283935547e+01 -1.579407882690429688e+01 -1.535485833883285522e-01 -3.328045457601547241e-02 -5.577312037348747253e-02 -4.807665050029754639e-01 8.744400143623352051e-01
-1.613335418701171875e+01 -1.550551223754882812e+01 -1.569152772426605225e-01 -3.464905172586441040e-02 -6.682143360376358032e-02 -4.939588904380798340e-01 8.662210702896118164e-01
-1.629040527343750000e+01 -1.522309875488281250e+01 -1.610870361328125000e-01 -3.534543514251708984e-02 -7.702860981225967407e-02 -5.062886476516723633e-01 8.581894040107727051e-01
-1.644386100769042969e+01 -1.494694328308105469e+01 -1.652703881263732910e-01 -3.527105972170829773e-02 -8.620623499155044556e-02 -5.175793766975402832e-01 8.505504131317138672e-01
-1.659645462036132812e+01 -1.467087459564208984e+01 -1.744311451911926270e-01 -3.432837128639221191e-02 -9.416905790567398071e-02 -5.276637673377990723e-01 8.435192704200744629e-01
-1.674870109558105469e+01 -1.439515304565429688e+01 -1.842370629310607910e-01 -3.241933137178421021e-02 -1.007331237196922302e-01 -5.363795757293701172e-01 8.373163342475891113e-01
-1.690036010742187500e+01 -1.411978721618652344e+01 -1.961279213428497314e-01 -2.944547683000564575e-02 -1.057162359356880188e-01 -5.435674786567687988e-01 8.321606516838073730e-01
-1.705101966857910156e+01 -1.384472370147705078e+01 -2.128887921571731567e-01 -2.530690655112266541e-02 -1.089366003870964050e-01 -5.490646362304687500e-01 8.282634615898132324e-01
-1.720128440856933594e+01 -1.357019042968750000e+01 -2.303570508956909180e-01 -1.990127563476562500e-02 -1.102111861109733582e-01 -5.527012944221496582e-01 8.258199691772460938e-01
-1.734982299804687500e+01 -1.329602622985839844e+01 -2.557824552059173584e-01 -1.316383853554725647e-02 -1.094167456030845642e-01 -5.543528199195861816e-01 8.249531388282775879e-01
-1.749764060974121094e+01 -1.302239131927490234e+01 -2.833587527275085449e-01 -5.188781768083572388e-03 -1.066723018884658813e-01 -5.541144013404846191e-01 8.255612254142761230e-01
-1.763997077941894531e+01 -1.275551509857177734e+01 -3.187566995620727539e-01 3.889054059982299805e-03 -1.021565869450569153e-01 -5.521243214607238770e-01 8.274706006050109863e-01
-1.777690315246582031e+01 -1.249552631378173828e+01 -3.602911233901977539e-01 1.393434777855873108e-02 -9.604679048061370850e-02 -5.485110282897949219e-01 8.304917812347412109e-01
-1.790847206115722656e+01 -1.224240589141845703e+01 -4.076293706893920898e-01 2.481111511588096619e-02 -8.851942420005798340e-02 -5.433984398841857910e-01 8.344260454177856445e-01
-1.803271484375000000e+01 -1.199651432037353516e+01 -4.662347435951232910e-01 3.638134524226188660e-02 -7.975296676158905029e-02 -5.369108319282531738e-01 8.390725255012512207e-01
-1.814944267272949219e+01 -1.175810909271240234e+01 -5.346331596374511719e-01 4.850623756647109985e-02 -6.992699205875396729e-02 -5.291753411293029785e-01 8.442338705062866211e-01
-1.825836944580078125e+01 -1.152731132507324219e+01 -6.120104789733886719e-01 6.104557961225509644e-02 -5.922363698482513428e-02 -5.203277468681335449e-01 8.497205376625061035e-01
-1.835929107666015625e+01 -1.130463981628417969e+01 -6.985729932785034180e-01 7.385809719562530518e-02 -4.782802984118461609e-02 -5.105121731758117676e-01 8.553565740585327148e-01
-1.845223045349121094e+01 -1.109098625183105469e+01 -7.948199510574340820e-01 8.680214732885360718e-02 -3.592768311500549316e-02 -4.998853802680969238e-01 8.609815835952758789e-01
-1.853737258911132812e+01 -1.088766193389892578e+01 -9.015368223190307617e-01 9.973677992820739746e-02 -2.371188811957836151e-02 -4.886165559291839600e-01 8.664549589157104492e-01
-1.861513710021972656e+01 -1.069677257537841797e+01 -1.020129323005676270e+00 1.125219315290451050e-01 -1.137182489037513733e-02 -4.768881499767303467e-01 8.716577291488647461e-01
-1.868609428405761719e+01 -1.052539730072021484e+01 -1.157180786132812500e+00 1.250195056200027466e-01 9.006299078464508057e-04 -4.648951590061187744e-01 8.764940500259399414e-01
-1.875247573852539062e+01 -1.043367004394531250e+01 -1.334641098976135254e+00 1.370941400527954102e-01 1.291368529200553894e-02 -4.528454244136810303e-01 8.808912634849548340e-01
-1.875024795532226562e+01 -1.063405609130859375e+01 -1.398908019065856934e+00 1.486137956380844116e-01 2.447654306888580322e-02 -4.409566521644592285e-01 8.848006129264831543e-01
-1.871565818786621094e+01 -1.084331130981445312e+01 -1.393385529518127441e+00 1.594499647617340088e-01 3.539963439106941223e-02 -4.294570386409759521e-01 8.881943821907043457e-01
-1.867612266540527344e+01 -1.104385757446289062e+01 -1.380958795547485352e+00 1.694782823324203491e-01 4.549580439925193787e-02 -4.185820221900939941e-01 8.910647630691528320e-01
-1.863618659973144531e+01 -1.123657703399658203e+01 -1.367448091506958008e+00 1.785780191421508789e-01 5.457989126443862915e-02 -4.085725843906402588e-01 8.934200406074523926e-01
-1.859674263000488281e+01 -1.142167949676513672e+01 -1.353506445884704590e+00 1.866317242383956909e-01 6.246922910213470459e-02 -3.996730446815490723e-01 8.952807188034057617e-01
-1.855897331237792969e+01 -1.159945011138916016e+01 -1.340020775794982910e+00 1.935245394706726074e-01 6.898309290409088135e-02 -3.921279311180114746e-01 8.966745138168334961e-01
-1.852185058593750000e+01 -1.176962375640869141e+01 -1.326434254646301270e+00 1.991797685623168945e-01 7.399511337280273438e-02 -3.861242234706878662e-01 8.976414799690246582e-01
-1.848617172241210938e+01 -1.193243122100830078e+01 -1.313154220581054688e+00 2.036673277616500854e-01 7.759202271699905396e-02 -3.816122114658355713e-01 8.982601165771484375e-01
-1.845222091674804688e+01 -1.208797740936279297e+01 -1.300337553024291992e+00 2.070901691913604736e-01 7.991242408752441406e-02 -3.784754276275634766e-01 8.986012339591979980e-01
-1.841998481750488281e+01 -1.223628520965576172e+01 -1.287991881370544434e+00 2.095475643873214722e-01 8.109396696090698242e-02 -3.765895664691925049e-01 8.987178206443786621e-01
-1.838944816589355469e+01 -1.237737846374511719e+01 -1.276126623153686523e+00 2.111359536647796631e-01 8.127309381961822510e-02 -3.758246600627899170e-01 8.986502289772033691e-01
-1.836031723022460938e+01 -1.251120662689208984e+01 -1.264623999595642090e+00 2.119494229555130005e-01 8.058512210845947266e-02 -3.760465383529663086e-01 8.984277248382568359e-01
-1.833271408081054688e+01 -1.263782119750976562e+01 -1.253559589385986328e+00 2.120806425809860229e-01 7.916511595249176025e-02 -3.771183192729949951e-01 8.980737924575805664e-01
-1.830676269531250000e+01 -1.275727558135986328e+01 -1.243024826049804688e+00 2.116212099790573120e-01 7.714758813381195068e-02 -3.789010643959045410e-01 8.976072072982788086e-01
-1.828244590759277344e+01 -1.286958599090576172e+01 -1.233033418655395508e+00 2.106623351573944092e-01 7.466686517000198364e-02 -3.812554180622100830e-01 8.970453739166259766e-01
-1.825974655151367188e+01 -1.297476577758789062e+01 -1.223599195480346680e+00 2.092953622341156006e-01 7.185767590999603271e-02 -3.840419650077819824e-01 8.964059352874755859e-01
-1.823864173889160156e+01 -1.307283210754394531e+01 -1.214733242988586426e+00 2.076119631528854370e-01 6.885425746440887451e-02 -3.871221244335174561e-01 8.957080245018005371e-01
-1.821911621093750000e+01 -1.316379642486572266e+01 -1.206450223922729492e+00 2.057044208049774170e-01 6.579186767339706421e-02 -3.903578519821166992e-01 8.949736952781677246e-01
-1.820114135742187500e+01 -1.324767780303955078e+01 -1.198759078979492188e+00 2.036659121513366699e-01 6.280550360679626465e-02 -3.936136960983276367e-01 8.942281007766723633e-01
-1.818471717834472656e+01 -1.332449150085449219e+01 -1.191672325134277344e+00 2.015903890132904053e-01 6.003078073263168335e-02 -3.967549800872802734e-01 8.935004472732543945e-01
-1.816980361938476562e+01 -1.339425468444824219e+01 -1.185200214385986328e+00 1.995724141597747803e-01 5.760337412357330322e-02 -3.996480107307434082e-01 8.928236961364746094e-01
-1.815633201599121094e+01 -1.345697212219238281e+01 -1.179323077201843262e+00 1.977074444293975830e-01 5.565930902957916260e-02 -4.021614789962768555e-01 8.922331929206848145e-01
-1.814432144165039062e+01 -1.351267051696777344e+01 -1.174067974090576172e+00 1.960911154747009277e-01 5.433438718318939209e-02 -4.041650891304016113e-01 8.917660117149353027e-01
-1.813378906250000000e+01 -1.356137943267822266e+01 -1.169461607933044434e+00 1.948192417621612549e-01 5.376486107707023621e-02 -4.055276215076446533e-01 8.914607167243957520e-01
-1.812471199035644531e+01 -1.360311698913574219e+01 -1.165513277053833008e+00 1.939873993396759033e-01 5.408644676208496094e-02 -4.061189293861389160e-01 8.913534879684448242e-01
-1.811707496643066406e+01 -1.363790130615234375e+01 -1.162234425544738770e+00 1.936902105808258057e-01 5.543496087193489075e-02 -4.058057069778442383e-01 8.914778232574462891e-01
-1.811125373840332031e+01 -1.366398143768310547e+01 -1.159788846969604492e+00 1.939944624900817871e-01 5.790818855166435242e-02 -4.044887423515319824e-01 8.918528556823730469e-01
-1.810725021362304688e+01 -1.368135261535644531e+01 -1.158174991607666016e+00 1.948578059673309326e-01 6.145307049155235291e-02 -4.022087454795837402e-01 8.924584388732910156e-01
-1.810507202148437500e+01 -1.369000244140625000e+01 -1.157388329505920410e+00 1.962099969387054443e-01 6.597851216793060303e-02 -3.990403115749359131e-01 8.932611346244812012e-01
-1.810345268249511719e+01 -1.369572353363037109e+01 -1.156908512115478516e+00 1.979801356792449951e-01 7.139320671558380127e-02 -3.950561285018920898e-01 8.942245841026306152e-01
-1.810239219665527344e+01 -1.369850540161132812e+01 -1.156730294227600098e+00 2.000967860221862793e-01 7.760538905858993530e-02 -3.903290629386901855e-01 8.953109979629516602e-01
-1.810026741027832031e+01 -1.370578384399414062e+01 -1.156188368797302246e+00 2.024887204170227051e-01 8.452294021844863892e-02 -3.849327862262725830e-01 8.964825272560119629e-01
-1.809708976745605469e+01 -1.371754360198974609e+01 -1.155277729034423828e+00 2.050845772027969360e-01 9.205374121665954590e-02 -3.789406120777130127e-01 8.977028727531433105e-01
-1.809285163879394531e+01 -1.373377037048339844e+01 -1.153994083404541016e+00 2.078136950731277466e-01 1.001053005456924438e-01 -3.724278509616851807e-01 8.989381790161132812e-01
-1.808758354187011719e+01 -1.375445652008056641e+01 -1.152333378791809082e+00 2.106059938669204712e-01 1.085855886340141296e-01 -3.654712736606597900e-01 9.001583456993103027e-01
-1.808127403259277344e+01 -1.377958583831787109e+01 -1.150288105010986328e+00 2.133925855159759521e-01 1.174021512269973755e-01 -3.581507503986358643e-01 9.013369679450988770e-01
-1.807395553588867188e+01 -1.380914974212646484e+01 -1.147852182388305664e+00 2.161053717136383057e-01 1.264632344245910645e-01 -3.505474030971527100e-01 9.024533033370971680e-01
-1.806561470031738281e+01 -1.384313774108886719e+01 -1.145018339157104492e+00 2.186780273914337158e-01 1.356773376464843750e-01 -3.427452445030212402e-01 9.034917354583740234e-01
-1.805627822875976562e+01 -1.388154029846191406e+01 -1.141776680946350098e+00 2.210453450679779053e-01 1.449538767337799072e-01 -3.348305821418762207e-01 9.044423103332519531e-01
-1.804595756530761719e+01 -1.392434883117675781e+01 -1.138118267059326172e+00 2.231436520814895630e-01 1.542028635740280151e-01 -3.268914520740509033e-01 9.053012728691101074e-01
-1.803465843200683594e+01 -1.397155952453613281e+01 -1.134031295776367188e+00 2.249109894037246704e-01 1.633352339267730713e-01 -3.190186619758605957e-01 9.060705304145812988e-01
-1.802239227294921875e+01 -1.402316284179687500e+01 -1.129505038261413574e+00 2.262868285179138184e-01 1.722632497549057007e-01 -3.113046288490295410e-01 9.067574739456176758e-01
-1.800917434692382812e+01 -1.407915592193603516e+01 -1.124526381492614746e+00 2.272121608257293701e-01 1.809000372886657715e-01 -3.038432300090789795e-01 9.073748588562011719e-01
-1.799499511718750000e+01 -1.413959693908691406e+01 -1.118983149528503418e+00 2.272000014781951904e-01 1.893000900745391846e-01 -2.966404855251312256e-01 9.080473184585571289e-01
-1.797991180419921875e+01 -1.420436477661132812e+01 -1.113043785095214844e+00 2.269919663667678833e-01 1.971146017313003540e-01 -2.899549603462219238e-01 9.085959196090698242e-01
-1.796393966674804688e+01 -1.427343368530273438e+01 -1.106730341911315918e+00 2.267125546932220459e-01 2.042120546102523804e-01 -2.839335501194000244e-01 9.089997410774230957e-01
-1.794670867919921875e+01 -1.434712982177734375e+01 -1.100021362304687500e+00 2.242890298366546631e-01 2.059877216815948486e-01 -2.779145538806915283e-01 9.110580682754516602e-01
-1.792861747741699219e+01 -1.442517089843750000e+01 -1.092777132987976074e+00 2.214056551456451416e-01 2.077249288558959961e-01 -2.725850045680999756e-01 9.129770994186401367e-01
-1.790966796875000000e+01 -1.450755786895751953e+01 -1.085002422332763672e+00 2.180809974670410156e-01 2.094186097383499146e-01 -2.679324448108673096e-01 9.147658944129943848e-01
-1.788984870910644531e+01 -1.459429073333740234e+01 -1.076693654060363770e+00 2.143387496471405029e-01 2.110658586025238037e-01 -2.639407813549041748e-01 9.164307117462158203e-01
-1.786912536621093750e+01 -1.468536090850830078e+01 -1.067847847938537598e+00 2.102069109678268433e-01 2.126660794019699097e-01 -2.605893909931182861e-01 9.179756641387939453e-01
-1.784753417968750000e+01 -1.478078174591064453e+01 -1.058488726615905762e+00 2.057179510593414307e-01 2.142203003168106079e-01 -2.578547298908233643e-01 9.194023609161376953e-01
-1.782507705688476562e+01 -1.488055133819580078e+01 -1.048627257347106934e+00 2.009081542491912842e-01 2.157309204339981079e-01 -2.557097971439361572e-01 9.207109212875366211e-01
-1.780174827575683594e+01 -1.498467159271240234e+01 -1.038272023200988770e+00 1.958174407482147217e-01 2.172013819217681885e-01 -2.541247010231018066e-01 9.219000935554504395e-01
-1.777753448486328125e+01 -1.509313964843750000e+01 -1.027434706687927246e+00 1.904887706041336060e-01 2.186355739831924438e-01 -2.530667185783386230e-01 9.229678511619567871e-01
-1.775244140625000000e+01 -1.520595264434814453e+01 -1.016126036643981934e+00 1.849680542945861816e-01 2.200375199317932129e-01 -2.525014877319335938e-01 9.239119291305541992e-01
-1.772645378112792969e+01 -1.532311534881591797e+01 -1.004359126091003418e+00 1.793032288551330566e-01 2.214108258485794067e-01 -2.523922622203826904e-01 9.247300624847412109e-01
-1.769957923889160156e+01 -1.544462108612060547e+01 -9.921478033065795898e-01 1.735440939664840698e-01 2.227583527565002441e-01 -2.527014315128326416e-01 9.254205226898193359e-01
-1.767179679870605469e+01 -1.557047462463378906e+01 -9.795061945915222168e-01 1.677418500185012817e-01 2.240817695856094360e-01 -2.533908486366271973e-01 9.259822368621826172e-01
-1.764311408996582031e+01 -1.570067119598388672e+01 -9.664477109909057617e-01 1.619483083486557007e-01 2.253814041614532471e-01 -2.544218897819519043e-01 9.264154434204101562e-01
-1.761351585388183594e+01 -1.583521461486816406e+01 -9.529870152473449707e-01 1.562156528234481812e-01 2.266558408737182617e-01 -2.557567358016967773e-01 9.267212152481079102e-01
-1.758299827575683594e+01 -1.597410392761230469e+01 -9.391400218009948730e-01 1.505957245826721191e-01 2.279020249843597412e-01 -2.573579549789428711e-01 9.269025921821594238e-01
-1.755156135559082031e+01 -1.611734008789062500e+01 -9.249200224876403809e-01 1.451396942138671875e-01 2.291149795055389404e-01 -2.591900825500488281e-01 9.269635081291198730e-01
-1.751919364929199219e+01 -1.626492691040039062e+01 -9.103423953056335449e-01 1.398975849151611328e-01 2.302879989147186279e-01 -2.612189948558807373e-01 9.269091486930847168e-01
-1.748589324951171875e+01 -1.641686439514160156e+01 -8.954204916954040527e-01 1.349180787801742554e-01 2.314126193523406982e-01 -2.634133100509643555e-01 9.267463088035583496e-01
-1.745166015625000000e+01 -1.657315444946289062e+01 -8.801690340042114258e-01 1.302479058504104614e-01 2.324786782264709473e-01 -2.657436132431030273e-01 9.264823198318481445e-01
-1.741637611389160156e+01 -1.673386764526367188e+01 -8.646771311759948730e-01 1.247403398156166077e-01 2.288060486316680908e-01 -2.682228684425354004e-01 9.274395704269409180e-01
-1.738015174865722656e+01 -1.689894294738769531e+01 -8.488628864288330078e-01 1.194589734077453613e-01 2.247736155986785889e-01 -2.708182334899902344e-01 9.283661842346191406e-01
-1.734277725219726562e+01 -1.706833839416503906e+01 -8.327221274375915527e-01 1.144189238548278809e-01 2.204465866088867188e-01 -2.734779119491577148e-01 9.292585253715515137e-01
-1.730430221557617188e+01 -1.724207496643066406e+01 -8.162597417831420898e-01 1.096358373761177063e-01 2.158907651901245117e-01 -2.761513292789459229e-01 9.301137924194335938e-01
-1.726485252380371094e+01 -1.742018890380859375e+01 -7.994835972785949707e-01 1.051252484321594238e-01 2.111722975969314575e-01 -2.787874937057495117e-01 9.309310317039489746e-01
-1.722441864013671875e+01 -1.760269355773925781e+01 -7.823956012725830078e-01 1.009028404951095581e-01 2.063574641942977905e-01 -2.813362479209899902e-01 9.317108988761901855e-01
-1.718299293518066406e+01 -1.778959274291992188e+01 -7.649969458580017090e-01 9.698460996150970459e-02 2.015132158994674683e-01 -2.837480604648590088e-01 9.324555397033691406e-01
-1.714057540893554688e+01 -1.798089981079101562e+01 -7.472894191741943359e-01 9.338660538196563721e-02 1.967064589262008667e-01 -2.859739959239959717e-01 9.331688880920410156e-01
-1.709672355651855469e+01 -1.817652511596679688e+01 -7.292590141296386719e-01 9.012496471405029297e-02 1.920046359300613403e-01 -2.879652380943298340e-01 9.338564276695251465e-01
-1.705268096923828125e+01 -1.837019729614257812e+01 -7.114599347114562988e-01 8.721602708101272583e-02 1.874752938747406006e-01 -2.896738052368164062e-01 9.345242381095886230e-01
-1.700901794433593750e+01 -1.856206321716308594e+01 -6.939123272895812988e-01 8.467607200145721436e-02 1.831861883401870728e-01 -2.910516560077667236e-01 9.351800680160522461e-01
-1.696571159362792969e+01 -1.875212287902832031e+01 -6.766161918640136719e-01 8.252141624689102173e-02 1.792049407958984375e-01 -2.920511662960052490e-01 9.358321428298950195e-01
-1.692275810241699219e+01 -1.894039154052734375e+01 -6.595709323883056641e-01 8.076843619346618652e-02 1.755992919206619263e-01 -2.926247715950012207e-01 9.364892244338989258e-01
-1.687954139709472656e+01 -1.912672996520996094e+01 -6.427563428878784180e-01 7.943354547023773193e-02 1.724368333816528320e-01 -2.927254438400268555e-01 9.371594190597534180e-01
-1.683521461486816406e+01 -1.931094551086425781e+01 -6.261438131332397461e-01 7.853293418884277344e-02 1.697850823402404785e-01 -2.923049330711364746e-01 9.378504157066345215e-01
-1.679122543334960938e+01 -1.949339294433593750e+01 -6.097832918167114258e-01 7.808269560337066650e-02 1.677109599113464355e-01 -2.913151681423187256e-01 9.385689496994018555e-01
-1.674756240844726562e+01 -1.967407989501953125e+01 -5.936767458915710449e-01 7.809882611036300659e-02 1.662812530994415283e-01 -2.897076010704040527e-01 9.393191933631896973e-01
-1.670367622375488281e+01 -1.985286903381347656e+01 -5.778057575225830078e-01 7.859697937965393066e-02 1.655621975660324097e-01 -2.874322831630706787e-01 9.401033520698547363e-01
-1.665529251098632812e+01 -2.002865600585937500e+01 -5.620336532592773438e-01 7.959249615669250488e-02 1.656192392110824585e-01 -2.844384014606475830e-01 9.409198164939880371e-01
-1.660725975036621094e+01 -2.020270919799804688e+01 -5.465240478515625000e-01 8.110027015209197998e-02 1.665169745683670044e-01 -2.806739807128906250e-01 9.417627453804016113e-01
-1.655725097656250000e+01 -2.037434005737304688e+01 -5.312060713768005371e-01 8.311733603477478027e-02 1.682855635881423950e-01 -2.761184275150299072e-01 9.426187276840209961e-01
-1.650404167175292969e+01 -2.054316139221191406e+01 -5.160315036773681641e-01 8.557083457708358765e-02 1.708203256130218506e-01 -2.708831131458282471e-01 9.434618949890136719e-01
-1.640534210205078125e+01 -2.067231369018554688e+01 -5.020550489425659180e-01 8.837071806192398071e-02 1.739830076694488525e-01 -2.651138305664062500e-01 9.442643523216247559e-01
-1.624271392822265625e+01 -2.073308944702148438e+01 -4.914093017578125000e-01 9.142689406871795654e-02 1.776358485221862793e-01 -2.589565813541412354e-01 9.450016021728515625e-01
-1.607381248474121094e+01 -2.076624870300292969e+01 -4.835442900657653809e-01 9.464988112449645996e-02 1.816418468952178955e-01 -2.525597214698791504e-01 9.456538558006286621e-01
-1.590419673919677734e+01 -2.078215980529785156e+01 -4.775091409683227539e-01 9.795051813125610352e-02 1.858649998903274536e-01 -2.460725158452987671e-01 9.462072253227233887e-01
-1.573577594757080078e+01 -2.078778266906738281e+01 -4.725933670997619629e-01 1.012404337525367737e-01 1.901706308126449585e-01 -2.396468222141265869e-01 9.466546177864074707e-01
-1.556920337677001953e+01 -2.078891372680664062e+01 -4.681103527545928955e-01 1.044319123029708862e-01 1.944254338741302490e-01 -2.334358394145965576e-01 9.469954371452331543e-01
-1.540459442138671875e+01 -2.078764152526855469e+01 -4.637511968612670898e-01 1.074378937482833862e-01 1.984974592924118042e-01 -2.275941967964172363e-01 9.472363591194152832e-01
-1.524199390411376953e+01 -2.078583717346191406e+01 -4.592663347721099854e-01 1.101722270250320435e-01 2.022560089826583862e-01 -2.222785353660583496e-01 9.473895430564880371e-01
-1.508141613006591797e+01 -2.078439331054687500e+01 -4.545129239559173584e-01 1.125491783022880554e-01 2.055716663599014282e-01 -2.176457643508911133e-01 9.474721550941467285e-01
-1.492289733886718750e+01 -2.078397369384765625e+01 -4.493682682514190674e-01 1.144837215542793274e-01 2.083158195018768311e-01 -2.138542085886001587e-01 9.475043416023254395e-01
-1.476648139953613281e+01 -2.078526496887207031e+01 -4.436858892440795898e-01 1.158908009529113770e-01 2.103601247072219849e-01 -2.110615819692611694e-01 9.475077986717224121e-01
-1.461229419708251953e+01 -2.079070091247558594e+01 -4.369549453258514404e-01 1.166854947805404663e-01 2.115761935710906982e-01 -2.094259262084960938e-01 9.475024342536926270e-01
-1.446061706542968750e+01 -2.080140495300292969e+01 -4.289807081222534180e-01 1.167820617556571960e-01 2.118345201015472412e-01 -2.091030329465866089e-01 9.475041031837463379e-01
-1.431215763092041016e+01 -2.082070732116699219e+01 -4.191064238548278809e-01 1.160940974950790405e-01 2.110038995742797852e-01 -2.102482914924621582e-01 9.475205540657043457e-01
-1.416819572448730469e+01 -2.085195732116699219e+01 -4.070971608161926270e-01 1.145335063338279724e-01 2.089505195617675781e-01 -2.130135595798492432e-01 9.475478529930114746e-01
-1.403006362915039062e+01 -2.089597702026367188e+01 -3.935534656047821045e-01 1.120105460286140442e-01 2.055368870496749878e-01 -2.175474911928176880e-01 9.475659132003784180e-01
-1.389793205261230469e+01 -2.094992828369140625e+01 -3.796258568763732910e-01 1.084327250719070435e-01 2.006211578845977783e-01 -2.239928841590881348e-01 9.475340843200683594e-01
-1.377037811279296875e+01 -2.100882720947265625e+01 -3.663464188575744629e-01 1.037050783634185791e-01 1.940559595823287964e-01 -2.324863225221633911e-01 9.473845958709716797e-01
-1.364563179016113281e+01 -2.106840705871582031e+01 -3.541503846645355225e-01 9.776604175567626953e-02 1.857470721006393433e-01 -2.430924773216247559e-01 9.470194578170776367e-01
-1.352269268035888672e+01 -2.112652778625488281e+01 -3.429711759090423584e-01 9.069782495498657227e-02 1.758318543434143066e-01 -2.556156218051910400e-01 9.463179707527160645e-01
-1.340139579772949219e+01 -2.118285179138183594e+01 -3.325054943561553955e-01 8.262045681476593018e-02 1.645081043243408203e-01 -2.697938680648803711e-01 9.451572299003601074e-01
-1.328112506866455078e+01 -2.123616600036621094e+01 -3.232043385505676270e-01 7.365659624338150024e-02 1.519778817892074585e-01 -2.853632569313049316e-01 9.434221386909484863e-01
-1.316230201721191406e+01 -2.128731727600097656e+01 -3.144091665744781494e-01 6.393240392208099365e-02 1.384484469890594482e-01 -3.020603358745574951e-01 9.410123229026794434e-01
-1.304453563690185547e+01 -2.133558082580566406e+01 -3.064740002155303955e-01 5.357790365815162659e-02 1.241337954998016357e-01 -3.196240365505218506e-01 9.378489255905151367e-01
-1.292849826812744141e+01 -2.138253784179687500e+01 -2.987554967403411865e-01 4.272695630788803101e-02 1.092537939548492432e-01 -3.377984166145324707e-01 9.338790774345397949e-01
-1.280447196960449219e+01 -2.143086051940917969e+01 -2.911908030509948730e-01 3.151692450046539307e-02 9.403447806835174561e-02 -3.563337922096252441e-01 9.290804266929626465e-01
-1.267297363281250000e+01 -2.148192977905273438e+01 -2.834100425243377686e-01 2.008746564388275146e-02 7.870715111494064331e-02 -3.749894499778747559e-01 9.234634637832641602e-01
-1.253357410430908203e+01 -2.153485298156738281e+01 -2.754772901535034180e-01 8.580995723605155945e-03 6.350662559270858765e-02 -3.935379385948181152e-01 9.170721173286437988e-01
-1.238652038574218750e+01 -2.159040069580078125e+01 -2.673754692077636719e-01 -2.859639003872871399e-03 4.867043346166610718e-02 -4.117633700370788574e-01 9.099856615066528320e-01
-1.223169898986816406e+01 -2.164842414855957031e+01 -2.588476538658142090e-01 -1.409172080457210541e-02 3.443741798400878906e-02 -4.294657707214355469e-01 9.023162722587585449e-01
-1.206911849975585938e+01 -2.170911788940429688e+01 -2.499865740537643433e-01 -2.497376501560211182e-02 2.104572206735610962e-02 -4.464602470397949219e-01 8.942073583602905273e-01
-1.189883518218994141e+01 -2.177272224426269531e+01 -2.404412776231765747e-01 -3.536577150225639343e-02 8.732168003916740417e-03 -4.625782072544097900e-01 8.858298659324645996e-01
-1.172082519531250000e+01 -2.183930206298828125e+01 -2.302215546369552612e-01 -4.513074457645416260e-02 -2.268435433506965637e-03 -4.776670634746551514e-01 8.773780465126037598e-01
-1.153520965576171875e+01 -2.190923690795898438e+01 -2.188769429922103882e-01 -5.413521826267242432e-02 -1.172463968396186829e-02 -4.915874898433685303e-01 8.690647482872009277e-01
-1.134196758270263672e+01 -2.198255538940429688e+01 -2.064904719591140747e-01 -6.224799156188964844e-02 -1.940730772912502289e-02 -5.042117238044738770e-01 8.611149787902832031e-01
-1.114140796661376953e+01 -2.205996513366699219e+01 -1.920361220836639404e-01 -6.934149563312530518e-02 -2.508981898427009583e-02 -5.154204964637756348e-01 8.537588119506835938e-01
-1.093332004547119141e+01 -2.214112281799316406e+01 -1.762756258249282837e-01 -7.528997957706451416e-02 -2.854662202298641205e-02 -5.250979661941528320e-01 8.472239971160888672e-01
-1.071856880187988281e+01 -2.222770118713378906e+01 -1.566491723060607910e-01 -7.996986806392669678e-02 -2.955256402492523193e-02 -5.331277847290039062e-01 8.417281508445739746e-01
-1.049710464477539062e+01 -2.231954383850097656e+01 -1.336816400289535522e-01 -8.329457044601440430e-02 -2.795661799609661102e-02 -5.394337177276611328e-01 8.374316096305847168e-01
-1.026917171478271484e+01 -2.241691780090332031e+01 -1.065966784954071045e-01 -8.532865345478057861e-02 -2.390933409333229065e-02 -5.441195368766784668e-01 8.343148231506347656e-01
-1.003479957580566406e+01 -2.251943969726562500e+01 -7.473266124725341797e-02 -8.617056906223297119e-02 -1.763637363910675049e-02 -5.473172068595886230e-01 8.322905302047729492e-01
-9.793395996093750000e+00 -2.262543869018554688e+01 -3.785888478159904480e-02 -8.591782301664352417e-02 -9.362325072288513184e-03 -5.491440892219543457e-01 8.312467932701110840e-01
-9.543829917907714844e+00 -2.273253059387207031e+01 2.827148418873548508e-03 -8.466502279043197632e-02 6.884299218654632568e-04 -5.497065782546997070e-01 8.310559988021850586e-01
-9.284630775451660156e+00 -2.283737564086914062e+01 4.619689658284187317e-02 -8.250704407691955566e-02 1.229070313274860382e-02 -5.491055846214294434e-01 8.315795063972473145e-01
-9.013307571411132812e+00 -2.293369293212890625e+01 8.980956673622131348e-02 -7.953824847936630249e-02 2.521797269582748413e-02 -5.474395751953125000e-01 8.326750397682189941e-01
-8.728420257568359375e+00 -2.301615333557128906e+01 1.302801519632339478e-01 -7.585369050502777100e-02 3.924331441521644592e-02 -5.448069572448730469e-01 8.342010974884033203e-01
-8.429467201232910156e+00 -2.307926177978515625e+01 1.639953553676605225e-01 -7.154944539070129395e-02 5.413765087723731995e-02 -5.413116216659545898e-01 8.360212445259094238e-01
-8.117649078369140625e+00 -2.312010192871093750e+01 1.893572956323623657e-01 -6.672279536724090576e-02 6.967168301343917847e-02 -5.370623469352722168e-01 8.380083441734313965e-01
-7.794946193695068359e+00 -2.313613319396972656e+01 2.062139809131622314e-01 -6.147195398807525635e-02 8.561484515666961670e-02 -5.321771502494812012e-01 8.400469422340393066e-01
-7.463686466217041016e+00 -2.312655067443847656e+01 2.151159644126892090e-01 -5.589754134416580200e-02 1.017370671033859253e-01 -5.267828702926635742e-01 8.420360684394836426e-01
-7.125871658325195312e+00 -2.309334373474121094e+01 2.174041718244552612e-01 -5.010065063834190369e-02 1.178086772561073303e-01 -5.210162997245788574e-01 8.438915610313415527e-01
-6.783154010772705078e+00 -2.303657150268554688e+01 2.137255817651748657e-01 -4.418425634503364563e-02 1.336019337177276611e-01 -5.150252580642700195e-01 8.455456495285034180e-01
-6.437043190002441406e+00 -2.295644569396972656e+01 2.047466933727264404e-01 -3.825137391686439514e-02 1.488910466432571411e-01 -5.089659094810485840e-01 8.469486236572265625e-01
-6.089323520660400391e+00 -2.285202407836914062e+01 1.907745301723480225e-01 -3.240567445755004883e-02 1.634533107280731201e-01 -5.030056238174438477e-01 8.480673432350158691e-01
-5.739091873168945312e+00 -2.273018836975097656e+01 1.718249469995498657e-01 -2.675142884254455566e-02 1.770694851875305176e-01 -4.973183572292327881e-01 8.488846421241760254e-01
-5.384943962097167969e+00 -2.259660911560058594e+01 1.474145501852035522e-01 -2.139158546924591064e-02 1.895234286785125732e-01 -4.920857846736907959e-01 8.493967056274414062e-01
-5.025419712066650391e+00 -2.245599746704101562e+01 1.164093017578125000e-01 -1.642979681491851807e-02 2.006028294563293457e-01 -4.874938726425170898e-01 8.496106863021850586e-01
-4.658462047576904297e+00 -2.231474304199218750e+01 7.603759318590164185e-02 -1.196838170289993286e-02 2.100980281829833984e-01 -4.837318658828735352e-01 8.495404124259948730e-01
-4.280700683593750000e+00 -2.218508529663085938e+01 2.077392488718032837e-02 -8.087947964668273926e-03 2.178598344326019287e-01 -4.809451699256896973e-01 8.492134213447570801e-01
-3.887983322143554688e+00 -2.209727287292480469e+01 -6.116271764039993286e-02 -4.783622920513153076e-03 2.239748984575271606e-01 -4.790949523448944092e-01 8.486933708190917969e-01
-3.485102415084838867e+00 -2.210039329528808594e+01 -1.712896674871444702e-01 -2.028770744800567627e-03 2.285856157541275024e-01 -4.780899286270141602e-01 8.480415940284729004e-01
-3.087558507919311523e+00 -2.221955108642578125e+01 -2.665258646011352539e-01 2.032890915870666504e-04 2.318320572376251221e-01 -4.778324365615844727e-01 8.473075032234191895e-01
-2.690554141998291016e+00 -2.239436531066894531e+01 -2.925415039062500000e-01 1.939684152603149414e-03 2.338516712188720703e-01 -4.782191514968872070e-01 8.465317487716674805e-01
-2.286279201507568359e+00 -2.257272338867187500e+01 -2.632732987403869629e-01 3.207251429557800293e-03 2.347806096076965332e-01 -4.791433811187744141e-01 8.457477092742919922e-01
-1.865834951400756836e+00 -2.271778488159179688e+01 -1.922662258148193359e-01 4.032909870147705078e-03 2.347533851861953735e-01 -4.804954528808593750e-01 8.449844121932983398e-01
-1.422465801239013672e+00 -2.278837585449218750e+01 -9.825256466865539551e-02 4.443950951099395752e-03 2.339037507772445679e-01 -4.821639955043792725e-01 8.442672491073608398e-01
-9.642553329467773438e-01 -2.284908866882324219e+01 -3.191101178526878357e-02 4.467383027076721191e-03 2.323648333549499512e-01 -4.840366542339324951e-01 8.436203002929687500e-01
-4.999609291553497314e-01 -2.293424224853515625e+01 6.772460881620645523e-03 4.129961133003234863e-03 2.302697896957397461e-01 -4.860006272792816162e-01 8.430671095848083496e-01
-3.178954869508743286e-02 -2.303889846801757812e+01 3.119262680411338806e-02 3.458872437477111816e-03 2.277520298957824707e-01 -4.879440367221832275e-01 8.426313400268554688e-01
4.369579851627349854e-01 -2.315973854064941406e+01 4.830688238143920898e-02 2.480939030647277832e-03 2.249448299407958984e-01 -4.897547364234924316e-01 8.423385024070739746e-01
9.056566953659057617e-01 -2.329642295837402344e+01 6.141784414649009705e-02 1.223340630531311035e-03 2.219823598861694336e-01 -4.913217723369598389e-01 8.422145843505859375e-01
1.370957016944885254e+00 -2.345726013183593750e+01 7.125671207904815674e-02 -2.872124314308166504e-04 2.189987897872924805e-01 -4.925351738929748535e-01 8.422877192497253418e-01
1.827770948410034180e+00 -2.365100860595703125e+01 7.917053252458572388e-02 -2.023525536060333252e-03 2.161288559436798096e-01 -4.932853579521179199e-01 8.425875306129455566e-01
2.254299163818359375e+00 -2.391008758544921875e+01 8.510375767946243286e-02 -3.958672285079956055e-03 2.135076224803924561e-01 -4.934640824794769287e-01 8.431440591812133789e-01
2.611960411071777344e+00 -2.425684356689453125e+01 8.638305217027664185e-02 -6.065726280212402344e-03 2.112697958946228027e-01 -4.929622709751129150e-01 8.439884185791015625e-01
2.865717649459838867e+00 -2.468602180480957031e+01 7.684875279664993286e-02 -8.317746222019195557e-03 2.095505893230438232e-01 -4.916712343692779541e-01 8.451500535011291504e-01
3.061562538146972656e+00 -2.514477920532226562e+01 5.465270951390266418e-02 -1.068785786628723145e-02 2.084842622280120850e-01 -4.894808530807495117e-01 8.466573357582092285e-01
3.236420869827270508e+00 -2.561211776733398438e+01 3.464050218462944031e-02 -1.314876228570938110e-02 2.082042098045349121e-01 -4.862787425518035889e-01 8.485345840454101562e-01
3.412465810775756836e+00 -2.607932853698730469e+01 3.393432497978210449e-02 -1.567734032869338989e-02 2.088087648153305054e-01 -4.819823205471038818e-01 8.507914543151855469e-01
3.565766572952270508e+00 -2.655304336547851562e+01 6.687560677528381348e-02 -1.826433092355728149e-02 2.102587819099426270e-01 -4.766344726085662842e-01 8.533915877342224121e-01
3.673884153366088867e+00 -2.703387069702148438e+01 1.437670886516571045e-01 -2.090497314929962158e-02 2.124803811311721802e-01 -4.703085124492645264e-01 8.562855720520019531e-01
3.749597072601318359e+00 -2.751552200317382812e+01 2.493414282798767090e-01 -2.359332889318466187e-02 2.153989970684051514e-01 -4.630772471427917480e-01 8.594220280647277832e-01
3.777167797088623047e+00 -2.770986175537109375e+01 2.953423857688903809e-01 -2.632429450750350952e-02 2.189397513866424561e-01 -4.550131857395172119e-01 8.627488017082214355e-01
