5.700333023071289062e+01 -3.501418685913085938e+01 4.795525968074798584e-01 -0.000000000000000000e+00 -0.000000000000000000e+00 -9.280520677566528320e-01 3.724504113197326660e-01
5.676156997680664062e+01 -3.501781463623046875e+01 4.580431878566741943e-01 1.467414479702711105e-02 -7.036730181425809860e-03 -9.327561855316162109e-01 3.601402342319488525e-01
5.652484893798828125e+01 -3.501993942260742188e+01 4.391235113143920898e-01 2.998008020222187042e-02 -1.520408131182193756e-02 -9.371702671051025391e-01 3.472490012645721436e-01
5.629271316528320312e+01 -3.501926040649414062e+01 4.252001941204071045e-01 4.579635709524154663e-02 -2.429674565792083740e-02 -9.412055015563964844e-01 3.338328599929809570e-01
5.606529235839843750e+01 -3.501424407958984375e+01 4.190948307514190674e-01 6.199998408555984497e-02 -3.410816937685012817e-02 -9.447864890098571777e-01 3.199547827243804932e-01
5.584304428100585938e+01 -3.500324249267578125e+01 4.235858023166656494e-01 7.846736162900924683e-02 -4.443094134330749512e-02 -9.478535056114196777e-01 3.056836128234863281e-01
5.562586975097656250e+01 -3.498905181884765625e+01 4.296545386314392090e-01 9.507459402084350586e-02 -5.505750328302383423e-02 -9.503641724586486816e-01 2.910964488983154297e-01
5.541354370117187500e+01 -3.497842788696289062e+01 4.180377125740051270e-01 1.116985753178596497e-01 -6.578099727630615234e-02 -9.522960186004638672e-01 2.762760519981384277e-01
5.521109390258789062e+01 -3.497872543334960938e+01 3.693725466728210449e-01 1.282176524400711060e-01 -7.639587670564651489e-02 -9.536452293395996094e-01 2.613131999969482422e-01
5.502934265136718750e+01 -3.499362945556640625e+01 2.772308290004730225e-01 1.445125639438629150e-01 -8.669878542423248291e-02 -9.544286131858825684e-01 2.463035583496093750e-01
5.486863327026367188e+01 -3.501742935180664062e+01 1.593402028083801270e-01 1.604669094085693359e-01 -9.648931771516799927e-02 -9.546821117401123047e-01 2.313485145568847656e-01
5.472295761108398438e+01 -3.504433441162109375e+01 3.038879297673702240e-02 1.759683638811111450e-01 -1.055704057216644287e-01 -9.544603824615478516e-01 2.165535837411880493e-01
5.458531188964843750e+01 -3.507085037231445312e+01 -1.004644781351089478e-01 1.909083724021911621e-01 -1.137487590312957764e-01 -9.538344144821166992e-01 2.020272016525268555e-01
5.445157241821289062e+01 -3.509429931640625000e+01 -2.290228158235549927e-01 2.051827609539031982e-01 -1.208351850509643555e-01 -9.528905153274536133e-01 1.878794580698013306e-01
5.431761550903320312e+01 -3.511273193359375000e+01 -3.509618937969207764e-01 2.186921536922454834e-01 -1.266440004110336304e-01 -9.517257213592529297e-01 1.742216348648071289e-01
5.417805480957031250e+01 -3.512233734130859375e+01 -4.591808915138244629e-01 2.304252386093139648e-01 -1.256129294633865356e-01 -9.511724114418029785e-01 1.624705046415328979e-01
5.403210449218750000e+01 -3.512208557128906250e+01 -5.502392649650573730e-01 2.416241466999053955e-01 -1.247519329190254211e-01 -9.503807425498962402e-01 1.510998308658599854e-01
5.387911987304687500e+01 -3.510985183715820312e+01 -6.170690655708312988e-01 2.521717846393585205e-01 -1.241912543773651123e-01 -9.494048357009887695e-01 1.400572806596755981e-01
5.372214126586914062e+01 -3.508425140380859375e+01 -6.513421535491943359e-01 2.619315087795257568e-01 -1.239570453763008118e-01 -9.483169913291931152e-01 1.293111145496368408e-01
5.356784057617187500e+01 -3.504948043823242188e+01 -6.579241752624511719e-01 2.707662880420684814e-01 -1.240749359130859375e-01 -9.471908211708068848e-01 1.188293248414993286e-01
5.342064285278320312e+01 -3.500747299194335938e+01 -6.406304836273193359e-01 2.785389423370361328e-01 -1.245681494474411011e-01 -9.461016058921813965e-01 1.085841208696365356e-01
5.327930450439453125e+01 -3.496182250976562500e+01 -6.096764802932739258e-01 2.764661610126495361e-01 -1.180063188076019287e-01 -9.481854438781738281e-01 1.028855144977569580e-01
5.314523315429687500e+01 -3.491378402709960938e+01 -5.703296065330505371e-01 2.742249071598052979e-01 -1.087501645088195801e-01 -9.504715800285339355e-01 9.786655008792877197e-02
5.301794433593750000e+01 -3.486417770385742188e+01 -5.257031321525573730e-01 2.718936502933502197e-01 -9.707582741975784302e-02 -9.528459310531616211e-01 9.346045553684234619e-02
5.289691162109375000e+01 -3.481356811523437500e+01 -4.780077934265136719e-01 2.695426940917968750e-01 -8.327040076255798340e-02 -9.551856517791748047e-01 8.962747454643249512e-02
5.278165817260742188e+01 -3.476236724853515625e+01 -4.288415312767028809e-01 2.672323584556579590e-01 -6.763161718845367432e-02 -9.573693871498107910e-01 8.635166287422180176e-02
5.267177200317382812e+01 -3.471088790893554688e+01 -3.793756067752838135e-01 2.650106847286224365e-01 -5.046686530113220215e-02 -9.592849612236022949e-01 8.363439142704010010e-02
5.256665420532226562e+01 -3.465976715087890625e+01 -3.306414783000946045e-01 2.629114389419555664e-01 -3.208965063095092773e-02 -9.608366489410400391e-01 8.148986101150512695e-02
5.246568679809570312e+01 -3.460974502563476562e+01 -2.835052311420440674e-01 2.609535157680511475e-01 -1.281637884676456451e-02 -9.619506597518920898e-01 7.993687689304351807e-02
5.236837768554687500e+01 -3.456135559082031250e+01 -2.386932373046875000e-01 2.591415941715240479e-01 7.038422860205173492e-03 -9.625778198242187500e-01 7.899416238069534302e-02
5.227400207519531250e+01 -3.451522445678710938e+01 -1.973480135202407837e-01 2.574674189090728760e-01 2.716581709682941437e-02 -9.626957178115844727e-01 7.867369800806045532e-02
5.218243026733398438e+01 -3.447178268432617188e+01 -1.595818996429443359e-01 2.559128999710083008e-01 4.726516827940940857e-02 -9.623084664344787598e-01 7.897538691759109497e-02
5.208786392211914062e+01 -3.442854690551757812e+01 -1.237774640321731567e-01 2.544544637203216553e-01 6.704752147197723389e-02 -9.614446759223937988e-01 7.988528907299041748e-02
5.198989105224609375e+01 -3.438595962524414062e+01 -9.085083007812500000e-02 2.530659139156341553e-01 8.623592555522918701e-02 -9.601559638977050781e-01 8.137316256761550903e-02
5.188742065429687500e+01 -3.434550857543945312e+01 -6.360046565532684326e-02 2.517231702804565430e-01 1.045658513903617859e-01 -9.585129618644714355e-01 8.339239656925201416e-02
5.178071975708007812e+01 -3.430772018432617188e+01 -4.251586645841598511e-02 2.504080235958099365e-01 1.217834651470184326e-01 -9.566028118133544922e-01 8.588195592164993286e-02
5.166978836059570312e+01 -3.427374649047851562e+01 -2.927795425057411194e-02 2.491097152233123779e-01 1.376452744007110596e-01 -9.545252323150634766e-01 8.876706659793853760e-02
5.155528259277343750e+01 -3.424355316162109375e+01 -2.409667894244194031e-02 2.478285729885101318e-01 1.519149541854858398e-01 -9.523892402648925781e-01 9.196373820304870605e-02
5.143809127807617188e+01 -3.421628189086914062e+01 -2.621398866176605225e-02 2.465752959251403809e-01 1.643615216016769409e-01 -9.503093957901000977e-01 9.538191556930541992e-02
5.131890487670898438e+01 -3.419072341918945312e+01 -3.464355319738388062e-02 2.453724443912506104e-01 1.747562438249588013e-01 -9.484016299247741699e-01 9.892834722995758057e-02
5.119826507568359375e+01 -3.416523742675781250e+01 -4.817565903067588806e-02 2.442532181739807129e-01 1.828701794147491455e-01 -9.467788934707641602e-01 1.025107800960540771e-01
5.107731246948242188e+01 -3.413696289062500000e+01 -6.624817103147506714e-02 2.422567456960678101e-01 1.834180057048797607e-01 -9.469702839851379395e-01 1.044834852218627930e-01
5.095568084716796875e+01 -3.410327148437500000e+01 -8.497253060340881348e-02 2.406492531299591064e-01 1.841012835502624512e-01 -9.469590187072753906e-01 1.070672497153282166e-01
5.083533096313476562e+01 -3.405793762207031250e+01 -1.001055911183357239e-01 2.393891513347625732e-01 1.848945617675781250e-01 -9.467703104019165039e-01 1.101485639810562134e-01
5.072464752197265625e+01 -3.398763656616210938e+01 -1.017620861530303955e-01 2.384289503097534180e-01 1.857751458883285522e-01 -9.464299082756042480e-01 1.136213913559913635e-01
5.063562393188476562e+01 -3.389064025878906250e+01 -8.563720434904098511e-02 2.377183139324188232e-01 1.867219805717468262e-01 -9.459626078605651855e-01 1.173858046531677246e-01
5.056958770751953125e+01 -3.377667617797851562e+01 -5.677795410156250000e-02 2.376221120357513428e-01 1.844688951969146729e-01 -9.460333585739135742e-01 1.205307543277740479e-01
5.051847457885742188e+01 -3.365457916259765625e+01 -2.171264588832855225e-02 2.382244765758514404e-01 1.782338172197341919e-01 -9.467889666557312012e-01 1.227698326110839844e-01
5.047264480590820312e+01 -3.352890777587890625e+01 1.558776851743459702e-02 2.391773313283920288e-01 1.705252230167388916e-01 -9.477237462997436523e-01 1.246400922536849976e-01
5.042801284790039062e+01 -3.340085983276367188e+01 5.347167700529098511e-02 2.404260486364364624e-01 1.614855676889419556e-01 -9.487996101379394531e-01 1.260835379362106323e-01
5.038288116455078125e+01 -3.327058029174804688e+01 9.034545719623565674e-02 2.419161647558212280e-01 1.512576490640640259e-01 -9.499778151512145996e-01 1.270422339439392090e-01
5.033639526367187500e+01 -3.313802719116210938e+01 1.249218732118606567e-01 2.435931861400604248e-01 1.399849355220794678e-01 -9.512207508087158203e-01 1.274587661027908325e-01
5.028786087036132812e+01 -3.300322341918945312e+01 1.560198962688446045e-01 2.453897744417190552e-01 1.278113126754760742e-01 -9.524963498115539551e-01 1.272744238376617432e-01
5.023620986938476562e+01 -3.286520004272460938e+01 1.825231909751892090e-01 2.468674182891845703e-01 1.148502379655838013e-01 -9.538796544075012207e-01 1.264095455408096313e-01
5.018059539794921875e+01 -3.272422027587890625e+01 2.024932801723480225e-01 2.484863400459289551e-01 1.012870073318481445e-01 -9.552004337310791016e-01 1.248507276177406311e-01
5.011974334716796875e+01 -3.258090591430664062e+01 2.127679437398910522e-01 2.502062916755676270e-01 8.727402240037918091e-02 -9.564331173896789551e-01 1.225382015109062195e-01
5.005204010009765625e+01 -3.243693161010742188e+01 2.082202136516571045e-01 2.519810497760772705e-01 7.296326011419296265e-02 -9.575607180595397949e-01 1.194124296307563782e-01
4.997604370117187500e+01 -3.229533767700195312e+01 1.850097626447677612e-01 2.537600100040435791e-01 5.850666761398315430e-02 -9.585731029510498047e-01 1.154146790504455566e-01
4.989031600952148438e+01 -3.215884399414062500e+01 1.475115865468978882e-01 2.554880380630493164e-01 4.405547305941581726e-02 -9.594672322273254395e-01 1.104878559708595276e-01
4.979258728027343750e+01 -3.202941131591796875e+01 1.022070273756980896e-01 2.571086883544921875e-01 2.976001612842082977e-02 -9.602462649345397949e-01 1.045774295926094055e-01
4.967845153808593750e+01 -3.190963745117187500e+01 5.923156440258026123e-02 2.585657238960266113e-01 1.576914265751838684e-02 -9.609179496765136719e-01 9.763066470623016357e-02
4.954876708984375000e+01 -3.179881095886230469e+01 2.903686463832855225e-02 2.593522965908050537e-01 2.157755196094512939e-03 -9.616103768348693848e-01 8.965037018060684204e-02
4.940363311767578125e+01 -3.170064544677734375e+01 2.545959502458572388e-02 2.598604559898376465e-01 -1.099893823266029358e-02 -9.622032046318054199e-01 8.072470873594284058e-02
4.924942398071289062e+01 -3.161529159545898438e+01 4.942565783858299255e-02 2.601080238819122314e-01 -2.369082905352115631e-02 -9.626754522323608398e-01 7.098237425088882446e-02
4.908984375000000000e+01 -3.154114913940429688e+01 9.058410674333572388e-02 2.601135373115539551e-01 -3.590780496597290039e-02 -9.630082845687866211e-01 6.055302172899246216e-02
4.892533111572265625e+01 -3.147873497009277344e+01 1.431311070919036865e-01 2.598965167999267578e-01 -4.764031618833541870e-02 -9.631859064102172852e-01 4.956589639186859131e-02
4.875511169433593750e+01 -3.142870521545410156e+01 2.009875476360321045e-01 2.594775855541229248e-01 -5.887894332408905029e-02 -9.631974101066589355e-01 3.815138339996337891e-02
4.857786178588867188e+01 -3.139251136779785156e+01 2.578656077384948730e-01 2.588785290718078613e-01 -6.961470842361450195e-02 -9.630351066589355469e-01 2.643985673785209656e-02
4.838976287841796875e+01 -3.138475036621093750e+01 2.977294921875000000e-01 2.581227719783782959e-01 -7.983914017677307129e-02 -9.626973271369934082e-01 1.456180028617382050e-02
4.819494628906250000e+01 -3.140185928344726562e+01 2.938372790813446045e-01 2.572349011898040771e-01 -8.954444527626037598e-02 -9.621876478195190430e-01 2.647427842020988464e-03
4.800735092163085938e+01 -3.137463378906250000e+01 2.374688684940338135e-01 2.562409639358520508e-01 -9.872333705425262451e-02 -9.615144729614257812e-01 -9.173182770609855652e-03
4.785015487670898438e+01 -3.126783561706542969e+01 1.688299477100372314e-01 2.551684081554412842e-01 -1.073692291975021362e-01 -9.606922268867492676e-01 -2.077038213610649109e-02
4.771830368041992188e+01 -3.111994361877441406e+01 1.099121049046516418e-01 -2.540459036827087402e-01 1.154763400554656982e-01 9.597401022911071777e-01 3.201561793684959412e-02
4.759563064575195312e+01 -3.095693969726562500e+01 5.889160186052322388e-02 -2.529034316539764404e-01 1.230394840240478516e-01 9.586819410324096680e-01 4.278066754341125488e-02
4.747203063964843750e+01 -3.078907394409179688e+01 1.278015132993459702e-02 -2.517715394496917725e-01 1.300542503595352173e-01 9.575459957122802734e-01 5.293841660022735596e-02
4.733937454223632812e+01 -3.061718177795410156e+01 -3.053710795938968658e-02 -2.506822943687438965e-01 1.365167647600173950e-01 9.563642144203186035e-01 6.236272677779197693e-02
4.719367218017578125e+01 -3.044482994079589844e+01 -7.116882503032684326e-02 -2.496674805879592896e-01 1.424237042665481567e-01 9.551704525947570801e-01 7.092814147472381592e-02
4.703112792968750000e+01 -3.027619361877441406e+01 -1.087078824639320374e-01 -2.487599551677703857e-01 1.477722823619842529e-01 9.540009498596191406e-01 7.851052284240722656e-02
4.684783172607421875e+01 -3.011698722839355469e+01 -1.422570794820785522e-01 -2.479920983314514160e-01 1.525598764419555664e-01 9.528918266296386719e-01 8.498562872409820557e-02
4.664013671875000000e+01 -2.997532463073730469e+01 -1.703784167766571045e-01 -2.473961114883422852e-01 1.567840874195098877e-01 9.518783092498779297e-01 9.023045003414154053e-02
4.640602493286132812e+01 -2.986213874816894531e+01 -1.911053359508514404e-01 -2.470037192106246948e-01 1.604423224925994873e-01 9.509934186935424805e-01 9.412152320146560669e-02
4.614983749389648438e+01 -2.978007507324218750e+01 -2.051971405744552612e-01 -2.464468330144882202e-01 1.635313034057617188e-01 9.503711462020874023e-01 9.652000665664672852e-02
4.587751007080078125e+01 -2.972604751586914062e+01 -2.151214480400085449e-01 -2.461277544498443604e-01 1.660866141319274902e-01 9.499052762985229492e-01 9.755097329616546631e-02
4.559301757812500000e+01 -2.969643402099609375e+01 -2.236450165510177612e-01 -2.460383623838424683e-01 1.681433469057083130e-01 9.495898485183715820e-01 9.732452034950256348e-02
4.529888916015625000e+01 -2.968791961669921875e+01 -2.338970899581909180e-01 -2.461668550968170166e-01 1.697348952293395996e-01 9.494133591651916504e-01 9.594903886318206787e-02
4.499691772460937500e+01 -2.969845581054687500e+01 -2.503961026668548584e-01 -2.464984059333801270e-01 1.708933115005493164e-01 9.493606090545654297e-01 9.353272616863250732e-02
4.468899154663085938e+01 -2.972590827941894531e+01 -2.811834514141082764e-01 -2.470155507326126099e-01 1.716499924659729004e-01 9.494137167930603027e-01 9.018357098102569580e-02
4.437801742553710938e+01 -2.976570320129394531e+01 -3.380328416824340820e-01 -2.476989775896072388e-01 1.720353066921234131e-01 9.495533108711242676e-01 8.600914478302001953e-02
4.407263183593750000e+01 -2.981763267517089844e+01 -4.413018822669982910e-01 -2.485277354717254639e-01 1.720791012048721313e-01 9.497594237327575684e-01 8.111654222011566162e-02
4.377874755859375000e+01 -2.987590599060058594e+01 -5.903094410896301270e-01 -2.494797408580780029e-01 1.718109995126724243e-01 9.500122666358947754e-01 7.561316341161727905e-02
4.348865127563476562e+01 -2.992738151550292969e+01 -7.655297517776489258e-01 -2.505321502685546875e-01 1.712606549263000488e-01 9.502938389778137207e-01 6.960626691579818726e-02
4.318153381347656250e+01 -2.995950889587402344e+01 -9.316619634628295898e-01 -2.516618669033050537e-01 1.704577654600143433e-01 9.505870938301086426e-01 6.320326030254364014e-02
4.285520553588867188e+01 -2.997702980041503906e+01 -1.079672813415527344e+00 -2.528453469276428223e-01 1.694324761629104614e-01 9.508776068687438965e-01 5.651168152689933777e-02
4.251404190063476562e+01 -2.999028205871582031e+01 -1.213599205017089844e+00 -2.540598809719085693e-01 1.682152450084686279e-01 9.511535763740539551e-01 4.963881522417068481e-02
4.215975570678710938e+01 -3.001005744934082031e+01 -1.333815336227416992e+00 2.552824318408966064e-01 -1.668374538421630859e-01 -9.514059424400329590e-01 -4.269265756011009216e-02
4.179372024536132812e+01 -3.005727195739746094e+01 -1.433816552162170410e+00 2.564934790134429932e-01 -1.652640849351882935e-01 -9.516404867172241211e-01 -3.576302900910377502e-02
4.142166900634765625e+01 -3.014478874206542969e+01 -1.512503623962402344e+00 2.576737403869628906e-01 -1.634176969528198242e-01 -9.518728852272033691e-01 -2.892742678523063660e-02
4.104785919189453125e+01 -3.026069068908691406e+01 -1.585837960243225098e+00 2.587921321392059326e-01 -1.616408377885818481e-01 -9.520493745803833008e-01 -2.237719483673572540e-02
4.067180633544921875e+01 -3.040016555786132812e+01 -1.647100210189819336e+00 2.598320245742797852e-01 -1.599639207124710083e-01 -9.521741867065429688e-01 -1.622002758085727692e-02
4.029925537109375000e+01 -3.057774925231933594e+01 -1.663038253784179688e+00 2.607778906822204590e-01 -1.584172248840332031e-01 -9.522537589073181152e-01 -1.056213676929473877e-02
3.995268249511718750e+01 -3.080550193786621094e+01 -1.597561597824096680e+00 2.616145014762878418e-01 -1.570318341255187988e-01 -9.522963762283325195e-01 -5.511280149221420288e-03
3.965119552612304688e+01 -3.107074356079101562e+01 -1.448413014411926270e+00 2.619374692440032959e-01 -1.554941534996032715e-01 -9.524754285812377930e-01 -9.735785424709320068e-04
3.936939239501953125e+01 -3.134595870971679688e+01 -1.259860754013061523e+00 2.621251046657562256e-01 -1.540543138980865479e-01 -9.526537060737609863e-01 2.905290573835372925e-03
3.907365036010742188e+01 -3.161472320556640625e+01 -1.065410137176513672e+00 2.621936202049255371e-01 -1.527272909879684448e-01 -9.528332352638244629e-01 6.142899394035339355e-03
3.872719573974609375e+01 -3.185421752929687500e+01 -9.030078053474426270e-01 2.621585726737976074e-01 -1.515278667211532593e-01 -9.530138373374938965e-01 8.756250143051147461e-03
3.831833267211914062e+01 -3.203313827514648438e+01 -7.935473322868347168e-01 2.620351612567901611e-01 -1.504707187414169312e-01 -9.531948566436767578e-01 1.076244935393333435e-02
3.787594985961914062e+01 -3.214891815185546875e+01 -6.960504055023193359e-01 2.618384957313537598e-01 -1.495701521635055542e-01 -9.533735513687133789e-01 1.217845827341079712e-02
3.742594528198242188e+01 -3.220190811157226562e+01 -5.537066459655761719e-01 2.615830302238464355e-01 -1.488404273986816406e-01 -9.535467028617858887e-01 1.302155852317810059e-02
3.699197006225585938e+01 -3.220515441894531250e+01 -3.415594398975372314e-01 2.612831592559814453e-01 -1.482955068349838257e-01 -9.537097811698913574e-01 1.330878213047981262e-02
3.656665039062500000e+01 -3.217692184448242188e+01 -9.732482582330703735e-02 2.609531581401824951e-01 -1.479494124650955200e-01 -9.538574218750000000e-01 1.305714622139930725e-02
3.610964202880859375e+01 -3.215168762207031250e+01 9.418579190969467163e-02 2.606064975261688232e-01 -1.478156894445419312e-01 -9.539830684661865234e-01 1.228388398885726929e-02
3.562641143798828125e+01 -3.223135757446289062e+01 1.197369322180747986e-01 2.602571249008178711e-01 -1.479080915451049805e-01 -9.540798068046569824e-01 1.100593060255050659e-02
3.515768814086914062e+01 -3.235453414916992188e+01 1.142504885792732239e-01 2.599182724952697754e-01 -1.482399851083755493e-01 -9.541394114494323730e-01 9.240556508302688599e-03
3.469887924194335938e+01 -3.248692703247070312e+01 1.089025884866714478e-01 2.596031129360198975e-01 -1.488247364759445190e-01 -9.541532397270202637e-01 7.004894316196441650e-03
3.424830245971679688e+01 -3.262197875976562500e+01 1.028106659650802612e-01 2.593246102333068848e-01 -1.496757119894027710e-01 -9.541118144989013672e-01 4.315547645092010498e-03
3.380530166625976562e+01 -3.275732803344726562e+01 9.511046856641769409e-02 2.590956687927246094e-01 -1.508059501647949219e-01 -9.540050029754638672e-01 1.189865171909332275e-03
3.336963653564453125e+01 -3.289207458496093750e+01 8.502258360385894775e-02 2.589288651943206787e-01 -1.522285193204879761e-01 -9.538220763206481934e-01 -2.354968339204788208e-03
3.294119644165039062e+01 -3.302571868896484375e+01 7.139098644256591797e-02 2.588366866111755371e-01 -1.539563387632369995e-01 -9.535518884658813477e-01 -6.301932036876678467e-03
3.252004623413085938e+01 -3.315783691406250000e+01 5.070678517222404480e-02 2.588314414024353027e-01 -1.560021638870239258e-01 -9.531823396682739258e-01 -1.063378527760505676e-02
3.210645294189453125e+01 -3.328785705566406250e+01 1.856872439384460449e-02 2.589252591133117676e-01 -1.583786755800247192e-01 -9.527007341384887695e-01 -1.533320173621177673e-02
3.170163345336914062e+01 -3.341534423828125000e+01 -3.354492038488388062e-02 2.591301202774047852e-01 -1.610984355211257935e-01 -9.520941376686096191e-01 -2.038303017616271973e-02
3.130695152282714844e+01 -3.353908920288085938e+01 -1.105090305209159851e-01 2.583401799201965332e-01 -1.623621881008148193e-01 -9.519832134246826172e-01 -2.503311075270175934e-02
3.091356086730957031e+01 -3.364693832397460938e+01 -1.767407208681106567e-01 2.575156986713409424e-01 -1.636665612459182739e-01 -9.518444538116455078e-01 -2.984710410237312317e-02
3.051097297668457031e+01 -3.369831085205078125e+01 -1.863116472959518433e-01 2.566653490066528320e-01 -1.649970859289169312e-01 -9.516772627830505371e-01 -3.477276489138603210e-02
3.011225318908691406e+01 -3.370846939086914062e+01 -1.649957299232482910e-01 2.557975053787231445e-01 -1.663393676280975342e-01 -9.514821171760559082e-01 -3.975770622491836548e-02
2.972043800354003906e+01 -3.369823837280273438e+01 -1.457958966493606567e-01 2.549210190773010254e-01 -1.676794290542602539e-01 -9.512602686882019043e-01 -4.475020617246627808e-02
2.933583259582519531e+01 -3.367544174194335938e+01 -1.363519281148910522e-01 -2.540451586246490479e-01 1.690035164356231689e-01 9.510145187377929688e-01 4.969901591539382935e-02
2.895877838134765625e+01 -3.364366149902343750e+01 -1.384002715349197388e-01 -2.531793415546417236e-01 1.702979058027267456e-01 9.507486224174499512e-01 5.455202981829643250e-02
2.858945465087890625e+01 -3.360621643066406250e+01 -1.502191126346588135e-01 -2.523330748081207275e-01 1.715493649244308472e-01 9.504668712615966797e-01 5.925871431827545166e-02
2.822764778137207031e+01 -3.356674575805664062e+01 -1.689990162849426270e-01 -2.515161037445068359e-01 1.727447062730789185e-01 9.501749277114868164e-01 6.376792490482330322e-02
2.787289810180664062e+01 -3.352896499633789062e+01 -1.917156875133514404e-01 -2.507388293743133545e-01 1.738711595535278320e-01 9.498793482780456543e-01 6.802930682897567749e-02
2.752486038208007812e+01 -3.349544906616210938e+01 -2.164807021617889404e-01 -2.500113844871520996e-01 1.749155819416046143e-01 9.495873451232910156e-01 7.199102640151977539e-02
2.718330955505371094e+01 -3.346831130981445312e+01 -2.419873028993606567e-01 -2.493443787097930908e-01 1.758650839328765869e-01 9.493066668510437012e-01 7.560181617736816406e-02
2.684813880920410156e+01 -3.344963836669921875e+01 -2.672076225280761719e-01 -2.487487047910690308e-01 1.767065674066543579e-01 9.490457177162170410e-01 7.880888134241104126e-02
2.651939582824707031e+01 -3.344185638427734375e+01 -2.911944389343261719e-01 -2.482355833053588867e-01 1.774266511201858521e-01 9.488133788108825684e-01 8.155877143144607544e-02
2.619741821289062500e+01 -3.344816970825195312e+01 -3.129101395606994629e-01 -2.478164583444595337e-01 1.780115813016891479e-01 9.486183524131774902e-01 8.379615843296051025e-02
2.588311004638671875e+01 -3.347320556640625000e+01 -3.310125768184661865e-01 -2.475030720233917236e-01 1.784469485282897949e-01 9.484697580337524414e-01 8.546353876590728760e-02
2.557773780822753906e+01 -3.351807403564453125e+01 -3.449694812297821045e-01 -2.473077625036239624e-01 1.787177026271820068e-01 9.483756422996520996e-01 8.650145679712295532e-02
2.528244400024414062e+01 -3.358123779296875000e+01 -3.547637760639190674e-01 -2.472424805164337158e-01 1.788079589605331421e-01 9.483438134193420410e-01 8.684767782688140869e-02
2.499792480468750000e+01 -3.366010665893554688e+01 -3.605584502220153809e-01 -2.473202049732208252e-01 1.787004768848419189e-01 9.483816623687744141e-01 8.643542975187301636e-02
2.472384452819824219e+01 -3.375002288818359375e+01 -3.629730045795440674e-01 -2.475535422563552856e-01 1.783770769834518433e-01 9.484937191009521484e-01 8.519573509693145752e-02
2.445777511596679688e+01 -3.384481048583984375e+01 -3.616918921470642090e-01 -2.438913732767105103e-01 1.710414439439773560e-01 9.511948823928833008e-01 8.056014776229858398e-02
2.418425941467285156e+01 -3.394656753540039062e+01 -3.584033250808715820e-01 -2.397063374519348145e-01 1.624953895807266235e-01 9.542261362075805664e-01 7.475835829973220825e-02
2.390191078186035156e+01 -3.405145263671875000e+01 -3.537310659885406494e-01 -2.349781990051269531e-01 1.528522372245788574e-01 9.575036764144897461e-01 6.788347661495208740e-02
2.360985374450683594e+01 -3.415710067749023438e+01 -3.482293486595153809e-01 -2.296876311302185059e-01 1.422262191772460938e-01 9.609432220458984375e-01 6.002874672412872314e-02
2.330848503112792969e+01 -3.426450729370117188e+01 -3.421966433525085449e-01 -2.238158434629440308e-01 1.307329535484313965e-01 9.644608497619628906e-01 5.128905922174453735e-02
2.299818038940429688e+01 -3.437464141845703125e+01 -3.359344303607940674e-01 -2.173457294702529907e-01 1.184898242354393005e-01 9.679757356643676758e-01 4.176028072834014893e-02
2.267934799194335938e+01 -3.448856735229492188e+01 -3.297814726829528809e-01 -2.102622985839843750e-01 1.056161001324653625e-01 9.714114665985107422e-01 3.153980895876884460e-02
2.235247230529785156e+01 -3.460753250122070312e+01 -3.241497874259948730e-01 -2.025529444217681885e-01 9.223311394453048706e-02 9.746978282928466797e-01 2.072629891335964203e-02
2.201826667785644531e+01 -3.473332595825195312e+01 -3.196435570716857910e-01 1.942077428102493286e-01 -7.846416532993316650e-02 -9.777719378471374512e-01 -9.419804438948631287e-03
2.167824363708496094e+01 -3.486948776245117188e+01 -3.174969553947448730e-01 1.852197945117950439e-01 -6.443446874618530273e-02 -9.805797338485717773e-01 2.278228290379047394e-03
2.133305358886718750e+01 -3.501705551147460938e+01 -3.183093070983886719e-01 1.755852848291397095e-01 -5.027065426111221313e-02 -9.830763936042785645e-01 1.426571980118751526e-02
2.098251724243164062e+01 -3.517500686645507812e+01 -3.235382139682769775e-01 1.653033494949340820e-01 -3.610048443078994751e-02 -9.852271080017089844e-01 2.644043602049350739e-02
2.082203865051269531e+01 -3.520064926147460938e+01 -3.394360244274139404e-01 1.543763875961303711e-01 -2.205264568328857422e-02 -9.870074391365051270e-01 3.869915008544921875e-02
2.114987182617187500e+01 -3.497789382934570312e+01 -3.367706239223480225e-01 1.428093165159225464e-01 -8.256086148321628571e-03 -9.884040951728820801e-01 5.093907937407493591e-02
2.149025154113769531e+01 -3.475762176513671875e+01 -3.307513296604156494e-01 1.306097358465194702e-01 5.160453263670206070e-03 -9.894130229949951172e-01 6.305824220180511475e-02
2.184075546264648438e+01 -3.453625488281250000e+01 -3.230401575565338135e-01 1.177874654531478882e-01 1.806873269379138947e-02 -9.900410771369934082e-01 7.495542615652084351e-02
2.220148086547851562e+01 -3.431397247314453125e+01 -3.135730028152465820e-01 1.043538749217987061e-01 3.034179657697677612e-02 -9.903041124343872070e-01 8.653030544519424438e-02
2.257100296020507812e+01 -3.408843994140625000e+01 -3.025811612606048584e-01 9.032178670167922974e-02 4.185352474451065063e-02 -9.902262091636657715e-01 9.768476337194442749e-02
2.294544601440429688e+01 -3.385331344604492188e+01 -2.905462682247161865e-01 7.570460438728332520e-02 5.248023942112922668e-02 -9.898388385772705078e-01 1.083221361041069031e-01
2.331739234924316406e+01 -3.359757614135742188e+01 -2.783636450767517090e-01 6.051617115736007690e-02 6.209966167807579041e-02 -9.891790151596069336e-01 1.183476820588111877e-01
2.367106437683105469e+01 -3.330270767211914062e+01 -2.677667140960693359e-01 4.478063061833381653e-02 7.062011212110519409e-02 -9.882817268371582031e-01 1.276969462633132935e-01
2.398821449279785156e+01 -3.295587158203125000e+01 -2.662359476089477539e-01 2.856566384434700012e-02 7.806530594825744629e-02 -9.871570467948913574e-01 1.364208906888961792e-01
2.429132080078125000e+01 -3.258529281616210938e+01 -2.908941507339477539e-01 1.194962766021490097e-02 8.448848128318786621e-02 -9.858043193817138672e-01 1.445985138416290283e-01
2.462403297424316406e+01 -3.223370742797851562e+01 -3.537689149379730225e-01 -4.989527165889739990e-03 8.994286507368087769e-02 -9.842191338539123535e-01 1.523089110851287842e-01
2.499571418762207031e+01 -3.191643333435058594e+01 -4.472222924232482910e-01 -2.217390201985836029e-02 9.448275715112686157e-02 -9.823945164680480957e-01 1.596313565969467163e-01
2.538411521911621094e+01 -3.162919807434082031e+01 -5.551671981811523438e-01 -3.952606022357940674e-02 9.816277027130126953e-02 -9.803220033645629883e-01 1.666447073221206665e-01
2.578853988647460938e+01 -3.137177848815917969e+01 -6.671795248985290527e-01 -5.696876347064971924e-02 1.010378226637840271e-01 -9.779921770095825195e-01 1.734283566474914551e-01
2.620081520080566406e+01 -3.111536026000976562e+01 -7.258013486862182617e-01 -7.442522048950195312e-02 1.031632721424102783e-01 -9.753954410552978516e-01 1.800611615180969238e-01
2.658981704711914062e+01 -3.082194709777832031e+01 -7.281939387321472168e-01 -9.181845188140869141e-02 1.045947670936584473e-01 -9.725232124328613281e-01 1.866220086812973022e-01
2.697310447692871094e+01 -3.052745819091796875e+01 -6.933147907257080078e-01 -1.090727150440216064e-01 1.053887680172920227e-01 -9.693677425384521484e-01 1.931900233030319214e-01
2.735819435119628906e+01 -3.025249481201171875e+01 -6.034887433052062988e-01 -1.261125355958938599e-01 1.056011915206909180e-01 -9.659224748611450195e-01 1.998439729213714600e-01
2.774361991882324219e+01 -3.002647972106933594e+01 -4.322650134563446045e-01 -1.428630650043487549e-01 1.052887812256813049e-01 -9.621824622154235840e-01 2.066624313592910767e-01
2.814140892028808594e+01 -2.986901283264160156e+01 -2.228332459926605225e-01 -1.592501699924468994e-01 1.045080572366714478e-01 -9.581437706947326660e-01 2.137237042188644409e-01
2.857939338684082031e+01 -2.977720642089843750e+01 -7.249389588832855225e-02 -1.752009391784667969e-01 1.033159345388412476e-01 -9.538042545318603516e-01 2.211059927940368652e-01
2.904629516601562500e+01 -2.973247718811035156e+01 -4.166015610098838806e-02 -1.906429231166839600e-01 1.017693057656288147e-01 -9.491623044013977051e-01 2.288868874311447144e-01
2.951247024536132812e+01 -2.970439910888671875e+01 -7.186157256364822388e-02 -2.055053114891052246e-01 9.992402791976928711e-02 -9.442169666290283203e-01 2.371437847614288330e-01
2.997479248046875000e+01 -2.966962623596191406e+01 -1.095184311270713806e-01 -2.197177261114120483e-01 9.783692657947540283e-02 -9.389670491218566895e-01 2.459531128406524658e-01
3.043328094482421875e+01 -2.961201858520507812e+01 -1.189337149262428284e-01 -2.332110553979873657e-01 9.556363523006439209e-02 -9.334108233451843262e-01 2.553906738758087158e-01
3.088818740844726562e+01 -2.954884529113769531e+01 -1.079864501953125000e-01 -2.459169924259185791e-01 9.315956383943557739e-02 -9.275447726249694824e-01 2.655313014984130859e-01
3.134153556823730469e+01 -2.949748420715332031e+01 -9.214172512292861938e-02 -2.577683627605438232e-01 9.067945927381515503e-02 -9.213624596595764160e-01 2.764488756656646729e-01
3.179315567016601562e+01 -2.946515464782714844e+01 -8.229187130928039551e-02 -2.671279311180114746e-01 8.316659182310104370e-02 -9.153335690498352051e-01 2.896383404731750488e-01
3.224197006225585938e+01 -2.943346786499023438e+01 -7.719848304986953735e-02 -2.753639519214630127e-01 7.557521760463714600e-02 -9.089924693107604980e-01 3.036373853683471680e-01
3.268577575683593750e+01 -2.938066291809082031e+01 -7.349914312362670898e-02 -2.824810743331909180e-01 6.800372153520584106e-02 -9.023925662040710449e-01 3.182253241539001465e-01
3.312304687500000000e+01 -2.930362701416015625e+01 -6.954040378332138062e-02 -2.885009050369262695e-01 6.055639684200286865e-02 -8.955963253974914551e-01 3.331775963306427002e-01
3.355287551879882812e+01 -2.920430564880371094e+01 -6.479186564683914185e-02 -2.934619486331939697e-01 5.333972722291946411e-02 -8.886765241622924805e-01 3.482656478881835938e-01
3.397536849975585938e+01 -2.908724021911621094e+01 -5.917175114154815674e-02 -2.974185645580291748e-01 4.645724594593048096e-02 -8.817160129547119141e-01 3.632639646530151367e-01
3.439144897460937500e+01 -2.895745277404785156e+01 -5.282775685191154480e-02 -3.004392683506011963e-01 4.000720381736755371e-02 -8.748089075088500977e-01 3.779484629631042480e-01
3.479858016967773438e+01 -2.880944824218750000e+01 -4.530578479170799255e-02 -3.026041984558105469e-01 3.407858312129974365e-02 -8.680583238601684570e-01 3.921019732952117920e-01
3.520060348510742188e+01 -2.865532875061035156e+01 -3.731384128332138062e-02 -3.040009737014770508e-01 2.874933928251266479e-02 -8.615756630897521973e-01 4.055172502994537354e-01
3.559643936157226562e+01 -2.849220085144042969e+01 -2.865661494433879852e-02 -3.047214150428771973e-01 2.408622950315475464e-02 -8.554790616035461426e-01 4.179955124855041504e-01
3.598738479614257812e+01 -2.832387924194335938e+01 -1.963928155601024628e-02 -3.048572540283203125e-01 2.014422416687011719e-02 -8.498912453651428223e-01 4.293496310710906982e-01
3.637396621704101562e+01 -2.815144920349121094e+01 -1.033874507993459702e-02 -3.044957518577575684e-01 1.696868240833282471e-02 -8.449375033378601074e-01 4.394029974937438965e-01
3.675661087036132812e+01 -2.797609138488769531e+01 -8.685302454978227615e-04 -3.037160933017730713e-01 1.459689438343048096e-02 -8.407433032989501953e-01 4.479888379573822021e-01
3.713305664062500000e+01 -2.779845428466796875e+01 8.731689304113388062e-03 -3.025856018066406250e-01 1.306094229221343994e-02 -8.374323844909667969e-01 4.549487829208374023e-01
3.750450515747070312e+01 -2.762112808227539062e+01 1.829284615814685822e-02 -3.011561036109924316e-01 1.239007711410522461e-02 -8.351224660873413086e-01 4.601324796676635742e-01
3.786954116821289062e+01 -2.744114494323730469e+01 2.793884277343750000e-02 -2.994602024555206299e-01 1.261448860168457031e-02 -8.339245915412902832e-01 4.633940756320953369e-01
3.823036956787109375e+01 -2.726295280456542969e+01 3.747619688510894775e-02 -2.975080013275146484e-01 1.376716792583465576e-02 -8.339387774467468262e-01 4.645917117595672607e-01
3.858480072021484375e+01 -2.708214950561523438e+01 4.701110720634460449e-02 -2.952835559844970703e-01 1.588593423366546631e-02 -8.352507948875427246e-01 4.635851085186004639e-01
3.893489837646484375e+01 -2.690273094177246094e+01 5.644531175494194031e-02 -2.927401363849639893e-01 1.901479810476303101e-02 -8.379289507865905762e-01 4.602354168891906738e-01
3.927973175048828125e+01 -2.672285842895507812e+01 6.576781719923019409e-02 -2.897975742816925049e-01 2.320252358913421631e-02 -8.420193195343017578e-01 4.544033706188201904e-01
3.961801147460937500e+01 -2.654357528686523438e+01 7.245116680860519409e-02 -2.809309959411621094e-01 1.824223250150680542e-02 -8.477891683578491211e-01 4.494423568248748779e-01
3.995170211791992188e+01 -2.636541175842285156e+01 7.869079709053039551e-02 -2.710747718811035156e-01 1.306471228599548340e-02 -8.548223376274108887e-01 4.422971308231353760e-01
4.027961730957031250e+01 -2.618616485595703125e+01 8.443481475114822388e-02 -2.602896392345428467e-01 7.677674293518066406e-03 -8.629052639007568359e-01 4.331108033657073975e-01
4.060342407226562500e+01 -2.600900077819824219e+01 8.983398228883743286e-02 -2.486366033554077148e-01 2.090096473693847656e-03 -8.718192577362060547e-01 4.220265746116638184e-01
4.092092132568359375e+01 -2.582992172241210938e+01 9.459533542394638062e-02 -2.361796349287033081e-01 -3.689162433147430420e-03 -8.813447356224060059e-01 4.091905653476715088e-01
4.123432922363281250e+01 -2.565304565429687500e+01 9.908325225114822388e-02 -2.229856699705123901e-01 -9.649150073528289795e-03 -8.912649750709533691e-01 3.947544693946838379e-01
4.154085540771484375e+01 -2.547346878051757812e+01 1.026922613382339478e-01 -2.091272771358489990e-01 -1.577851921319961548e-02 -9.013703465461730957e-01 3.788777291774749756e-01
4.184197235107421875e+01 -2.529400634765625000e+01 1.058294624090194702e-01 -1.946827471256256104e-01 -2.206505462527275085e-02 -9.114626049995422363e-01 3.617287576198577881e-01
4.213651275634765625e+01 -2.511276245117187500e+01 1.082928478717803955e-01 -1.797364354133605957e-01 -2.849527448415756226e-02 -9.213577508926391602e-01 3.434861898422241211e-01
4.242156982421875000e+01 -2.492547607421875000e+01 1.096221879124641418e-01 -1.643785238265991211e-01 -3.505483269691467285e-02 -9.308899044990539551e-01 3.243375122547149658e-01
4.269336700439453125e+01 -2.472767448425292969e+01 1.093878149986267090e-01 -1.487062722444534302e-01 -4.172950610518455505e-02 -9.399126172065734863e-01 3.044819533824920654e-01
4.293893814086914062e+01 -2.450605010986328125e+01 1.062713563442230225e-01 -1.328217685222625732e-01 -4.850409179925918579e-02 -9.483024477958679199e-01 2.841271162033081055e-01
4.312209320068359375e+01 -2.423738288879394531e+01 9.968932718038558960e-02 -1.168329790234565735e-01 -5.536407977342605591e-02 -9.559594392776489258e-01 2.634889185428619385e-01
4.327949142456054688e+01 -2.395825576782226562e+01 9.510436654090881348e-02 -1.008511781692504883e-01 -6.229511275887489319e-02 -9.628088474273681641e-01 2.427911162376403809e-01
4.344497299194335938e+01 -2.368990135192871094e+01 9.029723703861236572e-02 -8.499136567115783691e-02 -6.928376108407974243e-02 -9.688009023666381836e-01 2.222633361816406250e-01
4.361693191528320312e+01 -2.343186187744140625e+01 8.500243723392486572e-02 -6.937067210674285889e-02 -7.631760090589523315e-02 -9.739112854003906250e-01 2.021387517452239990e-01
4.379335784912109375e+01 -2.318330001831054688e+01 7.917724549770355225e-02 -5.410740524530410767e-02 -8.338572829961776733e-02 -9.781394600868225098e-01 1.826535761356353760e-01
4.397494506835937500e+01 -2.294509696960449219e+01 7.258667051792144775e-02 -3.931984305381774902e-02 -9.047891944646835327e-02 -9.815074205398559570e-01 1.640443652868270874e-01
4.416101074218750000e+01 -2.271722602844238281e+01 6.522704660892486572e-02 -2.512538433074951172e-02 -9.758994728326797485e-02 -9.840571284294128418e-01 1.465481519699096680e-01
4.435023498535156250e+01 -2.249911117553710938e+01 5.720275640487670898e-02 -1.164020691066980362e-02 -1.047139242291450500e-01 -9.858474135398864746e-01 1.304001361131668091e-01
4.454111862182617188e+01 -2.228977394104003906e+01 4.867553710937500000e-02 1.040916889905929565e-03 -1.118379309773445129e-01 -9.869568943977355957e-01 1.157900094985961914e-01
4.473211669921875000e+01 -2.208796119689941406e+01 3.984069824218750000e-02 1.289759110659360886e-02 -1.189100891351699829e-01 -9.874917864799499512e-01 1.027323901653289795e-01
4.492546844482421875e+01 -2.189597702026367188e+01 3.034423850476741791e-02 2.393071725964546204e-02 -1.258683353662490845e-01 -9.875566959381103516e-01 9.119438380002975464e-02
4.511782073974609375e+01 -2.171079635620117188e+01 2.066162042319774628e-02 3.414280712604522705e-02 -1.326504051685333252e-01 -9.872459173202514648e-01 8.114011585712432861e-02
4.530973434448242188e+01 -2.153296089172363281e+01 1.070312503725290298e-02 4.353764653205871582e-02 -1.391938924789428711e-01 -9.866452217102050781e-01 7.253045588731765747e-02
4.550094223022460938e+01 -2.136241912841796875e+01 4.937744233757257462e-04 5.212022736668586731e-02 -1.454361677169799805e-01 -9.858319163322448730e-01 6.532485038042068481e-02
4.569062423706054688e+01 -2.119825363159179688e+01 -9.838256984949111938e-03 5.989620834589004517e-02 -1.513143628835678101e-01 -9.848748445510864258e-01 5.948046967387199402e-02
4.587731170654296875e+01 -2.103887557983398438e+01 -2.031738311052322388e-02 6.687161326408386230e-02 -1.567651182413101196e-01 -9.838357567787170410e-01 5.495369806885719299e-02
4.606150436401367188e+01 -2.088486099243164062e+01 -3.112914972007274628e-02 7.305295765399932861e-02 -1.617247909307479858e-01 -9.827693104743957520e-01 5.169977247714996338e-02
4.624147415161132812e+01 -2.073414993286132812e+01 -4.162597656250000000e-02 7.844667136669158936e-02 -1.661289632320404053e-01 -9.817228317260742188e-01 4.967368766665458679e-02
4.641793823242187500e+01 -2.058759689331054688e+01 -5.265441909432411194e-02 8.297893404960632324e-02 -1.683012992143630981e-01 -9.810155630111694336e-01 4.896619915962219238e-02
4.659904098510742188e+01 -2.043665695190429688e+01 -6.339416652917861938e-02 8.664102852344512939e-02 -1.679294705390930176e-01 -9.807320833206176758e-01 4.957179725170135498e-02
4.678443145751953125e+01 -2.028102493286132812e+01 -7.531981915235519409e-02 8.955939114093780518e-02 -1.675371676683425903e-01 -9.804523587226867676e-01 5.122085660696029663e-02
4.697414016723632812e+01 -2.012071418762207031e+01 -8.841674774885177612e-02 9.173853695392608643e-02 -1.671282052993774414e-01 -9.801799654960632324e-01 5.384712666273117065e-02
4.716814422607421875e+01 -1.995566749572753906e+01 -1.022412106394767761e-01 9.318886697292327881e-02 -1.667096018791198730e-01 -9.799134135246276855e-01 5.738674476742744446e-02
4.736441802978515625e+01 -1.978365135192871094e+01 -1.183679178357124329e-01 9.392703324556350708e-02 -1.662910580635070801e-01 -9.796469211578369141e-01 6.177889555692672729e-02
4.756542205810546875e+01 -1.960734748840332031e+01 -1.349114924669265747e-01 9.397596120834350586e-02 -1.658840328454971313e-01 -9.793704152107238770e-01 6.696622073650360107e-02
4.776547622680664062e+01 -1.942074966430664062e+01 -1.549749672412872314e-01 9.336526691913604736e-02 -1.655009835958480835e-01 -9.790703058242797852e-01 7.289505004882812500e-02
4.796999740600585938e+01 -1.922956657409667969e+01 -1.756079047918319702e-01 9.213145077228546143e-02 -1.651548296213150024e-01 -9.787302017211914062e-01 7.951569557189941406e-02
4.816918945312500000e+01 -1.902424812316894531e+01 -2.010961920022964478e-01 9.031794965267181396e-02 -1.648581326007843018e-01 -9.783318638801574707e-01 8.678280562162399292e-02
4.836827087402343750e+01 -1.881021881103515625e+01 -2.273059040307998657e-01 8.740185201168060303e-02 -1.586752086877822876e-01 -9.788369536399841309e-01 9.518942981958389282e-02
4.855868530273437500e+01 -1.858031272888183594e+01 -2.585626244544982910e-01 8.378954976797103882e-02 -1.512726396322250366e-01 -9.794028401374816895e-01 1.042394638061523438e-01
4.873143386840820312e+01 -1.833032989501953125e+01 -2.968389689922332764e-01 7.952210307121276855e-02 -1.427590996026992798e-01 -9.799644947052001953e-01 1.138673797249794006e-01
4.888281250000000000e+01 -1.806061744689941406e+01 -3.421294987201690674e-01 7.464130967855453491e-02 -1.332442760467529297e-01 -9.804575443267822266e-01 1.240067780017852783e-01
4.900067138671875000e+01 -1.776879882812500000e+01 -3.957287371158599854e-01 6.918950378894805908e-02 -1.228391602635383606e-01 -9.808204770088195801e-01 1.345904916524887085e-01
4.907272338867187500e+01 -1.745683479309082031e+01 -4.570935070514678955e-01 6.321011483669281006e-02 -1.116563975811004639e-01 -9.809954166412353516e-01 1.455510258674621582e-01
4.909124374389648438e+01 -1.713112831115722656e+01 -5.233471393585205078e-01 5.674755573272705078e-02 -9.981031715869903564e-02 -9.809306263923645020e-01 1.568212062120437622e-01
4.905645751953125000e+01 -1.679949760437011719e+01 -5.899224877357482910e-01 4.984722658991813660e-02 -8.741689473390579224e-02 -9.805802106857299805e-01 1.683334708213806152e-01
4.897552490234375000e+01 -1.646748161315917969e+01 -6.515838503837585449e-01 4.255556687712669373e-02 -7.459389418363571167e-02 -9.799067974090576172e-01 1.800208985805511475e-01
4.885835266113281250e+01 -1.613672637939453125e+01 -7.008941769599914551e-01 3.492021933197975159e-02 -6.146040931344032288e-02 -9.788816571235656738e-01 1.918172091245651245e-01
4.872203445434570312e+01 -1.580424976348876953e+01 -7.359588742256164551e-01 2.698941528797149658e-02 -4.813688248395919800e-02 -9.774855971336364746e-01 2.036576867103576660e-01
4.856691741943359375e+01 -1.547137737274169922e+01 -7.554485797882080078e-01 1.881237700581550598e-02 -3.474458307027816772e-02 -9.757089614868164062e-01 2.154782414436340332e-01
4.839535140991210938e+01 -1.513853836059570312e+01 -7.597344517707824707e-01 1.043874211609363556e-02 -2.140536531805992126e-02 -9.735527038574218750e-01 2.272175848484039307e-01
4.821095657348632812e+01 -1.480514049530029297e+01 -7.504870295524597168e-01 1.918539870530366898e-03 -8.241304196417331696e-03 -9.710280299186706543e-01 2.388154864311218262e-01
4.801673889160156250e+01 -1.447027111053466797e+01 -7.287091016769409180e-01 -6.697734352201223373e-03 4.625757224857807159e-03 -9.681562185287475586e-01 2.502147257328033447e-01
4.781644439697265625e+01 -1.413224601745605469e+01 -6.961907744407653809e-01 -1.536075584590435028e-02 1.707460358738899231e-02 -9.649680256843566895e-01 2.613601088523864746e-01
4.761084747314453125e+01 -1.379086875915527344e+01 -6.535644531250000000e-01 -2.402044832706451416e-02 2.898464910686016083e-02 -9.615042209625244141e-01 2.721991837024688721e-01
4.739928436279296875e+01 -1.344716358184814453e+01 -5.985217094421386719e-01 -3.262748569250106812e-02 4.023655503988265991e-02 -9.578135013580322266e-01 2.826830446720123291e-01
4.718000030517578125e+01 -1.310404300689697266e+01 -5.244097709655761719e-01 -4.113370180130004883e-02 5.071229860186576843e-02 -9.539524912834167480e-01 2.927641570568084717e-01
4.695760726928710938e+01 -1.277591800689697266e+01 -4.118041992187500000e-01 -4.949177056550979614e-02 6.029506400227546692e-02 -9.499841928482055664e-01 3.023989200592041016e-01
4.680198287963867188e+01 -1.241403198242187500e+01 -3.060027956962585449e-01 -5.765891447663307190e-02 6.889890879392623901e-02 -9.459701776504516602e-01 3.115584254264831543e-01
4.670743179321289062e+01 -1.202032184600830078e+01 -2.627014219760894775e-01 -6.560928374528884888e-02 7.655259966850280762e-02 -9.419460296630859375e-01 3.202699422836303711e-01
4.662698745727539062e+01 -1.162325382232666016e+01 -2.452868670225143433e-01 -7.332086563110351562e-02 8.331485092639923096e-02 -9.379357695579528809e-01 3.285717368125915527e-01
4.655002212524414062e+01 -1.123505306243896484e+01 -2.376428097486495972e-01 -8.077272772789001465e-02 8.924446254968643188e-02 -9.339578747749328613e-01 3.365023136138916016e-01
4.647368621826171875e+01 -1.085649299621582031e+01 -2.368798702955245972e-01 -8.794318884611129761e-02 9.439998865127563477e-02 -9.300274848937988281e-01 3.440981507301330566e-01
4.639677810668945312e+01 -1.048789501190185547e+01 -2.405206263065338135e-01 -9.481092542409896851e-02 9.884044528007507324e-02 -9.261548519134521484e-01 3.513952493667602539e-01
4.631885528564453125e+01 -1.012939262390136719e+01 -2.473449707031250000e-01 -1.013544797897338867e-01 1.026250645518302917e-01 -9.223472476005554199e-01 3.584283292293548584e-01
4.623965835571289062e+01 -9.781080245971679688e+00 -2.567163109779357910e-01 -1.075528115034103394e-01 1.058121472597122192e-01 -9.186086058616638184e-01 3.652318716049194336e-01
4.615842056274414062e+01 -9.443193435668945312e+00 -2.684552073478698730e-01 -1.133849024772644043e-01 1.084605082869529724e-01 -9.149399399757385254e-01 3.718400597572326660e-01
4.607691192626953125e+01 -9.115341186523437500e+00 -2.818151712417602539e-01 -1.188294887542724609e-01 1.106286644935607910e-01 -9.113404750823974609e-01 3.782846629619598389e-01
4.599584960937500000e+01 -8.797365188598632812e+00 -2.965008616447448730e-01 -1.238652765750885010e-01 1.123751476407051086e-01 -9.078071713447570801e-01 3.845977485179901123e-01
4.591570663452148438e+01 -8.489155769348144531e+00 -3.122912645339965820e-01 -1.284709721803665161e-01 1.137572601437568665e-01 -9.043346047401428223e-01 3.908112943172454834e-01
4.583642578125000000e+01 -8.190779685974121094e+00 -3.296972513198852539e-01 -1.326251775026321411e-01 1.148336678743362427e-01 -9.009160995483398438e-01 3.969560265541076660e-01
4.575871658325195312e+01 -7.902058601379394531e+00 -3.483501970767974854e-01 -1.363066136837005615e-01 1.156618371605873108e-01 -8.975430727005004883e-01 4.030623137950897217e-01
4.568289566040039062e+01 -7.622907161712646484e+00 -3.679620325565338135e-01 -1.394939869642257690e-01 1.162990033626556396e-01 -8.942059278488159180e-01 4.091597497463226318e-01
4.560902404785156250e+01 -7.353345394134521484e+00 -3.888195753097534180e-01 -1.421655416488647461e-01 1.168025434017181396e-01 -8.908932209014892578e-01 4.152775406837463379e-01
4.553735351562500000e+01 -7.093415260314941406e+00 -4.118396043777465820e-01 -1.442998051643371582e-01 1.172298043966293335e-01 -8.875920772552490234e-01 4.214439094066619873e-01
4.546823120117187500e+01 -6.843020439147949219e+00 -4.365118443965911865e-01 -1.458749473094940186e-01 1.176370754837989807e-01 -8.842878937721252441e-01 4.276876151561737061e-01
4.540187454223632812e+01 -6.602201938629150391e+00 -4.634527564048767090e-01 -1.468691974878311157e-01 1.180814355611801147e-01 -8.809651136398315430e-01 4.340351819992065430e-01
4.533606338500976562e+01 -6.360105991363525391e+00 -4.953661859035491943e-01 -1.472606658935546875e-01 1.186189204454421997e-01 -8.776057958602905273e-01 4.405132532119750977e-01
4.527338790893554688e+01 -6.116200923919677734e+00 -5.328949093818664551e-01 -1.465728133916854858e-01 1.183826848864555359e-01 -8.743183612823486328e-01 4.472909867763519287e-01
4.521913909912109375e+01 -5.869360446929931641e+00 -5.747393965721130371e-01 -1.453771293163299561e-01 1.184457838535308838e-01 -8.709605336189270020e-01 4.541626572608947754e-01
4.518210220336914062e+01 -5.617957592010498047e+00 -6.171679496765136719e-01 -1.437269449234008789e-01 1.187941431999206543e-01 -8.675388097763061523e-01 4.610930979251861572e-01
4.518370056152343750e+01 -5.360955715179443359e+00 -6.480340361595153809e-01 -1.416752040386199951e-01 1.194116175174713135e-01 -8.640601038932800293e-01 4.680482149124145508e-01
4.523253250122070312e+01 -5.105532169342041016e+00 -6.512035727500915527e-01 -1.392735391855239868e-01 1.202804669737815857e-01 -8.605318069458007812e-01 4.749953150749206543e-01
4.531606292724609375e+01 -4.858129024505615234e+00 -6.296331882476806641e-01 -1.365734636783599854e-01 1.213806569576263428e-01 -8.569623231887817383e-01 4.819023907184600830e-01
4.542261505126953125e+01 -4.619119644165039062e+00 -5.953661799430847168e-01 -1.336241960525512695e-01 1.226912736892700195e-01 -8.533613085746765137e-01 4.887389838695526123e-01
4.554364013671875000e+01 -4.385786533355712891e+00 -5.567364096641540527e-01 -1.304747611284255981e-01 1.241891980171203613e-01 -8.497398495674133301e-01 4.954751729965209961e-01
4.567623519897460938e+01 -4.156762123107910156e+00 -5.182433724403381348e-01 -1.271722614765167236e-01 1.258501559495925903e-01 -8.461099863052368164e-01 5.020824074745178223e-01
4.581628417968750000e+01 -3.929675579071044922e+00 -4.827367961406707764e-01 -1.237624883651733398e-01 1.276486366987228394e-01 -8.424859642982482910e-01 5.085331797599792480e-01
4.596214294433593750e+01 -3.703483104705810547e+00 -4.519946277141571045e-01 -1.202905178070068359e-01 1.295574605464935303e-01 -8.388835191726684570e-01 5.148004293441772461e-01
4.611236190795898438e+01 -3.477422475814819336e+00 -4.260815382003784180e-01 -1.167990714311599731e-01 1.315489560365676880e-01 -8.353197574615478516e-01 5.208585262298583984e-01
4.626575088500976562e+01 -3.250948905944824219e+00 -4.038903713226318359e-01 -1.133300513029098511e-01 1.335941851139068604e-01 -8.318142890930175781e-01 5.266817808151245117e-01
4.642141342163085938e+01 -3.023599863052368164e+00 -3.847070336341857910e-01 -1.099236235022544861e-01 1.356635689735412598e-01 -8.283880949020385742e-01 5.322454571723937988e-01
4.657861328125000000e+01 -2.794927358627319336e+00 -3.680492937564849854e-01 -1.066187620162963867e-01 1.377267092466354370e-01 -8.250634074211120605e-01 5.375258922576904297e-01
4.673654556274414062e+01 -2.564436674118041992e+00 -3.535864055156707764e-01 -1.034530997276306152e-01 1.397527456283569336e-01 -8.218644857406616211e-01 5.424991250038146973e-01
4.689425277709960938e+01 -2.331493139266967773e+00 -3.410864174365997314e-01 -1.004630774259567261e-01 1.417104154825210571e-01 -8.188169598579406738e-01 5.471417903900146484e-01
4.704983139038085938e+01 -2.094863653182983398e+00 -3.305517435073852539e-01 -9.768411517143249512e-02 1.435679942369461060e-01 -8.159469366073608398e-01 5.514313578605651855e-01
4.720050811767578125e+01 -1.852864980697631836e+00 -3.219201564788818359e-01 -9.511972218751907349e-02 1.452476233243942261e-01 -8.132903575897216797e-01 5.553504228591918945e-01
4.734543228149414062e+01 -1.605222702026367188e+00 -3.145440518856048584e-01 -9.289787709712982178e-02 1.468551158905029297e-01 -8.108505606651306152e-01 5.588603019714355469e-01
4.748531723022460938e+01 -1.352614760398864746e+00 -3.060436844825744629e-01 -9.095245599746704102e-02 1.482246965169906616e-01 -8.086810111999511719e-01 5.619537234306335449e-01
4.763088607788085938e+01 -1.101903676986694336e+00 -2.859911918640136719e-01 -8.931848406791687012e-02 1.493910849094390869e-01 -8.068043589591979980e-01 5.645982027053833008e-01
4.780112075805664062e+01 -8.665300011634826660e-01 -2.515099942684173584e-01 -8.799478411674499512e-02 1.503470689058303833e-01 -8.052515983581542969e-01 5.667649507522583008e-01
4.798164749145507812e+01 -6.349411606788635254e-01 -2.297723293304443359e-01 -8.698172867298126221e-02 1.510853171348571777e-01 -8.040520548820495605e-01 5.684255957603454590e-01
4.815613174438476562e+01 -4.071421027183532715e-01 -2.219811975955963135e-01 -8.628049492835998535e-02 1.515991091728210449e-01 -8.032340407371520996e-01 5.695509910583496094e-01
4.832444381713867188e+01 -1.838085949420928955e-01 -2.208984345197677612e-01 -8.589339256286621094e-02 1.518823951482772827e-01 -8.028239607810974121e-01 5.701119899749755859e-01
4.848780822753906250e+01 3.397119417786598206e-02 -2.219555675983428955e-01 -8.582340180873870850e-02 1.519302874803543091e-01 -8.028470277786254883e-01 5.700773000717163086e-01
4.864664077758789062e+01 2.459000349044799805e-01 -2.238604724407196045e-01 -8.607386052608489990e-02 1.517396271228790283e-01 -8.033264279365539551e-01 5.694146752357482910e-01
4.880128860473632812e+01 4.517403244972229004e-01 -2.256817519664764404e-01 -8.664819598197937012e-02 1.513093262910842896e-01 -8.042833805084228516e-01 5.680894851684570312e-01
4.895199966430664062e+01 6.513146758079528809e-01 -2.266656458377838135e-01 -8.754932135343551636e-02 1.506411433219909668e-01 -8.057376146316528320e-01 5.660645365715026855e-01
4.909902191162109375e+01 8.444323539733886719e-01 -2.261846810579299927e-01 -8.861764520406723022e-02 1.495081931352615356e-01 -8.077490925788879395e-01 5.633252859115600586e-01
4.924567413330078125e+01 1.028391838073730469e+00 -2.241436690092086792e-01 -8.916455507278442383e-02 1.469151228666305542e-01 -8.105134963989257812e-01 5.599406957626342773e-01
4.939857864379882812e+01 1.197186350822448730e+00 -2.208807319402694702e-01 -8.971159905195236206e-02 1.435973942279815674e-01 -8.139000535011291504e-01 5.557861924171447754e-01
4.955892562866210938e+01 1.348201513290405273e+00 -2.171697914600372314e-01 -9.022136777639389038e-02 1.394946724176406860e-01 -8.179222345352172852e-01 5.508216023445129395e-01
4.972353744506835938e+01 1.483129501342773438e+00 -2.135992348194122314e-01 -9.065572917461395264e-02 1.345457285642623901e-01 -8.225878477096557617e-01 5.450028777122497559e-01
4.988810348510742188e+01 1.606369853019714355e+00 -2.103887945413589478e-01 -9.097645431756973267e-02 1.286890953779220581e-01 -8.278977870941162109e-01 5.382821559906005859e-01
5.005009841918945312e+01 1.720571994781494141e+00 -2.075781226158142090e-01 -9.114326536655426025e-02 1.218621134757995605e-01 -8.338456153869628906e-01 5.306071043014526367e-01
5.021086883544921875e+01 1.822756409645080566e+00 -2.055291682481765747e-01 -9.111619740724563599e-02 1.140012741088867188e-01 -8.404162526130676270e-01 5.219216346740722656e-01
5.037120819091796875e+01 1.911659002304077148e+00 -2.043212801218032837e-01 -9.085403382778167725e-02 1.050436198711395264e-01 -8.475846648216247559e-01 5.121636390686035156e-01
