4.364483642578125000e+01 -1.207083606719970703e+01 5.474627614021301270e-01 -0.000000000000000000e+00 -0.000000000000000000e+00 -1.523126363754272461e-01 9.883323907852172852e-01
4.341340637207031250e+01 -1.216597175598144531e+01 5.170501470565795898e-01 1.771180192008614540e-03 5.707470700144767761e-04 -1.505123525857925415e-01 9.886063933372497559e-01
4.317936325073242188e+01 -1.225869750976562500e+01 4.806512296199798584e-01 3.796560689806938171e-03 1.537883421406149864e-03 -1.483324617147445679e-01 9.889290928840637207e-01
4.294262695312500000e+01 -1.234354972839355469e+01 4.295886158943176270e-01 6.031252909451723099e-03 2.831476274877786636e-03 -1.458390802145004272e-01 9.892858266830444336e-01
4.270444107055664062e+01 -1.241736221313476562e+01 3.598797619342803955e-01 8.430335670709609985e-03 4.381446167826652527e-03 -1.430983394384384155e-01 9.896628260612487793e-01
4.246889114379882812e+01 -1.247127914428710938e+01 2.607214152812957764e-01 1.094891410320997238e-02 6.117958575487136841e-03 -1.401767283678054810e-01 9.900470376014709473e-01
4.224043273925781250e+01 -1.250419425964355469e+01 1.335284411907196045e-01 1.354203652590513229e-02 7.970853708684444427e-03 -1.371408402919769287e-01 9.904269576072692871e-01
4.202283096313476562e+01 -1.252266597747802734e+01 -1.877502351999282837e-02 1.616479828953742981e-02 9.870182722806930542e-03 -1.340575069189071655e-01 9.907925724983215332e-01
4.181223678588867188e+01 -1.254198074340820312e+01 -1.845495551824569702e-01 1.877229660749435425e-02 1.174594648182392120e-02 -1.309939920902252197e-01 9.911358356475830078e-01
4.160784912109375000e+01 -1.257614707946777344e+01 -3.593072295188903809e-01 2.131967060267925262e-02 1.352831628173589706e-02 -1.280174255371093750e-01 9.914504289627075195e-01
4.140721511840820312e+01 -1.263368415832519531e+01 -5.358587503433227539e-01 2.376208081841468811e-02 1.514728646725416183e-02 -1.251955777406692505e-01 9.917318224906921387e-01
4.121157073974609375e+01 -1.272525405883789062e+01 -7.070135474205017090e-01 2.605472505092620850e-02 1.653291657567024231e-02 -1.225960925221443176e-01 9.919768571853637695e-01
4.102393341064453125e+01 -1.285629272460937500e+01 -8.650329113006591797e-01 2.815286442637443542e-02 1.761548593640327454e-02 -1.202867031097412109e-01 9.921835660934448242e-01
4.084361648559570312e+01 -1.301331996917724609e+01 -1.011849284172058105e+00 3.001179359853267670e-02 1.832509599626064301e-02 -1.183354705572128296e-01 9.923508167266845703e-01
4.067001724243164062e+01 -1.319017219543457031e+01 -1.148657798767089844e+00 3.158681094646453857e-02 1.859190687537193298e-02 -1.168104782700538635e-01 9.924776554107666016e-01
4.050312423706054688e+01 -1.338408946990966797e+01 -1.275362491607666016e+00 3.283325582742691040e-02 1.834617182612419128e-02 -1.157792881131172180e-01 9.925625920295715332e-01
4.034052658081054688e+01 -1.358954715728759766e+01 -1.394668579101562500e+00 3.370644152164459229e-02 1.751807145774364471e-02 -1.153098568320274353e-01 9.926030039787292480e-01
4.018154525756835938e+01 -1.380534744262695312e+01 -1.506129741668701172e+00 3.416162356734275818e-02 1.603753119707107544e-02 -1.154695451259613037e-01 9.925938844680786133e-01
4.002478027343750000e+01 -1.403029632568359375e+01 -1.602808833122253418e+00 3.415402770042419434e-02 1.383475773036479950e-02 -1.163254976272583008e-01 9.925273656845092773e-01
3.986558914184570312e+01 -1.426812839508056641e+01 -1.653632164001464844e+00 3.363872319459915161e-02 1.083956193178892136e-02 -1.179439350962638855e-01 9.923911690711975098e-01
3.970314788818359375e+01 -1.450862312316894531e+01 -1.631349444389343262e+00 3.257073089480400085e-02 6.981845013797283173e-03 -1.203910782933235168e-01 9.921675324440002441e-01
3.954102325439453125e+01 -1.473815155029296875e+01 -1.550446748733520508e+00 3.091886825859546661e-02 2.216173568740487099e-03 -1.237091273069381714e-01 9.918342232704162598e-01
3.938014984130859375e+01 -1.495585823059082031e+01 -1.437017202377319336e+00 2.870776876807212830e-02 -3.402987727895379066e-03 -1.278517395257949829e-01 9.913719296455383301e-01
3.922034072875976562e+01 -1.516703701019287109e+01 -1.308789014816284180e+00 2.597606740891933441e-02 -9.796015918254852295e-03 -1.327494233846664429e-01 9.907608628273010254e-01
3.906163406372070312e+01 -1.537296390533447266e+01 -1.169534325599670410e+00 2.276249974966049194e-02 -1.688322238624095917e-02 -1.383320242166519165e-01 9.899803996086120605e-01
3.890381622314453125e+01 -1.557519340515136719e+01 -1.022678852081298828e+00 1.910601183772087097e-02 -2.458450570702552795e-02 -1.445301026105880737e-01 9.890103936195373535e-01
3.874691772460937500e+01 -1.577425861358642578e+01 -8.693755865097045898e-01 1.504589989781379700e-02 -3.281896188855171204e-02 -1.512725800275802612e-01 9.878326058387756348e-01
3.859196090698242188e+01 -1.596880722045898438e+01 -7.073632478713989258e-01 1.062166411429643631e-02 -4.150565341114997864e-02 -1.584898531436920166e-01 9.864306449890136719e-01
3.843516921997070312e+01 -1.615717887878417969e+01 -5.388342142105102539e-01 5.873132497072219849e-03 -5.056335777044296265e-02 -1.661117523908615112e-01 9.847922921180725098e-01
3.824358749389648438e+01 -1.634922409057617188e+01 -4.194506704807281494e-01 8.404375985264778137e-04 -5.991062149405479431e-02 -1.740681976079940796e-01 9.829090237617492676e-01
3.802931594848632812e+01 -1.654934120178222656e+01 -3.631378114223480225e-01 -4.436063580214977264e-03 -6.946595013141632080e-02 -1.822900772094726562e-01 9.807778596878051758e-01
3.781385040283203125e+01 -1.675281143188476562e+01 -3.219226002693176270e-01 -9.915703907608985901e-03 -7.914742082357406616e-02 -1.907085329294204712e-01 9.784004688262939453e-01
3.760039520263671875e+01 -1.695972824096679688e+01 -2.837426662445068359e-01 -1.555779576301574707e-02 -8.887387812137603760e-02 -1.992560625076293945e-01 9.757850766181945801e-01
3.739167785644531250e+01 -1.717161941528320312e+01 -2.429644763469696045e-01 -2.132142335176467896e-02 -9.856442362070083618e-02 -2.078651934862136841e-01 9.729452133178710938e-01
3.719459915161132812e+01 -1.739386749267578125e+01 -1.972143501043319702e-01 -2.716593444347381592e-02 -1.081382110714912415e-01 -2.164707481861114502e-01 9.699013829231262207e-01
3.701788330078125000e+01 -1.763524627685546875e+01 -1.657006740570068359e-01 -3.305077925324440002e-02 -1.175153777003288269e-01 -2.250082343816757202e-01 9.666793942451477051e-01
3.685132217407226562e+01 -1.788552856445312500e+01 -1.465899646282196045e-01 -3.893512859940528870e-02 -1.266170591115951538e-01 -2.334147095680236816e-01 9.633118510246276855e-01
3.669004440307617188e+01 -1.814030265808105469e+01 -1.357904076576232910e-01 -4.477897286415100098e-02 -1.353648453950881958e-01 -2.416288256645202637e-01 9.598367810249328613e-01
3.653115844726562500e+01 -1.839731407165527344e+01 -1.297570765018463135e-01 -5.054276436567306519e-02 -1.436817944049835205e-01 -2.495909333229064941e-01 9.562977552413940430e-01
3.637334060668945312e+01 -1.865562629699707031e+01 -1.262451112270355225e-01 -5.618657916784286499e-02 -1.514916121959686279e-01 -2.572420835494995117e-01 9.527432918548583984e-01
3.621689224243164062e+01 -1.891539955139160156e+01 -1.265154927968978882e-01 -6.167208403348922729e-02 -1.587193459272384644e-01 -2.645261287689208984e-01 9.492263197898864746e-01
3.606043243408203125e+01 -1.917576789855957031e+01 -1.273016333580017090e-01 -6.696822494268417358e-02 -1.653127670288085938e-01 -2.714044451713562012e-01 9.457941651344299316e-01
3.590461349487304688e+01 -1.943711853027343750e+01 -1.306481957435607910e-01 -7.207456231117248535e-02 -1.713083386421203613e-01 -2.779060006141662598e-01 9.424579739570617676e-01
3.574859237670898438e+01 -1.969897460937500000e+01 -1.340173333883285522e-01 -7.699812948703765869e-02 -1.767647266387939453e-01 -2.840754389762878418e-01 9.392160177230834961e-01
3.559303283691406250e+01 -1.996170425415039062e+01 -1.388519257307052612e-01 -8.174591511487960815e-02 -1.817396581172943115e-01 -2.899573743343353271e-01 9.360624551773071289e-01
3.543740081787109375e+01 -2.022501754760742188e+01 -1.440350264310836792e-01 -8.632450550794601440e-02 -1.862902194261550903e-01 -2.955951690673828125e-01 9.329885244369506836e-01
3.528166198730468750e+01 -2.048889350891113281e+01 -1.494103968143463135e-01 -9.074085205793380737e-02 -1.904738992452621460e-01 -3.010306656360626221e-01 9.299818873405456543e-01
3.512635803222656250e+01 -2.075363731384277344e+01 -1.557824611663818359e-01 -9.500169008970260620e-02 -1.943468302488327026e-01 -3.063069283962249756e-01 9.270275831222534180e-01
3.497081375122070312e+01 -2.101887130737304688e+01 -1.621917635202407837e-01 -9.911289811134338379e-02 -1.979655623435974121e-01 -3.114639520645141602e-01 9.241084456443786621e-01
3.481523132324218750e+01 -2.128471374511718750e+01 -1.688336133956909180e-01 -1.030809283256530762e-01 -2.013857513666152954e-01 -3.165428042411804199e-01 9.212050437927246094e-01
3.465700149536132812e+01 -2.155664062500000000e+01 -1.762316823005676270e-01 -1.069121360778808594e-01 -2.046624422073364258e-01 -3.215834200382232666e-01 9.182957410812377930e-01
3.449547958374023438e+01 -2.183429336547851562e+01 -1.838293373584747314e-01 -1.106123477220535278e-01 -2.078509330749511719e-01 -3.266248106956481934e-01 9.153574109077453613e-01
3.433103561401367188e+01 -2.211787605285644531e+01 -1.918200701475143433e-01 -1.141871362924575806e-01 -2.110056579113006592e-01 -3.317056596279144287e-01 9.123646020889282227e-01
3.416399002075195312e+01 -2.240756225585937500e+01 -2.003778070211410522e-01 -1.176426559686660767e-01 -2.141809463500976562e-01 -3.368642032146453857e-01 9.092904925346374512e-01
3.399365234375000000e+01 -2.270296859741210938e+01 -2.091632038354873657e-01 -1.209838092327117920e-01 -2.174302190542221069e-01 -3.421376645565032959e-01 9.061063528060913086e-01
3.382331466674804688e+01 -2.300019454956054688e+01 -2.182562202215194702e-01 -1.242160499095916748e-01 -2.208069562911987305e-01 -3.475627899169921875e-01 9.027817249298095703e-01
3.365271759033203125e+01 -2.329909896850585938e+01 -2.276031374931335449e-01 -1.273441165685653687e-01 -2.243637293577194214e-01 -3.531747162342071533e-01 8.992841839790344238e-01
3.348130035400390625e+01 -2.359934806823730469e+01 -2.370715290307998657e-01 -1.303735822439193726e-01 -2.281527519226074219e-01 -3.590094149112701416e-01 8.955788016319274902e-01
3.331086730957031250e+01 -2.390195465087890625e+01 -2.468151748180389404e-01 -1.333081722259521484e-01 -2.322255820035934448e-01 -3.650997877120971680e-01 8.916290998458862305e-01
3.313966369628906250e+01 -2.420592880249023438e+01 -2.567040920257568359e-01 -1.361521333456039429e-01 -2.366322576999664307e-01 -3.714791536331176758e-01 8.873956203460693359e-01
3.296913909912109375e+01 -2.451206779479980469e+01 -2.667004466056823730e-01 -1.389099806547164917e-01 -2.414230108261108398e-01 -3.781796097755432129e-01 8.828359246253967285e-01
3.279902648925781250e+01 -2.482020950317382812e+01 -2.768163979053497314e-01 -1.415842920541763306e-01 -2.466153651475906372e-01 -3.851998150348663330e-01 8.779270648956298828e-01
3.262999343872070312e+01 -2.513071632385253906e+01 -2.868896424770355225e-01 -1.441781520843505859e-01 -2.521022260189056396e-01 -3.924197256565093994e-01 8.727335929870605469e-01
3.246278381347656250e+01 -2.544399452209472656e+01 -2.968267798423767090e-01 -1.466957032680511475e-01 -2.577470839023590088e-01 -3.996918797492980957e-01 8.673483729362487793e-01
3.229873275756835938e+01 -2.576069450378417969e+01 -3.063970804214477539e-01 -1.491423994302749634e-01 -2.634164094924926758e-01 -4.068716466426849365e-01 8.618722558021545410e-01
3.213774871826171875e+01 -2.608074188232421875e+01 -3.155480921268463135e-01 -1.515240073204040527e-01 -2.689778208732604980e-01 -4.138180613517761230e-01 8.564146757125854492e-01
3.198280143737792969e+01 -2.640555191040039062e+01 -3.237859904766082764e-01 -1.538486629724502563e-01 -2.743026614189147949e-01 -4.203943908214569092e-01 8.510918021202087402e-01
3.183867645263671875e+01 -2.673705101013183594e+01 -3.301416039466857910e-01 -1.561255902051925659e-01 -2.792638540267944336e-01 -4.264670014381408691e-01 8.460274338722229004e-01
3.171210670471191406e+01 -2.707731437683105469e+01 -3.329162597656250000e-01 -1.583648324012756348e-01 -2.837362289428710938e-01 -4.319059848785400391e-01 8.413510322570800781e-01
3.161495971679687500e+01 -2.742862319946289062e+01 -3.280236721038818359e-01 -1.605775803327560425e-01 -2.875973880290985107e-01 -4.365838170051574707e-01 8.371959924697875977e-01
3.156900024414062500e+01 -2.778949928283691406e+01 -3.120867908000946045e-01 -1.627755016088485718e-01 -2.907249629497528076e-01 -4.403745234012603760e-01 8.336985707283020020e-01
3.175187683105468750e+01 -2.809309005737304688e+01 -2.951788306236267090e-01 -1.649704724550247192e-01 -2.929978966712951660e-01 -4.431523978710174561e-01 8.309951424598693848e-01
3.208865356445312500e+01 -2.824186897277832031e+01 -2.900750637054443359e-01 -1.671739965677261353e-01 -2.942937612533569336e-01 -4.447912573814392090e-01 8.292194008827209473e-01
3.244961166381835938e+01 -2.832942771911621094e+01 -2.902673184871673584e-01 -1.693970113992691040e-01 -2.944888174533843994e-01 -4.451616108417510986e-01 8.284999132156372070e-01
3.281880187988281250e+01 -2.838656997680664062e+01 -2.932550013065338135e-01 -1.716488003730773926e-01 -2.934560477733612061e-01 -4.441297948360443115e-01 8.289565443992614746e-01
3.319192123413085938e+01 -2.842952728271484375e+01 -2.973626554012298584e-01 -1.739366203546524048e-01 -2.910637259483337402e-01 -4.415555596351623535e-01 8.306965231895446777e-01
3.356784820556640625e+01 -2.846461868286132812e+01 -3.018847703933715820e-01 -1.762642413377761841e-01 -2.871750295162200928e-01 -4.372894763946533203e-01 8.338100910186767578e-01
3.394642257690429688e+01 -2.849090957641601562e+01 -3.066735863685607910e-01 -1.786323636770248413e-01 -2.816449999809265137e-01 -4.311715960502624512e-01 8.383660316467285156e-01
3.432713317871093750e+01 -2.851498413085937500e+01 -3.111865222454071045e-01 -1.810359507799148560e-01 -2.743210196495056152e-01 -4.230284392833709717e-01 8.444056510925292969e-01
3.471012496948242188e+01 -2.853548049926757812e+01 -3.154473900794982910e-01 -1.834641695022583008e-01 -2.650404572486877441e-01 -4.126718640327453613e-01 8.519368171691894531e-01
3.509540557861328125e+01 -2.855303382873535156e+01 -3.192321658134460449e-01 -1.858988255262374878e-01 -2.536303997039794922e-01 -3.998972475528717041e-01 8.609269857406616211e-01
3.548296737670898438e+01 -2.856957054138183594e+01 -3.226220607757568359e-01 -1.883091926574707031e-01 -2.399653792381286621e-01 -3.845480680465698242e-01 8.712514042854309082e-01
3.587292861938476562e+01 -2.858286094665527344e+01 -3.252691626548767090e-01 -1.906405240297317505e-01 -2.241439670324325562e-01 -3.667183518409729004e-01 8.825720548629760742e-01
3.626522064208984375e+01 -2.859535789489746094e+01 -3.274267613887786865e-01 -1.928332448005676270e-01 -2.063293606042861938e-01 -3.465726971626281738e-01 8.945003747940063477e-01
3.665987396240234375e+01 -2.860622406005859375e+01 -3.289691209793090820e-01 -1.948297172784805298e-01 -1.866956204175949097e-01 -3.242928981781005859e-01 9.066532850265502930e-01
3.705689239501953125e+01 -2.861525726318359375e+01 -3.292645215988159180e-01 -1.965760886669158936e-01 -1.654311418533325195e-01 -3.000771105289459229e-01 9.186643362045288086e-01
3.745623397827148438e+01 -2.862306976318359375e+01 -3.282214403152465820e-01 -1.980244815349578857e-01 -1.427399665117263794e-01 -2.741454243659973145e-01 9.301912188529968262e-01
3.785783767700195312e+01 -2.862857055664062500e+01 -3.249115049839019775e-01 -1.991352140903472900e-01 -1.188417673110961914e-01 -2.467406094074249268e-01 9.409255385398864746e-01
3.826169586181640625e+01 -2.862904167175292969e+01 -3.192028701305389404e-01 -1.949864476919174194e-01 -9.509199857711791992e-02 -2.176421731710433960e-01 9.516142010688781738e-01
3.866255569458007812e+01 -2.861789894104003906e+01 -3.088195621967315674e-01 -1.878405362367630005e-01 -7.080477476119995117e-02 -1.876953840255737305e-01 9.614952206611633301e-01
3.905751419067382812e+01 -2.857541656494140625e+01 -2.884564101696014404e-01 -1.818771660327911377e-01 -4.530704021453857422e-02 -1.576109975576400757e-01 9.695496559143066406e-01
3.943373107910156250e+01 -2.846529197692871094e+01 -2.552813589572906494e-01 -1.771629154682159424e-01 -1.902274042367935181e-02 -1.275788545608520508e-01 9.756920337677001953e-01
3.976953887939453125e+01 -2.827093696594238281e+01 -2.172039747238159180e-01 -1.737269908189773560e-01 7.612508721649646759e-03 -9.778841584920883179e-02 9.798971414566040039e-01
4.007392883300781250e+01 -2.803546333312988281e+01 -1.792071461677551270e-01 -1.715632379055023193e-01 3.416326642036437988e-02 -6.843394041061401367e-02 9.821994304656982422e-01
4.036687469482421875e+01 -2.779026222229003906e+01 -1.421252340078353882e-01 -1.706307679414749146e-01 6.020736694335937500e-02 -3.971892595291137695e-02 9.826914668083190918e-01
4.069666290283203125e+01 -2.760518455505371094e+01 -1.082043424248695374e-01 -1.708540469408035278e-01 8.534668385982513428e-02 -1.186150498688220978e-02 9.815213084220886230e-01
4.106975555419921875e+01 -2.754543304443359375e+01 -8.231689035892486572e-02 -1.721217334270477295e-01 1.092172041535377502e-01 1.490131206810474396e-02 9.788889884948730469e-01
4.144522857666015625e+01 -2.753339576721191406e+01 -6.059142947196960449e-02 -1.742860823869705200e-01 1.314983516931533813e-01 4.031031578779220581e-02 9.750424027442932129e-01
4.181759643554687500e+01 -2.753593254089355469e+01 -4.284240677952766418e-02 -1.771627664566040039e-01 1.519195586442947388e-01 6.408016383647918701e-02 9.702718853950500488e-01
4.218635559082031250e+01 -2.754903221130371094e+01 -3.112426772713661194e-02 -1.805323064327239990e-01 1.702656298875808716e-01 8.589710295200347900e-02 9.649038314819335938e-01
4.255118179321289062e+01 -2.756949234008789062e+01 -2.511413581669330597e-02 -1.841439157724380493e-01 1.863771080970764160e-01 1.054185330867767334e-01 9.592921733856201172e-01
4.291132736206054688e+01 -2.759731292724609375e+01 -2.643554657697677612e-02 -1.822485923767089844e-01 2.008915692567825317e-01 1.211895123124122620e-01 9.548513889312744141e-01
4.326700210571289062e+01 -2.763202857971191406e+01 -3.454772755503654480e-02 -1.805426031351089478e-01 2.133589386940002441e-01 1.342587471008300781e-01 9.507139921188354492e-01
4.361800765991210938e+01 -2.767331695556640625e+01 -4.942565783858299255e-02 -1.790377497673034668e-01 2.238822579383850098e-01 1.447395533323287964e-01 9.470335841178894043e-01
4.396435928344726562e+01 -2.772038459777832031e+01 -6.890685856342315674e-02 -1.777377724647521973e-01 2.325592935085296631e-01 1.527439504861831665e-01 9.439252018928527832e-01
4.430574035644531250e+01 -2.777329063415527344e+01 -9.155334532260894775e-02 -1.763198375701904297e-01 2.356913089752197266e-01 1.579346805810928345e-01 9.425590038299560547e-01
4.464220428466796875e+01 -2.783238792419433594e+01 -1.164483651518821716e-01 -1.749157458543777466e-01 2.354500293731689453e-01 1.606980562210083008e-01 9.424138665199279785e-01
4.497374343872070312e+01 -2.789847564697265625e+01 -1.428662091493606567e-01 -1.738491654396057129e-01 2.354664504528045654e-01 1.615245938301086426e-01 9.424657821655273438e-01
4.529989624023437500e+01 -2.797312164306640625e+01 -1.699322462081909180e-01 -1.731255948543548584e-01 2.357215434312820435e-01 1.604714691638946533e-01 9.427151083946228027e-01
4.562083435058593750e+01 -2.805497932434082031e+01 -1.970269680023193359e-01 -1.727222502231597900e-01 2.362048774957656860e-01 1.576132923364639282e-01 9.431501626968383789e-01
4.593053436279296875e+01 -2.816273689270019531e+01 -2.210546880960464478e-01 -1.725903153419494629e-01 2.369131594896316528e-01 1.530397534370422363e-01 9.437497258186340332e-01
4.622636795043945312e+01 -2.829592895507812500e+01 -2.403704822063446045e-01 -1.726603358983993530e-01 2.378485947847366333e-01 1.468533426523208618e-01 9.444842934608459473e-01
4.649992752075195312e+01 -2.846618270874023438e+01 -2.510784864425659180e-01 -1.728448271751403809e-01 2.390153110027313232e-01 1.391655355691909790e-01 9.453197121620178223e-01
4.674594497680664062e+01 -2.866983795166015625e+01 -2.506323158740997314e-01 -1.730440258979797363e-01 2.404180169105529785e-01 1.300934255123138428e-01 9.462192058563232422e-01
4.697030258178710938e+01 -2.889247512817382812e+01 -2.399468868970870972e-01 -1.728767603635787964e-01 2.353646159172058105e-01 1.188356354832649231e-01 9.489969611167907715e-01
4.718271255493164062e+01 -2.912202072143554688e+01 -2.246154695749282837e-01 -1.726256161928176880e-01 2.286797314882278442e-01 1.060631722211837769e-01 9.521851539611816406e-01
4.738651275634765625e+01 -2.935505104064941406e+01 -2.098162770271301270e-01 -1.722827255725860596e-01 2.209544032812118530e-01 9.193383157253265381e-02 9.555343985557556152e-01
4.758300781250000000e+01 -2.958823013305664062e+01 -1.986212134361267090e-01 -1.718112826347351074e-01 2.122437953948974609e-01 7.653693109750747681e-02 9.589449763298034668e-01
4.777338409423828125e+01 -2.982042884826660156e+01 -1.930712908506393433e-01 -1.711750030517578125e-01 2.026046216487884521e-01 5.996429175138473511e-02 9.623174071311950684e-01
4.795886611938476562e+01 -3.005042648315429688e+01 -1.934228539466857910e-01 -1.703371852636337280e-01 1.920955479145050049e-01 4.231028258800506592e-02 9.655539393424987793e-01
4.814000701904296875e+01 -3.027758026123046875e+01 -2.000585943460464478e-01 -1.692636013031005859e-01 1.807780265808105469e-01 2.367257326841354370e-02 9.685600996017456055e-01
4.831667327880859375e+01 -3.050188446044921875e+01 -2.126312255859375000e-01 -1.669255942106246948e-01 1.687168329954147339e-01 3.981981426477432251e-03 9.714188575744628906e-01
4.848851394653320312e+01 -3.072352027893066406e+01 -2.297479212284088135e-01 -1.650111824274063110e-01 1.559269428253173828e-01 -1.632511056959629059e-02 9.737513065338134766e-01
4.865508651733398438e+01 -3.094277954101562500e+01 -2.507800161838531494e-01 -1.635749042034149170e-01 1.424998641014099121e-01 -3.713557869195938110e-02 9.754783511161804199e-01
4.881594467163085938e+01 -3.115994262695312500e+01 -2.753674387931823730e-01 -1.626605838537216187e-01 1.285332143306732178e-01 -5.833864212036132812e-02 9.765332341194152832e-01
4.897046279907226562e+01 -3.137545394897460938e+01 -3.037377893924713135e-01 -1.606849133968353271e-01 1.139965057373046875e-01 -8.001422882080078125e-02 9.771298766136169434e-01
4.911798095703125000e+01 -3.158963394165039062e+01 -3.357116580009460449e-01 -1.586069315671920776e-01 9.898240119218826294e-02 -1.018849685788154602e-01 9.770700335502624512e-01
4.925746536254882812e+01 -3.180299949645996094e+01 -3.715222179889678955e-01 -1.565149724483489990e-01 8.355697244405746460e-02 -1.238043308258056641e-01 9.763164520263671875e-01
4.938725662231445312e+01 -3.201626968383789062e+01 -4.116955399513244629e-01 -1.544598639011383057e-01 6.778639554977416992e-02 -1.456305235624313354e-01 9.748533368110656738e-01
4.950487518310546875e+01 -3.223031997680664062e+01 -4.570666253566741943e-01 -1.524929255247116089e-01 5.173911154270172119e-02 -1.672248095273971558e-01 9.726791977882385254e-01
4.961011505126953125e+01 -3.244460678100585938e+01 -5.074774026870727539e-01 -1.506685763597488403e-01 3.548453375697135925e-02 -1.884495466947555542e-01 9.698075056076049805e-01
4.970289993286132812e+01 -3.265851593017578125e+01 -5.626708865165710449e-01 -1.490413844585418701e-01 1.909341104328632355e-02 -2.091712951660156250e-01 9.662656188011169434e-01
4.978335952758789062e+01 -3.287139892578125000e+01 -6.222851276397705078e-01 -1.476685106754302979e-01 2.636475488543510437e-03 -2.292601913213729858e-01 9.620950222015380859e-01
4.985095596313476562e+01 -3.308276367187500000e+01 -6.862499713897705078e-01 -1.466072499752044678e-01 -1.381593942642211914e-02 -2.485909163951873779e-01 9.573494791984558105e-01
4.990571212768554688e+01 -3.329198837280273438e+01 -7.541638016700744629e-01 -1.459169387817382812e-01 -3.019399940967559814e-02 -2.670427560806274414e-01 9.520949125289916992e-01
4.994639968872070312e+01 -3.349851226806640625e+01 -8.259100317955017090e-01 -1.456565707921981812e-01 -4.642936587333679199e-02 -2.845001518726348877e-01 9.464080333709716797e-01
4.995023727416992188e+01 -3.370019531250000000e+01 -9.082574248313903809e-01 -1.458866298198699951e-01 -6.245596706867218018e-02 -3.008536398410797119e-01 9.403740763664245605e-01
5.013527679443359375e+01 -3.374653244018554688e+01 -9.001647830009460449e-01 -1.466677486896514893e-01 -7.820978760719299316e-02 -3.159977495670318604e-01 9.340863823890686035e-01
5.033906173706054688e+01 -3.372935867309570312e+01 -8.625128269195556641e-01 -1.480611860752105713e-01 -9.362948685884475708e-02 -3.298331797122955322e-01 9.276428222656250000e-01
5.053760528564453125e+01 -3.370240783691406250e+01 -8.247326612472534180e-01 -1.501282453536987305e-01 -1.086564958095550537e-01 -3.422644436359405518e-01 9.211461544036865234e-01
5.073099517822265625e+01 -3.366697311401367188e+01 -7.891125082969665527e-01 -1.529310196638107300e-01 -1.232356280088424683e-01 -3.531994223594665527e-01 9.146996140480041504e-01
5.091865921020507812e+01 -3.362178802490234375e+01 -7.568621635437011719e-01 -1.565085947513580322e-01 -1.373220086097717285e-01 -3.625786900520324707e-01 9.083966612815856934e-01
5.109992980957031250e+01 -3.356669998168945312e+01 -7.286657691001892090e-01 -1.608076393604278564e-01 -1.509065628051757812e-01 -3.704589903354644775e-01 9.022905826568603516e-01
5.127340316772460938e+01 -3.349986648559570312e+01 -7.056469321250915527e-01 -1.657498478889465332e-01 -1.639874875545501709e-01 -3.769257962703704834e-01 8.964163064956665039e-01
5.143669891357421875e+01 -3.341875839233398438e+01 -6.893560886383056641e-01 -1.712561696767807007e-01 -1.765633970499038696e-01 -3.820616602897644043e-01 8.908005356788635254e-01
5.158784103393554688e+01 -3.332355117797851562e+01 -6.803100705146789551e-01 -1.772464215755462646e-01 -1.886332035064697266e-01 -3.859484195709228516e-01 8.854631781578063965e-01
5.172658157348632812e+01 -3.321758651733398438e+01 -6.775597929954528809e-01 -1.836395561695098877e-01 -2.001951038837432861e-01 -3.886655867099761963e-01 8.804189562797546387e-01
5.185367202758789062e+01 -3.310433578491210938e+01 -6.798571348190307617e-01 -1.903542280197143555e-01 -2.112469375133514404e-01 -3.902916014194488525e-01 8.756783008575439453e-01
5.197041702270507812e+01 -3.298678207397460938e+01 -6.859777569770812988e-01 -1.973087936639785767e-01 -2.217876017093658447e-01 -3.909041583538055420e-01 8.712481856346130371e-01
5.207907485961914062e+01 -3.286792373657226562e+01 -6.943670511245727539e-01 -2.044213265180587769e-01 -2.318154424428939819e-01 -3.905798196792602539e-01 8.671337366104125977e-01
5.218113327026367188e+01 -3.274941253662109375e+01 -7.040142416954040527e-01 -2.116100788116455078e-01 -2.413287758827209473e-01 -3.893951177597045898e-01 8.633382916450500488e-01
5.227796936035156250e+01 -3.263249588012695312e+01 -7.137560844421386719e-01 -2.187936305999755859e-01 -2.503262758255004883e-01 -3.874258399009704590e-01 8.598647117614746094e-01
5.236752319335937500e+01 -3.251559448242187500e+01 -7.225195169448852539e-01 -2.258912175893783569e-01 -2.588069736957550049e-01 -3.847481310367584229e-01 8.567152023315429688e-01
5.247425842285156250e+01 -3.243617248535156250e+01 -7.271661162376403809e-01 -2.328212410211563110e-01 -2.667698264122009277e-01 -3.814373612403869629e-01 8.538932800292968750e-01
5.261067199707031250e+01 -3.241253662109375000e+01 -7.257232666015625000e-01 -2.395037263631820679e-01 -2.742146253585815430e-01 -3.775694668292999268e-01 8.514021039009094238e-01
5.274172210693359375e+01 -3.238495254516601562e+01 -7.229961752891540527e-01 -2.458592653274536133e-01 -2.811416983604431152e-01 -3.732205033302307129e-01 8.492461442947387695e-01
5.286658096313476562e+01 -3.235113906860351562e+01 -7.183990478515625000e-01 -2.518084943294525146e-01 -2.875506877899169922e-01 -3.684667646884918213e-01 8.474310040473937988e-01
5.298277282714843750e+01 -3.230615234375000000e+01 -7.105975151062011719e-01 -2.572728395462036133e-01 -2.934423387050628662e-01 -3.633847236633300781e-01 8.459632396697998047e-01
5.308771896362304688e+01 -3.224872589111328125e+01 -6.991912722587585449e-01 -2.621741890907287598e-01 -2.988181710243225098e-01 -3.580504059791564941e-01 8.448505401611328125e-01
5.317558288574218750e+01 -3.217530822753906250e+01 -6.838140487670898438e-01 -2.664347887039184570e-01 -3.036795258522033691e-01 -3.525402843952178955e-01 8.441010713577270508e-01
5.324754333496093750e+01 -3.209229278564453125e+01 -6.690124273300170898e-01 -2.699774503707885742e-01 -3.080270290374755859e-01 -3.469309806823730469e-01 8.437240719795227051e-01
5.330414581298828125e+01 -3.200372695922851562e+01 -6.592456102371215820e-01 -2.672258317470550537e-01 -3.104171752929687500e-01 -3.394095301628112793e-01 8.467777371406555176e-01
5.335146713256835938e+01 -3.191048240661621094e+01 -6.545556783676147461e-01 -2.645588517189025879e-01 -3.126932680606842041e-01 -3.321485817432403564e-01 8.496521115303039551e-01
5.339153671264648438e+01 -3.181463241577148438e+01 -6.556366086006164551e-01 -2.620235681533813477e-01 -3.148207366466522217e-01 -3.252723813056945801e-01 8.523082137107849121e-01
5.342618560791015625e+01 -3.171769905090332031e+01 -6.625366210937500000e-01 -2.596652805805206299e-01 -3.167687058448791504e-01 -3.188984990119934082e-01 8.547134995460510254e-01
5.345689392089843750e+01 -3.162069511413574219e+01 -6.748608350753784180e-01 -2.575272321701049805e-01 -3.185093402862548828e-01 -3.131381571292877197e-01 8.568406701087951660e-01
5.348486328125000000e+01 -3.152413749694824219e+01 -6.913592219352722168e-01 -2.556501924991607666e-01 -3.200178742408752441e-01 -3.080952465534210205e-01 8.586667776107788086e-01
5.351093673706054688e+01 -3.142820930480957031e+01 -7.106231451034545898e-01 -2.540729045867919922e-01 -3.212715983390808105e-01 -3.038676381111145020e-01 8.601719737052917480e-01
5.353550720214843750e+01 -3.133301353454589844e+01 -7.321691513061523438e-01 -2.528313398361206055e-01 -3.222495913505554199e-01 -3.005462884902954102e-01 8.613381385803222656e-01
5.355922317504882812e+01 -3.123853683471679688e+01 -7.549731135368347168e-01 -2.519593238830566406e-01 -3.229317963123321533e-01 -2.982168793678283691e-01 8.621473312377929688e-01
5.358242416381835938e+01 -3.114469718933105469e+01 -7.783489823341369629e-01 -2.514882087707519531e-01 -3.232988417148590088e-01 -2.969594895839691162e-01 8.625812530517578125e-01
5.360522460937500000e+01 -3.105150604248046875e+01 -8.022259473800659180e-01 -2.514472901821136475e-01 -3.233306705951690674e-01 -2.968503534793853760e-01 8.626188039779663086e-01
5.362801742553710938e+01 -3.095895767211914062e+01 -8.262359499931335449e-01 -2.518637776374816895e-01 -3.230063915252685547e-01 -2.979618012905120850e-01 8.622355461120605469e-01
5.365064239501953125e+01 -3.086693382263183594e+01 -8.501086235046386719e-01 -2.527626752853393555e-01 -3.223034441471099854e-01 -3.003627359867095947e-01 8.614021539688110352e-01
5.367359924316406250e+01 -3.077550315856933594e+01 -8.736712336540222168e-01 -2.541673481464385986e-01 -3.211968839168548584e-01 -3.041205406188964844e-01 8.600826859474182129e-01
5.369674682617187500e+01 -3.068457031250000000e+01 -8.967431187629699707e-01 -2.560988068580627441e-01 -3.196589648723602295e-01 -3.092993795871734619e-01 8.582338094711303711e-01
5.372012710571289062e+01 -3.059411811828613281e+01 -9.193066358566284180e-01 -2.585762739181518555e-01 -3.176583051681518555e-01 -3.159623444080352783e-01 8.558032512664794922e-01
5.374421691894531250e+01 -3.050416374206542969e+01 -9.409350156784057617e-01 -2.616162300109863281e-01 -3.151593506336212158e-01 -3.241698741912841797e-01 8.527281880378723145e-01
5.376834869384765625e+01 -3.041459083557128906e+01 -9.620751738548278809e-01 -2.652329206466674805e-01 -3.121216893196105957e-01 -3.339810967445373535e-01 8.489334583282470703e-01
5.379375839233398438e+01 -3.032548522949218750e+01 -9.815197587013244629e-01 -2.694373428821563721e-01 -3.084995746612548828e-01 -3.454521298408508301e-01 8.443306684494018555e-01
5.381902313232421875e+01 -3.023664283752441406e+01 -1.000538945198059082e+00 -2.742369771003723145e-01 -3.042409420013427734e-01 -3.586363196372985840e-01 8.388155102729797363e-01
5.384638977050781250e+01 -3.014889144897460938e+01 -1.017631769180297852e+00 -2.765969038009643555e-01 -3.001895844936370850e-01 -3.724805712699890137e-01 8.334497809410095215e-01
5.387349319458007812e+01 -3.006137847900390625e+01 -1.034442782402038574e+00 -2.794765830039978027e-01 -2.957845032215118408e-01 -3.878708779811859131e-01 8.270191550254821777e-01
5.390287017822265625e+01 -2.997455024719238281e+01 -1.048094511032104492e+00 -2.827855944633483887e-01 -2.910435497760772705e-01 -4.045645892620086670e-01 8.195446729660034180e-01
5.393206787109375000e+01 -2.988801383972167969e+01 -1.061508774757385254e+00 -2.864350974559783936e-01 -2.859872579574584961e-01 -4.223211407661437988e-01 8.110555410385131836e-01
5.396385574340820312e+01 -2.980245208740234375e+01 -1.071229815483093262e+00 -2.903392314910888672e-01 -2.806411981582641602e-01 -4.409009516239166260e-01 8.015921115875244141e-01
5.399567794799804688e+01 -2.971728897094726562e+01 -1.080590128898620605e+00 -2.944158613681793213e-01 -2.750353217124938965e-01 -4.600686728954315186e-01 7.912090420722961426e-01
5.403013992309570312e+01 -2.963345718383789062e+01 -1.086000323295593262e+00 -2.985868453979492188e-01 -2.692058384418487549e-01 -4.795934557914733887e-01 7.799770832061767578e-01
5.406499862670898438e+01 -2.955023193359375000e+01 -1.090663433074951172e+00 -3.027805089950561523e-01 -2.631947398185729980e-01 -4.992535412311553955e-01 7.679833173751831055e-01
5.410224533081054688e+01 -2.946867561340332031e+01 -1.091519713401794434e+00 -3.069308698177337646e-01 -2.570505440235137939e-01 -5.188347101211547852e-01 7.553336620330810547e-01
5.414039993286132812e+01 -2.938813972473144531e+01 -1.090881347656250000e+00 -3.109787404537200928e-01 -2.508273124694824219e-01 -5.381342172622680664e-01 7.421518564224243164e-01
5.418033981323242188e+01 -2.930944442749023438e+01 -1.087120294570922852e+00 -3.148595094680786133e-01 -2.445659637451171875e-01 -5.569630861282348633e-01 7.285897731781005859e-01
5.422182464599609375e+01 -2.923250198364257812e+01 -1.080656051635742188e+00 -3.185217976570129395e-01 -2.383249104022979736e-01 -5.751459002494812012e-01 7.148091793060302734e-01
5.426417541503906250e+01 -2.915716743469238281e+01 -1.072443246841430664e+00 -3.219649195671081543e-01 -2.322348207235336304e-01 -5.925087928771972656e-01 7.009556889533996582e-01
5.430879211425781250e+01 -2.908481788635253906e+01 -1.059783339500427246e+00 -3.251596689224243164e-01 -2.263667881488800049e-01 -6.089005470275878906e-01 6.872186064720153809e-01
5.435324096679687500e+01 -2.901332855224609375e+01 -1.047222256660461426e+00 -3.280803263187408447e-01 -2.207936644554138184e-01 -6.241833567619323730e-01 6.738017201423645020e-01
5.440056610107421875e+01 -2.894591712951660156e+01 -1.030739068984985352e+00 -3.307045698165893555e-01 -2.155886143445968628e-01 -6.382336616516113281e-01 6.609188914299011230e-01
5.444776153564453125e+01 -2.887962913513183594e+01 -1.014185786247253418e+00 -3.329907357692718506e-01 -2.108001112937927246e-01 -6.509472131729125977e-01 6.488052606582641602e-01
5.449641418457031250e+01 -2.881618499755859375e+01 -9.964831471443176270e-01 -3.349427580833435059e-01 -2.065318971872329712e-01 -6.622157692909240723e-01 6.376739740371704102e-01
5.454618072509765625e+01 -2.875536346435546875e+01 -9.778295755386352539e-01 -3.365639448165893555e-01 -2.028814703226089478e-01 -6.719393730163574219e-01 6.277429461479187012e-01
5.459567260742187500e+01 -2.869581794738769531e+01 -9.592846632003784180e-01 -3.378503918647766113e-01 -1.999362111091613770e-01 -6.800225973129272461e-01 6.192348003387451172e-01
5.464792251586914062e+01 -2.864066505432128906e+01 -9.402172565460205078e-01 -3.387172818183898926e-01 -1.976644396781921387e-01 -6.864408850669860840e-01 6.123709082603454590e-01
5.469960403442382812e+01 -2.858660888671875000e+01 -9.212908744812011719e-01 -3.392407298088073730e-01 -1.960751712322235107e-01 -6.912859678268432617e-01 6.071193814277648926e-01
5.475251388549804688e+01 -2.853533363342285156e+01 -9.029418826103210449e-01 -3.394649028778076172e-01 -1.951096057891845703e-01 -6.946877241134643555e-01 6.034108400344848633e-01
5.480664825439453125e+01 -2.848682975769042969e+01 -8.851727247238159180e-01 -3.394314646720886230e-01 -1.947061121463775635e-01 -6.967628002166748047e-01 6.011633872985839844e-01
5.486767578125000000e+01 -2.843280220031738281e+01 -8.651183843612670898e-01 -3.391791582107543945e-01 -1.948018968105316162e-01 -6.976158618927001953e-01 6.002847552299499512e-01
5.494027328491210938e+01 -2.837780380249023438e+01 -8.457928299903869629e-01 -3.387439250946044922e-01 -1.953350901603698730e-01 -6.973424553871154785e-01 6.006748676300048828e-01
5.502053070068359375e+01 -2.831798553466796875e+01 -8.248071074485778809e-01 -3.381601274013519287e-01 -1.962440460920333862e-01 -6.960316896438598633e-01 6.022257804870605469e-01
5.511376953125000000e+01 -2.825910568237304688e+01 -8.078228831291198730e-01 -3.374603986740112305e-01 -1.974691748619079590e-01 -6.937680840492248535e-01 6.048241257667541504e-01
5.521743011474609375e+01 -2.819904327392578125e+01 -7.935259938240051270e-01 -3.363598287105560303e-01 -1.986275911331176758e-01 -6.907392144203186035e-01 6.085133552551269531e-01
5.533298873901367188e+01 -2.813972282409667969e+01 -7.842705845832824707e-01 -3.348839282989501953e-01 -1.996483206748962402e-01 -6.870252490043640137e-01 6.131798624992370605e-01
5.546229553222656250e+01 -2.808724021911621094e+01 -7.886157035827636719e-01 -3.331459164619445801e-01 -2.005526423454284668e-01 -6.826766133308410645e-01 6.186639070510864258e-01
5.560250854492187500e+01 -2.803850555419921875e+01 -8.008111119270324707e-01 -3.311437070369720459e-01 -2.012437582015991211e-01 -6.777827739715576172e-01 6.248641014099121094e-01
5.575347137451171875e+01 -2.799417686462402344e+01 -8.204186558723449707e-01 -3.288753628730773926e-01 -2.016251981258392334e-01 -6.724351048469543457e-01 6.316798329353332520e-01
5.591482162475585938e+01 -2.795409393310546875e+01 -8.455059528350830078e-01 -3.263401091098785400e-01 -2.016007751226425171e-01 -6.667260527610778809e-01 6.390113830566406250e-01
5.608651733398437500e+01 -2.791728210449218750e+01 -8.727685213088989258e-01 -3.235379457473754883e-01 -2.010753154754638672e-01 -6.607508659362792969e-01 6.467612385749816895e-01
5.626875686645507812e+01 -2.788198089599609375e+01 -8.973260521888732910e-01 -3.204707503318786621e-01 -1.999545693397521973e-01 -6.546064615249633789e-01 6.548335552215576172e-01
5.646154785156250000e+01 -2.784558296203613281e+01 -9.121508598327636719e-01 -3.171412944793701172e-01 -1.981443017721176147e-01 -6.483930945396423340e-01 6.631339192390441895e-01
5.666352462768554688e+01 -2.780458450317382812e+01 -9.074481129646301270e-01 -3.135527968406677246e-01 -1.955521404743194580e-01 -6.422121524810791016e-01 6.715709567070007324e-01
5.686989974975585938e+01 -2.775499153137207031e+01 -8.710107207298278809e-01 -3.097107410430908203e-01 -1.920863389968872070e-01 -6.361672878265380859e-01 6.800538301467895508e-01
5.707455825805664062e+01 -2.769599533081054688e+01 -7.978863120079040527e-01 -3.056202530860900879e-01 -1.876553893089294434e-01 -6.303632855415344238e-01 6.884939074516296387e-01
5.727727508544921875e+01 -2.763183593750000000e+01 -6.976501345634460449e-01 -3.012903332710266113e-01 -1.821995377540588379e-01 -6.248813271522521973e-01 6.968147158622741699e-01
5.748181915283203125e+01 -2.756598091125488281e+01 -5.803497433662414551e-01 -2.967410683631896973e-01 -1.757802665233612061e-01 -6.197072267532348633e-01 7.049887776374816895e-01
5.769389343261718750e+01 -2.750164413452148438e+01 -4.553521573543548584e-01 -2.919955849647521973e-01 -1.684905588626861572e-01 -6.148017644882202148e-01 7.129995226860046387e-01
5.791910171508789062e+01 -2.744115447998046875e+01 -3.316564857959747314e-01 -2.870762050151824951e-01 -1.604235917329788208e-01 -6.101258993148803711e-01 7.208313941955566406e-01
5.816105270385742188e+01 -2.738658142089843750e+01 -2.166149914264678955e-01 -2.820069491863250732e-01 -1.516719758510589600e-01 -6.056417822837829590e-01 7.284681200981140137e-01
5.842163085937500000e+01 -2.733997726440429688e+01 -1.169873028993606567e-01 -2.768111824989318848e-01 -1.423308253288269043e-01 -6.013115644454956055e-01 7.358952164649963379e-01
5.869960784912109375e+01 -2.730142593383789062e+01 -3.471008315682411194e-02 -2.715142965316772461e-01 -1.324938833713531494e-01 -5.970996618270874023e-01 7.430998086929321289e-01
5.899194335937500000e+01 -2.726876449584960938e+01 3.374572843313217163e-02 -2.661413550376892090e-01 -1.222573295235633850e-01 -5.929716825485229492e-01 7.500709295272827148e-01
5.929693603515625000e+01 -2.724040031433105469e+01 9.053161740303039551e-02 -2.607189118862152100e-01 -1.117163300514221191e-01 -5.888960957527160645e-01 7.568002343177795410e-01
5.961360168457031250e+01 -2.721497726440429688e+01 1.368353217840194702e-01 -2.552748918533325195e-01 -1.009675264358520508e-01 -5.848430395126342773e-01 7.632817625999450684e-01
5.994125747680664062e+01 -2.719100570678710938e+01 1.730487048625946045e-01 -2.498379349708557129e-01 -9.010782092809677124e-02 -5.807851552963256836e-01 7.695129513740539551e-01
6.027951049804687500e+01 -2.716537857055664062e+01 1.953796297311782837e-01 -2.444375604391098022e-01 -7.923436909914016724e-02 -5.766979455947875977e-01 7.754944562911987305e-01
6.062595748901367188e+01 -2.712457466125488281e+01 1.933087110519409180e-01 -2.391049861907958984e-01 -6.844469159841537476e-02 -5.725595355033874512e-01 7.812295556068420410e-01
6.093551635742187500e+01 -2.698104095458984375e+01 1.008666977286338806e-01 -2.338712364435195923e-01 -5.783609300851821899e-02 -5.683504343032836914e-01 7.867255806922912598e-01
6.126231384277343750e+01 -2.682232093811035156e+01 4.795287922024726868e-02 -2.287694513797760010e-01 -4.750577360391616821e-02 -5.640535950660705566e-01 7.919920086860656738e-01
6.161159133911132812e+01 -2.668789291381835938e+01 1.848144456744194031e-03 -2.238326966762542725e-01 -3.755120933055877686e-02 -5.596541166305541992e-01 7.970421314239501953e-01
6.197752761840820312e+01 -2.659112739562988281e+01 -7.419127970933914185e-02 -2.190951853990554810e-01 -2.806927263736724854e-02 -5.551394820213317871e-01 8.018912076950073242e-01
6.235704040527343750e+01 -2.656534385681152344e+01 -1.843994110822677612e-01 -2.145908474922180176e-01 -1.915623247623443604e-02 -5.504981875419616699e-01 8.065578341484069824e-01
6.275520324707031250e+01 -2.657728195190429688e+01 -2.630334496498107910e-01 -2.103549540042877197e-01 -1.090791821479797363e-02 -5.457210540771484375e-01 8.110612630844116211e-01
6.316870880126953125e+01 -2.658861541748046875e+01 -3.056127727031707764e-01 -2.064221501350402832e-01 -3.419689834117889404e-03 -5.407987236976623535e-01 8.154231905937194824e-01
6.359204101562500000e+01 -2.659484481811523438e+01 -3.459863066673278809e-01 -2.020535469055175781e-01 2.741158008575439453e-03 -5.357286334037780762e-01 8.198546171188354492e-01
6.402146148681640625e+01 -2.659150314331054688e+01 -4.120348989963531494e-01 -1.981513798236846924e-01 8.226893842220306396e-03 -5.305258035659790039e-01 8.241423368453979492e-01
6.444018554687500000e+01 -2.656949806213378906e+01 -5.544207692146301270e-01 -1.946765631437301636e-01 1.309171319007873535e-02 -5.251941680908203125e-01 8.283119797706604004e-01
6.484731292724609375e+01 -2.655670356750488281e+01 -7.534253001213073730e-01 -1.915897578001022339e-01 1.739077270030975342e-02 -5.197381973266601562e-01 8.323839902877807617e-01
6.528685760498046875e+01 -2.659928321838378906e+01 -8.897351026535034180e-01 -1.888514310121536255e-01 2.118024230003356934e-02 -5.141611099243164062e-01 8.363760113716125488e-01
6.574805450439453125e+01 -2.667744255065917969e+01 -9.577465653419494629e-01 -1.864221394062042236e-01 2.451718598604202271e-02 -5.084651708602905273e-01 8.403027653694152832e-01
6.622053527832031250e+01 -2.676993751525878906e+01 -9.874200224876403809e-01 -1.842627376317977905e-01 2.745960652828216553e-02 -5.026525855064392090e-01 8.441762328147888184e-01
6.670237731933593750e+01 -2.686750602722167969e+01 -9.779412746429443359e-01 -1.823341250419616699e-01 3.006715327501296997e-02 -4.967246353626251221e-01 8.480063080787658691e-01
6.716750335693359375e+01 -2.694188690185546875e+01 -8.475841879844665527e-01 -1.805984377861022949e-01 3.239949420094490051e-02 -4.906819760799407959e-01 8.518014550209045410e-01
6.755802154541015625e+01 -2.694961357116699219e+01 -5.439941287040710449e-01 -1.790182888507843018e-01 3.451789543032646179e-02 -4.845250844955444336e-01 8.555678725242614746e-01
6.795298004150390625e+01 -2.683284568786621094e+01 -2.718701064586639404e-01 -1.775574088096618652e-01 3.648443520069122314e-02 -4.782541096210479736e-01 8.593108654022216797e-01
6.833126068115234375e+01 -2.657201766967773438e+01 -8.210937678813934326e-02 -1.761805862188339233e-01 3.836236521601676941e-02 -4.718680381774902344e-01 8.630349040031433105e-01
6.867803955078125000e+01 -2.625295829772949219e+01 5.332031100988388062e-02 -1.748538911342620850e-01 4.021588340401649475e-02 -4.653661549091339111e-01 8.667427301406860352e-01
6.899829864501953125e+01 -2.590477561950683594e+01 1.524389684200286865e-01 -1.735451519489288330e-01 4.210957139730453491e-02 -4.587473869323730469e-01 8.704364895820617676e-01
6.929903411865234375e+01 -2.554367065429687500e+01 2.288708388805389404e-01 -1.722231209278106689e-01 4.410991072654724121e-02 -4.520096778869628906e-01 8.741171956062316895e-01
6.958183288574218750e+01 -2.517501449584960938e+01 2.906109690666198730e-01 -1.708587557077407837e-01 4.628311097621917725e-02 -4.451509118080139160e-01 8.777846693992614746e-01
6.985175323486328125e+01 -2.480482673645019531e+01 3.448107838630676270e-01 -1.694241911172866821e-01 4.869700223207473755e-02 -4.381682276725769043e-01 8.814378380775451660e-01
7.011024475097656250e+01 -2.443449401855468750e+01 3.929211199283599854e-01 -1.678934693336486816e-01 5.141974240541458130e-02 -4.310581684112548828e-01 8.850743770599365234e-01
7.035202789306640625e+01 -2.406098365783691406e+01 4.337017834186553955e-01 -1.662421077489852905e-01 5.452028661966323853e-02 -4.238162636756896973e-01 8.886904716491699219e-01
7.058715820312500000e+01 -2.369165039062500000e+01 4.725158512592315674e-01 -1.644477844238281250e-01 5.806726962327957153e-02 -4.164373576641082764e-01 8.922808170318603516e-01
7.080464172363281250e+01 -2.331960868835449219e+01 5.053741335868835449e-01 -1.620979607105255127e-01 6.192464381456375122e-02 -4.089602530002593994e-01 8.959023952484130859e-01
7.101732635498046875e+01 -2.295314979553222656e+01 5.373290777206420898e-01 -1.595780700445175171e-01 6.621725857257843018e-02 -4.014448225498199463e-01 8.994398713111877441e-01
7.121190643310546875e+01 -2.258465576171875000e+01 5.647192001342773438e-01 -1.569230854511260986e-01 7.087565213441848755e-02 -3.939918577671051025e-01 9.028412103652954102e-01
7.140312957763671875e+01 -2.222254371643066406e+01 5.916107296943664551e-01 -1.541689485311508179e-01 7.583079487085342407e-02 -3.867045640945434570e-01 9.060580134391784668e-01
7.157576751708984375e+01 -2.185909843444824219e+01 6.149084568023681641e-01 -1.513520628213882446e-01 8.101340383291244507e-02 -3.796878159046173096e-01 9.090470671653747559e-01
7.174362945556640625e+01 -2.150130081176757812e+01 6.374365091323852539e-01 -1.485102325677871704e-01 8.635483682155609131e-02 -3.730474710464477539e-01 9.117691516876220703e-01
7.189826202392578125e+01 -2.114552879333496094e+01 6.580004692077636719e-01 -1.456810683012008667e-01 9.178689122200012207e-02 -3.668920397758483887e-01 9.141894578933715820e-01
7.204178619384765625e+01 -2.079270935058593750e+01 6.769360303878784180e-01 -1.429033279418945312e-01 9.724175930023193359e-02 -3.613316118717193604e-01 9.162762165069580078e-01
7.218196105957031250e+01 -2.044628906250000000e+01 6.954522728919982910e-01 -1.402162015438079834e-01 1.026520580053329468e-01 -3.564762473106384277e-01 9.180014133453369141e-01
7.229998779296875000e+01 -2.009921836853027344e+01 7.113940119743347168e-01 -1.376584470272064209e-01 1.079507470130920410e-01 -3.524370491504669189e-01 9.193394780158996582e-01
7.241550445556640625e+01 -1.975885391235351562e+01 7.270404100418090820e-01 -1.352696865797042847e-01 1.130711808800697327e-01 -3.493256568908691406e-01 9.202654957771301270e-01
7.252399444580078125e+01 -1.942374610900878906e+01 7.418816685676574707e-01 -1.330893486738204956e-01 1.179471015930175781e-01 -3.472536504268646240e-01 9.207554459571838379e-01
7.262067413330078125e+01 -1.909235763549804688e+01 7.553765773773193359e-01 -1.311560571193695068e-01 1.225120574235916138e-01 -3.463318347930908203e-01 9.207839369773864746e-01
7.271506500244140625e+01 -1.876771354675292969e+01 7.686407566070556641e-01 -1.295086741447448730e-01 1.266998350620269775e-01 -3.466701507568359375e-01 9.203230142593383789e-01
7.280358886718750000e+01 -1.844879150390625000e+01 7.812713384628295898e-01 -1.281848102807998657e-01 1.304436773061752319e-01 -3.483771979808807373e-01 9.193401932716369629e-01
7.288488006591796875e+01 -1.813519287109375000e+01 7.931206822395324707e-01 -1.272212266921997070e-01 1.336763203144073486e-01 -3.515586256980895996e-01 9.177973270416259766e-01
7.296403503417968750e+01 -1.782832145690917969e+01 8.047863841056823730e-01 -1.266538053750991821e-01 1.363298594951629639e-01 -3.563178777694702148e-01 9.156476259231567383e-01
7.303803253173828125e+01 -1.752739906311035156e+01 8.154931664466857910e-01 -1.265161782503128052e-01 1.383351087570190430e-01 -3.627541363239288330e-01 9.128343462944030762e-01
7.310205841064453125e+01 -1.723118019104003906e+01 8.239782452583312988e-01 -1.268406659364700317e-01 1.396214962005615234e-01 -3.709609508514404297e-01 9.092883467674255371e-01
7.316417694091796875e+01 -1.694164466857910156e+01 8.323473930358886719e-01 -1.276568174362182617e-01 1.401167213916778564e-01 -3.810260891914367676e-01 9.049255251884460449e-01
7.322377014160156250e+01 -1.665873336791992188e+01 8.399700522422790527e-01 -1.271441578865051270e-01 1.389710456132888794e-01 -3.932574987411499023e-01 8.999277353286743164e-01
7.326693725585937500e+01 -1.637956428527832031e+01 8.424187898635864258e-01 -1.269938200712203979e-01 1.369237303733825684e-01 -4.071770906448364258e-01 8.940532803535461426e-01
7.330870819091796875e+01 -1.610715484619140625e+01 8.448144197463989258e-01 -1.272399425506591797e-01 1.340769082307815552e-01 -4.225014448165893555e-01 8.873137831687927246e-01
7.334918975830078125e+01 -1.584153652191162109e+01 8.471533060073852539e-01 -1.279108673334121704e-01 1.305410265922546387e-01 -4.389499723911285400e-01 8.797276020050048828e-01
7.338115692138671875e+01 -1.558165264129638672e+01 8.461230397224426270e-01 -1.290248334407806396e-01 1.264341026544570923e-01 -4.562475383281707764e-01 8.713238239288330078e-01
7.341094970703125000e+01 -1.532847785949707031e+01 8.445623517036437988e-01 -1.305864155292510986e-01 1.218809038400650024e-01 -4.741280078887939453e-01 8.621455430984497070e-01
7.343988800048828125e+01 -1.508224773406982422e+01 8.430407643318176270e-01 -1.325846463441848755e-01 1.170097514986991882e-01 -4.923352301120758057e-01 8.522534370422363281e-01
7.346749114990234375e+01 -1.484296512603759766e+01 8.399987816810607910e-01 -1.349917948246002197e-01 1.119501590728759766e-01 -5.106256008148193359e-01 8.417279720306396484e-01
7.349413299560546875e+01 -1.461071968078613281e+01 8.363537192344665527e-01 -1.377627551555633545e-01 1.068297326564788818e-01 -5.287701487541198730e-01 8.306690454483032227e-01
7.352075958251953125e+01 -1.438035011291503906e+01 8.327264189720153809e-01 -1.408366709947586060e-01 1.017700955271720886e-01 -5.465530753135681152e-01 8.191993832588195801e-01
7.354667663574218750e+01 -1.415189170837402344e+01 8.270678520202636719e-01 -1.441377699375152588e-01 9.688457101583480835e-02 -5.637751221656799316e-01 8.074622750282287598e-01
7.357196044921875000e+01 -1.392541885375976562e+01 8.195226788520812988e-01 -1.475781351327896118e-01 9.227479994297027588e-02 -5.802502036094665527e-01 7.956228256225585938e-01
7.359727478027343750e+01 -1.370104503631591797e+01 8.120312094688415527e-01 -1.510603427886962891e-01 8.802867680788040161e-02 -5.958065390586853027e-01 7.838662266731262207e-01
7.362098693847656250e+01 -1.347889137268066406e+01 7.999646067619323730e-01 -1.544800698757171631e-01 8.421956002712249756e-02 -6.102855801582336426e-01 7.723951935768127441e-01
7.364382934570312500e+01 -1.325901985168457031e+01 7.854113578796386719e-01 -1.577298194169998169e-01 8.090509474277496338e-02 -6.235392093658447266e-01 7.614292502403259277e-01
7.366584014892578125e+01 -1.304158782958984375e+01 7.687945365905761719e-01 -1.607007086277008057e-01 7.812925428152084351e-02 -6.354289650917053223e-01 7.511997818946838379e-01
7.368533325195312500e+01 -1.282690048217773438e+01 7.456128001213073730e-01 -1.632858067750930786e-01 7.592365890741348267e-02 -6.458225846290588379e-01 7.419477701187133789e-01
7.370355987548828125e+01 -1.261501312255859375e+01 7.195318341255187988e-01 -1.653816848993301392e-01 7.431125640869140625e-02 -6.545919179916381836e-01 7.339183092117309570e-01
7.371857452392578125e+01 -1.240647602081298828e+01 6.858673095703125000e-01 -1.668904125690460205e-01 7.331036031246185303e-02 -6.616090536117553711e-01 7.273559570312500000e-01
7.372949218750000000e+01 -1.220211887359619141e+01 6.433282494544982910e-01 -1.677204072475433350e-01 7.294029742479324341e-02 -6.667423248291015625e-01 7.224985361099243164e-01
7.373540496826171875e+01 -1.200273513793945312e+01 5.906866192817687988e-01 -1.669984757900238037e-01 7.245951145887374878e-02 -6.699866056442260742e-01 7.197076082229614258e-01
7.373394775390625000e+01 -1.181006526947021484e+01 5.247088670730590820e-01 -1.658007949590682983e-01 7.281140238046646118e-02 -6.713475584983825684e-01 7.186800837516784668e-01
7.372383880615234375e+01 -1.162497520446777344e+01 4.465832412242889404e-01 -1.641586571931838989e-01 7.395599782466888428e-02 -6.709757447242736816e-01 7.192872166633605957e-01
7.370826721191406250e+01 -1.144265556335449219e+01 3.693456947803497314e-01 -1.620999127626419067e-01 7.585278153419494629e-02 -6.690083742141723633e-01 7.213859558105468750e-01
7.369446563720703125e+01 -1.125671863555908203e+01 3.085827529430389404e-01 -1.596497595310211182e-01 7.846006751060485840e-02 -6.655728816986083984e-01 7.248231768608093262e-01
7.368218231201171875e+01 -1.106952381134033203e+01 2.604937553405761719e-01 -1.568321734666824341e-01 8.173477649688720703e-02 -6.607899665832519531e-01 7.294379472732543945e-01
7.367058563232421875e+01 -1.088269233703613281e+01 2.211578339338302612e-01 -1.536701470613479614e-01 8.563357591629028320e-02 -6.547772288322448730e-01 7.350640296936035156e-01
7.365882110595703125e+01 -1.069747924804687500e+01 1.857617199420928955e-01 -1.501860618591308594e-01 9.011282026767730713e-02 -6.476505994796752930e-01 7.415339350700378418e-01
7.364595794677734375e+01 -1.051460838317871094e+01 1.507623195648193359e-01 -1.464037299156188965e-01 9.512792527675628662e-02 -6.395273804664611816e-01 7.486797571182250977e-01
7.363106536865234375e+01 -1.033494758605957031e+01 1.120275855064392090e-01 -1.422111988067626953e-01 1.005212962627410889e-01 -6.305464506149291992e-01 7.563613653182983398e-01
7.361365509033203125e+01 -1.015868568420410156e+01 6.910644471645355225e-02 -1.374925673007965088e-01 1.061425432562828064e-01 -6.208555102348327637e-01 7.644395828247070312e-01
7.359418487548828125e+01 -9.984830856323242188e+00 2.625061012804508209e-02 -1.326180696487426758e-01 1.122375652194023132e-01 -6.105409860610961914e-01 7.726931571960449219e-01
7.357366180419921875e+01 -9.812415122985839844e+00 -1.299011241644620895e-02 -1.276419013738632202e-01 1.187780722975730896e-01 -5.997368097305297852e-01 7.809705734252929688e-01
7.355275726318359375e+01 -9.640814781188964844e+00 -4.575072973966598511e-02 -1.226131916046142578e-01 1.257286071777343750e-01 -5.885832309722900391e-01 7.891311645507812500e-01
7.353209686279296875e+01 -9.470079421997070312e+00 -7.177917659282684326e-02 -1.175744384527206421e-01 1.330471038818359375e-01 -5.772296786308288574e-01 7.970449328422546387e-01
7.351199340820312500e+01 -9.300416946411132812e+00 -9.159057587385177612e-02 -1.125606000423431396e-01 1.406851559877395630e-01 -5.658327937126159668e-01 8.045937418937683105e-01
7.349259185791015625e+01 -9.132043838500976562e+00 -1.061993390321731567e-01 -1.075975820422172546e-01 1.485893428325653076e-01 -5.545591115951538086e-01 8.116698861122131348e-01
7.347394561767578125e+01 -8.965148925781250000e+00 -1.171697974205017090e-01 -1.027017533779144287e-01 1.567016541957855225e-01 -5.435832142829895020e-01 8.181774020195007324e-01
7.345629882812500000e+01 -8.799768447875976562e+00 -1.250494420528411865e-01 -9.787876904010772705e-02 1.649610698223114014e-01 -5.330878496170043945e-01 8.240296840667724609e-01
7.343898010253906250e+01 -8.630826950073242188e+00 -1.312896758317947388e-01 -9.312366694211959839e-02 1.733039617538452148e-01 -5.232641696929931641e-01 8.291491270065307617e-01
7.342208099365234375e+01 -8.458301544189453125e+00 -1.361901760101318359e-01 -8.809276670217514038e-02 1.814642250537872314e-01 -5.143349170684814453e-01 8.335286974906921387e-01
7.340584564208984375e+01 -8.282213211059570312e+00 -1.397930830717086792e-01 -8.318115025758743286e-02 1.896485388278961182e-01 -5.061806440353393555e-01 8.371950984001159668e-01
7.339057159423828125e+01 -8.102585792541503906e+00 -1.422320455312728882e-01 -7.841208577156066895e-02 1.978247463703155518e-01 -4.987058341503143311e-01 8.402436971664428711e-01
