-2.718988227844238281e+01 -1.471508502960205078e+01 -3.678875565528869629e-01 -0.000000000000000000e+00 -0.000000000000000000e+00 -9.674355387687683105e-01 2.531174421310424805e-01
-2.727713394165039062e+01 -1.449260234832763672e+01 -4.233264029026031494e-01 -4.270470701158046722e-03 7.894548587501049042e-03 -9.654645323753356934e-01 2.603799402713775635e-01
-2.736390113830566406e+01 -1.427081298828125000e+01 -4.631707668304443359e-01 -9.281897917389869690e-03 1.582208089530467987e-02 -9.633004665374755859e-01 2.677978575229644775e-01
-2.744995498657226562e+01 -1.405031490325927734e+01 -4.849194288253784180e-01 -1.490220241248607635e-02 2.377539873123168945e-02 -9.609395265579223633e-01 2.753320932388305664e-01
-2.753605842590332031e+01 -1.383293533325195312e+01 -4.920916557312011719e-01 -2.099951542913913727e-02 3.174727410078048706e-02 -9.583806395530700684e-01 2.829446196556091309e-01
-2.762292480468750000e+01 -1.361987113952636719e+01 -4.882067739963531494e-01 -2.744182199239730835e-02 3.972944617271423340e-02 -9.556261897087097168e-01 2.905978858470916748e-01
-2.771047210693359375e+01 -1.341153621673583984e+01 -4.760265946388244629e-01 -3.409691154956817627e-02 4.771534726023674011e-02 -9.526827335357666016e-01 2.982553243637084961e-01
-2.779854011535644531e+01 -1.320809745788574219e+01 -4.572826921939849854e-01 -4.083241522312164307e-02 5.569669604301452637e-02 -9.495613574981689453e-01 3.058821558952331543e-01
-2.788775825500488281e+01 -1.300988006591796875e+01 -4.339367449283599854e-01 -4.751681536436080933e-02 6.366686522960662842e-02 -9.462776780128479004e-01 3.134441673755645752e-01
-2.798083877563476562e+01 -1.281808853149414062e+01 -4.079046547412872314e-01 -5.401855707168579102e-02 7.161797583103179932e-02 -9.428520202636718750e-01 3.209095299243927002e-01
-2.807960319519042969e+01 -1.263379001617431641e+01 -3.802325427532196045e-01 -6.020671874284744263e-02 7.954392582178115845e-02 -9.393091201782226562e-01 3.282471299171447754e-01
-2.818914985656738281e+01 -1.245155715942382812e+01 -3.507287502288818359e-01 -6.595057249069213867e-02 8.743770420551300049e-02 -9.356780648231506348e-01 3.354277312755584717e-01
-2.831117057800292969e+01 -1.227305316925048828e+01 -3.199371397495269775e-01 -7.112087309360504150e-02 9.529308229684829712e-02 -9.319909214973449707e-01 3.424235880374908447e-01
-2.844711875915527344e+01 -1.210020446777343750e+01 -2.883911132812500000e-01 -7.558797299861907959e-02 1.031043753027915955e-01 -9.282833337783813477e-01 3.492076098918914795e-01
-2.859810447692871094e+01 -1.193517398834228516e+01 -2.566393911838531494e-01 -7.922380417585372925e-02 1.108662411570549011e-01 -9.245923757553100586e-01 3.557543158531188965e-01
-2.876476478576660156e+01 -1.178026485443115234e+01 -2.252508550882339478e-01 -8.190062642097473145e-02 1.185733079910278320e-01 -9.209563136100769043e-01 3.620385229587554932e-01
-2.894588851928710938e+01 -1.163608646392822266e+01 -1.947363168001174927e-01 -8.349069207906723022e-02 1.262212842702865601e-01 -9.174131751060485840e-01 3.680360317230224609e-01
-2.913970184326171875e+01 -1.150228977203369141e+01 -1.655139178037643433e-01 -8.386743813753128052e-02 1.338053047657012939e-01 -9.139991402626037598e-01 3.737218379974365234e-01
-2.934468650817871094e+01 -1.137835788726806641e+01 -1.379199177026748657e-01 -8.290381729602813721e-02 1.413212865591049194e-01 -9.107472896575927734e-01 3.790706396102905273e-01
-2.955958366394042969e+01 -1.126369762420654297e+01 -1.122253388166427612e-01 -8.047305792570114136e-02 1.487650871276855469e-01 -9.076862335205078125e-01 3.840555250644683838e-01
-2.978337860107421875e+01 -1.115770721435546875e+01 -8.865112066268920898e-02 -7.644775509834289551e-02 1.561319977045059204e-01 -9.048376679420471191e-01 3.886480033397674561e-01
-3.001550674438476562e+01 -1.105954647064208984e+01 -6.843200325965881348e-02 -6.898212432861328125e-02 1.593589484691619873e-01 -9.029338359832763672e-01 3.931368887424468994e-01
-3.025499916076660156e+01 -1.096915245056152344e+01 -5.052551254630088806e-02 -6.021852046251296997e-02 1.631923168897628784e-01 -9.011461138725280762e-01 3.970864415168762207e-01
-3.050175666809082031e+01 -1.088748550415039062e+01 -3.559570387005805969e-02 -5.030129104852676392e-02 1.675493419170379639e-01 -8.994396924972534180e-01 4.005060791969299316e-01
-3.075462913513183594e+01 -1.081250572204589844e+01 -2.331237681210041046e-02 -3.937068581581115723e-02 1.723447293043136597e-01 -8.977789878845214844e-01 4.034106731414794922e-01
-3.101304054260253906e+01 -1.074309349060058594e+01 -1.329223625361919403e-02 -2.756408229470252991e-02 1.774924695491790771e-01 -8.961289525032043457e-01 4.058193564414978027e-01
-3.127659606933593750e+01 -1.067844963073730469e+01 -5.261840764433145523e-03 -1.501723751425743103e-02 1.829073727130889893e-01 -8.944580554962158203e-01 4.077547788619995117e-01
-3.154500961303710938e+01 -1.061798286437988281e+01 9.716796921566128731e-04 -1.864872872829437256e-03 1.885065138339996338e-01 -8.927387595176696777e-01 4.092423021793365479e-01
-3.181805610656738281e+01 -1.056120681762695312e+01 5.557861179113388062e-03 1.175837963819503784e-02 1.942100226879119873e-01 -8.909493088722229004e-01 4.103090465068817139e-01
-3.209557723999023438e+01 -1.050773811340332031e+01 8.597412146627902985e-03 2.571765333414077759e-02 1.999422162771224976e-01 -8.890746235847473145e-01 4.109843075275421143e-01
-3.237736892700195312e+01 -1.045695304870605469e+01 1.025085430592298508e-02 3.987774252891540527e-02 2.056320309638977051e-01 -8.871071338653564453e-01 4.112981855869293213e-01
-3.266326904296875000e+01 -1.040814018249511719e+01 1.068176236003637314e-02 5.410233885049819946e-02 2.112134993076324463e-01 -8.850472569465637207e-01 4.112821221351623535e-01
-3.295307922363281250e+01 -1.036029148101806641e+01 1.002197246998548508e-02 6.825469434261322021e-02 2.166261970996856689e-01 -8.829035162925720215e-01 4.109691977500915527e-01
-3.324700546264648438e+01 -1.031485176086425781e+01 8.231201209127902985e-03 8.219731599092483521e-02 2.218152433633804321e-01 -8.806927800178527832e-01 4.103923738002777100e-01
-3.354681015014648438e+01 -1.028816223144531250e+01 3.817748976871371269e-03 9.579221904277801514e-02 2.267313301563262939e-01 -8.784394264221191406e-01 4.095861017704010010e-01
-3.385139083862304688e+01 -1.029052734375000000e+01 -3.292846493422985077e-03 1.089009717106819153e-01 2.313307523727416992e-01 -8.761761188507080078e-01 4.085853397846221924e-01
-3.415653610229492188e+01 -1.031570053100585938e+01 -1.192687917500734329e-02 1.213852241635322571e-01 2.355750650167465210e-01 -8.739418983459472656e-01 4.074255526065826416e-01
-3.446191406250000000e+01 -1.035338020324707031e+01 -2.111938409507274628e-02 1.331064999103546143e-01 2.394306063652038574e-01 -8.717820644378662109e-01 4.061421453952789307e-01
-3.476786041259765625e+01 -1.039798831939697266e+01 -3.046325594186782837e-02 1.439263671636581421e-01 2.428681552410125732e-01 -8.697474002838134766e-01 4.047710001468658447e-01
-3.507474517822265625e+01 -1.044617748260498047e+01 -3.999450430274009705e-02 1.537070274353027344e-01 2.458620071411132812e-01 -8.678927421569824219e-01 4.033463299274444580e-01
-3.538275146484375000e+01 -1.049658775329589844e+01 -4.976196214556694031e-02 1.623102575540542603e-01 2.483891546726226807e-01 -8.662752509117126465e-01 4.019021987915039062e-01
-3.569191741943359375e+01 -1.054831886291503906e+01 -6.023498252034187317e-02 1.705292761325836182e-01 2.485075742006301880e-01 -8.655009865760803223e-01 4.000896215438842773e-01
-3.600209808349609375e+01 -1.060166263580322266e+01 -7.114440947771072388e-02 1.750317811965942383e-01 2.472784817218780518e-01 -8.658621907234191895e-01 3.981202840805053711e-01
-3.631348419189453125e+01 -1.065575695037841797e+01 -8.241698890924453735e-02 1.764105856418609619e-01 2.449555099010467529e-01 -8.671810030937194824e-01 3.960721790790557861e-01
-3.662627792358398438e+01 -1.071073341369628906e+01 -9.426086395978927612e-02 1.777450740337371826e-01 2.426494807004928589e-01 -8.684310913085937500e-01 3.941514194011688232e-01
-3.693936920166015625e+01 -1.076639366149902344e+01 -1.069885194301605225e-01 1.790276467800140381e-01 2.403787970542907715e-01 -8.696072101593017578e-01 3.923651576042175293e-01
-3.725278091430664062e+01 -1.082247066497802734e+01 -1.210107430815696716e-01 1.802504360675811768e-01 2.381627261638641357e-01 -8.707038164138793945e-01 3.907213807106018066e-01
-3.756655502319335938e+01 -1.087869930267333984e+01 -1.366815119981765747e-01 1.814048886299133301e-01 2.360224723815917969e-01 -8.717149496078491211e-01 3.892283439636230469e-01
-3.788066864013671875e+01 -1.093470096588134766e+01 -1.552941799163818359e-01 1.824826747179031372e-01 2.339792996644973755e-01 -8.726349472999572754e-01 3.878943026065826416e-01
-3.819504165649414062e+01 -1.099013328552246094e+01 -1.785961836576461792e-01 1.834745705127716064e-01 2.320558726787567139e-01 -8.734572529792785645e-01 3.867290914058685303e-01
-3.850931549072265625e+01 -1.104507541656494141e+01 -2.094964534044265747e-01 1.843715608119964600e-01 2.302750945091247559e-01 -8.741758465766906738e-01 3.857421875000000000e-01
-3.882305908203125000e+01 -1.110241317749023438e+01 -2.457037270069122314e-01 1.851637661457061768e-01 2.286607027053833008e-01 -8.747833371162414551e-01 3.849450647830963135e-01
-3.913656997680664062e+01 -1.117107963562011719e+01 -2.592907547950744629e-01 1.858412921428680420e-01 2.272364646196365356e-01 -8.752725720405578613e-01 3.843494057655334473e-01
-3.944722747802734375e+01 -1.125510692596435547e+01 -2.548162639141082764e-01 1.863936632871627808e-01 2.260267436504364014e-01 -8.756356239318847656e-01 3.839680254459381104e-01
-3.975531768798828125e+01 -1.134970283508300781e+01 -2.487744092941284180e-01 1.868104189634323120e-01 2.250553071498870850e-01 -8.758646249771118164e-01 3.838140368461608887e-01
-4.006198501586914062e+01 -1.145048999786376953e+01 -2.440795898437500000e-01 1.870801299810409546e-01 2.243466526269912720e-01 -8.759503364562988281e-01 3.839018344879150391e-01
-4.036790847778320312e+01 -1.155512809753417969e+01 -2.409893721342086792e-01 1.871913969516754150e-01 2.239244431257247925e-01 -8.758835196495056152e-01 3.842461705207824707e-01
-4.067336654663085938e+01 -1.166241931915283203e+01 -2.392761111259460449e-01 1.859578192234039307e-01 2.234023213386535645e-01 -8.760300874710083008e-01 3.848144710063934326e-01
-4.097856903076171875e+01 -1.177175140380859375e+01 -2.387646436691284180e-01 1.833783388137817383e-01 2.228026539087295532e-01 -8.763715028762817383e-01 3.856218457221984863e-01
-4.128347015380859375e+01 -1.188342761993408203e+01 -2.390112280845642090e-01 1.808158159255981445e-01 2.226260006427764893e-01 -8.764575123786926270e-01 3.867371380329132080e-01
-4.158840179443359375e+01 -1.199653625488281250e+01 -2.394201606512069702e-01 1.783424913883209229e-01 2.229241430759429932e-01 -8.762516975402832031e-01 3.881772160530090332e-01
-4.189328384399414062e+01 -1.211132526397705078e+01 -2.399792373180389404e-01 1.760186105966567993e-01 2.237295508384704590e-01 -8.757291436195373535e-01 3.899499177932739258e-01
-4.219779586791992188e+01 -1.222854232788085938e+01 -2.404388338327407837e-01 1.738546192646026611e-01 2.250010222196578979e-01 -8.749077320098876953e-01 3.920273482799530029e-01
-4.250234222412109375e+01 -1.234709167480468750e+01 -2.407623231410980225e-01 1.718495041131973267e-01 2.266775965690612793e-01 -8.738169074058532715e-01 3.943715989589691162e-01
-4.280630874633789062e+01 -1.246851634979248047e+01 -2.406860291957855225e-01 1.700010299682617188e-01 2.286992967128753662e-01 -8.724851608276367188e-01 3.969459235668182373e-01
-4.310974884033203125e+01 -1.259249687194824219e+01 -2.400793433189392090e-01 1.683080941438674927e-01 2.310049682855606079e-01 -8.709415197372436523e-01 3.997122347354888916e-01
-4.341284179687500000e+01 -1.271861553192138672e+01 -2.390307635068893433e-01 1.667688935995101929e-01 2.335345000028610229e-01 -8.692156076431274414e-01 4.026337563991546631e-01
-4.371402359008789062e+01 -1.285038185119628906e+01 -2.365026772022247314e-01 1.653822511434555054e-01 2.362276464700698853e-01 -8.673374652862548828e-01 4.056733548641204834e-01
-4.401336288452148438e+01 -1.298730945587158203e+01 -2.324517816305160522e-01 1.641471087932586670e-01 2.390243709087371826e-01 -8.653381466865539551e-01 4.087945520877838135e-01
-4.430917358398437500e+01 -1.313251399993896484e+01 -2.257946729660034180e-01 1.630622893571853638e-01 2.418649196624755859e-01 -8.632498383522033691e-01 4.119609594345092773e-01
-4.459748077392578125e+01 -1.329262161254882812e+01 -2.140277028083801270e-01 1.621271073818206787e-01 2.446897029876708984e-01 -8.611055016517639160e-01 4.151372015476226807e-01
-4.487079620361328125e+01 -1.347686290740966797e+01 -1.929888874292373657e-01 1.613411754369735718e-01 2.474394738674163818e-01 -8.589397072792053223e-01 4.182884097099304199e-01
-4.510232162475585938e+01 -1.370783424377441406e+01 -1.502349823713302612e-01 1.607038378715515137e-01 2.500558197498321533e-01 -8.567876815795898438e-01 4.213801026344299316e-01
-4.524668884277343750e+01 -1.399343395233154297e+01 -7.040344178676605225e-02 1.602150201797485352e-01 2.524802982807159424e-01 -8.546857833862304688e-01 4.243783950805664062e-01
-4.534850311279296875e+01 -1.429236221313476562e+01 3.169677779078483582e-02 1.598750948905944824e-01 2.546543478965759277e-01 -8.526716828346252441e-01 4.272495806217193604e-01
-4.544690322875976562e+01 -1.458794879913330078e+01 1.325048804283142090e-01 1.600697338581085205e-01 2.557566165924072266e-01 -8.510130643844604492e-01 4.298171997070312500e-01
-4.554473495483398438e+01 -1.488361167907714844e+01 2.186022847890853882e-01 1.603686660528182983e-01 2.565930187702178955e-01 -8.494917750358581543e-01 4.322101473808288574e-01
-4.564400863647460938e+01 -1.518134689331054688e+01 2.739703357219696045e-01 1.606325954198837280e-01 2.573744654655456543e-01 -8.480635881423950195e-01 4.344463646411895752e-01
-4.575285720825195312e+01 -1.547629833221435547e+01 2.828143239021301270e-01 1.608373820781707764e-01 2.580830156803131104e-01 -8.467529416084289551e-01 4.365017712116241455e-01
-4.587347412109375000e+01 -1.576207637786865234e+01 2.691528201103210449e-01 1.609590649604797363e-01 2.587001621723175049e-01 -8.455852270126342773e-01 4.383513629436492920e-01
-4.599831008911132812e+01 -1.604116630554199219e+01 2.513751089572906494e-01 1.609739661216735840e-01 2.592074275016784668e-01 -8.445856571197509766e-01 4.399704635143280029e-01
-4.612468338012695312e+01 -1.631452751159667969e+01 2.327288836240768433e-01 1.613774001598358154e-01 2.578985095024108887e-01 -8.443598747253417969e-01 4.410238265991210938e-01
-4.625104522705078125e+01 -1.658313369750976562e+01 2.143713384866714478e-01 1.621291190385818481e-01 2.560274004936218262e-01 -8.444145321846008301e-01 4.417332410812377930e-01
-4.637747573852539062e+01 -1.684697914123535156e+01 1.970391869544982910e-01 1.632228046655654907e-01 2.536055445671081543e-01 -8.447434902191162109e-01 4.420983493328094482e-01
-4.650259780883789062e+01 -1.710668373107910156e+01 1.803173720836639404e-01 1.646512597799301147e-01 2.506430149078369141e-01 -8.453402519226074219e-01 4.421175122261047363e-01
-4.662679672241210938e+01 -1.736206245422363281e+01 1.645739674568176270e-01 1.661436557769775391e-01 2.470401376485824585e-01 -8.462848067283630371e-01 4.417800307273864746e-01
-4.674929046630859375e+01 -1.761344909667968750e+01 1.490576118230819702e-01 1.676895916461944580e-01 2.428036928176879883e-01 -8.475667834281921387e-01 4.410861134529113770e-01
-4.687076187133789062e+01 -1.786054992675781250e+01 1.341571062803268433e-01 1.694176197052001953e-01 2.379985153675079346e-01 -8.491287231445312500e-01 4.400394856929779053e-01
-4.699032592773437500e+01 -1.810376930236816406e+01 1.193542480468750000e-01 1.713318079710006714e-01 2.326380908489227295e-01 -8.509528040885925293e-01 4.386390149593353271e-01
-4.710851287841796875e+01 -1.834285354614257812e+01 1.047918647527694702e-01 1.734362244606018066e-01 2.267352342605590820e-01 -8.530210256576538086e-01 4.368822872638702393e-01
-4.722513198852539062e+01 -1.857790946960449219e+01 9.041687101125717163e-02 1.757345050573348999e-01 2.203030288219451904e-01 -8.553136587142944336e-01 4.347673058509826660e-01
-4.733981323242187500e+01 -1.880910873413085938e+01 7.613769173622131348e-02 1.782303005456924438e-01 2.133544087409973145e-01 -8.578101396560668945e-01 4.322910904884338379e-01
-4.745314407348632812e+01 -1.903616714477539062e+01 6.193420290946960449e-02 1.809269785881042480e-01 2.059020847082138062e-01 -8.604894280433654785e-01 4.294503927230834961e-01
-4.756476593017578125e+01 -1.925926399230957031e+01 4.781860113143920898e-02 1.838274747133255005e-01 1.979589313268661499e-01 -8.633294105529785156e-01 4.262416660785675049e-01
-4.767442703247070312e+01 -1.947853660583496094e+01 3.380126878619194031e-02 1.869346201419830322e-01 1.895379126071929932e-01 -8.663069605827331543e-01 4.226618409156799316e-01
-4.778256607055664062e+01 -1.969376182556152344e+01 1.975830085575580597e-02 1.902508139610290527e-01 1.806524246931076050e-01 -8.693983554840087891e-01 4.187072515487670898e-01
-4.788914108276367188e+01 -1.990496444702148438e+01 5.702514667063951492e-03 1.937785297632217407e-01 1.713156104087829590e-01 -8.725797533988952637e-01 4.143734276294708252e-01
-4.799371337890625000e+01 -2.011237716674804688e+01 -8.247070014476776123e-03 1.975195556879043579e-01 1.615411192178726196e-01 -8.758259415626525879e-01 4.096575677394866943e-01
-4.809642028808593750e+01 -2.031593513488769531e+01 -2.214843779802322388e-02 2.014758735895156860e-01 1.513424366712570190e-01 -8.791118860244750977e-01 4.045553505420684814e-01
-4.819794464111328125e+01 -2.051527786254882812e+01 -3.632446378469467163e-02 2.056487500667572021e-01 1.407341510057449341e-01 -8.824118971824645996e-01 3.990634083747863770e-01
-4.829743957519531250e+01 -2.071086120605468750e+01 -5.037658661603927612e-02 2.100395560264587402e-01 1.297307610511779785e-01 -8.856998085975646973e-01 3.931783139705657959e-01
-4.839488983154296875e+01 -2.090271186828613281e+01 -6.429931521415710449e-02 2.146417796611785889e-01 1.183557510375976562e-01 -8.889464139938354492e-01 3.869045674800872803e-01
-4.849107360839843750e+01 -2.109041786193847656e+01 -7.853209972381591797e-02 2.194213718175888062e-01 1.066669598221778870e-01 -8.921134471893310547e-01 3.802760243415832520e-01
-4.858560943603515625e+01 -2.127420425415039062e+01 -9.283629804849624634e-02 2.243371307849884033e-01 9.473245590925216675e-02 -8.951639533042907715e-01 3.733365237712860107e-01
-4.867810440063476562e+01 -2.145432662963867188e+01 -1.069451868534088135e-01 2.293491214513778687e-01 8.262062072753906250e-02 -8.980647921562194824e-01 3.661314845085144043e-01
-4.876883697509765625e+01 -2.163064193725585938e+01 -1.210272163152694702e-01 2.344185262918472290e-01 7.040079683065414429e-02 -9.007880687713623047e-01 3.587095737457275391e-01
-4.885879135131835938e+01 -2.180260467529296875e+01 -1.357458531856536865e-01 2.395073920488357544e-01 5.814306810498237610e-02 -9.033102393150329590e-01 3.511213064193725586e-01
-4.894670867919921875e+01 -2.197096061706542969e+01 -1.501922607421875000e-01 2.445795238018035889e-01 4.591774940490722656e-02 -9.056138396263122559e-01 3.434179723262786865e-01
-4.903260803222656250e+01 -2.213572502136230469e+01 -1.643493622541427612e-01 2.495997548103332520e-01 3.379566967487335205e-02 -9.076860547065734863e-01 3.356545567512512207e-01
-4.911840057373046875e+01 -2.229576683044433594e+01 -1.796423345804214478e-01 2.545345127582550049e-01 2.184785902500152588e-02 -9.095189571380615234e-01 3.278873264789581299e-01
-4.920248794555664062e+01 -2.245206451416015625e+01 -1.948187202215194702e-01 2.593516707420349121e-01 1.014506071805953979e-02 -9.111105203628540039e-01 3.201737403869628906e-01
-4.928456497192382812e+01 -2.260482215881347656e+01 -2.096166908740997314e-01 2.640205025672912598e-01 -1.241840422153472900e-03 -9.124631881713867188e-01 3.125739693641662598e-01
-4.936774444580078125e+01 -2.275213813781738281e+01 -2.257452309131622314e-01 2.685120701789855957e-01 -1.224248111248016357e-02 -9.135840535163879395e-01 3.051484823226928711e-01
-4.944923400878906250e+01 -2.289574241638183594e+01 -2.416235357522964478e-01 2.727983891963958740e-01 -2.278685569763183594e-02 -9.144845604896545410e-01 2.979593575000762939e-01
-4.952992630004882812e+01 -2.303506088256835938e+01 -2.575531005859375000e-01 2.768531441688537598e-01 -3.280542790889739990e-02 -9.151799678802490234e-01 2.910698652267456055e-01
-4.961220932006835938e+01 -2.316855239868164062e+01 -2.745342850685119629e-01 2.806512117385864258e-01 -4.222945123910903931e-02 -9.156891703605651855e-01 2.845432460308074951e-01
-4.969239044189453125e+01 -2.329862976074218750e+01 -2.909692227840423584e-01 2.841683924198150635e-01 -5.099067091941833496e-02 -9.160334467887878418e-01 2.784436941146850586e-01
-4.978242874145507812e+01 -2.343119812011718750e+01 -3.097943067550659180e-01 2.873814105987548828e-01 -5.902134627103805542e-02 -9.162362217903137207e-01 2.728356420993804932e-01
-4.987784957885742188e+01 -2.356940650939941406e+01 -3.295495510101318359e-01 2.902676463127136230e-01 -6.625452637672424316e-02 -9.163225889205932617e-01 2.677834630012512207e-01
-4.998519515991210938e+01 -2.370811653137207031e+01 -3.516247570514678955e-01 2.928046882152557373e-01 -7.262354344129562378e-02 -9.163172841072082520e-01 2.633511424064636230e-01
-5.010013961791992188e+01 -2.385056114196777344e+01 -3.748187124729156494e-01 2.949702441692352295e-01 -7.806208729743957520e-02 -9.162452220916748047e-01 2.596024572849273682e-01
-5.022757720947265625e+01 -2.399312019348144531e+01 -3.986132740974426270e-01 2.948457300662994385e-01 -7.853083312511444092e-02 -9.166566729545593262e-01 2.581459283828735352e-01
-5.036481475830078125e+01 -2.413693237304687500e+01 -4.231872558593750000e-01 2.947506606578826904e-01 -7.888693362474441528e-02 -9.169678688049316406e-01 2.570384740829467773e-01
-5.051029586791992188e+01 -2.428341102600097656e+01 -4.484204053878784180e-01 2.946788072586059570e-01 -7.915505766868591309e-02 -9.172012805938720703e-01 2.562040090560913086e-01
-5.066504669189453125e+01 -2.443148422241210938e+01 -4.733868241310119629e-01 2.946237921714782715e-01 -7.935946434736251831e-02 -9.173788428306579590e-01 2.555677890777587891e-01
-5.082630157470703125e+01 -2.458385848999023438e+01 -4.981164336204528809e-01 2.945794165134429932e-01 -7.952401787042617798e-02 -9.175214171409606934e-01 2.550553083419799805e-01
-5.099396896362304688e+01 -2.474059677124023438e+01 -5.227001905441284180e-01 2.945393323898315430e-01 -7.967270910739898682e-02 -9.176501631736755371e-01 2.545920014381408691e-01
-5.116830444335937500e+01 -2.490140533447265625e+01 -5.469512939453125000e-01 2.944969236850738525e-01 -7.982890307903289795e-02 -9.177849888801574707e-01 2.541054487228393555e-01
-5.134849166870117188e+01 -2.506701087951660156e+01 -5.716485381126403809e-01 2.944462001323699951e-01 -8.001609891653060913e-02 -9.179462790489196777e-01 2.535218894481658936e-01
-5.153540039062500000e+01 -2.523653221130371094e+01 -5.960699319839477539e-01 2.943804860115051270e-01 -8.025760203599929810e-02 -9.181538820266723633e-01 2.527687251567840576e-01
-5.172803115844726562e+01 -2.541090583801269531e+01 -6.210736036300659180e-01 2.942932546138763428e-01 -8.057677745819091797e-02 -9.184275269508361816e-01 2.517729997634887695e-01
-5.192720413208007812e+01 -2.558926963806152344e+01 -6.460711359977722168e-01 2.941779792308807373e-01 -8.099678158760070801e-02 -9.187859892845153809e-01 2.504617571830749512e-01
-5.213230895996093750e+01 -2.577223014831542969e+01 -6.715649366378784180e-01 2.940276861190795898e-01 -8.154061436653137207e-02 -9.192475080490112305e-01 2.487623393535614014e-01
-5.234371566772460938e+01 -2.595934104919433594e+01 -6.973211765289306641e-01 2.938352227210998535e-01 -8.223152160644531250e-02 -9.198297858238220215e-01 2.466008961200714111e-01
-5.256142807006835938e+01 -2.615055847167968750e+01 -7.234637141227722168e-01 2.935928702354431152e-01 -8.309245854616165161e-02 -9.205485582351684570e-01 2.439036071300506592e-01
-5.278518295288085938e+01 -2.634613990783691406e+01 -7.500885128974914551e-01 2.932925820350646973e-01 -8.414626121520996094e-02 -9.214185476303100586e-01 2.405962198972702026e-01
-5.301594543457031250e+01 -2.654496192932128906e+01 -7.770318388938903809e-01 2.929253876209259033e-01 -8.541576564311981201e-02 -9.224520325660705566e-01 2.366031855344772339e-01
-5.325328063964843750e+01 -2.674745368957519531e+01 -8.045238852500915527e-01 2.924815118312835693e-01 -8.692356944084167480e-02 -9.236586093902587891e-01 2.318482249975204468e-01
-5.348505783081054688e+01 -2.694259643554687500e+01 -8.311425447463989258e-01 2.919501066207885742e-01 -8.869203925132751465e-02 -9.250447154045104980e-01 2.262541502714157104e-01
-5.371177673339843750e+01 -2.712976264953613281e+01 -8.569622635841369629e-01 2.913191318511962891e-01 -9.074309468269348145e-02 -9.266130924224853516e-01 2.197427749633789062e-01
-5.393479919433593750e+01 -2.730727958679199219e+01 -8.810510039329528809e-01 2.905748486518859863e-01 -9.309866279363632202e-02 -9.283618927001953125e-01 2.122338265180587769e-01
-5.415464401245117188e+01 -2.747439956665039062e+01 -9.024145603179931641e-01 2.896956205368041992e-01 -9.572507441043853760e-02 -9.302809238433837891e-01 2.036921083927154541e-01
-5.437242507934570312e+01 -2.762945938110351562e+01 -9.196221828460693359e-01 2.887109816074371338e-01 -9.872726351022720337e-02 -9.323104023933410645e-01 1.941547095775604248e-01
-5.458953857421875000e+01 -2.776998519897460938e+01 -9.303350448608398438e-01 2.875952124595642090e-01 -1.019319146871566772e-01 -9.344119429588317871e-01 1.837742924690246582e-01
-5.480597686767578125e+01 -2.789468193054199219e+01 -9.326873421669006348e-01 2.863627672195434570e-01 -1.053444817662239075e-01 -9.365311861038208008e-01 1.726504415273666382e-01
-5.502016448974609375e+01 -2.800456428527832031e+01 -9.264684915542602539e-01 2.850198149681091309e-01 -1.089258491992950439e-01 -9.386218786239624023e-01 1.608969569206237793e-01
-5.523017501831054688e+01 -2.810187721252441406e+01 -9.126489162445068359e-01 2.835735082626342773e-01 -1.126374602317810059e-01 -9.406422972679138184e-01 1.486297249794006348e-01
-5.543397903442382812e+01 -2.819029998779296875e+01 -8.932476639747619629e-01 2.820332050323486328e-01 -1.164406836032867432e-01 -9.425559639930725098e-01 1.359668225049972534e-01
-5.562995147705078125e+01 -2.827350807189941406e+01 -8.701403737068176270e-01 2.804097533226013184e-01 -1.202977150678634644e-01 -9.443321228027343750e-01 1.230272501707077026e-01
-5.581717300415039062e+01 -2.835384750366210938e+01 -8.445587158203125000e-01 2.787160277366638184e-01 -1.241711676120758057e-01 -9.459460377693176270e-01 1.099320724606513977e-01
-5.599494934082031250e+01 -2.843310165405273438e+01 -8.171612620353698730e-01 2.769674658775329590e-01 -1.280240118503570557e-01 -9.473792910575866699e-01 9.680457413196563721e-02
-5.616209411621093750e+01 -2.851375007629394531e+01 -7.882385253906250000e-01 2.751808464527130127e-01 -1.318202912807464600e-01 -9.486209154129028320e-01 8.376873284578323364e-02
-5.631843185424804688e+01 -2.859602165222167969e+01 -7.588329911231994629e-01 2.733757793903350830e-01 -1.355243623256683350e-01 -9.496656060218811035e-01 7.095074653625488281e-02
-5.646362304687500000e+01 -2.868021011352539062e+01 -7.293243408203125000e-01 2.715730071067810059e-01 -1.391015201807022095e-01 -9.505151510238647461e-01 5.847747251391410828e-02
-5.659734344482421875e+01 -2.876660919189453125e+01 -6.999602913856506348e-01 2.697960436344146729e-01 -1.425175666809082031e-01 -9.511775374412536621e-01 4.647786170244216919e-02
-5.671542739868164062e+01 -2.885999298095703125e+01 -6.706237792968750000e-01 2.680695056915283203e-01 -1.457390338182449341e-01 -9.516658782958984375e-01 3.508092835545539856e-02
-5.681949996948242188e+01 -2.895631217956542969e+01 -6.423541307449340820e-01 2.664199173450469971e-01 -1.487331986427307129e-01 -9.519991874694824219e-01 2.441680431365966797e-02
-5.691070556640625000e+01 -2.905389595031738281e+01 -6.152453422546386719e-01 2.648747265338897705e-01 -1.514677405357360840e-01 -9.522002339363098145e-01 1.461606472730636597e-02
-5.698622894287109375e+01 -2.915378570556640625e+01 -5.889757871627807617e-01 2.634627223014831543e-01 -1.539106518030166626e-01 -9.522945880889892578e-01 5.810063332319259644e-03
-5.704923629760742188e+01 -2.925180625915527344e+01 -5.635809302330017090e-01 2.622129619121551514e-01 -1.560304760932922363e-01 -9.523105025291442871e-01 -1.870345324277877808e-03
-5.710153198242187500e+01 -2.934630775451660156e+01 -5.391497611999511719e-01 2.611543834209442139e-01 -1.577956378459930420e-01 -9.522761702537536621e-01 -8.293967694044113159e-03
-5.714139556884765625e+01 -2.943740844726562500e+01 -5.143835544586181641e-01 2.583533823490142822e-01 -1.556094884872436523e-01 -9.533602595329284668e-01 -1.197740808129310608e-02
-5.716514587402343750e+01 -2.952430343627929688e+01 -4.887646436691284180e-01 2.554455101490020752e-01 -1.524783074855804443e-01 -9.546192288398742676e-01 -1.414358429610729218e-02
-5.716671752929687500e+01 -2.960366058349609375e+01 -4.610546827316284180e-01 2.524643540382385254e-01 -1.485069543123245239e-01 -9.560258388519287109e-01 -1.489665545523166656e-02
-5.711792755126953125e+01 -2.964157867431640625e+01 -4.338067471981048584e-01 2.494413256645202637e-01 -1.437991112470626831e-01 -9.575464129447937012e-01 -1.434052176773548126e-02
-5.705582046508789062e+01 -2.962005615234375000e+01 -4.211956560611724854e-01 2.464064657688140869e-01 -1.384580433368682861e-01 -9.591428041458129883e-01 -1.257978565990924835e-02
-5.701084899902343750e+01 -2.958366203308105469e+01 -4.171624779701232910e-01 2.433897852897644043e-01 -1.325867176055908203e-01 -9.607746005058288574e-01 -9.718608111143112183e-03
-5.697314453125000000e+01 -2.955251121520996094e+01 -4.135735929012298584e-01 2.404207736253738403e-01 -1.262880265712738037e-01 -9.624004960060119629e-01 -5.861418321728706360e-03
-5.694362258911132812e+01 -2.952565574645996094e+01 -4.108477830886840820e-01 2.375294268131256104e-01 -1.196652501821517944e-01 -9.639807343482971191e-01 -1.112665981054306030e-03
-5.692280960083007812e+01 -2.950244331359863281e+01 -4.092791676521301270e-01 2.347461730241775513e-01 -1.128220856189727783e-01 -9.654769897460937500e-01 4.422724246978759766e-03
-5.690837097167968750e+01 -2.948552703857421875e+01 -4.077850282192230225e-01 2.321024984121322632e-01 -1.058628261089324951e-01 -9.668546915054321289e-01 1.063996180891990662e-02
-5.690027618408203125e+01 -2.947492408752441406e+01 -4.063842594623565674e-01 2.296306490898132324e-01 -9.889248013496398926e-02 -9.680836200714111328e-01 1.743352785706520081e-02
-5.689848327636718750e+01 -2.947063827514648438e+01 -4.050970375537872314e-01 2.273645997047424316e-01 -9.201645851135253906e-02 -9.691378474235534668e-01 2.469883859157562256e-02
-5.689569091796875000e+01 -2.946533393859863281e+01 -4.038507044315338135e-01 2.253389060497283936e-01 -8.534093201160430908e-02 -9.699968695640563965e-01 3.233046084642410278e-02
-5.689186096191406250e+01 -2.945901489257812500e+01 -4.026678502559661865e-01 2.235899418592453003e-01 -7.897248864173889160e-02 -9.706457257270812988e-01 4.022367298603057861e-02
-5.688696289062500000e+01 -2.945168876647949219e+01 -4.015722572803497314e-01 2.221549749374389648e-01 -7.301826775074005127e-02 -9.710742831230163574e-01 4.827351123094558716e-02
-5.688095474243164062e+01 -2.944334602355957031e+01 -4.005859196186065674e-01 2.210727035999298096e-01 -6.758562475442886353e-02 -9.712778925895690918e-01 5.637565255165100098e-02
-5.687381744384765625e+01 -2.943399047851562500e+01 -3.997338712215423584e-01 2.203826457262039185e-01 -6.278212368488311768e-02 -9.712564349174499512e-01 6.442666798830032349e-02
-5.686552047729492188e+01 -2.942361068725585938e+01 -3.990411162376403809e-01 2.201252877712249756e-01 -5.871556326746940613e-02 -9.710133075714111328e-01 7.232291996479034424e-02
-5.685602569580078125e+01 -2.941219902038574219e+01 -3.985308706760406494e-01 2.203418761491775513e-01 -5.549375340342521667e-02 -9.705544710159301758e-01 7.996163517236709595e-02
-5.684531021118164062e+01 -2.939974975585937500e+01 -3.982281386852264404e-01 2.210737168788909912e-01 -5.322448164224624634e-02 -9.698879122734069824e-01 8.724041283130645752e-02
-5.683430480957031250e+01 -2.938536262512207031e+01 -3.984118700027465820e-01 2.223474979400634766e-01 -5.198264867067337036e-02 -9.690245985984802246e-01 9.407697618007659912e-02
-5.682215118408203125e+01 -2.936982917785644531e+01 -3.988342285156250000e-01 2.241287529468536377e-01 -5.171167105436325073e-02 -9.679868221282958984e-01 1.004673093557357788e-01
-5.680883789062500000e+01 -2.935316085815429688e+01 -3.994683623313903809e-01 2.263670563697814941e-01 -5.232200399041175842e-02 -9.667955636978149414e-01 1.064262464642524719e-01
-5.679435729980468750e+01 -2.933535575866699219e+01 -4.002935588359832764e-01 2.290111482143402100e-01 -5.372375249862670898e-02 -9.654691219329833984e-01 1.119686067104339600e-01
-5.677874374389648438e+01 -2.931640625000000000e+01 -4.012872278690338135e-01 2.320091575384140015e-01 -5.582696199417114258e-02 -9.640231728553771973e-01 1.171089410781860352e-01
-5.676198577880859375e+01 -2.929631805419921875e+01 -4.024255275726318359e-01 2.353091835975646973e-01 -5.854140594601631165e-02 -9.624718427658081055e-01 1.218619421124458313e-01
-5.674409484863281250e+01 -2.927507781982421875e+01 -4.036871194839477539e-01 2.388588637113571167e-01 -6.177692487835884094e-02 -9.608291983604431152e-01 1.262421160936355591e-01
-5.672507858276367188e+01 -2.925269126892089844e+01 -4.050475955009460449e-01 2.426059395074844360e-01 -6.544332206249237061e-02 -9.591093659400939941e-01 1.302639544010162354e-01
-5.670495605468750000e+01 -2.922915458679199219e+01 -4.064849615097045898e-01 2.464984655380249023e-01 -6.945043802261352539e-02 -9.573267102241516113e-01 1.339418739080429077e-01
-5.668497467041015625e+01 -2.920344161987304688e+01 -4.080578386783599854e-01 2.504846453666687012e-01 -7.370815426111221313e-02 -9.554976224899291992e-01 1.372909545898437500e-01
-5.666400909423828125e+01 -2.917648696899414062e+01 -4.096679687500000000e-01 2.545130848884582520e-01 -7.812663167715072632e-02 -9.536393880844116211e-01 1.403258293867111206e-01
-5.664202117919921875e+01 -2.914832496643066406e+01 -4.112884402275085449e-01 2.585329413414001465e-01 -8.261595666408538818e-02 -9.517712593078613281e-01 1.430617421865463257e-01
-5.661901855468750000e+01 -2.911894989013671875e+01 -4.128967225551605225e-01 2.624938189983367920e-01 -8.708663284778594971e-02 -9.499150514602661133e-01 1.455141156911849976e-01
-5.659501647949218750e+01 -2.908836364746093750e+01 -4.144708216190338135e-01 2.663461267948150635e-01 -9.144926071166992188e-02 -9.480938315391540527e-01 1.476988196372985840e-01
-5.657002258300781250e+01 -2.905655860900878906e+01 -4.159887731075286865e-01 2.700405716896057129e-01 -9.561480581760406494e-02 -9.463331103324890137e-01 1.496316194534301758e-01
-5.654418182373046875e+01 -2.902343940734863281e+01 -4.174126982688903809e-01 2.735286951065063477e-01 -9.949438273906707764e-02 -9.446600079536437988e-01 1.513285934925079346e-01
-5.651884078979492188e+01 -2.898800468444824219e+01 -4.185504019260406494e-01 2.767620980739593506e-01 -1.029994338750839233e-01 -9.431033730506896973e-01 1.528064310550689697e-01
-5.649261093139648438e+01 -2.895129776000976562e+01 -4.195605516433715820e-01 2.796931564807891846e-01 -1.060414463281631470e-01 -9.416930079460144043e-01 1.540814340114593506e-01
-5.646549987792968750e+01 -2.891330528259277344e+01 -4.204241931438446045e-01 2.822744250297546387e-01 -1.085323840379714966e-01 -9.404595494270324707e-01 1.551699340343475342e-01
-5.643753814697265625e+01 -2.887402534484863281e+01 -4.211187660694122314e-01 2.844582796096801758e-01 -1.103837937116622925e-01 -9.394333958625793457e-01 1.560890823602676392e-01
-5.640911483764648438e+01 -2.883342933654785156e+01 -4.212615787982940674e-01 2.846528887748718262e-01 -1.098811924457550049e-01 -9.391561746597290039e-01 1.577480435371398926e-01
-5.638018798828125000e+01 -2.879123306274414062e+01 -4.212652444839477539e-01 2.847942709922790527e-01 -1.095140278339385986e-01 -9.389520287513732910e-01 1.589590609073638916e-01
-5.635182189941406250e+01 -2.874673271179199219e+01 -4.208221435546875000e-01 2.848870754241943359e-01 -1.092725247144699097e-01 -9.388169050216674805e-01 1.597549617290496826e-01
-5.632253265380859375e+01 -2.870092391967773438e+01 -4.203668236732482910e-01 2.849354743957519531e-01 -1.091464310884475708e-01 -9.387460947036743164e-01 1.601704955101013184e-01
-5.629234313964843750e+01 -2.865381622314453125e+01 -4.198992848396301270e-01 2.849437296390533447e-01 -1.091247648000717163e-01 -9.387339353561401367e-01 1.602418273687362671e-01
-5.626125335693359375e+01 -2.860540199279785156e+01 -4.194183349609375000e-01 2.849163711071014404e-01 -1.091961711645126343e-01 -9.387740492820739746e-01 1.600065529346466064e-01
-5.623004913330078125e+01 -2.855530738830566406e+01 -4.184014797210693359e-01 2.846307456493377686e-01 -1.080149784684181213e-01 -9.390142560005187988e-01 1.599074006080627441e-01
-5.620035171508789062e+01 -2.850255966186523438e+01 -4.162341356277465820e-01 2.841467857360839844e-01 -1.058845072984695435e-01 -9.394069314002990723e-01 1.598863452672958374e-01
-5.616989135742187500e+01 -2.844846534729003906e+01 -4.139587283134460449e-01 2.835925221443176270e-01 -1.035099476575851440e-01 -9.398597478866577148e-01 1.597643494606018066e-01
-5.613867950439453125e+01 -2.839303970336914062e+01 -4.115930199623107910e-01 2.829874455928802490e-01 -1.009598299860954285e-01 -9.403547644615173340e-01 1.595556735992431641e-01
-5.610670852661132812e+01 -2.833627700805664062e+01 -4.091546535491943359e-01 2.823510766029357910e-01 -9.830309450626373291e-02 -9.408752322196960449e-01 1.592745780944824219e-01
-5.607758712768554688e+01 -2.827638435363769531e+01 -4.049230813980102539e-01 2.817021608352661133e-01 -9.560866653919219971e-02 -9.414045214653015137e-01 1.589358001947402954e-01
-5.604834747314453125e+01 -2.821484375000000000e+01 -4.003399610519409180e-01 2.810586690902709961e-01 -9.294562041759490967e-02 -9.419276714324951172e-01 1.585541367530822754e-01
-5.601844024658203125e+01 -2.815192985534667969e+01 -3.956909179687500000e-01 2.804381549358367920e-01 -9.038327634334564209e-02 -9.424307942390441895e-01 1.581438630819320679e-01
-5.598913574218750000e+01 -2.808718681335449219e+01 -3.903442323207855225e-01 2.798575162887573242e-01 -8.799083530902862549e-02 -9.429008960723876953e-01 1.577194035053253174e-01
-5.596476745605468750e+01 -2.801898574829101562e+01 -3.821178972721099854e-01 2.793328166007995605e-01 -8.583736419677734375e-02 -9.433256387710571289e-01 1.572952568531036377e-01
-5.594330596923828125e+01 -2.795894622802734375e+01 -3.748846352100372314e-01 2.788796424865722656e-01 -8.399214595556259155e-02 -9.436939358711242676e-01 1.568848937749862671e-01
-5.592473602294921875e+01 -2.790706634521484375e+01 -3.686620891094207764e-01 2.785133123397827148e-01 -8.252392709255218506e-02 -9.439952373504638672e-01 1.565026640892028809e-01
-5.591233825683593750e+01 -2.786256980895996094e+01 -3.621856570243835449e-01 2.782484591007232666e-01 -8.150172233581542969e-02 -9.442186355590820312e-01 1.561616957187652588e-01
-5.590392303466796875e+01 -2.782598114013671875e+01 -3.563250601291656494e-01 2.781002819538116455e-01 -8.099398761987686157e-02 -9.443531632423400879e-01 1.558752655982971191e-01
-5.589742660522460938e+01 -2.779780769348144531e+01 -3.519274890422821045e-01 2.777517437934875488e-01 -8.112771809101104736e-02 -9.444706439971923828e-01 1.557161062955856323e-01
-5.589282226562500000e+01 -2.777804183959960938e+01 -3.489691019058227539e-01 2.775889039039611816e-01 -8.176837861537933350e-02 -9.444831013679504395e-01 1.555947512388229370e-01
-5.589010238647460938e+01 -2.776667594909667969e+01 -3.474346697330474854e-01 2.775911092758178711e-01 -8.285848796367645264e-02 -9.444038271903991699e-01 1.554959118366241455e-01
-5.588927078247070312e+01 -2.776371192932128906e+01 -3.473089635372161865e-01 2.777373790740966797e-01 -8.434045314788818359e-02 -9.442446231842041016e-01 1.554046571254730225e-01
-5.588776397705078125e+01 -2.775792503356933594e+01 -3.468194603919982910e-01 2.780069410800933838e-01 -8.615658432245254517e-02 -9.440175890922546387e-01 1.553060114383697510e-01
-5.588557434082031250e+01 -2.774930572509765625e+01 -3.459521532058715820e-01 2.783786058425903320e-01 -8.824922144412994385e-02 -9.437345862388610840e-01 1.551848649978637695e-01
-5.588270568847656250e+01 -2.773785400390625000e+01 -3.446905314922332764e-01 2.788317203521728516e-01 -9.056074172258377075e-02 -9.434079527854919434e-01 1.550260484218597412e-01
-5.587915420532226562e+01 -2.772356605529785156e+01 -3.430200219154357910e-01 2.793455123901367188e-01 -9.303364157676696777e-02 -9.430500268936157227e-01 1.548143476247787476e-01
-5.587492370605468750e+01 -2.770643806457519531e+01 -3.409252762794494629e-01 2.798991799354553223e-01 -9.561023116111755371e-02 -9.426738619804382324e-01 1.545352339744567871e-01
-5.587107849121093750e+01 -2.768634796142578125e+01 -3.380969166755676270e-01 2.804723083972930908e-01 -9.823305904865264893e-02 -9.422929883003234863e-01 1.541736721992492676e-01
-5.586847686767578125e+01 -2.766319084167480469e+01 -3.342742919921875000e-01 2.810446321964263916e-01 -1.008446216583251953e-01 -9.419214725494384766e-01 1.537149101495742798e-01
-5.586557006835937500e+01 -2.763713836669921875e+01 -3.298785388469696045e-01 2.815959155559539795e-01 -1.033875942230224609e-01 -9.415740370750427246e-01 1.531441360712051392e-01
-5.586236572265625000e+01 -2.760819053649902344e+01 -3.248962461948394775e-01 2.821062803268432617e-01 -1.058046072721481323e-01 -9.412657618522644043e-01 1.524469256401062012e-01
-5.585886001586914062e+01 -2.757633972167968750e+01 -3.193103075027465820e-01 2.825558781623840332e-01 -1.080383136868476868e-01 -9.410124421119689941e-01 1.516090184450149536e-01
-5.585505676269531250e+01 -2.754158401489257812e+01 -3.131066858768463135e-01 2.829249799251556396e-01 -1.100315675139427185e-01 -9.408301711082458496e-01 1.506156623363494873e-01
-5.585136032104492188e+01 -2.750391387939453125e+01 -3.062072694301605225e-01 2.831937670707702637e-01 -1.117271035909652710e-01 -9.407348632812500000e-01 1.494525671005249023e-01
-5.585197067260742188e+01 -2.746329498291015625e+01 -2.978894114494323730e-01 2.833072543144226074e-01 -1.128422617912292480e-01 -9.407699108123779297e-01 1.481730937957763672e-01
-5.585268783569335938e+01 -2.741974258422851562e+01 -2.887866199016571045e-01 2.832325100898742676e-01 -1.132297664880752563e-01 -9.409629106521606445e-01 1.467899680137634277e-01
-5.585337829589843750e+01 -2.737328529357910156e+01 -2.790808081626892090e-01 2.830917537212371826e-01 -1.137406826019287109e-01 -9.412186145782470703e-01 1.450152695178985596e-01
-5.585403060913085938e+01 -2.732392120361328125e+01 -2.687713503837585449e-01 2.828719317913055420e-01 -1.143879741430282593e-01 -9.415429830551147461e-01 1.428131908178329468e-01
-5.586002349853515625e+01 -2.727199935913085938e+01 -2.574999928474426270e-01 2.823365926742553711e-01 -1.137517765164375305e-01 -9.421139359474182129e-01 1.405978649854660034e-01
-5.586653137207031250e+01 -2.721718215942382812e+01 -2.454730123281478882e-01 2.816027402877807617e-01 -1.125541478395462036e-01 -9.428321719169616699e-01 1.381991356611251831e-01
-5.587343215942382812e+01 -2.715947151184082031e+01 -2.327020168304443359e-01 2.806384563446044922e-01 -1.108258739113807678e-01 -9.436892867088317871e-01 1.356838643550872803e-01
-5.588339614868164062e+01 -2.709919357299804688e+01 -2.197540253400802612e-01 2.794383764266967773e-01 -1.085913702845573425e-01 -9.446709156036376953e-01 1.331128329038619995e-01
-5.589575958251953125e+01 -2.703627586364746094e+01 -2.064965814352035522e-01 2.779905498027801514e-01 -1.058766394853591919e-01 -9.457635879516601562e-01 1.305481493473052979e-01
-5.590875244140625000e+01 -2.697051239013671875e+01 -1.925683617591857910e-01 2.762830555438995361e-01 -1.027075648307800293e-01 -9.469537734985351562e-01 1.280524432659149170e-01
-5.592410659790039062e+01 -2.690209388732910156e+01 -1.790631115436553955e-01 2.743039131164550781e-01 -9.911022335290908813e-02 -9.482284188270568848e-01 1.256877630949020386e-01
-5.594155120849609375e+01 -2.683099746704101562e+01 -1.658154278993606567e-01 2.720411717891693115e-01 -9.511072188615798950e-02 -9.495742321014404297e-01 1.235163509845733643e-01
-5.595979309082031250e+01 -2.675708198547363281e+01 -1.520050019025802612e-01 2.694830596446990967e-01 -9.073515236377716064e-02 -9.509779810905456543e-01 1.216007024049758911e-01
-5.597977828979492188e+01 -2.668030166625976562e+01 -1.395953297615051270e-01 2.666179239749908447e-01 -8.600962907075881958e-02 -9.524265527725219727e-01 1.200030297040939331e-01
-5.600102996826171875e+01 -2.660069847106933594e+01 -1.275817900896072388e-01 2.634336352348327637e-01 -8.096056431531906128e-02 -9.539067149162292480e-01 1.187853440642356873e-01
-5.602315902709960938e+01 -2.651829528808593750e+01 -1.151342764496803284e-01 2.599186599254608154e-01 -7.561393082141876221e-02 -9.554046988487243652e-01 1.180102080106735229e-01
-5.604583740234375000e+01 -2.643264579772949219e+01 -1.054351776838302612e-01 2.560609877109527588e-01 -6.999613344669342041e-02 -9.569068551063537598e-01 1.177392899990081787e-01
-5.606936264038085938e+01 -2.634415245056152344e+01 -9.577209502458572388e-02 2.518485188484191895e-01 -6.413334608078002930e-02 -9.583982229232788086e-01 1.180343851447105408e-01
-5.609372329711914062e+01 -2.625282096862792969e+01 -8.614745736122131348e-02 2.472691535949707031e-01 -5.805166065692901611e-02 -9.598629474639892578e-01 1.189574152231216431e-01
-5.611859130859375000e+01 -2.615840530395507812e+01 -7.873351871967315674e-02 2.423103898763656616e-01 -5.177716165781021118e-02 -9.612843990325927734e-01 1.205696761608123779e-01
-5.614435958862304688e+01 -2.606119728088378906e+01 -7.112548500299453735e-02 2.369592189788818359e-01 -4.533597081899642944e-02 -9.626435041427612305e-01 1.229316964745521545e-01
-5.617081832885742188e+01 -2.596110343933105469e+01 -6.426330655813217163e-02 2.312023937702178955e-01 -3.875383734703063965e-02 -9.639196991920471191e-01 1.261044442653656006e-01
-5.619786453247070312e+01 -2.585807991027832031e+01 -5.863830447196960449e-02 2.250259220600128174e-01 -3.205670043826103210e-02 -9.650893211364746094e-01 1.301468312740325928e-01
-5.622582244873046875e+01 -2.575228881835937500e+01 -5.289794877171516418e-02 2.184153199195861816e-01 -2.527000755071640015e-02 -9.661259055137634277e-01 1.351186186075210571e-01
-5.625415039062500000e+01 -2.564355659484863281e+01 -4.862609878182411194e-02 2.113694250583648682e-01 -1.842505112290382385e-02 -9.669996500015258789e-01 1.410500258207321167e-01
-5.628322601318359375e+01 -2.553201675415039062e+01 -4.468322545289993286e-02 2.039431035518646240e-01 -1.157641038298606873e-02 -9.676830768585205078e-01 1.478605270385742188e-01
-5.631072998046875000e+01 -2.542667198181152344e+01 -4.133605957031250000e-02 1.962064057588577271e-01 -4.784639924764633179e-03 -9.681518077850341797e-01 1.554423719644546509e-01
-5.633636093139648438e+01 -2.532743644714355469e+01 -3.914184495806694031e-02 1.882305890321731567e-01 1.889463514089584351e-03 -9.683862328529357910e-01 1.636877357959747314e-01
-5.636063766479492188e+01 -2.523446464538574219e+01 -3.701598942279815674e-02 1.800882816314697266e-01 8.384926244616508484e-03 -9.683724045753479004e-01 1.724894046783447266e-01
-5.638316345214843750e+01 -2.514766120910644531e+01 -3.546813875436782837e-02 1.718534082174301147e-01 1.464082859456539154e-02 -9.681023359298706055e-01 1.817412227392196655e-01
-5.640390396118164062e+01 -2.506702041625976562e+01 -3.450012207031250000e-02 1.636013537645339966e-01 2.059614285826683044e-02 -9.675745368003845215e-01 1.913371086120605469e-01
-5.642327117919921875e+01 -2.499263572692871094e+01 -3.356079012155532837e-02 1.554087400436401367e-01 2.619015611708164215e-02 -9.667945504188537598e-01 2.011728584766387939e-01
-5.644116210937500000e+01 -2.492447853088378906e+01 -3.272949159145355225e-02 1.473531574010848999e-01 3.136234357953071594e-02 -9.657748341560363770e-01 2.111453562974929810e-01
-5.645694351196289062e+01 -2.486240577697753906e+01 -3.254577517509460449e-02 1.395135372877120972e-01 3.605248406529426575e-02 -9.645349383354187012e-01 2.211528420448303223e-01
-5.647135162353515625e+01 -2.480656433105468750e+01 -3.237487748265266418e-02 1.319693475961685181e-01 4.020101577043533325e-02 -9.631004929542541504e-01 2.310958504676818848e-01
-5.648437500000000000e+01 -2.475693511962890625e+01 -3.223510831594467163e-02 1.248008087277412415e-01 4.374851286411285400e-02 -9.615038037300109863e-01 2.408757656812667847e-01
-5.649598693847656250e+01 -2.471349716186523438e+01 -3.214599564671516418e-02 1.180884838104248047e-01 4.663597047328948975e-02 -9.597822427749633789e-01 2.503961026668548584e-01
-5.650591659545898438e+01 -2.467618370056152344e+01 -3.226684406399726868e-02 1.119132637977600098e-01 4.880467057228088379e-02 -9.579775929450988770e-01 2.595620453357696533e-01
-5.651411819458007812e+01 -2.464496803283691406e+01 -3.263122588396072388e-02 1.063559725880622864e-01 5.019699409604072571e-02 -9.561350345611572266e-01 2.682805657386779785e-01
-5.652097702026367188e+01 -2.461989974975585938e+01 -3.305236622691154480e-02 1.014976426959037781e-01 5.075442790985107422e-02 -9.543020725250244141e-01 2.764593064785003662e-01
-5.652645874023437500e+01 -2.460096168518066406e+01 -3.355224430561065674e-02 9.741885215044021606e-02 5.041906237602233887e-02 -9.525268673896789551e-01 2.840071618556976318e-01
-5.653056335449218750e+01 -2.458812904357910156e+01 -3.415405377745628357e-02 9.419970959424972534e-02 4.913298785686492920e-02 -9.508565664291381836e-01 2.908333837985992432e-01
-5.653326416015625000e+01 -2.458137893676757812e+01 -3.487731888890266418e-02 9.192012250423431396e-02 4.683742672204971313e-02 -9.493359327316284180e-01 2.968470752239227295e-01
-5.653455352783203125e+01 -2.458069801330566406e+01 -3.574645891785621643e-02 9.065923094749450684e-02 4.347305744886398315e-02 -9.480048418045043945e-01 3.019567728042602539e-01
-5.653689193725585938e+01 -2.457323455810546875e+01 -3.709350526332855225e-02 9.046918153762817383e-02 3.900795057415962219e-02 -9.468904137611389160e-01 3.060919940471649170e-01
-5.654029083251953125e+01 -2.455898857116699219e+01 -3.889953345060348511e-02 9.129833430051803589e-02 3.351699188351631165e-02 -9.459872245788574219e-01 3.092721402645111084e-01
-5.654475784301757812e+01 -2.453797531127929688e+01 -4.113830626010894775e-02 9.306798875331878662e-02 2.710278332233428955e-02 -9.452769160270690918e-01 3.115368187427520752e-01
-5.655029296875000000e+01 -2.451021194458007812e+01 -4.378112778067588806e-02 9.569871425628662109e-02 1.986771821975708008e-02 -9.447357654571533203e-01 3.129236996173858643e-01
-5.655687332153320312e+01 -2.447570037841796875e+01 -4.680480808019638062e-02 9.911104291677474976e-02 1.191424578428268433e-02 -9.443365931510925293e-01 3.134698867797851562e-01
-5.656313323974609375e+01 -2.443679618835449219e+01 -5.041870102286338806e-02 1.032248660922050476e-01 3.345021978020668030e-03 -9.440506100654602051e-01 3.132123947143554688e-01
-5.656988143920898438e+01 -2.439365386962890625e+01 -5.431701615452766418e-02 1.079600453376770020e-01 -5.736991763114929199e-03 -9.438488483428955078e-01 3.121874928474426270e-01
-5.657712936401367188e+01 -2.434629058837890625e+01 -5.846618488430976868e-02 1.132360771298408508e-01 -1.522856950759887695e-02 -9.437038898468017578e-01 3.104328811168670654e-01
-5.658488464355468750e+01 -2.429471397399902344e+01 -6.283386051654815674e-02 1.189728826284408569e-01 -2.502612769603729248e-02 -9.435907602310180664e-01 3.079864084720611572e-01
-5.659184265136718750e+01 -2.423874855041503906e+01 -6.767577677965164185e-02 1.250902861356735229e-01 -3.502580523490905762e-02 -9.434877038002014160e-01 3.048879504203796387e-01
-5.659885025024414062e+01 -2.417852401733398438e+01 -7.277404516935348511e-02 1.315087378025054932e-01 -4.512354359030723572e-02 -9.433772563934326172e-01 3.011788427829742432e-01
-5.660626983642578125e+01 -2.411410331726074219e+01 -7.802002131938934326e-02 1.381487846374511719e-01 -5.521539226174354553e-02 -9.432473182678222656e-01 2.969017028808593750e-01
-5.661212158203125000e+01 -2.404524803161621094e+01 -8.358275890350341797e-02 1.449320018291473389e-01 -6.519734859466552734e-02 -9.430910348892211914e-01 2.921015322208404541e-01
-5.661809921264648438e+01 -2.397217559814453125e+01 -8.926147222518920898e-02 1.517805904150009155e-01 -7.496570050716400146e-02 -9.429072737693786621e-01 2.868249714374542236e-01
-5.662303161621093750e+01 -2.389476776123046875e+01 -9.494323283433914185e-02 1.586178392171859741e-01 -8.441720157861709595e-02 -9.427011609077453613e-01 2.811203896999359131e-01
-5.662738800048828125e+01 -2.381307601928710938e+01 -1.006201133131980896e-01 1.653678417205810547e-01 -9.344900399446487427e-02 -9.424832463264465332e-01 2.750384807586669922e-01
-5.663096618652343750e+01 -2.372709465026855469e+01 -1.060131788253784180e-01 1.719560623168945312e-01 -1.019590348005294800e-01 -9.422701001167297363e-01 2.686305940151214600e-01
-5.663405609130859375e+01 -2.363683700561523438e+01 -1.111712604761123657e-01 1.783089190721511841e-01 -1.098459213972091675e-01 -9.420836567878723145e-01 2.619502842426300049e-01
-5.663676071166992188e+01 -2.354230880737304688e+01 -1.157427951693534851e-01 1.843540817499160767e-01 -1.170090362429618835e-01 -9.419506788253784180e-01 2.550515234470367432e-01
-5.663935089111328125e+01 -2.344352531433105469e+01 -1.199151575565338135e-01 1.900202333927154541e-01 -1.233485639095306396e-01 -9.419016838073730469e-01 2.479892522096633911e-01
-5.664275741577148438e+01 -2.334026527404785156e+01 -1.219226047396659851e-01 1.937607079744338989e-01 -1.229636520147323608e-01 -9.427419304847717285e-01 2.420212775468826294e-01
-5.664627838134765625e+01 -2.323278808593750000e+01 -1.236926242709159851e-01 1.974082291126251221e-01 -1.226862818002700806e-01 -9.435865879058837891e-01 2.358440309762954712e-01
-5.665026855468750000e+01 -2.312111473083496094e+01 -1.249719187617301941e-01 2.009568959474563599e-01 -1.225117817521095276e-01 -9.444224834442138672e-01 2.295061945915222168e-01
-5.665468215942382812e+01 -2.300524902343750000e+01 -1.258734166622161865e-01 2.044008970260620117e-01 -1.224338561296463013e-01 -9.452379941940307617e-01 2.230588644742965698e-01
-5.665936279296875000e+01 -2.288896751403808594e+01 -1.265264898538589478e-01 2.077338099479675293e-01 -1.224451959133148193e-01 -9.460221529006958008e-01 2.165547907352447510e-01
-5.666474533081054688e+01 -2.277229881286621094e+01 -1.265386939048767090e-01 2.109504640102386475e-01 -1.225365474820137024e-01 -9.467650055885314941e-01 2.100491225719451904e-01
-5.667015457153320312e+01 -2.265520858764648438e+01 -1.265533417463302612e-01 2.140465080738067627e-01 -1.226970851421356201e-01 -9.474581480026245117e-01 2.035991251468658447e-01
-5.667555999755859375e+01 -2.253770446777343750e+01 -1.261743158102035522e-01 2.170193195343017578e-01 -1.229141205549240112e-01 -9.480935931205749512e-01 1.972639709711074829e-01
-5.668099594116210938e+01 -2.241978645324707031e+01 -1.255377233028411865e-01 2.198683321475982666e-01 -1.231733039021492004e-01 -9.486650228500366211e-01 1.911040246486663818e-01
-5.668649673461914062e+01 -2.230146217346191406e+01 -1.249023377895355225e-01 2.225951403379440308e-01 -1.234584152698516846e-01 -9.491664767265319824e-01 1.851820051670074463e-01
-5.669159698486328125e+01 -2.218270874023437500e+01 -1.239453107118606567e-01 2.252041101455688477e-01 -1.237515285611152649e-01 -9.495925903320312500e-01 1.795619130134582520e-01
-5.669647979736328125e+01 -2.206353378295898438e+01 -1.227801516652107239e-01 2.277019917964935303e-01 -1.240333765745162964e-01 -9.499390721321105957e-01 1.743083000183105469e-01
-5.670148849487304688e+01 -2.194395637512207031e+01 -1.216143742203712463e-01 2.300982624292373657e-01 -1.242829635739326477e-01 -9.502012729644775391e-01 1.694876849651336670e-01
-5.670610809326171875e+01 -2.182395935058593750e+01 -1.202764883637428284e-01 2.324051111936569214e-01 -1.244781613349914551e-01 -9.503750801086425781e-01 1.651671081781387329e-01
-5.670995330810546875e+01 -2.170352172851562500e+01 -1.186413541436195374e-01 2.346369624137878418e-01 -1.245957314968109131e-01 -9.504560828208923340e-01 1.614144891500473022e-01
-5.671398162841796875e+01 -2.158268547058105469e+01 -1.170050054788589478e-01 2.368104159832000732e-01 -1.246114373207092285e-01 -9.504390358924865723e-01 1.582979261875152588e-01
-5.671820831298828125e+01 -2.146145057678222656e+01 -1.153662055730819702e-01 2.389436662197113037e-01 -1.245002150535583496e-01 -9.503183960914611816e-01 1.558862328529357910e-01
-5.672064208984375000e+01 -2.133975982666015625e+01 -1.132995560765266418e-01 2.410560399293899536e-01 -1.242361664772033691e-01 -9.500865936279296875e-01 1.542486995458602905e-01
-5.672322082519531250e+01 -2.121767616271972656e+01 -1.112115457653999329e-01 2.431674301624298096e-01 -1.237929463386535645e-01 -9.497349262237548828e-01 1.534545719623565674e-01
-5.672602462768554688e+01 -2.109519577026367188e+01 -1.091186478734016418e-01 2.452972531318664551e-01 -1.231434047222137451e-01 -9.492523670196533203e-01 1.535737067461013794e-01
-5.672806549072265625e+01 -2.097224807739257812e+01 -1.064379885792732239e-01 2.471813857555389404e-01 -1.205609291791915894e-01 -9.488477110862731934e-01 1.550942659378051758e-01
-5.672879791259765625e+01 -2.084890747070312500e+01 -1.035736054182052612e-01 2.491338253021240234e-01 -1.180475205183029175e-01 -9.482661485671997070e-01 1.574430167675018311e-01
-5.672969055175781250e+01 -2.072518920898437500e+01 -1.007647663354873657e-01 2.511408329010009766e-01 -1.156063973903656006e-01 -9.475190639495849609e-01 1.605338454246520996e-01
-5.673073577880859375e+01 -2.060108375549316406e+01 -9.800659120082855225e-02 2.531882226467132568e-01 -1.132405623793601990e-01 -9.466171860694885254e-01 1.642805039882659912e-01
-5.672866439819335938e+01 -2.047664451599121094e+01 -9.486754983663558960e-02 2.552619874477386475e-01 -1.109531521797180176e-01 -9.455716609954833984e-01 1.685966849327087402e-01
-5.672638702392578125e+01 -2.035181617736816406e+01 -9.173156321048736572e-02 2.573481798171997070e-01 -1.087473854422569275e-01 -9.443938136100769043e-01 1.733963936567306519e-01
-5.672417831420898438e+01 -2.022659301757812500e+01 -8.863280713558197021e-02 2.594330310821533203e-01 -1.066264808177947998e-01 -9.430958628654479980e-01 1.785931587219238281e-01
-5.672017288208007812e+01 -2.010105705261230469e+01 -8.535766601562500000e-02 2.615032196044921875e-01 -1.045937761664390564e-01 -9.416913390159606934e-01 1.841017007827758789e-01
-5.671352386474609375e+01 -1.997524642944335938e+01 -8.180541545152664185e-02 2.635457217693328857e-01 -1.026530563831329346e-01 -9.401959180831909180e-01 1.898360848426818848e-01
-5.670686340332031250e+01 -1.984902000427246094e+01 -7.827575504779815674e-02 2.655480802059173584e-01 -1.008082926273345947e-01 -9.386263489723205566e-01 1.957104504108428955e-01
-5.670018005371093750e+01 -1.972237586975097656e+01 -7.476378977298736572e-02 2.674981951713562012e-01 -9.906336665153503418e-02 -9.370017647743225098e-01 2.016404420137405396e-01
-5.668772506713867188e+01 -1.959581565856933594e+01 -7.068175822496414185e-02 2.693850994110107422e-01 -9.742259979248046875e-02 -9.353432655334472656e-01 2.075415998697280884e-01
-5.667512130737304688e+01 -1.946882438659667969e+01 -6.659912317991256714e-02 2.711975574493408203e-01 -9.589074552059173584e-02 -9.336740970611572266e-01 2.133293449878692627e-01
-5.666241073608398438e+01 -1.934138679504394531e+01 -6.251769512891769409e-02 2.729257047176361084e-01 -9.447242319583892822e-02 -9.320195317268371582e-01 2.189203649759292603e-01
-5.664622879028320312e+01 -1.921393585205078125e+01 -5.807495117187500000e-02 2.745594680309295654e-01 -9.317269921302795410e-02 -9.304063320159912109e-01 2.242316007614135742e-01
-5.662850952148437500e+01 -1.908620262145996094e+01 -5.347289890050888062e-02 2.760900855064392090e-01 -9.199664741754531860e-02 -9.288634657859802246e-01 2.291803359985351562e-01
-5.661061096191406250e+01 -1.895798683166503906e+01 -4.885436967015266418e-02 2.775085270404815674e-01 -9.094959497451782227e-02 -9.274206161499023438e-01 2.336843013763427734e-01
-5.659042358398437500e+01 -1.882962989807128906e+01 -4.397216811776161194e-02 2.788063287734985352e-01 -9.003696590662002563e-02 -9.261086583137512207e-01 2.376614063978195190e-01
-5.656847000122070312e+01 -1.870102882385253906e+01 -3.888305649161338806e-02 2.799752950668334961e-01 -8.926410228013992310e-02 -9.249594807624816895e-01 2.410303801298141479e-01
-5.654628372192382812e+01 -1.857191276550292969e+01 -3.375915437936782837e-02 2.810071706771850586e-01 -8.863657712936401367e-02 -9.240044355392456055e-01 2.437092959880828857e-01
-5.652239608764648438e+01 -1.844255828857421875e+01 -2.830200083553791046e-02 2.817902565002441406e-01 -8.775865286588668823e-02 -9.233065843582153320e-01 2.457588016986846924e-01
-5.649727249145507812e+01 -1.831286430358886719e+01 -2.269653230905532837e-02 2.824626564979553223e-01 -8.712595701217651367e-02 -9.228173494338989258e-01 2.470466643571853638e-01
-5.647190856933593750e+01 -1.818265151977539062e+01 -1.707336306571960449e-02 2.830324769020080566e-01 -8.672677725553512573e-02 -9.225282073020935059e-01 2.476142942905426025e-01
-5.644533157348632812e+01 -1.805212593078613281e+01 -1.122802682220935822e-02 2.835068404674530029e-01 -8.654931932687759399e-02 -9.224292635917663574e-01 2.475020140409469604e-01
-5.641831970214843750e+01 -1.792112922668457031e+01 -5.321044940501451492e-03 2.838919162750244141e-01 -8.658146858215332031e-02 -9.225092530250549316e-01 2.467502355575561523e-01
-5.639120101928710938e+01 -1.778960418701171875e+01 6.414795061573386192e-04 2.841932475566864014e-01 -8.681058138608932495e-02 -9.227551221847534180e-01 2.453996688127517700e-01
-5.636420822143554688e+01 -1.765751266479492188e+01 6.731567438691854477e-03 2.844156622886657715e-01 -8.722415566444396973e-02 -9.231534600257873535e-01 2.434898316860198975e-01
-5.633700561523437500e+01 -1.752492523193359375e+01 1.284057553857564926e-02 2.845637798309326172e-01 -8.780904859304428101e-02 -9.236895442008972168e-01 2.410614192485809326e-01
-5.631198120117187500e+01 -1.739139747619628906e+01 1.898376457393169403e-02 2.846417725086212158e-01 -8.855233341455459595e-02 -9.243484735488891602e-01 2.381539940834045410e-01
-5.628701019287109375e+01 -1.725734138488769531e+01 2.514709345996379852e-02 2.846540212631225586e-01 -8.944043517112731934e-02 -9.251149296760559082e-01 2.348078787326812744e-01
-5.626649856567382812e+01 -1.712206459045410156e+01 3.119201585650444031e-02 2.846044301986694336e-01 -9.046012163162231445e-02 -9.259736537933349609e-01 2.310629636049270630e-01
-5.624750900268554688e+01 -1.699033927917480469e+01 3.703674301505088806e-02 2.844974994659423828e-01 -9.159750491380691528e-02 -9.269090294837951660e-01 2.269596308469772339e-01
-5.623830795288085938e+01 -1.686141967773437500e+01 4.229309037327766418e-02 2.843378186225891113e-01 -9.283886849880218506e-02 -9.279060363769531250e-01 2.225379943847656250e-01
-5.623276138305664062e+01 -1.673616027832031250e+01 4.716003313660621643e-02 2.841301560401916504e-01 -9.417044371366500854e-02 -9.289501905441284180e-01 2.178382426500320435e-01
-5.623579025268554688e+01 -1.661455154418945312e+01 5.129699409008026123e-02 2.838531136512756348e-01 -9.546200931072235107e-02 -9.300388693809509277e-01 2.129366993904113770e-01
-5.624681091308593750e+01 -1.649740409851074219e+01 5.446105822920799255e-02 2.835458517074584961e-01 -9.684078395366668701e-02 -9.311445355415344238e-01 2.078304886817932129e-01
-5.626322174072265625e+01 -1.638473701477050781e+01 5.682373046875000000e-02 2.832189500331878662e-01 -9.831447154283523560e-02 -9.322516322135925293e-01 2.025541365146636963e-01
-5.628690338134765625e+01 -1.627726173400878906e+01 5.797119066119194031e-02 2.828804254531860352e-01 -9.987946599721908569e-02 -9.333468675613403320e-01 1.971456855535507202e-01
-5.631538391113281250e+01 -1.617503738403320312e+01 5.790283158421516418e-02 2.825384736061096191e-01 -1.015326604247093201e-01 -9.344176054000854492e-01 1.916424930095672607e-01
-5.634541702270507812e+01 -1.607724761962890625e+01 5.715453997254371643e-02 2.822017073631286621e-01 -1.032703667879104614e-01 -9.354518651962280273e-01 1.860838085412979126e-01
-5.637739181518554688e+01 -1.598412799835205078e+01 5.540710315108299255e-02 2.818303406238555908e-01 -1.048432588577270508e-01 -9.364672303199768066e-01 1.805782765150070190e-01
-5.640852355957031250e+01 -1.589477062225341797e+01 5.316283926367759705e-02 2.814612090587615967e-01 -1.064026653766632080e-01 -9.374420046806335449e-01 1.751010715961456299e-01
-5.643875503540039062e+01 -1.580915164947509766e+01 5.049560591578483582e-02 2.810976803302764893e-01 -1.079424917697906494e-01 -9.383729696273803711e-01 1.696722060441970825e-01
-5.646689987182617188e+01 -1.572684192657470703e+01 4.752807691693305969e-02 2.807428538799285889e-01 -1.094570308923721313e-01 -9.392573237419128418e-01 1.643112301826477051e-01
-5.649314498901367188e+01 -1.564790344238281250e+01 4.435485601425170898e-02 2.803995013236999512e-01 -1.109405234456062317e-01 -9.400931000709533691e-01 1.590380966663360596e-01
-5.651777267456054688e+01 -1.557244110107421875e+01 4.126220569014549255e-02 2.800704538822174072e-01 -1.123874038457870483e-01 -9.408786296844482422e-01 1.538728773593902588e-01
-5.653894424438476562e+01 -1.549985599517822266e+01 3.793456777930259705e-02 2.797578573226928711e-01 -1.137922778725624084e-01 -9.416128396987915039e-01 1.488355100154876709e-01
-5.655902099609375000e+01 -1.543091297149658203e+01 3.477416932582855225e-02 2.794639766216278076e-01 -1.151497513055801392e-01 -9.422949552536010742e-01 1.439466178417205811e-01
-5.657795715332031250e+01 -1.536559295654296875e+01 3.176513686776161194e-02 2.791905999183654785e-01 -1.164545267820358276e-01 -9.429246783256530762e-01 1.392262130975723267e-01
-5.659408950805664062e+01 -1.530343151092529297e+01 2.847595140337944031e-02 2.789396941661834717e-01 -1.177013739943504333e-01 -9.435021281242370605e-01 1.346948295831680298e-01
-5.660925292968750000e+01 -1.524493980407714844e+01 2.538085915148258209e-02 2.787127792835235596e-01 -1.188849359750747681e-01 -9.440277218818664551e-01 1.303732842206954956e-01
-5.662345504760742188e+01 -1.519011783599853516e+01 2.248107828199863434e-02 2.785111665725708008e-01 -1.200002208352088928e-01 -9.445022940635681152e-01 1.262816190719604492e-01
-5.663670349121093750e+01 -1.513896656036376953e+01 1.977599970996379852e-02 2.783361375331878662e-01 -1.210419386625289917e-01 -9.449264407157897949e-01 1.224404573440551758e-01
-5.664802932739257812e+01 -1.509124755859375000e+01 1.691650412976741791e-02 2.781892716884613037e-01 -1.220048218965530396e-01 -9.453017115592956543e-01 1.188706606626510620e-01
-5.665829086303710938e+01 -1.504716682434082031e+01 1.420898362994194031e-02 2.780715525150299072e-01 -1.228837743401527405e-01 -9.456288814544677734e-01 1.155924201011657715e-01
-5.666769790649414062e+01 -1.500677585601806641e+01 1.172851491719484329e-02 2.779842913150787354e-01 -1.236734539270401001e-01 -9.459096193313598633e-01 1.126262471079826355e-01
-5.667626953125000000e+01 -1.497007560729980469e+01 9.475097060203552246e-03 2.779290676116943359e-01 -1.243683844804763794e-01 -9.461445808410644531e-01 1.099927425384521484e-01
-5.668399810791015625e+01 -1.493706130981445312e+01 7.448730524629354477e-03 2.779071629047393799e-01 -1.249632611870765686e-01 -9.463349580764770508e-01 1.077122241258621216e-01
-5.668986511230468750e+01 -1.491180896759033203e+01 5.900268442928791046e-03 2.779204845428466797e-01 -1.254525035619735718e-01 -9.464814662933349609e-01 1.058048605918884277e-01
-5.669388580322265625e+01 -1.489431095123291016e+01 4.832153208553791046e-03 2.779708802700042725e-01 -1.258305907249450684e-01 -9.465845227241516113e-01 1.042905151844024658e-01
-5.669626998901367188e+01 -1.488451099395751953e+01 4.533080849796533585e-03 2.776764631271362305e-01 -1.247369796037673950e-01 -9.468867182731628418e-01 1.036433801054954529e-01
-5.669682312011718750e+01 -1.488245582580566406e+01 4.761352203786373138e-03 2.774094045162200928e-01 -1.233132481575012207e-01 -9.471741914749145508e-01 1.034358516335487366e-01
-5.669760131835937500e+01 -1.488000583648681641e+01 5.009765736758708954e-03 2.771656513214111328e-01 -1.215866059064865112e-01 -9.474475383758544922e-01 1.036291643977165222e-01
-5.669857788085937500e+01 -1.487716197967529297e+01 5.272827111184597015e-03 2.769408226013183594e-01 -1.195841357111930847e-01 -9.477071762084960938e-01 1.041846871376037598e-01
-5.669972229003906250e+01 -1.487391471862792969e+01 5.534057505428791046e-03 2.767303586006164551e-01 -1.173330992460250854e-01 -9.479529857635498047e-01 1.050635278224945068e-01
-5.670099639892578125e+01 -1.487026596069335938e+01 5.781250074505805969e-03 2.765296995639801025e-01 -1.148603707551956177e-01 -9.481846094131469727e-01 1.062268465757369995e-01
-5.670242691040039062e+01 -1.486622047424316406e+01 6.029052659869194031e-03 2.763342559337615967e-01 -1.121930778026580811e-01 -9.484021067619323730e-01 1.076358258724212646e-01
-5.670401763916015625e+01 -1.486178112030029297e+01 6.274413783103227615e-03 2.761397063732147217e-01 -1.093580275774002075e-01 -9.486050605773925781e-01 1.092518121004104614e-01
-5.670574188232421875e+01 -1.485694885253906250e+01 6.513061467558145523e-03 2.759422361850738525e-01 -1.063821241259574890e-01 -9.487937092781066895e-01 1.110361814498901367e-01
-5.670759963989257812e+01 -1.485172367095947266e+01 6.742553785443305969e-03 2.757381200790405273e-01 -1.032923609018325806e-01 -9.489686489105224609e-01 1.129498332738876343e-01
-5.670957946777343750e+01 -1.484610271453857422e+01 6.958007812500000000e-03 2.755244672298431396e-01 -1.001154184341430664e-01 -9.491304159164428711e-01 1.149542033672332764e-01
-5.671166229248046875e+01 -1.484009075164794922e+01 7.156982086598873138e-03 2.752986550331115723e-01 -9.687819331884384155e-02 -9.492806196212768555e-01 1.170107573270797729e-01
-5.671383666992187500e+01 -1.483368396759033203e+01 7.335205096751451492e-03 2.750589251518249512e-01 -9.360741078853607178e-02 -9.494208097457885742e-01 1.190805882215499878e-01
-5.671610641479492188e+01 -1.482688236236572266e+01 7.488403003662824631e-03 2.748041152954101562e-01 -9.032987058162689209e-02 -9.495534896850585938e-01 1.211251989006996155e-01
-5.671845245361328125e+01 -1.481968212127685547e+01 7.613525260239839554e-03 2.745332419872283936e-01 -8.707236498594284058e-02 -9.496814608573913574e-01 1.231059357523918152e-01
-5.672084808349609375e+01 -1.481208801269531250e+01 7.706908974796533585e-03 2.742463946342468262e-01 -8.386156708002090454e-02 -9.498078227043151855e-01 1.249845102429389954e-01
-5.672330856323242188e+01 -1.480409049987792969e+01 7.764282170683145523e-03 2.739440798759460449e-01 -8.072434365749359131e-02 -9.499366879463195801e-01 1.267226487398147583e-01
-5.672581863403320312e+01 -1.479569625854492188e+01 7.777099497616291046e-03 2.734738290309906006e-01 -7.771909236907958984e-02 -9.501099586486816406e-01 1.283080875873565674e-01
-5.672837829589843750e+01 -1.478690242767333984e+01 7.736816070973873138e-03 2.726900577545166016e-01 -7.490274310111999512e-02 -9.503687620162963867e-01 1.297268867492675781e-01
-5.673095703125000000e+01 -1.477770233154296875e+01 7.646484300494194031e-03 2.718161344528198242e-01 -7.225640118122100830e-02 -9.506629109382629395e-01 1.309009194374084473e-01
-5.673355484008789062e+01 -1.476809501647949219e+01 7.503051776438951492e-03 2.708513438701629639e-01 -6.980329751968383789e-02 -9.509966969490051270e-01 1.318038552999496460e-01
-5.673616409301757812e+01 -1.475808238983154297e+01 7.304077036678791046e-03 2.698096930980682373e-01 -6.754867732524871826e-02 -9.513652324676513672e-01 1.324541270732879639e-01
-5.673880767822265625e+01 -1.474766063690185547e+01 7.045288104563951492e-03 2.687088251113891602e-01 -6.549278646707534790e-02 -9.517607688903808594e-01 1.328821778297424316e-01
-5.674148178100585938e+01 -1.473683452606201172e+01 6.724853534251451492e-03 2.675662934780120850e-01 -6.363604962825775146e-02 -9.521754384040832520e-01 1.331179589033126831e-01
-5.674418640136718750e+01 -1.472560501098632812e+01 6.340331863611936569e-03 2.663996517658233643e-01 -6.197880208492279053e-02 -9.526015520095825195e-01 1.331917196512222290e-01
-5.674694824218750000e+01 -1.471397304534912109e+01 5.888671614229679108e-03 2.652261853218078613e-01 -6.052139773964881897e-02 -9.530307054519653320e-01 1.331336200237274170e-01
-5.674975967407226562e+01 -1.470194149017333984e+01 5.366821307688951492e-03 2.640636861324310303e-01 -5.926410853862762451e-02 -9.534547924995422363e-01 1.329736113548278809e-01
-5.675263214111328125e+01 -1.468951129913330078e+01 4.772338550537824631e-03 2.629293799400329590e-01 -5.820738151669502258e-02 -9.538656473159790039e-01 1.327416002750396729e-01
-5.675556945800781250e+01 -1.467668056488037109e+01 4.102783277630805969e-03 2.618406713008880615e-01 -5.735147371888160706e-02 -9.542549252510070801e-01 1.324678957462310791e-01
-5.675857925415039062e+01 -1.466345882415771484e+01 3.355712862685322762e-03 2.608150839805603027e-01 -5.669670179486274719e-02 -9.546144008636474609e-01 1.321824342012405396e-01
-5.676166915893554688e+01 -1.464984130859375000e+01 2.528076060116291046e-03 2.598699927330017090e-01 -5.624347925186157227e-02 -9.549359083175659180e-01 1.319152116775512695e-01
-5.676484298706054688e+01 -1.463583183288574219e+01 1.617431640625000000e-03 2.590228319168090820e-01 -5.599200353026390076e-02 -9.552109837532043457e-01 1.316964775323867798e-01
-5.676811981201171875e+01 -1.462143230438232422e+01 6.219482165761291981e-04 2.582910358905792236e-01 -5.594272539019584656e-02 -9.554314017295837402e-01 1.315559595823287964e-01
-5.677147674560546875e+01 -1.460664558410644531e+01 -4.675292875617742538e-04 2.576917707920074463e-01 -5.609584599733352661e-02 -9.555886387825012207e-01 1.315241008996963501e-01
-5.677461624145507812e+01 -1.459141349792480469e+01 -1.829833956435322762e-03 2.572427093982696533e-01 -5.645172670483589172e-02 -9.556739926338195801e-01 1.316305249929428101e-01
-5.677785873413085938e+01 -1.457579708099365234e+01 -3.289794782176613808e-03 2.569607496261596680e-01 -5.701065808534622192e-02 -9.556786417961120605e-01 1.319053173065185547e-01
-5.678121948242187500e+01 -1.455979537963867188e+01 -4.849853459745645523e-03 2.568632364273071289e-01 -5.777294188737869263e-02 -9.555938243865966797e-01 1.323785483837127686e-01
-5.678469467163085938e+01 -1.454341793060302734e+01 -6.511840503662824631e-03 2.569673061370849609e-01 -5.873876810073852539e-02 -9.554094076156616211e-01 1.330799311399459839e-01
-5.678829574584960938e+01 -1.452665901184082031e+01 -8.278197608888149261e-03 2.572897970676422119e-01 -5.990840494632720947e-02 -9.551159143447875977e-01 1.340393871068954468e-01
-5.679201889038085938e+01 -1.450952339172363281e+01 -1.015258766710758209e-02 2.578475177288055420e-01 -6.128202378749847412e-02 -9.547024369239807129e-01 1.352866291999816895e-01
-5.679588699340820312e+01 -1.449201583862304688e+01 -1.213439926505088806e-02 2.586504817008972168e-01 -6.285466253757476807e-02 -9.541606903076171875e-01 1.368452310562133789e-01
-5.679988479614257812e+01 -1.447413635253906250e+01 -1.421874947845935822e-02 2.596821784973144531e-01 -6.460140645503997803e-02 -9.534937739372253418e-01 1.387139111757278442e-01
-5.680402374267578125e+01 -1.445588493347167969e+01 -1.639526337385177612e-02 2.609194517135620117e-01 -6.649196147918701172e-02 -9.527071714401245117e-01 1.408862471580505371e-01
-5.680829620361328125e+01 -1.443725967407226562e+01 -1.865783706307411194e-02 2.623390853404998779e-01 -6.849646568298339844e-02 -9.518067240715026855e-01 1.433541774749755859e-01
-5.681269836425781250e+01 -1.441826057434082031e+01 -2.099853381514549255e-02 2.639177739620208740e-01 -7.058455049991607666e-02 -9.507979750633239746e-01 1.461115628480911255e-01
-5.681724548339843750e+01 -1.439888763427734375e+01 -2.340820245444774628e-02 2.656324207782745361e-01 -7.272633910179138184e-02 -9.496865868568420410e-01 1.491502374410629272e-01
-5.682294845581054688e+01 -1.437415504455566406e+01 -2.630004845559597015e-02 2.674598693847656250e-01 -7.489152252674102783e-02 -9.484783411026000977e-01 1.524636298418045044e-01
-5.682981872558593750e+01 -1.434406471252441406e+01 -2.966491691768169403e-02 2.693769335746765137e-01 -7.705019414424896240e-02 -9.471797347068786621e-01 1.560440659523010254e-01
-5.683724975585937500e+01 -1.430853366851806641e+01 -3.387634083628654480e-02 2.713606953620910645e-01 -7.917204499244689941e-02 -9.457968473434448242e-01 1.598850190639495850e-01
-5.684550094604492188e+01 -1.426759719848632812e+01 -3.877075016498565674e-02 2.733881771564483643e-01 -8.122707903385162354e-02 -9.443366527557373047e-01 1.639788746833801270e-01
-5.685479354858398438e+01 -1.422128105163574219e+01 -4.419433325529098511e-02 2.754363417625427246e-01 -8.318536728620529175e-02 -9.428063035011291504e-01 1.683185994625091553e-01
-5.686512756347656250e+01 -1.416958999633789062e+01 -5.013976991176605225e-02 2.774825990200042725e-01 -8.501683175563812256e-02 -9.412130713462829590e-01 1.728972792625427246e-01
-5.687649154663085938e+01 -1.411252021789550781e+01 -5.659789964556694031e-02 2.795042097568511963e-01 -8.669140934944152832e-02 -9.395648241043090820e-01 1.777079999446868896e-01
-5.688872909545898438e+01 -1.405005359649658203e+01 -6.369384378194808960e-02 2.814785838127136230e-01 -8.817929029464721680e-02 -9.378694891929626465e-01 1.827431619167327881e-01
-5.690052795410156250e+01 -1.398206996917724609e+01 -7.235717773437500000e-02 2.833831310272216797e-01 -8.945060521364212036e-02 -9.361357092857360840e-01 1.879962831735610962e-01
-5.691323471069335938e+01 -1.390869522094726562e+01 -8.160583674907684326e-02 2.851955592632293701e-01 -9.047552943229675293e-02 -9.343719482421875000e-01 1.934599876403808594e-01
-5.692686462402343750e+01 -1.382992649078369141e+01 -9.143005311489105225e-02 2.868935763835906982e-01 -9.122415632009506226e-02 -9.325869083404541016e-01 1.991276293992996216e-01
-5.694042968750000000e+01 -1.374572086334228516e+01 -1.025842279195785522e-01 2.884546816349029541e-01 -9.166693687438964844e-02 -9.307897090911865234e-01 2.049919813871383667e-01
-5.695344543457031250e+01 -1.365605640411376953e+01 -1.154608130455017090e-01 2.898567318916320801e-01 -9.177406877279281616e-02 -9.289887547492980957e-01 2.110460400581359863e-01
-5.696723556518554688e+01 -1.356098937988281250e+01 -1.290038973093032837e-01 2.910772860050201416e-01 -9.151580929756164551e-02 -9.271929264068603516e-01 2.172831594944000244e-01
-5.698044967651367188e+01 -1.346052360534667969e+01 -1.441863924264907837e-01 2.917314767837524414e-01 -8.935802429914474487e-02 -9.255578517913818359e-01 2.241660505533218384e-01
-5.699257659912109375e+01 -1.335468196868896484e+01 -1.616082787513732910e-01 2.922601699829101562e-01 -8.723880350589752197e-02 -9.238992333412170410e-01 2.310485392808914185e-01
-5.700507736206054688e+01 -1.324344444274902344e+01 -1.800103783607482910e-01 2.926688194274902344e-01 -8.517244458198547363e-02 -9.222271442413330078e-01 2.378814220428466797e-01
-5.701500701904296875e+01 -1.312686634063720703e+01 -2.011968940496444702e-01 2.929627895355224609e-01 -8.317296952009201050e-02 -9.205529689788818359e-01 2.446165829896926880e-01
-5.702527236938476562e+01 -1.300487995147705078e+01 -2.233648598194122314e-01 2.931465208530426025e-01 -8.125446736812591553e-02 -9.188894629478454590e-01 2.512069344520568848e-01
-5.703315353393554688e+01 -1.287745857238769531e+01 -2.472869753837585449e-01 2.932239174842834473e-01 -7.943098992109298706e-02 -9.172511100769042969e-01 2.576060295104980469e-01
-5.704089736938476562e+01 -1.274459838867187500e+01 -2.722369432449340820e-01 2.931980192661285400e-01 -7.771689444780349731e-02 -9.156535267829895020e-01 2.637681066989898682e-01
-5.704656982421875000e+01 -1.260609436035156250e+01 -2.975390553474426270e-01 2.930708527565002441e-01 -7.612627744674682617e-02 -9.141137599945068359e-01 2.696484625339508057e-01
-5.705173873901367188e+01 -1.246195507049560547e+01 -3.228344619274139404e-01 2.928438782691955566e-01 -7.467362284660339355e-02 -9.126498103141784668e-01 2.752029001712799072e-01
-5.705593490600585938e+01 -1.231204032897949219e+01 -3.474334776401519775e-01 2.925170361995697021e-01 -7.337342947721481323e-02 -9.112807512283325195e-01 2.803878784179687500e-01
-5.705958938598632812e+01 -1.215600585937500000e+01 -3.686486780643463135e-01 2.920900583267211914e-01 -7.224021106958389282e-02 -9.100266098976135254e-01 2.851601243019104004e-01
-5.706338882446289062e+01 -1.199397182464599609e+01 -3.863165080547332764e-01 2.915611863136291504e-01 -7.128848135471343994e-02 -9.089074134826660156e-01 2.894773483276367188e-01
-5.706782913208007812e+01 -1.182586002349853516e+01 -3.984698355197906494e-01 2.909281253814697266e-01 -7.053280621767044067e-02 -9.079442024230957031e-01 2.932969927787780762e-01
-5.707398223876953125e+01 -1.165175724029541016e+01 -4.016613662242889404e-01 2.901556491851806641e-01 -6.988964229822158813e-02 -9.071652293205261230e-01 2.966083288192749023e-01
-5.708377838134765625e+01 -1.147253417968750000e+01 -3.907818496227264404e-01 2.891506552696228027e-01 -6.910612434148788452e-02 -9.066112041473388672e-01 2.994534373283386230e-01
-5.709703063964843750e+01 -1.128897285461425781e+01 -3.685204982757568359e-01 2.880743145942687988e-01 -6.870011240243911743e-02 -9.062634110450744629e-01 3.016288876533508301e-01
-5.711421585083007812e+01 -1.110161018371582031e+01 -3.357275426387786865e-01 2.869364619255065918e-01 -6.872332096099853516e-02 -9.061385989189147949e-01 3.030797243118286133e-01
-5.713576126098632812e+01 -1.091069602966308594e+01 -2.940160930156707764e-01 2.857463657855987549e-01 -6.922753155231475830e-02 -9.062519073486328125e-01 3.037500083446502686e-01
-5.716215515136718750e+01 -1.071613597869873047e+01 -2.456878572702407837e-01 2.845128774642944336e-01 -7.026395946741104126e-02 -9.066157341003417969e-01 3.035840094089508057e-01
-5.719397354125976562e+01 -1.051748371124267578e+01 -1.937255859375000000e-01 2.832434773445129395e-01 -7.188399136066436768e-02 -9.072400927543640137e-01 3.025244772434234619e-01
-5.723202133178710938e+01 -1.031403636932373047e+01 -1.416558772325515747e-01 2.816269397735595703e-01 -7.316152006387710571e-02 -9.082021117210388184e-01 3.008361756801605225e-01
-5.727767562866210938e+01 -1.010489845275878906e+01 -9.559509158134460449e-02 2.798846960067749023e-01 -7.469440996646881104e-02 -9.094234108924865723e-01 2.983862459659576416e-01
-5.732926559448242188e+01 -9.889186859130859375e+00 -6.079711765050888062e-02 2.780312001705169678e-01 -7.644499093294143677e-02 -9.108656048774719238e-01 2.952603399753570557e-01
-5.737798690795898438e+01 -9.665605545043945312e+00 -3.695800527930259705e-02 2.760808765888214111e-01 -7.837587594985961914e-02 -9.124899506568908691e-01 2.915450334548950195e-01
-5.741724395751953125e+01 -9.433744430541992188e+00 -2.173156663775444031e-02 2.740476131439208984e-01 -8.045089244842529297e-02 -9.142583012580871582e-01 2.873277962207794189e-01
-5.744432449340820312e+01 -9.194202423095703125e+00 -1.205932628363370895e-02 2.719449400901794434e-01 -8.263502269983291626e-02 -9.161331653594970703e-01 2.826967239379882812e-01
-5.745972442626953125e+01 -8.947914123535156250e+00 -5.405883770436048508e-03 2.697850763797760010e-01 -8.489493280649185181e-02 -9.180787205696105957e-01 2.777413129806518555e-01
-5.746556472778320312e+01 -8.695573806762695312e+00 -1.947021373780444264e-04 2.675794064998626709e-01 -8.719880878925323486e-02 -9.200611114501953125e-01 2.725529372692108154e-01
-5.746308517456054688e+01 -8.437535285949707031e+00 4.309692420065402985e-03 2.653384506702423096e-01 -8.951649069786071777e-02 -9.220485091209411621e-01 2.672239840030670166e-01
-5.745056533813476562e+01 -8.174248695373535156e+00 8.782958611845970154e-03 2.630713880062103271e-01 -9.181969612836837769e-02 -9.240117669105529785e-01 2.618487179279327393e-01
-5.743417739868164062e+01 -7.905665874481201172e+00 1.348022464662790298e-02 2.607865035533905029e-01 -9.408156573772430420e-02 -9.259239435195922852e-01 2.565226852893829346e-01
-5.741033172607421875e+01 -7.632081031799316406e+00 1.868835464119911194e-02 2.584913074970245361e-01 -9.627658128738403320e-02 -9.277606010437011719e-01 2.513433098793029785e-01
-5.738515472412109375e+01 -7.365970134735107422e+00 2.386901713907718658e-02 2.561926543712615967e-01 -9.838100522756576538e-02 -9.294993877410888672e-01 2.464087754487991333e-01
-5.735742187500000000e+01 -7.107462406158447266e+00 2.909423783421516418e-02 2.538973689079284668e-01 -1.003717705607414246e-01 -9.311203956604003906e-01 2.418186515569686890e-01
-5.733009719848632812e+01 -6.856291294097900391e+00 3.419494628906250000e-02 2.516125142574310303e-01 -1.022269129753112793e-01 -9.326050281524658203e-01 2.376733422279357910e-01
-5.730131530761718750e+01 -6.612675666809082031e+00 3.927978500723838806e-02 2.493461966514587402e-01 -1.039250344038009644e-01 -9.339354634284973145e-01 2.340739667415618896e-01
-5.727351379394531250e+01 -6.376356124877929688e+00 4.421020299196243286e-02 2.471080869436264038e-01 -1.054452657699584961e-01 -9.350944757461547852e-01 2.311214655637741089e-01
-5.724600601196289062e+01 -6.147421360015869141e+00 4.902648925781250000e-02 2.449105381965637207e-01 -1.067667827010154724e-01 -9.360643625259399414e-01 2.289168685674667358e-01
-5.721910095214843750e+01 -5.925848960876464844e+00 5.371459946036338806e-02 2.427692711353302002e-01 -1.078684777021408081e-01 -9.368262290954589844e-01 2.275606691837310791e-01
-5.719329071044921875e+01 -5.711590290069580078e+00 5.824645981192588806e-02 2.407047152519226074e-01 -1.087285801768302917e-01 -9.373586773872375488e-01 2.271520197391510010e-01
-5.716453170776367188e+01 -5.505173206329345703e+00 6.423828005790710449e-02 2.373194396495819092e-01 -1.034994423389434814e-01 -9.383054375648498535e-01 2.292383015155792236e-01
-5.713543701171875000e+01 -5.306276321411132812e+00 7.038940489292144775e-02 2.337912023067474365e-01 -9.708506613969802856e-02 -9.390776157379150391e-01 2.324848920106887817e-01
-5.710773468017578125e+01 -5.114665031433105469e+00 7.658935338258743286e-02 2.301270216703414917e-01 -8.957961946725845337e-02 -9.396559596061706543e-01 2.367780804634094238e-01
