-5.703258514404296875e+01 -4.583641052246093750e+00 9.534545987844467163e-02 2.183835953474044800e-01 -6.146461889147758484e-02 -9.400084018707275391e-01 2.547841370105743408e-01
-5.701004791259765625e+01 -4.421263217926025391e+00 1.016003414988517761e-01 2.142429649829864502e-01 -5.054621770977973938e-02 -9.395975470542907715e-01 2.621099650859832764e-01
-5.698870849609375000e+01 -4.266209602355957031e+00 1.078283637762069702e-01 2.100036740303039551e-01 -3.901670873165130615e-02 -9.388965964317321777e-01 2.699059247970581055e-01
-5.696853256225585938e+01 -4.118481159210205078e+00 1.140100061893463135e-01 2.056765854358673096e-01 -2.697490155696868896e-02 -9.378981590270996094e-01 2.780584096908569336e-01
-5.694956970214843750e+01 -3.978044271469116211e+00 1.191290244460105896e-01 2.012743055820465088e-01 -1.452055945992469788e-02 -9.366008639335632324e-01 2.864553332328796387e-01
-5.693170928955078125e+01 -3.844922065734863281e+00 1.240362524986267090e-01 1.968110054731369019e-01 -1.754425466060638428e-03 -9.350109696388244629e-01 2.949862182140350342e-01
-5.691489028930664062e+01 -3.719110965728759766e+00 1.288952678442001343e-01 1.923030167818069458e-01 1.122229546308517456e-02 -9.331427216529846191e-01 3.035430312156677246e-01
-5.689909362792968750e+01 -3.600597858428955078e+00 1.336828619241714478e-01 1.877685040235519409e-01 2.430801466107368469e-02 -9.310184717178344727e-01 3.120201826095581055e-01
-5.688429641723632812e+01 -3.489365100860595703e+00 1.383764594793319702e-01 1.832273602485656738e-01 3.740096837282180786e-02 -9.286694526672363281e-01 3.203150331974029541e-01
-5.687051773071289062e+01 -3.385377407073974609e+00 1.423614472150802612e-01 1.787016987800598145e-01 5.039980262517929077e-02 -9.261350631713867188e-01 3.283281326293945312e-01
-5.685768508911132812e+01 -3.288624763488769531e+00 1.462029963731765747e-01 1.742148846387863159e-01 6.320343911647796631e-02 -9.234627485275268555e-01 3.359627723693847656e-01
-5.684576416015625000e+01 -3.199080467224121094e+00 1.499249190092086792e-01 1.697920560836791992e-01 7.571182399988174438e-02 -9.207079410552978516e-01 3.431257903575897217e-01
-5.683475875854492188e+01 -3.116713523864746094e+00 1.535052508115768433e-01 1.654596775770187378e-01 8.782526850700378418e-02 -9.179328083992004395e-01 3.497272729873657227e-01
-5.682464218139648438e+01 -3.041491746902465820e+00 1.569226086139678955e-01 1.612449139356613159e-01 9.944626688957214355e-02 -9.152061343193054199e-01 3.556799292564392090e-01
-5.681539916992187500e+01 -2.973378896713256836e+00 1.601568609476089478e-01 1.571763753890991211e-01 1.104775667190551758e-01 -9.126015901565551758e-01 3.608994483947753906e-01
-5.680710983276367188e+01 -2.912335157394409180e+00 1.624145507812500000e-01 1.532764136791229248e-01 1.208438724279403687e-01 -9.101852178573608398e-01 3.653296828269958496e-01
-5.679974365234375000e+01 -2.858360767364501953e+00 1.641601473093032837e-01 1.495419144630432129e-01 1.305518895387649536e-01 -9.079748392105102539e-01 3.690189123153686523e-01
-5.679327392578125000e+01 -2.811462879180908203e+00 1.658526510000228882e-01 1.459628641605377197e-01 1.396277397871017456e-01 -9.059718847274780273e-01 3.720400631427764893e-01
-5.678773498535156250e+01 -2.771645069122314453e+00 1.674981713294982910e-01 1.425276398658752441e-01 1.480985432863235474e-01 -9.041730165481567383e-01 3.744645416736602783e-01
-5.678312301635742188e+01 -2.738912820816040039e+00 1.691003441810607910e-01 1.392243802547454834e-01 1.559904664754867554e-01 -9.025712609291076660e-01 3.763623237609863281e-01
-5.677948760986328125e+01 -2.713273525238037109e+00 1.706640571355819702e-01 1.360405087471008301e-01 1.633294522762298584e-01 -9.011558890342712402e-01 3.778021633625030518e-01
-5.677682495117187500e+01 -2.694734096527099609e+00 1.721942126750946045e-01 1.329625844955444336e-01 1.701418906450271606e-01 -8.999133110046386719e-01 3.788518011569976807e-01
-5.677515029907226562e+01 -2.683304309844970703e+00 1.736950576305389404e-01 1.299770623445510864e-01 1.764532327651977539e-01 -8.988276124000549316e-01 3.795774877071380615e-01
-5.677449035644531250e+01 -2.678993463516235352e+00 1.751708984375000000e-01 1.270699203014373779e-01 1.822890341281890869e-01 -8.978806734085083008e-01 3.800449669361114502e-01
-5.677371978759765625e+01 -2.674261808395385742e+00 1.765460222959518433e-01 1.242267936468124390e-01 1.876743286848068237e-01 -8.970525264739990234e-01 3.803193271160125732e-01
-5.677286148071289062e+01 -2.669120073318481445e+00 1.778240948915481567e-01 1.214330196380615234e-01 1.926345825195312500e-01 -8.963217735290527344e-01 3.804644644260406494e-01
-5.677192306518554688e+01 -2.663580179214477539e+00 1.790087819099426270e-01 1.186738610267639160e-01 1.971942186355590820e-01 -8.956655263900756836e-01 3.805445432662963867e-01
-5.677091598510742188e+01 -2.657653808593750000e+00 1.801049709320068359e-01 1.159341633319854736e-01 2.013783156871795654e-01 -8.950601220130920410e-01 3.806225657463073730e-01
-5.676986312866210938e+01 -2.651352882385253906e+00 1.811175495386123657e-01 1.131988465785980225e-01 2.052112519741058350e-01 -8.944804668426513672e-01 3.807612061500549316e-01
-5.676876449584960938e+01 -2.644689559936523438e+00 1.820489466190338135e-01 1.104526966810226440e-01 2.087173759937286377e-01 -8.939010500907897949e-01 3.810226917266845703e-01
-5.676763916015625000e+01 -2.637677192687988281e+00 1.829052716493606567e-01 1.076800823211669922e-01 2.119209170341491699e-01 -8.932948112487792969e-01 3.814692199230194092e-01
-5.676649475097656250e+01 -2.630328655242919922e+00 1.836889535188674927e-01 1.048655062913894653e-01 2.148459553718566895e-01 -8.926346302032470703e-01 3.821622133255004883e-01
-5.676533889770507812e+01 -2.622656583786010742e+00 1.844061166048049927e-01 1.019934713840484619e-01 2.175161540508270264e-01 -8.918914794921875000e-01 3.831625282764434814e-01
-5.676476287841796875e+01 -2.618510723114013672e+00 1.851000934839248657e-01 9.904785454273223877e-02 2.199552357196807861e-01 -8.910360336303710938e-01 3.845307826995849609e-01
-5.676477432250976562e+01 -2.617905855178833008e+00 1.857775896787643433e-01 9.601286053657531738e-02 2.221864014863967896e-01 -8.900370597839355469e-01 3.863269388675689697e-01
-5.676381301879882812e+01 -2.610015869140625000e+00 1.857385188341140747e-01 9.391976147890090942e-02 2.218550890684127808e-01 -8.894670009613037109e-01 3.883395493030548096e-01
-5.676186752319335938e+01 -2.595174551010131836e+00 1.856243908405303955e-01 9.168938547372817993e-02 2.215519845485687256e-01 -8.886954188346862793e-01 3.908044099807739258e-01
-5.675897216796875000e+01 -2.573374032974243164e+00 1.850707978010177612e-01 8.936910331249237061e-02 2.212766855955123901e-01 -8.877440690994262695e-01 3.936498761177062988e-01
-5.675511169433593750e+01 -2.544604063034057617e+00 1.839099079370498657e-01 8.700466901063919067e-02 2.210291326045989990e-01 -8.866357207298278809e-01 3.968038558959960938e-01
-5.675025939941406250e+01 -2.508847713470458984e+00 1.824572682380676270e-01 8.464042842388153076e-02 2.208102345466613770e-01 -8.853942155838012695e-01 4.001947641372680664e-01
-5.674440002441406250e+01 -2.466091632843017578e+00 1.807122826576232910e-01 8.231974393129348755e-02 2.206217497587203979e-01 -8.840445280075073242e-01 4.037509262561798096e-01
-5.673751449584960938e+01 -2.416322469711303711e+00 1.786743104457855225e-01 8.008474856615066528e-02 2.204663455486297607e-01 -8.826128244400024414e-01 4.074009954929351807e-01
-5.672960281372070312e+01 -2.359526872634887695e+00 1.763415485620498657e-01 7.797653228044509888e-02 2.203477919101715088e-01 -8.811266422271728516e-01 4.110746383666992188e-01
-5.672075653076171875e+01 -2.295763492584228516e+00 1.723077297210693359e-01 7.603566348552703857e-02 2.202709019184112549e-01 -8.796142339706420898e-01 4.147022664546966553e-01
-5.671097946166992188e+01 -2.225026845932006836e+00 1.663922071456909180e-01 7.430202513933181763e-02 2.202413231134414673e-01 -8.781053423881530762e-01 4.182151257991790771e-01
-5.670017623901367188e+01 -2.147248983383178711e+00 1.597607433795928955e-01 7.281508296728134155e-02 2.202655375003814697e-01 -8.766303658485412598e-01 4.215451478958129883e-01
-5.668845748901367188e+01 -2.062690973281860352e+00 1.495190411806106567e-01 7.161451876163482666e-02 2.203506529331207275e-01 -8.752202987670898438e-01 4.246248900890350342e-01
-5.667557907104492188e+01 -1.971075296401977539e+00 1.385675072669982910e-01 7.074028253555297852e-02 2.205043137073516846e-01 -8.739068508148193359e-01 4.273878633975982666e-01
-5.666147232055664062e+01 -1.872387766838073730e+00 1.269708275794982910e-01 7.023269683122634888e-02 2.207343280315399170e-01 -8.727214336395263672e-01 4.297683835029602051e-01
-5.664592742919921875e+01 -1.766616463661193848e+00 1.149963364005088806e-01 7.013321667909622192e-02 2.210485637187957764e-01 -8.716951608657836914e-01 4.317016601562500000e-01
-5.662894058227539062e+01 -1.653750419616699219e+00 1.026184037327766418e-01 7.048470526933670044e-02 2.214546501636505127e-01 -8.708580732345581055e-01 4.331234395503997803e-01
-5.661039352416992188e+01 -1.533780455589294434e+00 8.997985720634460449e-02 7.133151590824127197e-02 2.219592332839965820e-01 -8.702388405799865723e-01 4.339700937271118164e-01
-5.659013366699218750e+01 -1.406700849533081055e+00 7.724975049495697021e-02 7.272052019834518433e-02 2.225681841373443604e-01 -8.698645830154418945e-01 4.341783523559570312e-01
-5.656782531738281250e+01 -1.272530436515808105e+00 6.474182009696960449e-02 7.470123469829559326e-02 2.232855260372161865e-01 -8.697589039802551270e-01 4.336850047111511230e-01
-5.654256820678710938e+01 -1.131363272666931152e+00 5.315002426505088806e-02 7.732611149549484253e-02 2.241130769252777100e-01 -8.699431419372558594e-01 4.324266612529754639e-01
-5.651364135742187500e+01 -9.829152226448059082e-01 4.224120825529098511e-02 8.218199014663696289e-02 2.219091057777404785e-01 -8.712314367294311523e-01 4.300680160522460938e-01
-5.648043441772460938e+01 -8.277233839035034180e-01 3.313354402780532837e-02 8.781720697879791260e-02 2.194595038890838623e-01 -8.728704452514648438e-01 4.268756806850433350e-01
-5.644329452514648438e+01 -6.658211946487426758e-01 2.550231851637363434e-02 9.415272623300552368e-02 2.167569696903228760e-01 -8.748189806938171387e-01 4.228987097740173340e-01
-5.640250396728515625e+01 -4.972078204154968262e-01 1.909606903791427612e-02 1.011091247200965881e-01 2.137933969497680664e-01 -8.770345449447631836e-01 4.181862473487854004e-01
-5.635819625854492188e+01 -3.218969404697418213e-01 1.381286606192588806e-02 1.086063086986541748e-01 2.105618715286254883e-01 -8.794741034507751465e-01 4.127877950668334961e-01
-5.630966567993164062e+01 -1.401173025369644165e-01 1.020019501447677612e-02 1.165645420551300049e-01 2.070545256137847900e-01 -8.820956349372863770e-01 4.067534506320953369e-01
-5.625830459594726562e+01 4.843705892562866211e-02 7.145995739847421646e-03 1.249036416411399841e-01 2.032649815082550049e-01 -8.848590850830078125e-01 4.001336395740509033e-01
-5.620340347290039062e+01 2.435590475797653198e-01 5.208740010857582092e-03 1.335432529449462891e-01 1.991874128580093384e-01 -8.877254128456115723e-01 3.929810523986816406e-01
-5.614540481567382812e+01 4.453301131725311279e-01 4.035644233226776123e-03 1.424031704664230347e-01 1.948165148496627808e-01 -8.906588554382324219e-01 3.853501081466674805e-01
-5.608443069458007812e+01 6.537650823593139648e-01 3.543090773746371269e-03 1.514036208391189575e-01 1.901481449604034424e-01 -8.936265110969543457e-01 3.772960901260375977e-01
-5.602005386352539062e+01 8.687046766281127930e-01 3.816528245806694031e-03 1.604646742343902588e-01 1.851796358823776245e-01 -8.965989351272583008e-01 3.688767552375793457e-01
-5.595267486572265625e+01 1.090253233909606934e+00 4.622192122042179108e-03 1.695073843002319336e-01 1.799085140228271484e-01 -8.995504379272460938e-01 3.601513206958770752e-01
-5.588152313232421875e+01 1.318137288093566895e+00 6.221923511475324631e-03 1.784531772136688232e-01 1.743343472480773926e-01 -9.024597406387329102e-01 3.511814773082733154e-01
-5.580715560913085938e+01 1.552512764930725098e+00 8.364868350327014923e-03 1.872241944074630737e-01 1.684571504592895508e-01 -9.053090810775756836e-01 3.420301973819732666e-01
-5.572834014892578125e+01 1.792940735816955566e+00 1.145446766167879105e-02 1.957436203956604004e-01 1.622781157493591309e-01 -9.080855846405029297e-01 3.327624797821044922e-01
-5.564606857299804688e+01 2.039729356765747070e+00 1.511474605649709702e-02 2.039356529712677002e-01 1.557995080947875977e-01 -9.107800126075744629e-01 3.234446942806243896e-01
-5.555781936645507812e+01 2.291961908340454102e+00 2.014282159507274628e-02 2.117252647876739502e-01 1.490244865417480469e-01 -9.133875966072082520e-01 3.141451776027679443e-01
-5.546570205688476562e+01 2.550337791442871094e+00 2.582275308668613434e-02 2.190390080213546753e-01 1.419569253921508789e-01 -9.159074425697326660e-01 3.049323558807373047e-01
-5.536496353149414062e+01 2.813039064407348633e+00 3.359130769968032837e-02 2.258043587207794189e-01 1.346015781164169312e-01 -9.183419346809387207e-01 2.958765029907226562e-01
-5.525592041015625000e+01 3.079936504364013672e+00 4.326599091291427612e-02 2.319498211145401001e-01 1.269629448652267456e-01 -9.206969738006591797e-01 2.870482206344604492e-01
-5.513472366333007812e+01 3.349155902862548828e+00 5.595764145255088806e-02 2.349546998739242554e-01 1.183795630931854248e-01 -9.236751198768615723e-01 2.785802781581878662e-01
-5.498864746093750000e+01 3.612945795059204102e+00 7.523803412914276123e-02 2.378247529268264771e-01 1.097165867686271667e-01 -9.264152646064758301e-01 2.704741656780242920e-01
-5.477719116210937500e+01 3.826734542846679688e+00 1.133618131279945374e-01 2.405641674995422363e-01 1.009868085384368896e-01 -9.289137721061706543e-01 2.627730667591094971e-01
-5.456028366088867188e+01 3.681474924087524414e+00 1.696398854255676270e-01 2.431778609752655029e-01 9.220711141824722290e-02 -9.311664104461669922e-01 2.555217742919921875e-01
-5.449157714843750000e+01 3.397084236145019531e+00 1.945050060749053955e-01 2.456722855567932129e-01 8.339586108922958374e-02 -9.331700205802917480e-01 2.487643808126449585e-01
-5.446783447265625000e+01 3.110439062118530273e+00 2.069219946861267090e-01 2.480553686618804932e-01 7.457409799098968506e-02 -9.349216818809509277e-01 2.425459921360015869e-01
-5.447264480590820312e+01 2.828535079956054688e+00 2.105108648538589478e-01 2.503363490104675293e-01 6.576474756002426147e-02 -9.364183545112609863e-01 2.369118183851242065e-01
-5.449427795410156250e+01 2.553446292877197266e+00 2.092626839876174927e-01 2.525261938571929932e-01 5.699222534894943237e-02 -9.376572966575622559e-01 2.319072037935256958e-01
-5.452855682373046875e+01 2.285720348358154297e+00 2.047753930091857910e-01 2.546375095844268799e-01 4.828315600752830505e-02 -9.386353492736816406e-01 2.275786250829696655e-01
-5.457286453247070312e+01 2.025568723678588867e+00 1.980670094490051270e-01 2.566842138767242432e-01 3.966498374938964844e-02 -9.393488168716430664e-01 2.239724099636077881e-01
-5.462634658813476562e+01 1.773292541503906250e+00 1.896990984678268433e-01 2.586823701858520508e-01 3.116629645228385925e-02 -9.397931694984436035e-01 2.211352735757827759e-01
-5.468811798095703125e+01 1.529126524925231934e+00 1.802307069301605225e-01 2.606491744518280029e-01 2.281648665666580200e-02 -9.399627447128295898e-01 2.191146016120910645e-01
-5.475666427612304688e+01 1.293026685714721680e+00 1.701654046773910522e-01 2.626032531261444092e-01 1.464552432298660278e-02 -9.398505687713623047e-01 2.179588377475738525e-01
-5.483162307739257812e+01 1.065158367156982422e+00 1.597796529531478882e-01 2.645651102066040039e-01 6.683439016342163086e-03 -9.394469261169433594e-01 2.177152931690216064e-01
-5.491286087036132812e+01 8.457619547843933105e-01 1.492986977100372314e-01 2.665561735630035400e-01 -1.039683818817138672e-03 -9.387405514717102051e-01 2.184326499700546265e-01
-5.500053024291992188e+01 6.351768970489501953e-01 1.389208883047103882e-01 2.685993313789367676e-01 -8.493959903717041016e-03 -9.377164244651794434e-01 2.201593518257141113e-01
-5.509448623657226562e+01 4.338139891624450684e-01 1.281317174434661865e-01 2.707186341285705566e-01 -1.564986258745193481e-02 -9.363559484481811523e-01 2.229443639516830444e-01
-5.519048309326171875e+01 2.399921864271163940e-01 1.167321726679801941e-01 2.729393541812896729e-01 -2.247864753007888794e-02 -9.346359372138977051e-01 2.268356978893280029e-01
-5.528689956665039062e+01 5.296802520751953125e-02 1.045666486024856567e-01 2.752875983715057373e-01 -2.895253896713256836e-02 -9.325285553932189941e-01 2.318812608718872070e-01
-5.538243484497070312e+01 -1.278877407312393188e-01 9.156005829572677612e-02 2.777905464172363281e-01 -3.504461795091629028e-02 -9.299995303153991699e-01 2.381281852722167969e-01
-5.547581100463867188e+01 -3.032271564006805420e-01 7.725402712821960449e-02 2.800664901733398438e-01 -4.086069762706756592e-02 -9.271126985549926758e-01 2.456730306148529053e-01
-5.556505203247070312e+01 -4.740012884140014648e-01 6.156127899885177612e-02 2.825834155082702637e-01 -4.620325565338134766e-02 -9.237639904022216797e-01 2.543067634105682373e-01
-5.564994812011718750e+01 -6.403042674064636230e-01 4.505615308880805969e-02 2.852782607078552246e-01 -5.103287100791931152e-02 -9.199879169464111328e-01 2.638828754425048828e-01
-5.572967529296875000e+01 -8.024775981903076172e-01 2.750793471932411194e-02 2.880890071392059326e-01 -5.531035363674163818e-02 -9.158218502998352051e-01 2.742549777030944824e-01
-5.580243682861328125e+01 -9.611724615097045898e-01 8.627929724752902985e-03 2.909544110298156738e-01 -5.899668484926223755e-02 -9.113075733184814453e-01 2.852777540683746338e-01
-5.587099456787109375e+01 -1.115178585052490234e+00 -1.028137188404798508e-02 2.938150167465209961e-01 -6.205310672521591187e-02 -9.064918756484985352e-01 2.968073487281799316e-01
-5.593113327026367188e+01 -1.266085028648376465e+00 -3.035339340567588806e-02 2.962114214897155762e-01 -6.326974183320999146e-02 -9.015110135078430176e-01 3.090849518775939941e-01
-5.598876953125000000e+01 -1.411925435066223145e+00 -4.871948063373565674e-02 2.966870963573455811e-01 -5.887154489755630493e-02 -8.966807126998901367e-01 3.232254385948181152e-01
-5.603966522216796875e+01 -1.553696274757385254e+00 -6.741576641798019409e-02 2.970766425132751465e-01 -5.450298637151718140e-02 -8.916551470756530762e-01 3.372328579425811768e-01
-5.608807373046875000e+01 -1.689915895462036133e+00 -8.538757264614105225e-02 2.973984181880950928e-01 -5.020730942487716675e-02 -8.864979147911071777e-01 3.509340584278106689e-01
-5.613017272949218750e+01 -1.821718573570251465e+00 -1.030346676707267761e-01 2.976801991462707520e-01 -4.602234065532684326e-02 -8.812813162803649902e-01 3.641588091850280762e-01
-5.617032241821289062e+01 -1.947704315185546875e+00 -1.198883056640625000e-01 2.979563474655151367e-01 -4.198111593723297119e-02 -8.760860562324523926e-01 3.767398297786712646e-01
-5.620595550537109375e+01 -2.068573951721191406e+00 -1.358496099710464478e-01 2.982665896415710449e-01 -3.811239451169967651e-02 -8.710004091262817383e-01 3.885135352611541748e-01
-5.623856353759765625e+01 -2.183833360671997070e+00 -1.509741246700286865e-01 2.986527681350708008e-01 -3.444257378578186035e-02 -8.661197423934936523e-01 3.993204832077026367e-01
-5.626935577392578125e+01 -2.293082475662231445e+00 -1.653082221746444702e-01 2.991569638252258301e-01 -3.099761158227920532e-02 -8.615456223487854004e-01 4.090027511119842529e-01
-5.629569625854492188e+01 -2.396997690200805664e+00 -1.783227473497390747e-01 2.998184561729431152e-01 -2.780563384294509888e-02 -8.573846220970153809e-01 4.174054563045501709e-01
-5.632003784179687500e+01 -2.494845390319824219e+00 -1.905120760202407837e-01 3.006711900234222412e-01 -2.490006387233734131e-02 -8.537467718124389648e-01 4.243737757205963135e-01
-5.634265518188476562e+01 -2.586486816406250000e+00 -2.019390761852264404e-01 3.017408251762390137e-01 -2.232310175895690918e-02 -8.507449626922607422e-01 4.297525286674499512e-01
-5.636244964599609375e+01 -2.672172546386718750e+00 -2.121777236461639404e-01 3.030409812927246094e-01 -2.012905478477478027e-02 -8.484917283058166504e-01 4.333852827548980713e-01
-5.638065719604492188e+01 -2.757130622863769531e+00 -2.218957543373107910e-01 3.045702576637268066e-01 -1.838818192481994629e-02 -8.470983505249023438e-01 4.351128637790679932e-01
-5.639991760253906250e+01 -2.841840982437133789e+00 -2.293371558189392090e-01 2.996917963027954102e-01 -8.814126253128051758e-03 -8.470952510833740234e-01 4.387898147106170654e-01
-5.641888427734375000e+01 -2.925677537918090820e+00 -2.363037019968032837e-01 2.939478754997253418e-01 1.693993806838989258e-03 -8.479489088058471680e-01 4.411059617996215820e-01
-5.643637466430664062e+01 -3.008970022201538086e+00 -2.421075403690338135e-01 2.874696850776672363e-01 1.307276636362075806e-02 -8.495523929595947266e-01 4.420983791351318359e-01
-5.645277786254882812e+01 -3.091631174087524414e+00 -2.470281869173049927e-01 2.803971469402313232e-01 2.526097744703292847e-02 -8.517901897430419922e-01 4.418062567710876465e-01
-5.646885299682617188e+01 -3.173475980758666992e+00 -2.515753209590911865e-01 2.728772163391113281e-01 3.819358348846435547e-02 -8.545394539833068848e-01 4.402745366096496582e-01
-5.648458862304687500e+01 -3.254533290863037109e+00 -2.557873427867889404e-01 2.650612890720367432e-01 5.179724842309951782e-02 -8.576716780662536621e-01 4.375599324703216553e-01
-5.649898910522460938e+01 -3.335081338882446289e+00 -2.588763236999511719e-01 2.571022212505340576e-01 6.598585844039916992e-02 -8.610571026802062988e-01 4.337336719036102295e-01
-5.651224899291992188e+01 -3.415104389190673828e+00 -2.610589563846588135e-01 2.491503655910491943e-01 8.065754175186157227e-02 -8.645671010017395020e-01 4.288847446441650391e-01
-5.652516174316406250e+01 -3.494435548782348633e+00 -2.630645632743835449e-01 2.413492947816848755e-01 9.569274634122848511e-02 -8.680801987648010254e-01 4.231196641921997070e-01
-5.653773880004882812e+01 -3.573109865188598633e+00 -2.649523913860321045e-01 2.338311374187469482e-01 1.109543889760971069e-01 -8.714856505393981934e-01 4.165632128715515137e-01
-5.654942321777343750e+01 -3.651292085647583008e+00 -2.661352455615997314e-01 2.267124056816101074e-01 1.262891739606857300e-01 -8.746888041496276855e-01 4.093556106090545654e-01
-5.655976867675781250e+01 -3.729116678237915039e+00 -2.661615014076232910e-01 2.200900316238403320e-01 1.415308564901351929e-01 -8.776142597198486328e-01 4.016499221324920654e-01
-5.656986618041992188e+01 -3.806362867355346680e+00 -2.662640213966369629e-01 2.140389680862426758e-01 1.565040200948715210e-01 -8.802089095115661621e-01 3.936063349246978760e-01
-5.657973861694335938e+01 -3.883042812347412109e+00 -2.664990127086639404e-01 2.086112797260284424e-01 1.710286587476730347e-01 -8.824439644813537598e-01 3.853869140148162842e-01
-5.658942794799804688e+01 -3.959167480468750000e+00 -2.669000327587127686e-01 2.038361579179763794e-01 1.849252581596374512e-01 -8.843129277229309082e-01 3.771524131298065186e-01
-5.659779739379882812e+01 -4.034956455230712891e+00 -2.661096155643463135e-01 1.997220665216445923e-01 1.980185806751251221e-01 -8.858316540718078613e-01 3.690556883811950684e-01
-5.660608291625976562e+01 -4.110172748565673828e+00 -2.656048536300659180e-01 1.962595283985137939e-01 2.101405262947082520e-01 -8.870337009429931641e-01 3.612400889396667480e-01
-5.661430358886718750e+01 -4.184802055358886719e+00 -2.654229700565338135e-01 1.934247016906738281e-01 2.211332321166992188e-01 -8.879674673080444336e-01 3.538371324539184570e-01
-5.662249755859375000e+01 -4.258823871612548828e+00 -2.655938565731048584e-01 1.911837458610534668e-01 2.308488190174102783e-01 -8.886913657188415527e-01 3.469658493995666504e-01
-5.663026809692382812e+01 -4.332287788391113281e+00 -2.655187845230102539e-01 1.894973069429397583e-01 2.391483187675476074e-01 -8.892689347267150879e-01 3.407337665557861328e-01
-5.663714599609375000e+01 -4.403750419616699219e+00 -2.671411037445068359e-01 1.893023252487182617e-01 2.370085865259170532e-01 -8.927143216133117676e-01 3.332457244396209717e-01
-5.664415359497070312e+01 -4.474815368652343750e+00 -2.687627971172332764e-01 1.891098469495773315e-01 2.351950258016586304e-01 -8.956026434898376465e-01 3.268278241157531738e-01
-5.665128707885742188e+01 -4.545461654663085938e+00 -2.703857421875000000e-01 1.889665573835372925e-01 2.336921095848083496e-01 -8.979776501655578613e-01 3.214277923107147217e-01
-5.665852737426757812e+01 -4.615671634674072266e+00 -2.720037698745727539e-01 1.889019757509231567e-01 2.324828505516052246e-01 -8.998786211013793945e-01 3.169956505298614502e-01
-5.666547393798828125e+01 -4.685488700866699219e+00 -2.727746665477752686e-01 1.889312565326690674e-01 2.315500527620315552e-01 -9.013417363166809082e-01 3.134844005107879639e-01
-5.667252731323242188e+01 -4.754837512969970703e+00 -2.735516428947448730e-01 1.890572309494018555e-01 2.308765500783920288e-01 -9.024002552032470703e-01 3.108491301536560059e-01
-5.667968750000000000e+01 -4.823705196380615234e+00 -2.743359208106994629e-01 1.892729550600051880e-01 2.304454445838928223e-01 -9.030840992927551270e-01 3.090465366840362549e-01
-5.668694305419921875e+01 -4.892081260681152344e+00 -2.751238942146301270e-01 1.895632743835449219e-01 2.302403748035430908e-01 -9.034210443496704102e-01 3.080351352691650391e-01
-5.669425964355468750e+01 -4.959960937500000000e+00 -2.756689488887786865e-01 1.899066269397735596e-01 2.302452623844146729e-01 -9.034365415573120117e-01 3.077743351459503174e-01
-5.670158386230468750e+01 -5.026942253112792969e+00 -2.758642435073852539e-01 1.902773529291152954e-01 2.304443717002868652e-01 -9.031544923782348633e-01 3.082236647605895996e-01
-5.670893478393554688e+01 -5.093011856079101562e+00 -2.760644555091857910e-01 1.906461864709854126e-01 2.308219969272613525e-01 -9.025974273681640625e-01 3.093427419662475586e-01
-5.671629333496093750e+01 -5.158162117004394531e+00 -2.762677073478698730e-01 1.909821331501007080e-01 2.313621938228607178e-01 -9.017873406410217285e-01 3.110901117324829102e-01
-5.672366714477539062e+01 -5.222386837005615234e+00 -2.764721512794494629e-01 1.912537813186645508e-01 2.320490181446075439e-01 -9.007440805435180664e-01 3.134246766567230225e-01
-5.673125457763671875e+01 -5.285654067993164062e+00 -2.764184474945068359e-01 1.914301067590713501e-01 2.328659594058990479e-01 -8.994888067245483398e-01 3.163032531738281250e-01
-5.673889923095703125e+01 -5.347974777221679688e+00 -2.762798964977264404e-01 1.914815604686737061e-01 2.337960302829742432e-01 -8.980410099029541016e-01 3.196818828582763672e-01
-5.674651336669921875e+01 -5.409350395202636719e+00 -2.761431932449340820e-01 1.913809329271316528e-01 2.348218262195587158e-01 -8.964204192161560059e-01 3.235158622264862061e-01
-5.675407409667968750e+01 -5.469774246215820312e+00 -2.760070860385894775e-01 1.911040544509887695e-01 2.359253019094467163e-01 -8.946465849876403809e-01 3.277587592601776123e-01
-5.676158142089843750e+01 -5.529240131378173828e+00 -2.758697569370269775e-01 1.906301528215408325e-01 2.370883375406265259e-01 -8.927390575408935547e-01 3.323642909526824951e-01
-5.676969146728515625e+01 -5.587657928466796875e+00 -2.756310999393463135e-01 1.899426877498626709e-01 2.382922917604446411e-01 -8.907175660133361816e-01 3.372848033905029297e-01
-5.677771377563476562e+01 -5.645102024078369141e+00 -2.753894031047821045e-01 1.890289485454559326e-01 2.395186722278594971e-01 -8.886004686355590820e-01 3.424733281135559082e-01
-5.678558349609375000e+01 -5.701436042785644531e+00 -2.752978503704071045e-01 1.878581494092941284e-01 2.399321496486663818e-01 -8.867036700248718262e-01 3.477044403553009033e-01
-5.679337692260742188e+01 -5.756886005401611328e+00 -2.750707864761352539e-01 1.863875389099121094e-01 2.409945875406265259e-01 -8.845240473747253418e-01 3.532681465148925781e-01
-5.680125808715820312e+01 -5.811409950256347656e+00 -2.747540175914764404e-01 1.846500039100646973e-01 2.426040619611740112e-01 -8.820927143096923828e-01 3.591100871562957764e-01
-5.680995941162109375e+01 -5.864825248718261719e+00 -2.745593190193176270e-01 1.828389465808868408e-01 2.442766129970550537e-01 -8.795473575592041016e-01 3.650961816310882568e-01
-5.681849670410156250e+01 -5.917171955108642578e+00 -2.744628787040710449e-01 1.810602992773056030e-01 2.454859465360641479e-01 -8.770684003829956055e-01 3.710858523845672607e-01
-5.682683944702148438e+01 -5.968497753143310547e+00 -2.743487358093261719e-01 1.788102686405181885e-01 2.465592920780181885e-01 -8.746532797813415527e-01 3.771167099475860596e-01
-5.683501815795898438e+01 -6.018808364868164062e+00 -2.742272913455963135e-01 1.763424128293991089e-01 2.475608587265014648e-01 -8.722336888313293457e-01 3.831778764724731445e-01
-5.684357833862304688e+01 -6.068004131317138672e+00 -2.742449939250946045e-01 1.736533939838409424e-01 2.484753578901290894e-01 -8.698263764381408691e-01 3.892383575439453125e-01
-5.685302734375000000e+01 -6.115989685058593750e+00 -2.745410203933715820e-01 1.707378625869750977e-01 2.492866218090057373e-01 -8.674493432044982910e-01 3.952675759792327881e-01
-5.686225509643554688e+01 -6.162940979003906250e+00 -2.748187184333801270e-01 1.675883978605270386e-01 2.499772012233734131e-01 -8.651223182678222656e-01 4.012340903282165527e-01
-5.687125778198242188e+01 -6.208849430084228516e+00 -2.750762999057769775e-01 1.641956865787506104e-01 2.505289614200592041e-01 -8.628666400909423828e-01 4.071069359779357910e-01
-5.688002014160156250e+01 -6.253702640533447266e+00 -2.753149271011352539e-01 1.605491340160369873e-01 2.509220540523529053e-01 -8.607062697410583496e-01 4.128520488739013672e-01
-5.688935470581054688e+01 -6.297327041625976562e+00 -2.757452428340911865e-01 1.566361188888549805e-01 2.511361539363861084e-01 -8.586657047271728516e-01 4.184362590312957764e-01
-5.689902114868164062e+01 -6.339759349822998047e+00 -2.763043045997619629e-01 1.524428427219390869e-01 2.511497139930725098e-01 -8.567717671394348145e-01 4.238242506980895996e-01
-5.690839767456054688e+01 -6.381109714508056641e+00 -2.768310606479644775e-01 1.479543149471282959e-01 2.509403228759765625e-01 -8.550530672073364258e-01 4.289787411689758301e-01
-5.691748428344726562e+01 -6.421363830566406250e+00 -2.773260474205017090e-01 1.431552320718765259e-01 2.504851222038269043e-01 -8.535393476486206055e-01 4.338597357273101807e-01
-5.692627716064453125e+01 -6.460509300231933594e+00 -2.777874767780303955e-01 1.380294710397720337e-01 2.497606575489044189e-01 -8.522624373435974121e-01 4.384247362613677979e-01
-5.693554687500000000e+01 -6.498348712921142578e+00 -2.784136831760406494e-01 1.325611025094985962e-01 2.487437427043914795e-01 -8.512549996376037598e-01 4.426275193691253662e-01
-5.694474411010742188e+01 -6.534991264343261719e+00 -2.790667712688446045e-01 1.267347335815429688e-01 2.474117577075958252e-01 -8.505507707595825195e-01 4.464181363582611084e-01
-5.695359420776367188e+01 -6.570483207702636719e+00 -2.796801626682281494e-01 1.205357760190963745e-01 2.457429170608520508e-01 -8.501847982406616211e-01 4.497413039207458496e-01
-5.696212768554687500e+01 -6.604058265686035156e+00 -2.815069556236267090e-01 1.166090145707130432e-01 2.387448549270629883e-01 -8.515952825546264648e-01 4.518725872039794922e-01
-5.697035217285156250e+01 -6.636379718780517578e+00 -2.835339307785034180e-01 1.128241568803787231e-01 2.305594682693481445e-01 -8.535317778587341309e-01 4.534274339675903320e-01
-5.697860336303710938e+01 -6.667393684387207031e+00 -2.858215272426605225e-01 1.091600880026817322e-01 2.213433682918548584e-01 -8.559060096740722656e-01 4.544402956962585449e-01
-5.698674774169921875e+01 -6.697176456451416016e+00 -2.883099317550659180e-01 1.055951416492462158e-01 2.112546563148498535e-01 -8.586297631263732910e-01 4.549461901187896729e-01
-5.699456024169921875e+01 -6.725824832916259766e+00 -2.909210026264190674e-01 1.021090745925903320e-01 2.004516720771789551e-01 -8.616175055503845215e-01 4.549814462661743164e-01
-5.700202941894531250e+01 -6.753374099731445312e+00 -2.936266958713531494e-01 9.868141263723373413e-02 1.890952587127685547e-01 -8.647875785827636719e-01 4.545847475528717041e-01
-5.700917816162109375e+01 -6.779857635498046875e+00 -2.963983118534088135e-01 9.529274702072143555e-02 1.773473620414733887e-01 -8.680638074874877930e-01 4.537978172302246094e-01
-5.701599502563476562e+01 -6.805306911468505859e+00 -2.992040812969207764e-01 9.192471206188201904e-02 1.653715074062347412e-01 -8.713761568069458008e-01 4.526650905609130859e-01
-5.702260589599609375e+01 -6.829720497131347656e+00 -3.020257353782653809e-01 8.855949342250823975e-02 1.533333361148834229e-01 -8.746612668037414551e-01 4.512358009815216064e-01
-5.702891540527343750e+01 -6.853147506713867188e+00 -3.048169016838073730e-01 8.518070727586746216e-02 1.413991749286651611e-01 -8.778637051582336426e-01 4.495619237422943115e-01
-5.703493881225585938e+01 -6.875617504119873047e+00 -3.075378239154815674e-01 8.177213370800018311e-02 1.297376155853271484e-01 -8.809347748756408691e-01 4.477002322673797607e-01
-5.704064178466796875e+01 -6.897148132324218750e+00 -3.101513683795928955e-01 7.831902056932449341e-02 1.185171753168106079e-01 -8.838340640068054199e-01 4.457098245620727539e-01
-5.704608154296875000e+01 -6.917757987976074219e+00 -3.126177787780761719e-01 7.480700314044952393e-02 1.079073995351791382e-01 -8.865273594856262207e-01 4.436544477939605713e-01
-5.705406188964843750e+01 -6.947819232940673828e+00 -3.151959180831909180e-01 7.122230529785156250e-02 9.807851910591125488e-02 -8.889868855476379395e-01 4.415996074676513672e-01
-5.706444168090820312e+01 -6.987385272979736328e+00 -3.177886903285980225e-01 6.755170971155166626e-02 8.920006453990936279e-02 -8.911900520324707031e-01 4.396138489246368408e-01
-5.707710647583007812e+01 -7.036501884460449219e+00 -3.203051686286926270e-01 6.378186494112014771e-02 8.144201338291168213e-02 -8.931177854537963867e-01 4.377667605876922607e-01
-5.709229278564453125e+01 -7.095121860504150391e+00 -3.227795362472534180e-01 5.989962443709373474e-02 7.497400045394897461e-02 -8.947529196739196777e-01 4.361286759376525879e-01
-5.710947036743164062e+01 -7.163386821746826172e+00 -3.250073194503784180e-01 5.589151382446289062e-02 6.996431946754455566e-02 -8.960784673690795898e-01 4.347693622112274170e-01
-5.712804412841796875e+01 -7.241463661193847656e+00 -3.267565965652465820e-01 5.174346268177032471e-02 6.658166646957397461e-02 -8.970748782157897949e-01 4.337580800056457520e-01
-5.714867019653320312e+01 -7.329189777374267578e+00 -3.281897008419036865e-01 4.744023829698562622e-02 6.499304622411727905e-02 -8.977177739143371582e-01 4.331606328487396240e-01
-5.716902160644531250e+01 -7.427103519439697266e+00 -3.285955786705017090e-01 4.297769814729690552e-02 6.530296802520751953e-02 -8.979858756065368652e-01 4.330242574214935303e-01
-5.719084930419921875e+01 -7.534776210784912109e+00 -3.285302519798278809e-01 3.839875012636184692e-02 6.736487150192260742e-02 -8.978942036628723145e-01 4.333284795284271240e-01
-5.721131896972656250e+01 -7.652740955352783203e+00 -3.272338807582855225e-01 3.375773876905441284e-02 7.096995413303375244e-02 -8.974620103836059570e-01 4.340340495109558105e-01
-5.723222351074218750e+01 -7.780592918395996094e+00 -3.254119753837585449e-01 2.910901419818401337e-02 7.590827345848083496e-02 -8.967040777206420898e-01 4.351004362106323242e-01
-5.725184631347656250e+01 -7.918595790863037109e+00 -3.227984607219696045e-01 2.450706623494625092e-02 8.196971565485000610e-02 -8.956344127655029297e-01 4.364851713180541992e-01
-5.727037048339843750e+01 -8.066635131835937500e+00 -3.197082579135894775e-01 2.000639215111732483e-02 8.894411474466323853e-02 -8.942680358886718750e-01 4.381475746631622314e-01
-5.728810501098632812e+01 -8.224658966064453125e+00 -3.162255883216857910e-01 1.566145941615104675e-02 9.662201255559921265e-02 -8.926237225532531738e-01 4.400474727153778076e-01
-5.730247116088867188e+01 -8.392852783203125000e+00 -3.125030398368835449e-01 1.152745634317398071e-02 1.047930270433425903e-01 -8.907248377799987793e-01 4.421479701995849609e-01
-5.731538772583007812e+01 -8.570963859558105469e+00 -3.087390065193176270e-01 7.659394294023513794e-03 1.132481247186660767e-01 -8.886011242866516113e-01 4.444144368171691895e-01
-5.732505798339843750e+01 -8.759080886840820312e+00 -3.051025271415710449e-01 4.112664610147476196e-03 1.217784732580184937e-01 -8.862891197204589844e-01 4.468160867691040039e-01
-5.732997894287109375e+01 -8.957121849060058594e+00 -3.019879162311553955e-01 9.424611926078796387e-04 1.301769465208053589e-01 -8.838326930999755859e-01 4.493249654769897461e-01
-5.733098602294921875e+01 -9.164936065673828125e+00 -2.994811832904815674e-01 -1.795638352632522583e-03 1.382368057966232300e-01 -8.812821507453918457e-01 4.519172012805938721e-01
-5.732701110839843750e+01 -9.382447242736816406e+00 -2.978442311286926270e-01 -4.046276211738586426e-03 1.457527726888656616e-01 -8.786944746971130371e-01 4.545720815658569336e-01
-5.731402206420898438e+01 -9.609293937683105469e+00 -2.979760766029357910e-01 -5.753867328166961670e-03 1.525206416845321655e-01 -8.761317729949951172e-01 4.572717547416687012e-01
-5.729238128662109375e+01 -9.845096588134765625e+00 -3.000738322734832764e-01 -6.862897425889968872e-03 1.583369076251983643e-01 -8.736600875854492188e-01 4.600005149841308594e-01
-5.726039123535156250e+01 -1.008935928344726562e+01 -3.039861917495727539e-01 -7.318112999200820923e-03 1.629995107650756836e-01 -8.713472485542297363e-01 4.627435207366943359e-01
-5.721615219116210938e+01 -1.034139823913574219e+01 -3.093859851360321045e-01 -7.063731551170349121e-03 1.663056313991546631e-01 -8.692611455917358398e-01 4.654864966869354248e-01
-5.715806579589843750e+01 -1.060038471221923828e+01 -3.157397508621215820e-01 -6.044298410415649414e-03 1.680527329444885254e-01 -8.674661517143249512e-01 4.682137668132781982e-01
-5.708491134643554688e+01 -1.086541938781738281e+01 -3.223730325698852539e-01 -4.204101860523223877e-03 1.680373549461364746e-01 -8.660210967063903809e-01 4.709066450595855713e-01
-5.699600601196289062e+01 -1.113563442230224609e+01 -3.285559117794036865e-01 -1.487337052822113037e-03 1.660536229610443115e-01 -8.649751543998718262e-01 4.735419750213623047e-01
-5.689114761352539062e+01 -1.141028881072998047e+01 -3.335699439048767090e-01 2.139568328857421875e-03 1.619586944580078125e-01 -8.643507361412048340e-01 4.760909378528594971e-01
-5.677021408081054688e+01 -1.168867874145507812e+01 -3.366241455078125000e-01 6.621092557907104492e-03 1.558677256107330322e-01 -8.641057014465332031e-01 4.785212874412536621e-01
-5.663321685791015625e+01 -1.197014522552490234e+01 -3.368829190731048584e-01 1.187957450747489929e-02 1.479590833187103271e-01 -8.641760945320129395e-01 4.807978868484497070e-01
-5.648174667358398438e+01 -1.225491142272949219e+01 -3.340575993061065674e-01 1.783650740981101990e-02 1.384117752313613892e-01 -8.644934296607971191e-01 4.828822612762451172e-01
-5.631639862060546875e+01 -1.254290294647216797e+01 -3.285467326641082764e-01 2.441292628645896912e-02 1.274054199457168579e-01 -8.649871945381164551e-01 4.847360253334045410e-01
-5.613728332519531250e+01 -1.283383846282958984e+01 -3.205993473529815674e-01 3.152951598167419434e-02 1.151207685470581055e-01 -8.655894398689270020e-01 4.863207340240478516e-01
-5.594409942626953125e+01 -1.312722015380859375e+01 -3.103527724742889404e-01 3.910613432526588440e-02 1.017405614256858826e-01 -8.662359714508056641e-01 4.876008927822113037e-01
-5.573624801635742188e+01 -1.342226982116699219e+01 -2.978655993938446045e-01 4.706226289272308350e-02 8.744986355304718018e-02 -8.668690919876098633e-01 4.885443747043609619e-01
-5.551270294189453125e+01 -1.371784973144531250e+01 -2.831445336341857910e-01 5.531712621450424194e-02 7.243596017360687256e-02 -8.674389719963073730e-01 4.891242682933807373e-01
-5.527202606201171875e+01 -1.401229572296142578e+01 -2.661535441875457764e-01 6.378957629203796387e-02 5.688816681504249573e-02 -8.679063916206359863e-01 4.893189966678619385e-01
-5.501217651367187500e+01 -1.430312442779541016e+01 -2.468206733465194702e-01 7.239901274442672729e-02 4.099741205573081970e-02 -8.682427406311035156e-01 4.891135990619659424e-01
-5.473036575317382812e+01 -1.458656311035156250e+01 -2.250524908304214478e-01 8.106508851051330566e-02 2.495630271732807159e-02 -8.684317469596862793e-01 4.884996116161346436e-01
-5.442385101318359375e+01 -1.485798072814941406e+01 -2.009063661098480225e-01 8.970847725868225098e-02 8.957751095294952393e-03 -8.684694766998291016e-01 4.874761104583740234e-01
-5.409438705444335938e+01 -1.511721515655517578e+01 -1.753167659044265747e-01 9.825066477060317993e-02 -6.804838776588439941e-03 -8.683645725250244141e-01 4.860488772392272949e-01
-5.374910354614257812e+01 -1.536322021484375000e+01 -1.498541235923767090e-01 1.066146939992904663e-01 -2.213833481073379517e-02 -8.681379556655883789e-01 4.842309057712554932e-01
-5.339179992675781250e+01 -1.560019779205322266e+01 -1.258166432380676270e-01 1.147250533103942871e-01 -3.685063123703002930e-02 -8.678222894668579102e-01 4.820421338081359863e-01
-5.302642440795898438e+01 -1.583363246917724609e+01 -1.049182116985321045e-01 1.225080266594886780e-01 -5.075095221400260925e-02 -8.674613237380981445e-01 4.795070290565490723e-01
-5.265776062011718750e+01 -1.607082366943359375e+01 -8.833312988281250000e-02 1.298915594816207886e-01 -6.365025043487548828e-02 -8.671078085899353027e-01 4.766560792922973633e-01
-5.228979492187500000e+01 -1.631760025024414062e+01 -7.668029516935348511e-02 1.368054598569869995e-01 -7.536110281944274902e-02 -8.668220639228820801e-01 4.735236465930938721e-01
-5.192406463623046875e+01 -1.657575607299804688e+01 -6.976806372404098511e-02 1.431809514760971069e-01 -8.569811284542083740e-02 -8.666705489158630371e-01 4.701459407806396484e-01
-5.155999374389648438e+01 -1.684390640258789062e+01 -6.660888344049453735e-02 1.489630937576293945e-01 -9.452773630619049072e-02 -8.667156696319580078e-01 4.665599465370178223e-01
-5.119710922241210938e+01 -1.712103271484375000e+01 -6.644653528928756714e-02 1.541478931903839111e-01 -1.019193381071090698e-01 -8.669900894165039062e-01 4.627948701381683350e-01
-5.083512115478515625e+01 -1.740648841857910156e+01 -6.869140267372131348e-02 1.587426066398620605e-01 -1.079924255609512329e-01 -8.675097227096557617e-01 4.588738679885864258e-01
-5.047359848022460938e+01 -1.769901084899902344e+01 -7.153625041246414185e-02 1.608773618936538696e-01 -1.092858836054801941e-01 -8.687409758567810059e-01 4.554823338985443115e-01
-5.011182403564453125e+01 -1.799804687500000000e+01 -7.524474710226058960e-02 1.621631979942321777e-01 -1.089067608118057251e-01 -8.703163862228393555e-01 4.520969092845916748e-01
-4.974923706054687500e+01 -1.830309104919433594e+01 -7.972289621829986572e-02 1.634411960840225220e-01 -1.085766106843948364e-01 -8.720176219940185547e-01 4.484230279922485352e-01
-4.938511276245117188e+01 -1.861326026916503906e+01 -8.481322973966598511e-02 1.646570414304733276e-01 -1.083266437053680420e-01 -8.738392591476440430e-01 4.444753229618072510e-01
-4.901824188232421875e+01 -1.892712402343750000e+01 -9.090881049633026123e-02 1.657558828592300415e-01 -1.081870347261428833e-01 -8.757754564285278320e-01 4.402703642845153809e-01
-4.864731216430664062e+01 -1.924312400817871094e+01 -9.850890934467315674e-02 1.666823178529739380e-01 -1.081867367029190063e-01 -8.778207898139953613e-01 4.358244836330413818e-01
-4.827013397216796875e+01 -1.955864143371582031e+01 -1.086779758334159851e-01 1.673806309700012207e-01 -1.083531081676483154e-01 -8.799697756767272949e-01 4.311570525169372559e-01
-4.788373565673828125e+01 -1.986989021301269531e+01 -1.227838099002838135e-01 1.677953600883483887e-01 -1.087112575769424438e-01 -8.822161555290222168e-01 4.262875914573669434e-01
-4.748521804809570312e+01 -2.016565704345703125e+01 -1.439245641231536865e-01 1.678713560104370117e-01 -1.092838421463966370e-01 -8.845533132553100586e-01 4.212381839752197266e-01
-4.706128311157226562e+01 -2.042247962951660156e+01 -1.792248487472534180e-01 1.675543487071990967e-01 -1.100905686616897583e-01 -8.869737982749938965e-01 4.160325527191162109e-01
-4.659865951538085938e+01 -2.059516143798828125e+01 -2.323138415813446045e-01 1.667910516262054443e-01 -1.111481636762619019e-01 -8.894694447517395020e-01 4.106956422328948975e-01
-4.610832595825195312e+01 -2.066894531250000000e+01 -2.822277843952178955e-01 1.655291914939880371e-01 -1.124703288078308105e-01 -8.920317888259887695e-01 4.052527844905853271e-01
-4.561174392700195312e+01 -2.071204376220703125e+01 -3.107330203056335449e-01 1.637186408042907715e-01 -1.140671372413635254e-01 -8.946510553359985352e-01 3.997302651405334473e-01
-4.511320114135742188e+01 -2.074028015136718750e+01 -3.306225538253784180e-01 1.613106727600097656e-01 -1.159455329179763794e-01 -8.973171114921569824e-01 3.941540122032165527e-01
-4.461649703979492188e+01 -2.069882583618164062e+01 -3.451855480670928955e-01 1.582588106393814087e-01 -1.181093007326126099e-01 -9.000191688537597656e-01 3.885482251644134521e-01
-4.412796783447265625e+01 -2.058879280090332031e+01 -3.426397740840911865e-01 1.545188128948211670e-01 -1.205589249730110168e-01 -9.027456641197204590e-01 3.829355239868164062e-01
-4.364639663696289062e+01 -2.047099494934082031e+01 -3.403546214103698730e-01 1.500487476587295532e-01 -1.232920736074447632e-01 -9.054847955703735352e-01 3.773349821567535400e-01
-4.317021942138671875e+01 -2.035267829895019531e+01 -3.382489085197448730e-01 1.445463895797729492e-01 -1.255989968776702881e-01 -9.083186984062194824e-01 3.718714118003845215e-01
-4.269902420043945312e+01 -2.023511886596679688e+01 -3.363793790340423584e-01 1.385588198900222778e-01 -1.285727322101593018e-01 -9.110687971115112305e-01 3.663658201694488525e-01
-4.223331069946289062e+01 -2.011633300781250000e+01 -3.363494873046875000e-01 1.321504712104797363e-01 -1.321044415235519409e-01 -9.137156009674072266e-01 3.608442246913909912e-01
-4.177253723144531250e+01 -1.999859046936035156e+01 -3.365862965583801270e-01 1.253862529993057251e-01 -1.360854953527450562e-01 -9.162403941154479980e-01 3.553344011306762695e-01
-4.131663131713867188e+01 -1.988232994079589844e+01 -3.367303311824798584e-01 1.181096211075782776e-01 -1.398259103298187256e-01 -9.187173247337341309e-01 3.499387502670288086e-01
-4.086564254760742188e+01 -1.976734352111816406e+01 -3.368048071861267090e-01 1.104338318109512329e-01 -1.433121562004089355e-01 -9.211270213127136230e-01 3.446605205535888672e-01
-4.041946029663085938e+01 -1.965404701232910156e+01 -3.368359208106994629e-01 1.025476381182670593e-01 -1.467445641756057739e-01 -9.234179854393005371e-01 3.394836485385894775e-01
-3.997818374633789062e+01 -1.954204368591308594e+01 -3.368566930294036865e-01 9.454523026943206787e-02 -1.500841081142425537e-01 -9.255772829055786133e-01 3.344288766384124756e-01
-3.954165267944335938e+01 -1.943189239501953125e+01 -3.368188440799713135e-01 8.652065694332122803e-02 -1.532964706420898438e-01 -9.275937676429748535e-01 3.295211195945739746e-01
-3.911002731323242188e+01 -1.932306480407714844e+01 -3.367657363414764404e-01 7.856774330139160156e-02 -1.563521027565002441e-01 -9.294587373733520508e-01 3.247886896133422852e-01
-3.868315505981445312e+01 -1.921619224548339844e+01 -3.366461098194122314e-01 7.078000903129577637e-02 -1.592259854078292847e-01 -9.311647415161132812e-01 3.202648162841796875e-01
-3.826115798950195312e+01 -1.911073112487792969e+01 -3.365045189857482910e-01 6.325045228004455566e-02 -1.618973910808563232e-01 -9.327064752578735352e-01 3.159859776496887207e-01
-3.784389114379882812e+01 -1.900734901428222656e+01 -3.362597525119781494e-01 5.607178807258605957e-02 -1.643495410680770874e-01 -9.340803623199462891e-01 3.119922876358032227e-01
-3.743145751953125000e+01 -1.890561294555664062e+01 -3.359625041484832764e-01 4.933642223477363586e-02 -1.665687412023544312e-01 -9.352834820747375488e-01 3.083270788192749023e-01
-3.702373504638671875e+01 -1.880610847473144531e+01 -3.355297744274139404e-01 4.313632473349571228e-02 -1.685441136360168457e-01 -9.363148808479309082e-01 3.050353527069091797e-01
-3.662076568603515625e+01 -1.870861816406250000e+01 -3.349932730197906494e-01 3.756389021873474121e-02 -1.702664941549301147e-01 -9.371740221977233887e-01 3.021643161773681641e-01
-3.622241973876953125e+01 -1.861383438110351562e+01 -3.342462182044982910e-01 3.271124511957168579e-02 -1.717274338006973267e-01 -9.378612637519836426e-01 2.997596263885498047e-01
-3.582875442504882812e+01 -1.852146148681640625e+01 -3.333361744880676270e-01 2.867226116359233856e-02 -1.729180067777633667e-01 -9.383776187896728516e-01 2.978668510913848877e-01
-3.543931579589843750e+01 -1.843359565734863281e+01 -3.319415152072906494e-01 2.554063498973846436e-02 -1.738278418779373169e-01 -9.387240409851074219e-01 2.965277433395385742e-01
-3.505440902709960938e+01 -1.834894752502441406e+01 -3.302514553070068359e-01 2.341290563344955444e-02 -1.744429469108581543e-01 -9.389017820358276367e-01 2.957784831523895264e-01
-3.467403793334960938e+01 -1.826804733276367188e+01 -3.269256651401519775e-01 2.086637914180755615e-02 -1.700286567211151123e-01 -9.397826790809631348e-01 2.957417964935302734e-01
-3.429818344116210938e+01 -1.819061088562011719e+01 -3.229370117187500000e-01 1.903878897428512573e-02 -1.644411087036132812e-01 -9.406517148017883301e-01 2.962614595890045166e-01
-3.392761230468750000e+01 -1.811290931701660156e+01 -3.187329173088073730e-01 1.786090619862079620e-02 -1.578263491392135620e-01 -9.414901733398437500e-01 2.972676455974578857e-01
-3.356446075439453125e+01 -1.802562713623046875e+01 -3.154779076576232910e-01 1.726249046623706818e-02 -1.503305733203887939e-01 -9.422774314880371094e-01 2.986901402473449707e-01
-3.321395111083984375e+01 -1.791277122497558594e+01 -3.153790235519409180e-01 1.717383973300457001e-02 -1.421001404523849487e-01 -9.429937601089477539e-01 3.004587888717651367e-01
-3.288004302978515625e+01 -1.776968765258789062e+01 -3.194049000740051270e-01 1.752473600208759308e-02 -1.332819610834121704e-01 -9.436208605766296387e-01 3.025036752223968506e-01
-3.255906677246093750e+01 -1.761056327819824219e+01 -3.258337378501892090e-01 1.824587583541870117e-02 -1.240237280726432800e-01 -9.441444277763366699e-01 3.047566115856170654e-01
-3.224845123291015625e+01 -1.744244575500488281e+01 -3.337267935276031494e-01 1.926688104867935181e-02 -1.144742369651794434e-01 -9.445546269416809082e-01 3.071500658988952637e-01
-3.194579124450683594e+01 -1.727045059204101562e+01 -3.423888981342315674e-01 2.051815763115882874e-02 -1.047830209136009216e-01 -9.448469281196594238e-01 3.096186816692352295e-01
-3.165017509460449219e+01 -1.709639167785644531e+01 -3.515985012054443359e-01 2.193041518330574036e-02 -9.510038793087005615e-02 -9.450232386589050293e-01 3.120990991592407227e-01
-3.135269546508789062e+01 -1.691650390625000000e+01 -3.615545630455017090e-01 2.343403920531272888e-02 -8.557756990194320679e-02 -9.450916647911071777e-01 3.145298361778259277e-01
-3.105304527282714844e+01 -1.673133850097656250e+01 -3.722515702247619629e-01 2.495992556214332581e-02 -7.636625319719314575e-02 -9.450662136077880859e-01 3.168517649173736572e-01
-3.075555038452148438e+01 -1.653437042236328125e+01 -3.819030821323394775e-01 2.643928118050098419e-02 -6.761853396892547607e-02 -9.449670910835266113e-01 3.190077543258666992e-01
-3.050820732116699219e+01 -1.627309799194335938e+01 -3.749358952045440674e-01 2.780365198850631714e-02 -5.948669090867042542e-02 -9.448197484016418457e-01 3.209423422813415527e-01
-3.031419372558593750e+01 -1.596300029754638672e+01 -3.505273461341857910e-01 2.898460626602172852e-02 -5.212317034602165222e-02 -9.446538686752319336e-01 3.226018548011779785e-01
-3.012659645080566406e+01 -1.564376831054687500e+01 -3.228613138198852539e-01 2.991403825581073761e-02 -4.568029195070266724e-02 -9.445027112960815430e-01 3.239336609840393066e-01
-2.994079971313476562e+01 -1.531822586059570312e+01 -2.935436964035034180e-01 3.052419796586036682e-02 -4.031009227037429810e-02 -9.444005489349365234e-01 3.248860239982604980e-01
-2.975565338134765625e+01 -1.498706245422363281e+01 -2.627172768115997314e-01 3.074707277119159698e-02 -3.616446629166603088e-02 -9.443817138671875000e-01 3.254071474075317383e-01
-2.949821662902832031e+01 -1.471441650390625000e+01 -2.354095429182052612e-01 3.051467612385749817e-02 -3.339495509862899780e-02 -9.444786906242370605e-01 3.254438340663909912e-01
-2.911777687072753906e+01 -1.463364124298095703e+01 -2.289617806673049927e-01 2.975869178771972656e-02 -3.215271979570388794e-02 -9.447185993194580078e-01 3.249420523643493652e-01
-2.872464752197265625e+01 -1.459992027282714844e+01 -2.335418611764907837e-01 2.842943370342254639e-02 -3.254241123795509338e-02 -9.451169371604919434e-01 3.238618075847625732e-01
-2.832568740844726562e+01 -1.459415340423583984e+01 -2.505200207233428955e-01 2.655227109789848328e-02 -3.448403254151344299e-02 -9.456608295440673828e-01 3.222288489341735840e-01
-2.792400360107421875e+01 -1.462086296081542969e+01 -2.856152355670928955e-01 2.417117357254028320e-02 -3.785126656293869019e-02 -9.463244676589965820e-01 3.200830221176147461e-01
-2.752152824401855469e+01 -1.467322826385498047e+01 -3.354296684265136719e-01 2.133027464151382446e-02 -4.251734912395477295e-02 -9.470767974853515625e-01 3.174632489681243896e-01
-2.720294952392578125e+01 -1.472436618804931641e+01 -3.807671964168548584e-01 1.807324215769767761e-02 -4.835541173815727234e-02 -9.478838443756103516e-01 3.144063353538513184e-01
