-5.648746967315673828e+00 -1.359105229377746582e+00 -4.074260234832763672e+00 1.363746821880340576e-03 1.899282038211822510e-01 -6.696951389312744141e-01 7.179373502731323242e-01
-5.861195087432861328e+00 -1.276049733161926270e+00 -4.144511699676513672e+00 2.358622848987579346e-03 1.867695152759552002e-01 -6.730839014053344727e-01 7.155904173851013184e-01
-6.068198680877685547e+00 -1.193911075592041016e+00 -4.212278842926025391e+00 3.248810768127441406e-03 1.839253902435302734e-01 -6.761426329612731934e-01 7.134367227554321289e-01
-6.269230842590332031e+00 -1.110168457031250000e+00 -4.275975704193115234e+00 4.019439220428466797e-03 1.814408898353576660e-01 -6.788366436958312988e-01 7.115082144737243652e-01
-6.464335918426513672e+00 -1.025561451911926270e+00 -4.335989475250244141e+00 4.654869437217712402e-03 1.793611943721771240e-01 -6.811311244964599609e-01 7.098367214202880859e-01
-6.651897430419921875e+00 -9.410338997840881348e-01 -4.391933441162109375e+00 5.139850080013275146e-03 1.777316033840179443e-01 -6.829915642738342285e-01 7.084543704986572266e-01
-6.830782413482666016e+00 -8.531383872032165527e-01 -4.441435337066650391e+00 5.464084446430206299e-03 1.765814870595932007e-01 -6.843960285186767578e-01 7.073832750320434570e-01
-7.002261161804199219e+00 -7.665405273437500000e-01 -4.487562656402587891e+00 5.638927221298217773e-03 1.758763790130615234e-01 -6.853774189949035645e-01 7.066069841384887695e-01
-7.164145469665527344e+00 -6.752343773841857910e-01 -4.526097774505615234e+00 5.680195987224578857e-03 1.755663603544235229e-01 -6.859795451164245605e-01 7.060992121696472168e-01
-7.318250656127929688e+00 -5.850561261177062988e-01 -4.561004161834716797e+00 5.604185163974761963e-03 1.756007671356201172e-01 -6.862465143203735352e-01 7.058320045471191406e-01
-7.462540149688720703e+00 -4.914025664329528809e-01 -4.588865756988525391e+00 5.427189171314239502e-03 1.759289205074310303e-01 -6.862205266952514648e-01 7.057768702507019043e-01
-7.598608970642089844e+00 -3.987487852573394775e-01 -4.612830638885498047e+00 5.165465176105499268e-03 1.764998137950897217e-01 -6.859441995620727539e-01 7.059047818183898926e-01
-7.724282264709472656e+00 -3.032556176185607910e-01 -4.629802227020263672e+00 4.834920167922973633e-03 1.772628128528594971e-01 -6.854597926139831543e-01 7.061865329742431641e-01
-7.842510700225830078e+00 -2.106335461139678955e-01 -4.644278049468994141e+00 4.452057182788848877e-03 1.781667172908782959e-01 -6.848092675209045410e-01 7.065926194190979004e-01
-7.948665618896484375e+00 -1.146179139614105225e-01 -4.650622844696044922e+00 4.032902419567108154e-03 1.791608631610870361e-01 -6.840346455574035645e-01 7.070938348770141602e-01
-8.049119949340820312e+00 -2.379150316119194031e-02 -4.656611442565917969e+00 3.593608736991882324e-03 1.801943480968475342e-01 -6.831780672073364258e-01 7.076615691184997559e-01
-8.138350486755371094e+00 6.764404475688934326e-02 -4.656906127929687500e+00 3.150381147861480713e-03 1.812164783477783203e-01 -6.822823882102966309e-01 7.082663774490356445e-01
-8.220875740051269531e+00 1.549768000841140747e-01 -4.655886650085449219e+00 2.719551324844360352e-03 1.821764111518859863e-01 -6.813902854919433594e-01 7.088805437088012695e-01
-8.298061370849609375e+00 2.367822229862213135e-01 -4.654889583587646484e+00 2.317078411579132080e-03 1.830236464738845825e-01 -6.805450916290283203e-01 7.094753980636596680e-01
-8.364385604858398438e+00 3.177697658538818359e-01 -4.649661540985107422e+00 1.959420740604400635e-03 1.837074458599090576e-01 -6.797901988029479980e-01 7.100232839584350586e-01
-8.425861358642578125e+00 3.928515613079071045e-01 -4.644847869873046875e+00 1.662567257881164551e-03 1.841776967048645020e-01 -6.791689991950988770e-01 7.104964852333068848e-01
-8.482489585876464844e+00 4.620422124862670898e-01 -4.640456676483154297e+00 1.442834734916687012e-03 1.843835711479187012e-01 -6.787254810333251953e-01 7.108672857284545898e-01
-8.532362937927246094e+00 5.267285108566284180e-01 -4.635351657867431641e+00 1.316457986831665039e-03 1.842747032642364502e-01 -6.785031557083129883e-01 7.111080884933471680e-01
-8.575535774230957031e+00 5.868908762931823730e-01 -4.629571914672851562e+00 1.299440860748291016e-03 1.838004589080810547e-01 -6.785449385643005371e-01 7.111908197402954102e-01
-8.614264488220214844e+00 6.409240365028381348e-01 -4.624477863311767578e+00 1.407995820045471191e-03 1.829102635383605957e-01 -6.788939833641052246e-01 7.110871076583862305e-01
-8.648552894592285156e+00 6.888439655303955078e-01 -4.620079994201660156e+00 1.658618450164794922e-03 1.815528273582458496e-01 -6.795921921730041504e-01 7.107672691345214844e-01
-8.678400993347167969e+00 7.306554913520812988e-01 -4.616383075714111328e+00 2.061605453491210938e-03 1.796980500221252441e-01 -6.806634664535522461e-01 7.102123498916625977e-01
-8.703806877136230469e+00 7.663488388061523438e-01 -4.613380432128906250e+00 2.604745328426361084e-03 1.773978769779205322e-01 -6.820629239082336426e-01 7.094457745552062988e-01
-8.723601341247558594e+00 7.966308593750000000e-01 -4.610565185546875000e+00 3.270417451858520508e-03 1.747250258922576904e-01 -6.837285161018371582e-01 7.085025310516357422e-01
-8.738800048828125000e+00 8.208398222923278809e-01 -4.608359813690185547e+00 4.040636122226715088e-03 1.717523783445358276e-01 -6.855986714363098145e-01 7.074173092842102051e-01
-8.749890327453613281e+00 8.386437892913818359e-01 -4.606963634490966797e+00 4.898026585578918457e-03 1.685528904199600220e-01 -6.876122951507568359e-01 7.062259912490844727e-01
-8.756867408752441406e+00 8.500195145606994629e-01 -4.606363296508789062e+00 5.824126303195953369e-03 1.652000844478607178e-01 -6.897088885307312012e-01 7.049657106399536133e-01
-8.759725570678710938e+00 8.549499511718750000e-01 -4.606547355651855469e+00 6.801553070545196533e-03 1.617673933506011963e-01 -6.918298602104187012e-01 7.036736607551574707e-01
-8.767679214477539062e+00 8.678747415542602539e-01 -4.605800628662109375e+00 7.812500000000000000e-03 1.583286970853805542e-01 -6.939167976379394531e-01 7.023891806602478027e-01
-8.780724525451660156e+00 8.887743949890136719e-01 -4.604112625122070312e+00 8.838981389999389648e-03 1.549583077430725098e-01 -6.959130167961120605e-01 7.011525630950927734e-01
-8.798858642578125000e+00 9.176281690597534180e-01 -4.601467132568359375e+00 9.863339364528656006e-03 1.517306417226791382e-01 -6.977632045745849609e-01 7.000049948692321777e-01
-8.822078704833984375e+00 9.544177055358886719e-01 -4.597850322723388672e+00 1.086787134408950806e-02 1.487200260162353516e-01 -6.994129419326782227e-01 6.989890933036804199e-01
-8.850384712219238281e+00 9.991247057914733887e-01 -4.593246936798095703e+00 1.183479279279708862e-02 1.460016667842864990e-01 -7.008084058761596680e-01 6.981482505798339844e-01
-8.883773803710937500e+00 1.051727294921875000e+00 -4.587643146514892578e+00 1.274639368057250977e-02 1.436502784490585327e-01 -7.018967866897583008e-01 6.975263357162475586e-01
-8.920406341552734375e+00 1.113266587257385254e+00 -4.580588817596435547e+00 1.358494907617568970e-02 1.417407095432281494e-01 -7.026252746582031250e-01 6.971676349639892578e-01
-8.960641860961914062e+00 1.183516860008239746e+00 -4.572154998779296875e+00 1.433289051055908203e-02 1.403479874134063721e-01 -7.029410600662231445e-01 6.971160769462585449e-01
-9.005568504333496094e+00 1.261829853057861328e+00 -4.562584877014160156e+00 1.497213914990425110e-02 1.395470798015594482e-01 -7.027904987335205078e-01 6.974151730537414551e-01
-9.055181503295898438e+00 1.348187208175659180e+00 -4.551862239837646484e+00 1.548559591174125671e-02 1.394119858741760254e-01 -7.021190524101257324e-01 6.981068849563598633e-01
-9.106881141662597656e+00 1.443987965583801270e+00 -4.539967536926269531e+00 1.585493236780166626e-02 1.400171816349029541e-01 -7.008702158927917480e-01 6.992315649986267090e-01
-9.161662101745605469e+00 1.548665761947631836e+00 -4.526889324188232422e+00 1.606278866529464722e-02 1.414361000061035156e-01 -6.989842653274536133e-01 7.008271813392639160e-01
-9.220781326293945312e+00 1.661509990692138672e+00 -4.512621402740478516e+00 1.609124988317489624e-02 1.437412798404693604e-01 -6.963990926742553711e-01 7.029280662536621094e-01
-9.281194686889648438e+00 1.784133315086364746e+00 -4.498077869415283203e+00 1.592785865068435669e-02 1.469776183366775513e-01 -6.930692791938781738e-01 7.055486440658569336e-01
-9.344592094421386719e+00 1.915642023086547852e+00 -4.482759952545166016e+00 1.558276265859603882e-02 1.510790586471557617e-01 -6.890325546264648438e-01 7.086370587348937988e-01
-9.410906791687011719e+00 2.056098699569702148e+00 -4.467190265655517578e+00 1.507154107093811035e-02 1.559520661830902100e-01 -6.843468546867370605e-01 7.121242880821228027e-01
-9.478325843811035156e+00 2.206490516662597656e+00 -4.452715396881103516e+00 1.440999656915664673e-02 1.615023314952850342e-01 -6.790708899497985840e-01 7.159413099288940430e-01
-9.549021720886230469e+00 2.365657806396484375e+00 -4.437756061553955078e+00 1.361355185508728027e-02 1.676363945007324219e-01 -6.732639670372009277e-01 7.200196981430053711e-01
-9.620176315307617188e+00 2.535003662109375000e+00 -4.424377441406250000e+00 1.269812881946563721e-02 1.742601990699768066e-01 -6.669874191284179688e-01 7.242927551269531250e-01
-9.694175720214843750e+00 2.713355541229248047e+00 -4.410860061645507812e+00 1.167961955070495605e-02 1.812801361083984375e-01 -6.603051424026489258e-01 7.286962270736694336e-01
-9.768907546997070312e+00 2.901700258255004883e+00 -4.398747444152832031e+00 1.057389378547668457e-02 1.886036396026611328e-01 -6.532845497131347656e-01 7.331687211990356445e-01
-9.845557212829589844e+00 3.099478721618652344e+00 -4.387198925018310547e+00 9.397014975547790527e-03 1.961379349231719971e-01 -6.459958553314208984e-01 7.376523613929748535e-01
-9.923832893371582031e+00 3.306845664978027344e+00 -4.376444816589355469e+00 8.165284991264343262e-03 2.037917971611022949e-01 -6.385139226913452148e-01 7.420930862426757812e-01
-1.000288772583007812e+01 3.524127006530761719e+00 -4.367116451263427734e+00 6.894573569297790527e-03 2.114752382040023804e-01 -6.309164762496948242e-01 7.464414834976196289e-01
-1.008376407623291016e+01 3.750916719436645508e+00 -4.358486652374267578e+00 5.601420998573303223e-03 2.190986871719360352e-01 -6.232858300209045410e-01 7.506524920463562012e-01
-1.016430282592773438e+01 3.981730937957763672e+00 -4.350893020629882812e+00 4.302032291889190674e-03 2.265743762254714966e-01 -6.157077550888061523e-01 7.546849846839904785e-01
-1.024400329589843750e+01 4.215306282043457031e+00 -4.344447135925292969e+00 3.012835979461669922e-03 2.338158786296844482e-01 -6.082717776298522949e-01 7.585026621818542480e-01
-1.032285976409912109e+01 4.449485778808593750e+00 -4.338772296905517578e+00 1.749873161315917969e-03 2.407382726669311523e-01 -6.010704040527343750e-01 7.620736956596374512e-01
-1.040153312683105469e+01 4.684066295623779297e+00 -4.333450317382812500e+00 5.296766757965087891e-04 2.472576797008514404e-01 -5.941994190216064453e-01 7.653694152832031250e-01
-1.048024559020996094e+01 4.919003963470458984e+00 -4.328486919403076172e+00 -6.316825747489929199e-04 2.532919049263000488e-01 -5.877562165260314941e-01 7.683655023574829102e-01
-1.055760383605957031e+01 5.149436950683593750e+00 -4.324068069458007812e+00 -1.718267798423767090e-03 2.587598562240600586e-01 -5.818405151367187500e-01 7.710396051406860352e-01
-1.063391304016113281e+01 5.375297546386718750e+00 -4.320292949676513672e+00 -2.713665366172790527e-03 2.635809183120727539e-01 -5.765531063079833984e-01 7.733720541000366211e-01
-1.070972919464111328e+01 5.596424579620361328e+00 -4.317348003387451172e+00 -3.601908683776855469e-03 2.676754593849182129e-01 -5.719953775405883789e-01 7.753437757492065430e-01
-1.078570079803466797e+01 5.812853813171386719e+00 -4.315726757049560547e+00 -2.657994627952575684e-03 2.697350382804870605e-01 -5.688397288322448730e-01 7.769538760185241699e-01
-1.086186790466308594e+01 6.024246692657470703e+00 -4.314836978912353516e+00 -1.954346895217895508e-03 2.713306248188018799e-01 -5.663467049598693848e-01 7.782205939292907715e-01
-1.093853282928466797e+01 6.230455398559570312e+00 -4.314638137817382812e+00 -1.466929912567138672e-03 2.724953889846801758e-01 -5.644689202308654785e-01 7.791783809661865234e-01
-1.101729202270507812e+01 6.430808067321777344e+00 -4.314990043640136719e+00 -1.172423362731933594e-03 2.732650637626647949e-01 -5.631574392318725586e-01 7.798580527305603027e-01
-1.109918212890625000e+01 6.624766826629638672e+00 -4.315643787384033203e+00 -1.047745347023010254e-03 2.736775279045104980e-01 -5.623625516891479492e-01 7.802869677543640137e-01
-1.118556118011474609e+01 6.811539173126220703e+00 -4.316456317901611328e+00 -1.070588827133178711e-03 2.737720608711242676e-01 -5.620337128639221191e-01 7.804907560348510742e-01
-1.127787780761718750e+01 6.990106105804443359e+00 -4.317291259765625000e+00 -1.218691468238830566e-03 2.735891342163085938e-01 -5.621196627616882324e-01 7.804927825927734375e-01
-1.137963962554931641e+01 7.157857418060302734e+00 -4.317968845367431641e+00 -1.470223069190979004e-03 2.731699347496032715e-01 -5.625690817832946777e-01 7.803153395652770996e-01
-1.149142551422119141e+01 7.313151836395263672e+00 -4.318321228027343750e+00 -1.803085207939147949e-03 2.725565135478973389e-01 -5.633299946784973145e-01 7.799800634384155273e-01
-1.161326885223388672e+01 7.454404354095458984e+00 -4.318290710449218750e+00 -2.195581793785095215e-03 2.717908024787902832e-01 -5.643506050109863281e-01 7.795083522796630859e-01
-1.174422836303710938e+01 7.580377101898193359e+00 -4.317939281463623047e+00 -2.625718712806701660e-03 2.709150314331054688e-01 -5.655786395072937012e-01 7.789215445518493652e-01
-1.188120841979980469e+01 7.692280292510986328e+00 -4.317400455474853516e+00 -3.071457147598266602e-03 2.699712216854095459e-01 -5.669624805450439453e-01 7.782412767410278320e-01
-1.202150726318359375e+01 7.791812419891357422e+00 -4.316812038421630859e+00 -3.510579466819763184e-03 2.690010666847229004e-01 -5.684501528739929199e-01 7.774899005889892578e-01
-1.216403007507324219e+01 7.879139423370361328e+00 -4.316338539123535156e+00 -3.920748829841613770e-03 2.680458724498748779e-01 -5.699902772903442383e-01 7.766897678375244141e-01
-1.230602836608886719e+01 7.957650184631347656e+00 -4.316042423248291016e+00 -4.279345273971557617e-03 2.671465873718261719e-01 -5.715314149856567383e-01 7.758647203445434570e-01
-1.245334911346435547e+01 8.031977653503417969e+00 -4.312860012054443359e+00 -3.672227263450622559e-03 2.656840085983276367e-01 -5.733283162117004395e-01 7.750440239906311035e-01
-1.260259819030761719e+01 8.104968070983886719e+00 -4.292901992797851562e+00 -2.979233860969543457e-03 2.643608152866363525e-01 -5.750187635421752930e-01 7.742467522621154785e-01
-1.268575572967529297e+01 8.171902656555175781e+00 -4.186429500579833984e+00 -2.226635813713073730e-03 2.632536888122558594e-01 -5.765357613563537598e-01 7.734979391098022461e-01
-1.261285972595214844e+01 8.165646553039550781e+00 -4.032349586486816406e+00 -1.417785882949829102e-03 2.624224722385406494e-01 -5.778207778930664062e-01 7.728230953216552734e-01
-1.252682495117187500e+01 8.117957115173339844e+00 -3.887927770614624023e+00 -5.569159984588623047e-04 2.619278132915496826e-01 -5.788143873214721680e-01 7.722482681274414062e-01
-1.244857406616210938e+01 8.044661521911621094e+00 -3.746474504470825195e+00 3.524869680404663086e-04 2.618147134780883789e-01 -5.794728994369506836e-01 7.717927694320678711e-01
-1.237985038757324219e+01 7.955002307891845703e+00 -3.606036186218261719e+00 1.304954290390014648e-03 2.620687186717987061e-01 -5.798087716102600098e-01 7.714532613754272461e-01
-1.231770515441894531e+01 7.852221488952636719e+00 -3.467884540557861328e+00 2.295285463333129883e-03 2.626595795154571533e-01 -5.798486471176147461e-01 7.712199687957763672e-01
-1.225762748718261719e+01 7.738399505615234375e+00 -3.333840370178222656e+00 3.318279981613159180e-03 2.635574936866760254e-01 -5.796192288398742676e-01 7.710824012756347656e-01
-1.219655323028564453e+01 7.614711761474609375e+00 -3.205275297164916992e+00 4.368498921394348145e-03 2.647320032119750977e-01 -5.791463851928710938e-01 7.710300087928771973e-01
-1.213239765167236328e+01 7.481896877288818359e+00 -3.083469152450561523e+00 5.440637469291687012e-03 2.661528885364532471e-01 -5.784561038017272949e-01 7.710521817207336426e-01
-1.206342220306396484e+01 7.340180397033691406e+00 -2.970330238342285156e+00 6.529718637466430664e-03 2.677898705005645752e-01 -5.775746703147888184e-01 7.711376547813415527e-01
-1.198803710937500000e+01 7.189837455749511719e+00 -2.868251085281372070e+00 7.629781961441040039e-03 2.696127593517303467e-01 -5.765276551246643066e-01 7.712759375572204590e-01
-1.190478229522705078e+01 7.031430721282958984e+00 -2.780154466629028320e+00 8.735924959182739258e-03 2.715912163257598877e-01 -5.753412842750549316e-01 7.714560031890869141e-01
-1.181249237060546875e+01 6.866044998168945312e+00 -2.709361553192138672e+00 9.842589497566223145e-03 2.736951112747192383e-01 -5.740416646003723145e-01 7.716671228408813477e-01
-1.171315288543701172e+01 6.695677280426025391e+00 -2.653786659240722656e+00 1.094475388526916504e-02 2.758941650390625000e-01 -5.726551413536071777e-01 7.718994021415710449e-01
-1.160830879211425781e+01 6.521633148193359375e+00 -2.611307859420776367e+00 1.203678548336029053e-02 2.781584858894348145e-01 -5.712084770202636719e-01 7.721424102783203125e-01
-1.149905490875244141e+01 6.344688415527343750e+00 -2.580357551574707031e+00 1.311366260051727295e-02 2.804579734802246094e-01 -5.697283148765563965e-01 7.723865509033203125e-01
-1.139091682434082031e+01 6.172535419464111328e+00 -2.559952020645141602e+00 1.416976749897003174e-02 2.827630639076232910e-01 -5.682419538497924805e-01 7.726224064826965332e-01
-1.128479480743408203e+01 6.005347728729248047e+00 -2.547934770584106445e+00 1.520003378391265869e-02 2.850439846515655518e-01 -5.667765140533447266e-01 7.728410363197326660e-01
-1.118149375915527344e+01 5.843063831329345703e+00 -2.542461395263671875e+00 1.619896292686462402e-02 2.872712612152099609e-01 -5.653597712516784668e-01 7.730336785316467285e-01
-1.108198261260986328e+01 5.685330867767333984e+00 -2.541692972183227539e+00 1.716132462024688721e-02 2.894154787063598633e-01 -5.640197396278381348e-01 7.731920480728149414e-01
-1.098800182342529297e+01 5.531254768371582031e+00 -2.546009540557861328e+00 1.808187365531921387e-02 2.914472520351409912e-01 -5.627840161323547363e-01 7.733082771301269531e-01
-1.090373802185058594e+01 5.379122257232666016e+00 -2.560619115829467773e+00 1.895509660243988037e-02 2.933377325534820557e-01 -5.616810321807861328e-01 7.733746170997619629e-01
-1.083312797546386719e+01 5.228602409362792969e+00 -2.588018178939819336e+00 1.977592706680297852e-02 2.950573563575744629e-01 -5.607393980026245117e-01 7.733830213546752930e-01
-1.077451801300048828e+01 5.081324577331542969e+00 -2.624010324478149414e+00 2.085570991039276123e-02 2.963551282882690430e-01 -5.601007938385009766e-01 7.733211517333984375e-01
-1.072403430938720703e+01 4.938406944274902344e+00 -2.663441181182861328e+00 2.183632552623748779e-02 2.974939346313476562e-01 -5.596189498901367188e-01 7.732058763504028320e-01
-1.067804527282714844e+01 4.800340652465820312e+00 -2.702431201934814453e+00 2.271954715251922607e-02 2.984822392463684082e-01 -5.592755079269409180e-01 7.730478644371032715e-01
-1.063550662994384766e+01 4.667076110839843750e+00 -2.739413022994995117e+00 2.350701391696929932e-02 2.993288934230804443e-01 -5.590527653694152832e-01 7.728580832481384277e-01
-1.059583473205566406e+01 4.538646221160888672e+00 -2.773763656616210938e+00 2.420012652873992920e-02 3.000426292419433594e-01 -5.589322447776794434e-01 7.726471424102783203e-01
-1.055874443054199219e+01 4.415065765380859375e+00 -2.805170536041259766e+00 2.480040490627288818e-02 3.006323277950286865e-01 -5.588958263397216797e-01 7.724251747131347656e-01
-1.052422714233398438e+01 4.296168327331542969e+00 -2.832765817642211914e+00 2.530926465988159180e-02 3.011071383953094482e-01 -5.589249730110168457e-01 7.722024917602539062e-01
-1.049181938171386719e+01 4.182323932647705078e+00 -2.857362508773803711e+00 2.572795748710632324e-02 3.014759421348571777e-01 -5.590014457702636719e-01 7.719894647598266602e-01
-1.046146678924560547e+01 4.073574066162109375e+00 -2.879066705703735352e+00 2.605782449245452881e-02 3.017476797103881836e-01 -5.591067075729370117e-01 7.717958092689514160e-01
-1.043340110778808594e+01 3.969654560089111328e+00 -2.896450519561767578e+00 2.629999816417694092e-02 3.019315004348754883e-01 -5.592222213745117188e-01 7.716320753097534180e-01
-1.040704059600830078e+01 3.871188879013061523e+00 -2.912032604217529297e+00 2.645605802536010742e-02 3.020361959934234619e-01 -5.593299269676208496e-01 7.715076804161071777e-01
-1.038295269012451172e+01 3.777639150619506836e+00 -2.922868967056274414e+00 2.652713656425476074e-02 3.020707368850708008e-01 -5.594112873077392578e-01 7.714327573776245117e-01
-1.036040592193603516e+01 3.689719200134277344e+00 -2.932598590850830078e+00 2.651466429233551025e-02 3.020440340042114258e-01 -5.594478249549865723e-01 7.714172601699829102e-01
-1.034007930755615234e+01 3.606932401657104492e+00 -2.937576532363891602e+00 2.642004191875457764e-02 3.019648492336273193e-01 -5.594211220741271973e-01 7.714707851409912109e-01
-1.032114982604980469e+01 3.529866933822631836e+00 -2.942205667495727539e+00 2.624492347240447998e-02 3.018420338630676270e-01 -5.593131780624389648e-01 7.716030478477478027e-01
-1.030416870117187500e+01 3.458282470703125000e+00 -2.943700551986694336e+00 2.599038183689117432e-02 3.016840219497680664e-01 -5.591052174568176270e-01 7.718241214752197266e-01
-1.028863906860351562e+01 3.392384052276611328e+00 -2.944556236267089844e+00 2.565811574459075928e-02 3.014995455741882324e-01 -5.587790012359619141e-01 7.721436023712158203e-01
-1.027452087402343750e+01 3.332199573516845703e+00 -2.944984912872314453e+00 2.524979412555694580e-02 3.012970685958862305e-01 -5.583164095878601074e-01 7.725705504417419434e-01
-1.026211929321289062e+01 3.277664661407470703e+00 -2.943528890609741211e+00 2.476656436920166016e-02 3.010849058628082275e-01 -5.576983690261840820e-01 7.731150388717651367e-01
-1.025100326538085938e+01 3.228857278823852539e+00 -2.942225933074951172e+00 2.421012520790100098e-02 3.008714318275451660e-01 -5.569067001342773438e-01 7.737861871719360352e-01
-1.024120807647705078e+01 3.185804367065429688e+00 -2.941143989562988281e+00 2.383892238140106201e-02 3.004808425903320312e-01 -5.560266971588134766e-01 7.745820283889770508e-01
-1.023285007476806641e+01 3.148473978042602539e+00 -2.939541339874267578e+00 2.341490983963012695e-02 3.000960350036621094e-01 -5.549669265747070312e-01 7.755036354064941406e-01
-1.022585868835449219e+01 3.116872549057006836e+00 -2.937731027603149414e+00 2.294130623340606689e-02 2.997264862060546875e-01 -5.537343025207519531e-01 7.765410542488098145e-01
-1.022011184692382812e+01 3.091002225875854492e+00 -2.936266183853149414e+00 2.242152392864227295e-02 2.993817925453186035e-01 -5.523362755775451660e-01 7.776840925216674805e-01
-1.021447849273681641e+01 3.065695762634277344e+00 -2.934836149215698242e+00 2.185848355293273926e-02 2.990711331367492676e-01 -5.507789254188537598e-01 7.789231538772583008e-01
-1.020895576477050781e+01 3.040955781936645508e+00 -2.933440208435058594e+00 2.125562727451324463e-02 2.988042533397674561e-01 -5.490698218345642090e-01 7.802476882934570312e-01
-1.020354557037353516e+01 3.016783475875854492e+00 -2.932076454162597656e+00 2.061595022678375244e-02 2.985903620719909668e-01 -5.472156405448913574e-01 7.816480994224548340e-01
-1.019830417633056641e+01 2.993189573287963867e+00 -2.930494070053100586e+00 1.994305849075317383e-02 2.984389364719390869e-01 -5.452237129211425781e-01 7.831140756607055664e-01
-1.019325256347656250e+01 2.970176935195922852e+00 -2.928582668304443359e+00 1.924015581607818604e-02 2.983592748641967773e-01 -5.431006550788879395e-01 7.846357226371765137e-01
-1.018831062316894531e+01 2.947740316390991211e+00 -2.926715850830078125e+00 1.851014792919158936e-02 2.983610630035400391e-01 -5.408536195755004883e-01 7.862032651901245117e-01
-1.018347740173339844e+01 2.925881385803222656e+00 -2.924893617630004883e+00 1.775659620761871338e-02 2.984537482261657715e-01 -5.384895801544189453e-01 7.878064513206481934e-01
-1.017875194549560547e+01 2.904600858688354492e+00 -2.923114538192749023e+00 1.698219776153564453e-02 2.986468076705932617e-01 -5.360155105590820312e-01 7.894359230995178223e-01
-1.017413425445556641e+01 2.883902549743652344e+00 -2.921377420425415039e+00 1.619118452072143555e-02 2.989495098590850830e-01 -5.334390401840209961e-01 7.910814285278320312e-01
-1.016962528228759766e+01 2.863790273666381836e+00 -2.919681310653686523e+00 1.538588106632232666e-02 2.993717193603515625e-01 -5.307666659355163574e-01 7.927336096763610840e-01
-1.016522598266601562e+01 2.844264984130859375e+00 -2.918025493621826172e+00 1.457013189792633057e-02 2.999226748943328857e-01 -5.280061960220336914e-01 7.943825125694274902e-01
-1.016102027893066406e+01 2.825345277786254883e+00 -2.916038751602172852e+00 1.374667882919311523e-02 3.006123006343841553e-01 -5.251647233963012695e-01 7.960184216499328613e-01
-1.015692615509033203e+01 2.807018995285034180e+00 -2.914090394973754883e+00 1.291918754577636719e-02 3.014497756958007812e-01 -5.222492218017578125e-01 7.976319789886474609e-01
-1.015293693542480469e+01 2.789285898208618164e+00 -2.912192583084106445e+00 1.209108531475067139e-02 3.024447858333587646e-01 -5.192676782608032227e-01 7.992134690284729004e-01
-1.014905643463134766e+01 2.772147178649902344e+00 -2.910344123840332031e+00 1.126487553119659424e-02 3.036069869995117188e-01 -5.162265300750732422e-01 8.007534146308898926e-01
-1.014528083801269531e+01 2.755605459213256836e+00 -2.908544540405273438e+00 1.044449210166931152e-02 3.049460053443908691e-01 -5.131335854530334473e-01 8.022422194480895996e-01
-1.014175510406494141e+01 2.739833831787109375e+00 -2.906907796859741211e+00 9.504795074462890625e-03 3.049767315387725830e-01 -5.106592178344726562e-01 8.038195967674255371e-01
-1.013835906982421875e+01 2.724684953689575195e+00 -2.905336856842041016e+00 8.589074015617370605e-03 3.050038814544677734e-01 -5.082434415817260742e-01 8.053491711616516113e-01
-1.013509941101074219e+01 2.710164785385131836e+00 -2.903831481933593750e+00 7.702946662902832031e-03 3.050275444984436035e-01 -5.059016346931457520e-01 8.068223595619201660e-01
-1.013197708129882812e+01 2.696276903152465820e+00 -2.902391195297241211e+00 6.852015852928161621e-03 3.050477802753448486e-01 -5.036491751670837402e-01 8.082304000854492188e-01
-1.012903404235839844e+01 2.683033466339111328e+00 -2.900851726531982422e+00 6.042122840881347656e-03 3.050649762153625488e-01 -5.015013217926025391e-01 8.095647692680358887e-01
-1.012623596191406250e+01 2.670429706573486328e+00 -2.899368286132812500e+00 5.278706550598144531e-03 3.050791621208190918e-01 -4.994740486145019531e-01 8.108171224594116211e-01
-1.012358093261718750e+01 2.658468008041381836e+00 -2.897958993911743164e+00 4.567444324493408203e-03 3.050906062126159668e-01 -4.975823760032653809e-01 8.119794130325317383e-01
-1.012107372283935547e+01 2.647151947021484375e+00 -2.896624088287353516e+00 3.913938999176025391e-03 3.050996959209442139e-01 -4.958419501781463623e-01 8.130433559417724609e-01
-1.011871528625488281e+01 2.636483192443847656e+00 -2.895363807678222656e+00 3.323808312416076660e-03 3.051067292690277100e-01 -4.942684471607208252e-01 8.140009045600891113e-01
-1.011650657653808594e+01 2.626466035842895508e+00 -2.894177198410034180e+00 2.802401781082153320e-03 3.051118850708007812e-01 -4.928769469261169434e-01 8.148443698883056641e-01
-1.011445522308349609e+01 2.617104530334472656e+00 -2.893065214157104492e+00 2.355471253395080566e-03 3.051157295703887939e-01 -4.916825592517852783e-01 8.155654668807983398e-01
-1.011255931854248047e+01 2.608400821685791016e+00 -2.892027139663696289e+00 1.988485455513000488e-03 3.051183223724365234e-01 -4.907013475894927979e-01 8.161562085151672363e-01
-1.011082458496093750e+01 2.600360155105590820e+00 -2.891063451766967773e+00 1.707181334495544434e-03 3.051200509071350098e-01 -4.899486303329467773e-01 8.166082501411437988e-01
-1.010925388336181641e+01 2.592984676361083984e+00 -2.890174150466918945e+00 1.517117023468017578e-03 3.051210343837738037e-01 -4.894398748874664307e-01 8.169133067131042480e-01
-1.010784912109375000e+01 2.586276769638061523e+00 -2.889358997344970703e+00 1.424416899681091309e-03 3.051214814186096191e-01 -4.891915917396545410e-01 8.170620203018188477e-01
-1.010661029815673828e+01 2.580241680145263672e+00 -2.888617992401123047e+00 1.434981822967529297e-03 3.051214516162872314e-01 -4.892199039459228516e-01 8.170450925827026367e-01
-1.010554504394531250e+01 2.574886322021484375e+00 -2.887951374053955078e+00 1.555100083351135254e-03 3.051207959651947021e-01 -4.895417690277099609e-01 8.168523311614990234e-01
-1.010465335845947266e+01 2.570209980010986328e+00 -2.887358903884887695e+00 1.791700720787048340e-03 3.051195442676544189e-01 -4.901748895645141602e-01 8.164725303649902344e-01
-1.010393619537353516e+01 2.566223144531250000e+00 -2.886840820312500000e+00 2.151519060134887695e-03 3.051172494888305664e-01 -4.911372661590576172e-01 8.158938884735107422e-01
-1.010340213775634766e+01 2.562926054000854492e+00 -2.886390924453735352e+00 2.642020583152770996e-03 3.051132857799530029e-01 -4.924485087394714355e-01 8.151032328605651855e-01
-1.010355186462402344e+01 2.560876369476318359e+00 -2.886424303054809570e+00 3.069669008255004883e-03 3.000211417675018311e-01 -4.963468313217163086e-01 8.146273493766784668e-01
-1.010393333435058594e+01 2.559594631195068359e+00 -2.886610746383666992e+00 3.601893782615661621e-03 2.942138016223907471e-01 -5.008554458618164062e-01 8.139834403991699219e-01
-1.010452651977539062e+01 2.559061288833618164e+00 -2.886947870254516602e+00 4.233941435813903809e-03 2.877887189388275146e-01 -5.058925747871398926e-01 8.131619691848754883e-01
-1.010531139373779297e+01 2.559260129928588867e+00 -2.887433052062988281e+00 4.960417747497558594e-03 2.808443903923034668e-01 -5.113773941993713379e-01 8.121545910835266113e-01
-1.010627079010009766e+01 2.560173273086547852e+00 -2.888062000274658203e+00 5.776263773441314697e-03 2.734800279140472412e-01 -5.172301530838012695e-01 8.109550476074218750e-01
-1.010631370544433594e+01 2.556535482406616211e+00 -2.888152599334716797e+00 6.676286458969116211e-03 2.657958865165710449e-01 -5.233726501464843750e-01 8.095611333847045898e-01
-1.010542297363281250e+01 2.548328876495361328e+00 -2.887697696685791016e+00 7.655501365661621094e-03 2.578939795494079590e-01 -5.297285914421081543e-01 8.079726099967956543e-01
-1.010358333587646484e+01 2.535534620285034180e+00 -2.886690378189086914e+00 8.708588778972625732e-03 2.498773187398910522e-01 -5.362244844436645508e-01 8.061940073966979980e-01
-1.010199451446533203e+01 2.524096727371215820e+00 -2.885887384414672852e+00 9.830325841903686523e-03 2.418505549430847168e-01 -5.427886247634887695e-01 8.042339682579040527e-01
-1.010064411163330078e+01 2.513992786407470703e+00 -2.885278463363647461e+00 1.101592928171157837e-02 2.339196205139160156e-01 -5.493527650833129883e-01 8.021046519279479980e-01
-1.009952163696289062e+01 2.505209922790527344e+00 -2.884850502014160156e+00 1.225994527339935303e-02 2.261913567781448364e-01 -5.558510422706604004e-01 7.998230457305908203e-01
-1.009861183166503906e+01 2.497726917266845703e+00 -2.884589195251464844e+00 1.355721801519393921e-02 2.187742441892623901e-01 -5.622202157974243164e-01 7.974098920822143555e-01
-1.009790992736816406e+01 2.491527080535888672e+00 -2.884478807449340820e+00 1.490326970815658569e-02 2.117769569158554077e-01 -5.684006214141845703e-01 7.948893904685974121e-01
-1.009740829467773438e+01 2.486590623855590820e+00 -2.884502887725830078e+00 1.629293709993362427e-02 2.053093314170837402e-01 -5.743339061737060547e-01 7.922897934913635254e-01
-1.009710025787353516e+01 2.482899188995361328e+00 -2.884643077850341797e+00 1.772102713584899902e-02 1.994818150997161865e-01 -5.799644589424133301e-01 7.896417975425720215e-01
-1.009698295593261719e+01 2.480434417724609375e+00 -2.884881496429443359e+00 1.918329298496246338e-02 1.944049298763275146e-01 -5.852392315864562988e-01 7.869777083396911621e-01
-1.009704971313476562e+01 2.479180812835693359e+00 -2.885198831558227539e+00 2.067504823207855225e-02 1.901894211769104004e-01 -5.901052355766296387e-01 7.843317985534667969e-01
-1.009729862213134766e+01 2.479116201400756836e+00 -2.885577440261840820e+00 2.219150960445404053e-02 1.869460046291351318e-01 -5.945109128952026367e-01 7.817386984825134277e-01
-1.009772968292236328e+01 2.480225801467895508e+00 -2.885995388031005859e+00 2.372833341360092163e-02 1.847853511571884155e-01 -5.984044671058654785e-01 7.792326211929321289e-01
-1.009631347656250000e+01 2.472604990005493164e+00 -2.885212421417236328e+00 2.528108656406402588e-02 1.838174760341644287e-01 -6.017332673072814941e-01 7.768455743789672852e-01
-1.009305286407470703e+01 2.456241369247436523e+00 -2.883214235305786133e+00 2.684402465820312500e-02 1.841162294149398804e-01 -6.044570207595825195e-01 7.746046185493469238e-01
-1.008794975280761719e+01 2.431137561798095703e+00 -2.880007028579711914e+00 2.840691059827804565e-02 1.856121569871902466e-01 -6.065928339958190918e-01 7.725194096565246582e-01
-1.008101558685302734e+01 2.397299766540527344e+00 -2.875601530075073242e+00 2.995735406875610352e-02 1.881999373435974121e-01 -6.081683635711669922e-01 7.705935835838317871e-01
-1.007274913787841797e+01 2.354598283767700195e+00 -2.870333909988403320e+00 3.148353099822998047e-02 1.917727738618850708e-01 -6.092095971107482910e-01 7.688274979591369629e-01
-1.006314468383789062e+01 2.303057909011840820e+00 -2.864135980606079102e+00 3.297338634729385376e-02 1.962235718965530396e-01 -6.097408533096313477e-01 7.672190666198730469e-01
-1.005379581451416016e+01 2.242359638214111328e+00 -2.857568502426147461e+00 3.441456705331802368e-02 2.014451324939727783e-01 -6.097852587699890137e-01 7.657659649848937988e-01
-1.004758930206298828e+01 2.172224044799804688e+00 -2.851252317428588867e+00 3.579496592283248901e-02 2.073297947645187378e-01 -6.093661189079284668e-01 7.644644379615783691e-01
-1.004898166656494141e+01 2.092852830886840820e+00 -2.845942258834838867e+00 3.710213303565979004e-02 2.137702107429504395e-01 -6.085066795349121094e-01 7.633121013641357422e-01
-1.005997943878173828e+01 2.005196571350097656e+00 -2.841699838638305664e+00 3.832433372735977173e-02 2.206584811210632324e-01 -6.072311997413635254e-01 7.623066306114196777e-01
-1.007998752593994141e+01 1.909979224205017090e+00 -2.838110685348510742e+00 3.944890946149826050e-02 2.278877496719360352e-01 -6.055647730827331543e-01 7.614474892616271973e-01
-1.010698986053466797e+01 1.807255864143371582e+00 -2.834623336791992188e+00 4.046431928873062134e-02 2.353510856628417969e-01 -6.035341620445251465e-01 7.607358098030090332e-01
-1.013957214355468750e+01 1.696866393089294434e+00 -2.831045389175415039e+00 4.135834425687789917e-02 2.429423779249191284e-01 -6.011678576469421387e-01 7.601747512817382812e-01
-1.017659568786621094e+01 1.578552246093750000e+00 -2.827310085296630859e+00 4.211919009685516357e-02 2.505558729171752930e-01 -5.984959006309509277e-01 7.597699165344238281e-01
-1.021732139587402344e+01 1.452110528945922852e+00 -2.823389291763305664e+00 4.273511469364166260e-02 2.580869793891906738e-01 -5.955505371093750000e-01 7.595290541648864746e-01
-1.026138019561767578e+01 1.317434072494506836e+00 -2.819282531738281250e+00 4.319446533918380737e-02 2.654315829277038574e-01 -5.923653244972229004e-01 7.594627141952514648e-01
-1.030873680114746094e+01 1.174523949623107910e+00 -2.814984321594238281e+00 4.348620772361755371e-02 2.724862694740295410e-01 -5.889766812324523926e-01 7.595832347869873047e-01
-1.035909557342529297e+01 1.023294687271118164e+00 -2.810496091842651367e+00 4.359833151102066040e-02 2.791491150856018066e-01 -5.854212045669555664e-01 7.599059343338012695e-01
-1.041238498687744141e+01 8.637292385101318359e-01 -2.805840015411376953e+00 4.351996630430221558e-02 2.853184938430786133e-01 -5.817382335662841797e-01 7.604471445083618164e-01
-1.046856689453125000e+01 6.958276033401489258e-01 -2.800989627838134766e+00 4.323986917734146118e-02 2.908933758735656738e-01 -5.779678225517272949e-01 7.612256407737731934e-01
-1.052759647369384766e+01 5.195812582969665527e-01 -2.795994520187377930e+00 4.274720698595046997e-02 2.957735061645507812e-01 -5.741506814956665039e-01 7.622609734535217285e-01
-1.058942508697509766e+01 3.352014124393463135e-01 -2.790667057037353516e+00 3.985874354839324951e-02 2.974571585655212402e-01 -5.712975263595581055e-01 7.639042139053344727e-01
-1.065408420562744141e+01 1.424462795257568359e-01 -2.785217523574829102e+00 3.720557689666748047e-02 2.988712787628173828e-01 -5.682760477066040039e-01 7.657375335693359375e-01
-1.072140121459960938e+01 -5.873657017946243286e-02 -2.779586315155029297e+00 3.477619588375091553e-02 3.000331521034240723e-01 -5.651061534881591797e-01 7.677406668663024902e-01
-1.079150962829589844e+01 -2.682971060276031494e-01 -2.773808479309082031e+00 3.255794942378997803e-02 3.009627759456634521e-01 -5.618087649345397949e-01 7.698910832405090332e-01
-1.086431217193603516e+01 -4.862634241580963135e-01 -2.767862796783447266e+00 3.053827583789825439e-02 3.016806542873382568e-01 -5.584061145782470703e-01 7.721650004386901855e-01
-1.093983173370361328e+01 -7.126196026802062988e-01 -2.761745929718017578e+00 2.870355546474456787e-02 3.022085428237915039e-01 -5.549217462539672852e-01 7.745372056961059570e-01
-1.101809787750244141e+01 -9.473485946655273438e-01 -2.755460739135742188e+00 2.704086899757385254e-02 3.025684356689453125e-01 -5.513803362846374512e-01 7.769818305969238281e-01
-1.109589290618896484e+01 -1.181362271308898926e+00 -2.749228954315185547e+00 2.553710341453552246e-02 3.027822375297546387e-01 -5.478069782257080078e-01 7.794730663299560547e-01
-1.117343330383300781e+01 -1.414584875106811523e+00 -2.743062496185302734e+00 2.417914569377899170e-02 3.028715848922729492e-01 -5.442279577255249023e-01 7.819848060607910156e-01
-1.125043964385986328e+01 -1.647099614143371582e+00 -2.736940860748291016e+00 2.295424044132232666e-02 3.028576076030731201e-01 -5.406692028045654297e-01 7.844915986061096191e-01
-1.132714080810546875e+01 -1.878826260566711426e+00 -2.730867862701416016e+00 2.185009419918060303e-02 3.027603030204772949e-01 -5.371578931808471680e-01 7.869690060615539551e-01
-1.140345764160156250e+01 -2.109783887863159180e+00 -2.724836349487304688e+00 2.085477113723754883e-02 3.025990128517150879e-01 -5.337215065956115723e-01 7.893922924995422363e-01
-1.147926044464111328e+01 -2.340009689331054688e+00 -2.718839406967163086e+00 1.995664834976196289e-02 3.023915588855743408e-01 -5.303872227668762207e-01 7.917388677597045898e-01
-1.155481815338134766e+01 -2.569407939910888672e+00 -2.712872028350830078e+00 1.914535462856292725e-02 3.021549284458160400e-01 -5.271825194358825684e-01 7.939863204956054688e-01
-1.162972831726074219e+01 -2.798106670379638672e+00 -2.706932306289672852e+00 1.841042935848236084e-02 3.019047379493713379e-01 -5.241353511810302734e-01 7.961135506629943848e-01
-1.170429992675781250e+01 -3.025998353958129883e+00 -2.701012611389160156e+00 1.774226129055023193e-02 3.016557097434997559e-01 -5.212728381156921387e-01 7.980999946594238281e-01
-1.177842998504638672e+01 -3.253111600875854492e+00 -2.695109844207763672e+00 1.713190972805023193e-02 3.014216423034667969e-01 -5.186231732368469238e-01 7.999258637428283691e-01
-1.185186767578125000e+01 -3.479523181915283203e+00 -2.689224481582641602e+00 1.657034456729888916e-02 3.012156486511230469e-01 -5.162132978439331055e-01 8.015723824501037598e-01
-1.192507743835449219e+01 -3.705075502395629883e+00 -2.683341979980468750e+00 1.604945957660675049e-02 3.010500073432922363e-01 -5.140709280967712402e-01 8.030206561088562012e-01
-1.199718379974365234e+01 -3.930048227310180664e+00 -2.677483081817626953e+00 1.556102931499481201e-02 3.009369671344757080e-01 -5.122235417366027832e-01 8.042522668838500977e-01
-1.206902217864990234e+01 -4.154158115386962891e+00 -2.671614646911621094e+00 1.502889394760131836e-02 3.007902204990386963e-01 -5.107266306877136230e-01 8.052685856819152832e-01
-1.213951873779296875e+01 -4.377772808074951172e+00 -2.665795803070068359e+00 1.468209922313690186e-02 3.008799254894256592e-01 -5.094729661941528320e-01 8.060353398323059082e-01
-1.220951366424560547e+01 -4.600606441497802734e+00 -2.659986734390258789e+00 1.432053744792938232e-02 3.009101450443267822e-01 -5.085545182228088379e-01 8.066103458404541016e-01
-1.227823925018310547e+01 -4.822935581207275391e+00 -2.655472755432128906e+00 1.403260231018066406e-02 3.009600341320037842e-01 -5.079264640808105469e-01 8.069925904273986816e-01
-1.234647464752197266e+01 -5.044506072998046875e+00 -2.652190446853637695e+00 1.383355259895324707e-02 3.010159432888031006e-01 -5.075777769088745117e-01 8.071944117546081543e-01
-1.241409111022949219e+01 -5.265370845794677734e+00 -2.651165962219238281e+00 1.373910903930664062e-02 3.010636866092681885e-01 -5.074968934059143066e-01 8.072290420532226562e-01
-1.248172664642333984e+01 -5.485253334045410156e+00 -2.656148672103881836e+00 1.376508176326751709e-02 3.010894060134887695e-01 -5.076725482940673828e-01 8.071085810661315918e-01
-1.255031967163085938e+01 -5.703549861907958984e+00 -2.669218063354492188e+00 1.392689347267150879e-02 3.010785579681396484e-01 -5.080928206443786621e-01 8.068452477455139160e-01
-1.262130832672119141e+01 -5.918921947479248047e+00 -2.695379972457885742e+00 1.424032449722290039e-02 3.010166585445404053e-01 -5.087458491325378418e-01 8.064513206481933594e-01
-1.269674682617187500e+01 -6.128534793853759766e+00 -2.740904808044433594e+00 1.472201943397521973e-02 3.008881211280822754e-01 -5.096199512481689453e-01 8.059386014938354492e-01
-1.277906513214111328e+01 -6.327069759368896484e+00 -2.812406301498413086e+00 1.538836956024169922e-02 3.006772398948669434e-01 -5.107029676437377930e-01 8.053191900253295898e-01
-1.286683464050292969e+01 -6.513353824615478516e+00 -2.904663085937500000e+00 1.623322069644927979e-02 3.003377318382263184e-01 -5.119943618774414062e-01 8.046090006828308105e-01
-1.295765590667724609e+01 -6.687001705169677734e+00 -3.014744281768798828e+00 1.630537211894989014e-02 2.985976934432983398e-01 -5.139415264129638672e-01 8.040133714675903320e-01
-1.304950332641601562e+01 -6.848687648773193359e+00 -3.139610528945922852e+00 1.625774800777435303e-02 2.962711453437805176e-01 -5.162258148193359375e-01 8.034114837646484375e-01
-1.314091682434082031e+01 -6.999580383300781250e+00 -3.276346921920776367e+00 1.606416702270507812e-02 2.932867109775543213e-01 -5.188520550727844238e-01 8.028183579444885254e-01
-1.323094081878662109e+01 -7.141107559204101562e+00 -3.422424316406250000e+00 1.569870114326477051e-02 2.895720601081848145e-01 -5.218241214752197266e-01 8.022474646568298340e-01
-1.331903553009033203e+01 -7.274718284606933594e+00 -3.575762271881103516e+00 1.513490080833435059e-02 2.850543558597564697e-01 -5.251440405845642090e-01 8.017098307609558105e-01
-1.340495967864990234e+01 -7.401740550994873047e+00 -3.734712362289428711e+00 1.434659212827682495e-02 2.796598672866821289e-01 -5.288117527961730957e-01 8.012132048606872559e-01
-1.348868656158447266e+01 -7.523312091827392578e+00 -3.897989988327026367e+00 1.330710947513580322e-02 2.733138203620910645e-01 -5.328246951103210449e-01 8.007623553276062012e-01
-1.356948852539062500e+01 -7.639029502868652344e+00 -4.065898895263671875e+00 1.199031621217727661e-02 2.659400105476379395e-01 -5.371780991554260254e-01 8.003573417663574219e-01
-1.364849948883056641e+01 -7.750577449798583984e+00 -4.236497879028320312e+00 9.453214704990386963e-03 2.546129524707794189e-01 -5.426930785179138184e-01 8.003542423248291016e-01
-1.372592735290527344e+01 -7.859119892120361328e+00 -4.408759593963623047e+00 6.914541125297546387e-03 2.432438433170318604e-01 -5.481187105178833008e-01 8.002190589904785156e-01
-1.380170154571533203e+01 -7.964480400085449219e+00 -4.582761287689208984e+00 4.374586045742034912e-03 2.318346351385116577e-01 -5.534538030624389648e-01 7.999515533447265625e-01
-1.387565135955810547e+01 -8.066203117370605469e+00 -4.758728504180908203e+00 1.833982765674591064e-03 2.203871458768844604e-01 -5.586973428726196289e-01 7.995520234107971191e-01
-1.394839954376220703e+01 -8.165545463562011719e+00 -4.935586929321289062e+00 -7.067546248435974121e-04 2.089031040668487549e-01 -5.638486742973327637e-01 7.990204691886901855e-01
-1.401749038696289062e+01 -8.259094238281250000e+00 -5.107156753540039062e+00 -3.247611224651336670e-03 1.973847746849060059e-01 -5.689070224761962891e-01 7.983567714691162109e-01
-1.408241081237792969e+01 -8.345533370971679688e+00 -5.274283409118652344e+00 -5.787819623947143555e-03 1.858336478471755981e-01 -5.738711357116699219e-01 7.975614666938781738e-01
-1.414387893676757812e+01 -8.426451683044433594e+00 -5.435759544372558594e+00 -8.327074348926544189e-03 1.742520034313201904e-01 -5.787407755851745605e-01 7.966341376304626465e-01
-1.420190620422363281e+01 -8.501865386962890625e+00 -5.591559886932373047e+00 -1.086493581533432007e-02 1.626415103673934937e-01 -5.835149288177490234e-01 7.955753207206726074e-01
-1.425590896606445312e+01 -8.570149421691894531e+00 -5.742613792419433594e+00 -1.340114325284957886e-02 1.510041356086730957e-01 -5.881922841072082520e-01 7.943853735923767090e-01
-1.430611324310302734e+01 -8.631741523742675781e+00 -5.888474464416503906e+00 -1.593485474586486816e-02 1.393417268991470337e-01 -5.927728414535522461e-01 7.930638194084167480e-01
-1.435278701782226562e+01 -8.687410354614257812e+00 -6.028656005859375000e+00 -1.846623420715332031e-02 1.276565492153167725e-01 -5.972552299499511719e-01 7.916116118431091309e-01
-1.439520359039306641e+01 -8.735257148742675781e+00 -6.163768768310546875e+00 -2.099427580833435059e-02 1.159500032663345337e-01 -6.016391515731811523e-01 7.900284528732299805e-01
-1.442973995208740234e+01 -8.765633583068847656e+00 -6.297693252563476562e+00 -2.351902797818183899e-02 1.042244583368301392e-01 -6.059235334396362305e-01 7.883151769638061523e-01
-1.446165466308593750e+01 -8.792668342590332031e+00 -6.424165725708007812e+00 -2.603987231850624084e-02 9.248174726963043213e-02 -6.101081371307373047e-01 7.864713072776794434e-01
-1.448317718505859375e+01 -8.796795845031738281e+00 -6.547563552856445312e+00 -2.855645678937435150e-02 8.072368800640106201e-02 -6.141915917396545410e-01 7.844977974891662598e-01
-1.450145816802978516e+01 -8.796143531799316406e+00 -6.663243770599365234e+00 -3.106819279491901398e-02 6.895229965448379517e-02 -6.181740164756774902e-01 7.823945283889770508e-01
-1.451550102233886719e+01 -8.788447380065917969e+00 -6.770952701568603516e+00 -3.357484191656112671e-02 5.716944485902786255e-02 -6.220541000366210938e-01 7.801621556282043457e-01
-1.452687549591064453e+01 -8.777491569519042969e+00 -6.870372772216796875e+00 -3.607594966888427734e-02 4.537727311253547668e-02 -6.258317232131958008e-01 7.778007984161376953e-01
-1.453646183013916016e+01 -8.765365600585937500e+00 -6.961533546447753906e+00 -3.857119753956794739e-02 3.357760608196258545e-02 -6.295055150985717773e-01 7.753112316131591797e-01
-1.454409503936767578e+01 -8.752320289611816406e+00 -7.043749332427978516e+00 -4.005786031484603882e-02 2.657399885356426239e-02 -6.319478750228881836e-01 7.735186219215393066e-01
-1.455093002319335938e+01 -8.740556716918945312e+00 -7.117678165435791016e+00 -4.127529263496398926e-02 2.072802558541297913e-02 -6.340964436531066895e-01 7.718733549118041992e-01
-1.455629634857177734e+01 -8.729462623596191406e+00 -7.183278083801269531e+00 -4.223565012216567993e-02 1.600449904799461365e-02 -6.359544992446899414e-01 7.704037427902221680e-01
-1.456085395812988281e+01 -8.719662666320800781e+00 -7.240592479705810547e+00 -4.295141249895095825e-02 1.236816868185997009e-02 -6.375228166580200195e-01 7.691337466239929199e-01
-1.456474685668945312e+01 -8.711292266845703125e+00 -7.289631366729736328e+00 -4.343437403440475464e-02 9.783104993402957916e-03 -6.387987732887268066e-01 7.680847048759460449e-01
-1.456764411926269531e+01 -8.704359054565429688e+00 -7.330419540405273438e+00 -4.369646310806274414e-02 8.213806897401809692e-03 -6.397774219512939453e-01 7.672730088233947754e-01
-1.456974697113037109e+01 -8.698861122131347656e+00 -7.362946510314941406e+00 -4.374932497739791870e-02 7.623922079801559448e-03 -6.404508948326110840e-01 7.667140960693359375e-01
-1.457130432128906250e+01 -8.694797515869140625e+00 -7.387194633483886719e+00 -4.360415786504745483e-02 7.977942004799842834e-03 -6.408096551895141602e-01 7.664189338684082031e-01
-1.457231521606445312e+01 -8.692171096801757812e+00 -7.403167724609375000e+00 -4.327299445867538452e-02 9.239682927727699280e-03 -6.408414840698242188e-01 7.663968205451965332e-01
-1.457278156280517578e+01 -8.690987586975097656e+00 -7.410868167877197266e+00 -4.276633262634277344e-02 1.137343794107437134e-02 -6.405327320098876953e-01 7.666547298431396484e-01
-1.457382011413574219e+01 -8.688366889953613281e+00 -7.428007602691650391e+00 -4.209546744823455811e-02 1.434278301894664764e-02 -6.398679018020629883e-01 7.671971321105957031e-01
-1.457543277740478516e+01 -8.684314727783203125e+00 -7.454587936401367188e+00 -4.127179831266403198e-02 1.811203174293041229e-02 -6.388295292854309082e-01 7.680269479751586914e-01
-1.457761573791503906e+01 -8.678836822509765625e+00 -7.490614891052246094e+00 -4.030584171414375305e-02 2.264478802680969238e-02 -6.373995542526245117e-01 7.691452503204345703e-01
-1.457961750030517578e+01 -8.672439575195312500e+00 -7.536216735839843750e+00 -3.920873627066612244e-02 2.790478244423866272e-02 -6.355578303337097168e-01 7.705518007278442383e-01
-1.458201408386230469e+01 -8.664738655090332031e+00 -7.591305255889892578e+00 -3.799105435609817505e-02 3.385544195771217346e-02 -6.332839727401733398e-01 7.722446918487548828e-01
-1.458481311798095703e+01 -8.655733108520507812e+00 -7.655886650085449219e+00 -3.666404634714126587e-02 4.046027362346649170e-02 -6.305556893348693848e-01 7.742210626602172852e-01
-1.458702564239501953e+01 -8.646520614624023438e+00 -7.730160236358642578e+00 -3.523796051740646362e-02 4.768211767077445984e-02 -6.273507475852966309e-01 7.764765024185180664e-01
-1.458896446228027344e+01 -8.636753082275390625e+00 -7.814071655273437500e+00 -3.372385352849960327e-02 5.548377335071563721e-02 -6.236460208892822266e-01 7.790056467056274414e-01
-1.459021663665771484e+01 -8.627158164978027344e+00 -7.907692909240722656e+00 -3.213263303041458130e-02 6.382770836353302002e-02 -6.194176673889160156e-01 7.818025946617126465e-01
-1.459007740020751953e+01 -8.618729591369628906e+00 -8.011154174804687500e+00 -3.047488257288932800e-02 7.267574965953826904e-02 -6.146419644355773926e-01 7.848598361015319824e-01
-1.458794307708740234e+01 -8.612734794616699219e+00 -8.124436378479003906e+00 -2.876298502087593079e-02 8.197890222072601318e-02 -6.093096137046813965e-01 7.881585955619812012e-01
-1.458380985260009766e+01 -8.609190940856933594e+00 -8.247524261474609375e+00 -2.701468765735626221e-02 9.164404869079589844e-02 -6.034759879112243652e-01 7.916364669799804688e-01
-1.457452487945556641e+01 -8.613941192626953125e+00 -8.380176544189453125e+00 -2.524957433342933655e-02 1.015678048133850098e-01 -5.972142219543457031e-01 7.952241897583007812e-01
-1.456104564666748047e+01 -8.627373695373535156e+00 -8.504701614379882812e+00 -2.348728850483894348e-02 1.116464659571647644e-01 -5.906024575233459473e-01 7.988568544387817383e-01
-1.454427814483642578e+01 -8.646985054016113281e+00 -8.620912551879882812e+00 -2.174726501107215881e-02 1.217771321535110474e-01 -5.837222337722778320e-01 8.024747371673583984e-01
-1.452497386932373047e+01 -8.670849800109863281e+00 -8.728805541992187500e+00 -2.004997432231903076e-02 1.318576782941818237e-01 -5.766596794128417969e-01 8.060243129730224609e-01
-1.450278377532958984e+01 -8.697890281677246094e+00 -8.828061103820800781e+00 -1.841510832309722900e-02 1.417864859104156494e-01 -5.695053935050964355e-01 8.094573020935058594e-01
-1.447969913482666016e+01 -8.724260330200195312e+00 -8.919762611389160156e+00 -1.686330884695053101e-02 1.514632701873779297e-01 -5.623537898063659668e-01 8.127316236495971680e-01
-1.445679283142089844e+01 -8.749054908752441406e+00 -9.004378318786621094e+00 -1.541485637426376343e-02 1.607889831066131592e-01 -5.553032159805297852e-01 8.158110380172729492e-01
-1.443363761901855469e+01 -8.770686149597167969e+00 -9.082155227661132812e+00 -1.409000903367996216e-02 1.696653962135314941e-01 -5.484557151794433594e-01 8.186644315719604492e-01
-1.441180133819580078e+01 -8.788793563842773438e+00 -9.153518676757812500e+00 -1.290935277938842773e-02 1.779960989952087402e-01 -5.419161319732666016e-01 8.212658762931823730e-01
-1.439122295379638672e+01 -8.803099632263183594e+00 -9.218497276306152344e+00 -1.189344376325607300e-02 1.856854557991027832e-01 -5.357917547225952148e-01 8.235936760902404785e-01
-1.437256336212158203e+01 -8.813797950744628906e+00 -9.277057647705078125e+00 -1.106223464012145996e-02 1.926389336585998535e-01 -5.301918387413024902e-01 8.256298303604125977e-01
-1.435580444335937500e+01 -8.820275306701660156e+00 -9.329272270202636719e+00 -1.043666899204254150e-02 1.987633705139160156e-01 -5.252265334129333496e-01 8.273580670356750488e-01
-1.434121417999267578e+01 -8.825877189636230469e+00 -9.374722480773925781e+00 -1.003694534301757812e-02 2.039658129215240479e-01 -5.210067629814147949e-01 8.287636637687683105e-01
-1.432901477813720703e+01 -8.827365875244140625e+00 -9.413578033447265625e+00 -9.883575141429901123e-03 2.081535011529922485e-01 -5.176421403884887695e-01 8.298319578170776367e-01
-1.431907272338867188e+01 -8.827155113220214844e+00 -9.445705413818359375e+00 -9.996801614761352539e-03 2.112334817647933960e-01 -5.152418613433837891e-01 8.305458426475524902e-01
-1.431130981445312500e+01 -8.826842308044433594e+00 -9.471010208129882812e+00 -1.039728522300720215e-02 2.131122052669525146e-01 -5.139122605323791504e-01 8.308845758438110352e-01
-1.430573940277099609e+01 -8.826400756835937500e+00 -9.489494323730468750e+00 -1.110514253377914429e-02 2.136947512626647949e-01 -5.137557983398437500e-01 8.308225870132446289e-01
-1.430237865447998047e+01 -8.825805664062500000e+00 -9.501159667968750000e+00 -1.214122027158737183e-02 2.128845751285552979e-01 -5.148707628250122070e-01 8.303257822990417480e-01
-1.430123615264892578e+01 -8.825037956237792969e+00 -9.506012916564941406e+00 -1.351580768823623657e-02 2.106174975633621216e-01 -5.173153877258300781e-01 8.293625712394714355e-01
-1.429941940307617188e+01 -8.823866844177246094e+00 -9.513853073120117188e+00 -1.520274579524993896e-02 2.069701701402664185e-01 -5.210046768188476562e-01 8.279410004615783691e-01
-1.429690742492675781e+01 -8.822314262390136719e+00 -9.524690628051757812e+00 -1.716509461402893066e-02 2.020523697137832642e-01 -5.258154869079589844e-01 8.260740041732788086e-01
-1.429394912719726562e+01 -8.818732261657714844e+00 -9.538447380065917969e+00 -1.936693489551544189e-02 1.959739625453948975e-01 -5.316213369369506836e-01 8.237704634666442871e-01
-1.429035282135009766e+01 -8.814141273498535156e+00 -9.555184364318847656e+00 -2.177112549543380737e-02 1.888439059257507324e-01 -5.382944941520690918e-01 8.210377097129821777e-01
-1.428605556488037109e+01 -8.808831214904785156e+00 -9.574922561645507812e+00 -2.434075623750686646e-02 1.807722747325897217e-01 -5.457066893577575684e-01 8.178833127021789551e-01
-1.428103160858154297e+01 -8.802831649780273438e+00 -9.597673416137695312e+00 -2.703900635242462158e-02 1.718703806400299072e-01 -5.537305474281311035e-01 8.143168687820434570e-01
-1.427525329589843750e+01 -8.796169281005859375e+00 -9.623440742492675781e+00 -2.982880175113677979e-02 1.622506082057952881e-01 -5.622402429580688477e-01 8.103523254394531250e-01
-1.426870250701904297e+01 -8.788874626159667969e+00 -9.652232170104980469e+00 -3.267325833439826965e-02 1.520273983478546143e-01 -5.711128115653991699e-01 8.060089349746704102e-01
-1.426153659820556641e+01 -8.780191421508789062e+00 -9.683916091918945312e+00 -3.553498908877372742e-02 1.413168609142303467e-01 -5.802292823791503906e-01 8.013119101524353027e-01
-1.425434684753417969e+01 -8.767556190490722656e+00 -9.718048095703125000e+00 -3.837763145565986633e-02 1.302371025085449219e-01 -5.894750356674194336e-01 7.962943911552429199e-01
-1.424640274047851562e+01 -8.754024505615234375e+00 -9.755140304565429688e+00 -4.116426035761833191e-02 1.189080476760864258e-01 -5.987405180931091309e-01 7.909969687461853027e-01
-1.423769378662109375e+01 -8.739627838134765625e+00 -9.795185089111328125e+00 -4.385901242494583130e-02 1.074512302875518799e-01 -6.079223155975341797e-01 7.854686975479125977e-01
-1.422831726074218750e+01 -8.724041938781738281e+00 -9.838070869445800781e+00 -4.642605781555175781e-02 9.598958492279052734e-02 -6.169230341911315918e-01 7.797670960426330566e-01
-1.421957206726074219e+01 -8.703043937683105469e+00 -9.882576942443847656e+00 -4.883024841547012329e-02 8.464701473712921143e-02 -6.256517171859741211e-01 7.739576101303100586e-01
-1.421013069152832031e+01 -8.680962562561035156e+00 -9.929904937744140625e+00 -5.103690922260284424e-02 7.354840636253356934e-02 -6.340237855911254883e-01 7.681142687797546387e-01
-1.419998741149902344e+01 -8.657829284667968750e+00 -9.980039596557617188e+00 -5.301188677549362183e-02 6.281848996877670288e-02 -6.419616937637329102e-01 7.623180150985717773e-01
-1.419068241119384766e+01 -8.629693031311035156e+00 -1.003135108947753906e+01 -5.472157895565032959e-02 5.258260667324066162e-02 -6.493933796882629395e-01 7.566562891006469727e-01
-1.418134975433349609e+01 -8.598825454711914062e+00 -1.008472251892089844e+01 -5.613334104418754578e-02 4.296603798866271973e-02 -6.562527418136596680e-01 7.512226104736328125e-01
-1.417143154144287109e+01 -8.566701889038085938e+00 -1.014071464538574219e+01 -5.721433833241462708e-02 3.409325331449508667e-02 -6.624779701232910156e-01 7.461146712303161621e-01
-1.416321945190429688e+01 -8.528512954711914062e+00 -1.019670867919921875e+01 -5.794214457273483276e-02 2.606127783656120300e-02 -6.680300831794738770e-01 7.414171099662780762e-01
-1.415507984161376953e+01 -8.487728118896484375e+00 -1.025456428527832031e+01 -5.833351239562034607e-02 1.885909773409366608e-02 -6.729454398155212402e-01 7.371472716331481934e-01
-1.414719676971435547e+01 -8.444215774536132812e+00 -1.031401634216308594e+01 -5.841369926929473877e-02 1.244749501347541809e-02 -6.772757172584533691e-01 7.333010435104370117e-01
-1.414185237884521484e+01 -8.393975257873535156e+00 -1.037227058410644531e+01 -5.820889770984649658e-02 6.786964833736419678e-03 -6.810689568519592285e-01 7.298703789710998535e-01
-1.413624477386474609e+01 -8.341919898986816406e+00 -1.043277168273925781e+01 -5.774383246898651123e-02 1.837806776165962219e-03 -6.843699216842651367e-01 7.268424630165100098e-01
-1.413393306732177734e+01 -8.282868385314941406e+00 -1.049081230163574219e+01 -5.704393610358238220e-02 -2.440394833683967590e-03 -6.872203350067138672e-01 7.242016792297363281e-01
-1.413246154785156250e+01 -8.220390319824218750e+00 -1.054965305328369141e+01 -5.613374337553977966e-02 -6.087623536586761475e-03 -6.896594166755676270e-01 7.219291925430297852e-01
-1.413395500183105469e+01 -8.152199745178222656e+00 -1.060614395141601562e+01 -5.503766983747482300e-02 -9.144812822341918945e-03 -6.917238831520080566e-01 7.200037837028503418e-01
-1.413791942596435547e+01 -8.078883171081542969e+00 -1.066100692749023438e+01 -5.378042906522750854e-02 -1.165212318301200867e-02 -6.934488415718078613e-01 7.184014320373535156e-01
-1.414494132995605469e+01 -8.000483512878417969e+00 -1.071301937103271484e+01 -5.238597095012664795e-02 -1.365000940859317780e-02 -6.948674917221069336e-01 7.170972824096679688e-01
-1.415566730499267578e+01 -7.916388988494873047e+00 -1.076117134094238281e+01 -5.087818205356597900e-02 -1.517893746495246887e-02 -6.960117220878601074e-01 7.160647511482238770e-01
-1.416941642761230469e+01 -7.827817440032958984e+00 -1.080605220794677734e+01 -4.928139224648475647e-02 -1.627958379685878754e-02 -6.969126462936401367e-01 7.152754664421081543e-01
-1.418678474426269531e+01 -7.734333515167236328e+00 -1.084662246704101562e+01 -4.761925712227821350e-02 -1.699228212237358093e-02 -6.976001262664794922e-01 7.147010564804077148e-01
-1.420738697052001953e+01 -7.636762619018554688e+00 -1.088309383392333984e+01 -4.591558128595352173e-02 -1.735786721110343933e-02 -6.981036067008972168e-01 7.143121957778930664e-01
-1.423111057281494141e+01 -7.535153865814208984e+00 -1.091569042205810547e+01 -4.419430717825889587e-02 -1.741611585021018982e-02 -6.984518766403198242e-01 7.140787839889526367e-01
-1.425838184356689453e+01 -7.429851531982421875e+00 -1.094313907623291016e+01 -4.247916489839553833e-02 -1.720807887613773346e-02 -6.986736655235290527e-01 7.139709591865539551e-01
-1.428813076019287109e+01 -7.321177959442138672e+00 -1.096767044067382812e+01 -4.079392179846763611e-02 -1.677389442920684814e-02 -6.987975835800170898e-01 7.139582037925720215e-01
-1.432177734375000000e+01 -7.209278583526611328e+00 -1.098586654663085938e+01 -3.916238620877265930e-02 -1.615419425070285797e-02 -6.988521814346313477e-01 7.140105366706848145e-01
-1.435723876953125000e+01 -7.094388484954833984e+00 -1.100237655639648438e+01 -3.760839998722076416e-02 -1.538910623639822006e-02 -6.988658308982849121e-01 7.140975594520568848e-01
-1.439696884155273438e+01 -6.976845741271972656e+00 -1.101125144958496094e+01 -3.615577518939971924e-02 -1.451946143060922623e-02 -6.988674402236938477e-01 7.141891717910766602e-01
-1.443836307525634766e+01 -6.856546878814697266e+00 -1.101860332489013672e+01 -3.482457995414733887e-02 -1.357637997716665268e-02 -6.988768577575683594e-01 7.142646312713623047e-01
-1.448345661163330078e+01 -6.734062194824218750e+00 -1.101929378509521484e+01 -3.362116962671279907e-02 -1.255605649203062057e-02 -6.988774538040161133e-01 7.143403887748718262e-01
-1.453075981140136719e+01 -6.609233856201171875e+00 -1.101691341400146484e+01 -3.254783153533935547e-02 -1.144547481089830399e-02 -6.988444328308105469e-01 7.144411802291870117e-01
-1.458087825775146484e+01 -6.482341289520263672e+00 -1.100984954833984375e+01 -3.160740435123443604e-02 -1.023155357688665390e-02 -6.987517476081848145e-01 7.145923376083374023e-01
-1.463395500183105469e+01 -6.353813171386718750e+00 -1.099748611450195312e+01 -3.080236539244651794e-02 -8.901655673980712891e-03 -6.985744833946228027e-01 7.148186564445495605e-01
-1.468907546997070312e+01 -6.223085880279541016e+00 -1.098234081268310547e+01 -3.013510257005691528e-02 -7.442370988428592682e-03 -6.982865929603576660e-01 7.151449918746948242e-01
-1.474712371826171875e+01 -6.091049194335937500e+00 -1.096164608001708984e+01 -2.960814163088798523e-02 -5.840891040861606598e-03 -6.978622078895568848e-01 7.155959606170654297e-01
-1.480436992645263672e+01 -5.962279319763183594e+00 -1.093998241424560547e+01 -2.922403812408447266e-02 -4.084454849362373352e-03 -6.972754001617431641e-01 7.161957025527954102e-01
-1.486095523834228516e+01 -5.836930274963378906e+00 -1.091687870025634766e+01 -2.898507192730903625e-02 -2.160078845918178558e-03 -6.964992880821228027e-01 7.169685363769531250e-01
-1.491654109954833984e+01 -5.714716434478759766e+00 -1.089329338073730469e+01 -2.889411896467208862e-02 -5.456432700157165527e-05 -6.955072283744812012e-01 7.179378867149353027e-01
-1.497090911865234375e+01 -5.595411300659179688e+00 -1.086996459960937500e+01 -2.895320206880569458e-02 2.245071344077587128e-03 -6.942721605300903320e-01 7.191265225410461426e-01
-1.502372074127197266e+01 -5.478707790374755859e+00 -1.084776115417480469e+01 -2.916494011878967285e-02 4.751296713948249817e-03 -6.927657127380371094e-01 7.205570936203002930e-01
-1.507482910156250000e+01 -5.364474773406982422e+00 -1.082720470428466797e+01 -2.953154966235160828e-02 7.477600127458572388e-03 -6.909593939781188965e-01 7.222514748573303223e-01
-1.512409591674804688e+01 -5.252594947814941406e+00 -1.080866432189941406e+01 -3.005550429224967957e-02 1.043668389320373535e-02 -6.888236999511718750e-01 7.242302894592285156e-01
-1.517060661315917969e+01 -5.142436027526855469e+00 -1.079458236694335938e+01 -3.073894605040550232e-02 1.364161353558301926e-02 -6.863287091255187988e-01 7.265134453773498535e-01
-1.521487140655517578e+01 -5.034544467926025391e+00 -1.078348445892333984e+01 -3.158437833189964294e-02 1.710512675344944000e-02 -6.834428906440734863e-01 7.291197180747985840e-01
-1.525534343719482422e+01 -4.928131580352783203e+00 -1.077926254272460938e+01 -3.259330242872238159e-02 2.083971351385116577e-02 -6.801338195800781250e-01 7.320665121078491211e-01
-1.529116535186767578e+01 -4.823740959167480469e+00 -1.078336811065673828e+01 -3.376831859350204468e-02 2.485858090221881866e-02 -6.763673424720764160e-01 7.353699803352355957e-01
-1.532265567779541016e+01 -4.721884250640869141e+00 -1.079415035247802734e+01 -3.511095419526100159e-02 2.917429432272911072e-02 -6.721090078353881836e-01 7.390435934066772461e-01
-1.534842872619628906e+01 -4.622964859008789062e+00 -1.081317138671875000e+01 -3.662298247218132019e-02 3.379903361201286316e-02 -6.673219203948974609e-01 7.431001663208007812e-01
-1.536695671081542969e+01 -4.527960777282714844e+00 -1.084045124053955078e+01 -3.830317035317420959e-02 3.873759135603904724e-02 -6.619799733161926270e-01 7.475391626358032227e-01
-1.537973880767822266e+01 -4.437026977539062500e+00 -1.087230682373046875e+01 -4.013862088322639465e-02 4.396328702569007874e-02 -6.561055183410644531e-01 7.523174285888671875e-01
-1.538681888580322266e+01 -4.350229263305664062e+00 -1.090771293640136719e+01 -4.211308062076568604e-02 4.944138973951339722e-02 -6.497342586517333984e-01 7.573819756507873535e-01
-1.538810062408447266e+01 -4.267621517181396484e+00 -1.094559288024902344e+01 -4.421072453260421753e-02 5.513725429773330688e-02 -6.429030299186706543e-01 7.626801133155822754e-01
-1.538246822357177734e+01 -4.189112663269042969e+00 -1.098432636260986328e+01 -4.641518741846084595e-02 6.101600453257560730e-02 -6.356500387191772461e-01 7.681611776351928711e-01
-1.537250041961669922e+01 -4.113829135894775391e+00 -1.102151870727539062e+01 -4.871114715933799744e-02 6.704331934452056885e-02 -6.280150413513183594e-01 7.737761139869689941e-01
-1.535880565643310547e+01 -4.041473388671875000e+00 -1.105639648437500000e+01 -5.108226463198661804e-02 7.318393886089324951e-02 -6.200403571128845215e-01 7.794772386550903320e-01
-1.534175014495849609e+01 -3.973981142044067383e+00 -1.108672904968261719e+01 -5.351274460554122925e-02 7.940327376127243042e-02 -6.117699742317199707e-01 7.852190732955932617e-01
-1.532200050354003906e+01 -3.910880088806152344e+00 -1.111070442199707031e+01 -5.598692595958709717e-02 8.566664904356002808e-02 -6.032496690750122070e-01 7.909591197967529297e-01
-1.530219459533691406e+01 -3.852663993835449219e+00 -1.113105106353759766e+01 -5.848933011293411255e-02 9.193979203701019287e-02 -5.945279598236083984e-01 7.966570854187011719e-01
-1.528150749206542969e+01 -3.799283266067504883e+00 -1.114648151397705078e+01 -6.100448220968246460e-02 9.818847477436065674e-02 -5.856555700302124023e-01 8.022748827934265137e-01
-1.526206779479980469e+01 -3.750972270965576172e+00 -1.115959930419921875e+01 -6.351742148399353027e-02 1.043789461255073547e-01 -5.766845345497131348e-01 8.077781796455383301e-01
-1.524331474304199219e+01 -3.707661151885986328e+00 -1.116946125030517578e+01 -6.601283699274063110e-02 1.104773581027984619e-01 -5.676701664924621582e-01 8.131344914436340332e-01
-1.522648143768310547e+01 -3.669445037841796875e+00 -1.117812442779541016e+01 -6.847607344388961792e-02 1.164508387446403503e-01 -5.586687922477722168e-01 8.183149099349975586e-01
-1.521109485626220703e+01 -3.636207818984985352e+00 -1.118428802490234375e+01 -7.089284062385559082e-02 1.222667396068572998e-01 -5.497390627861022949e-01 8.232934474945068359e-01
-1.519765377044677734e+01 -3.608037710189819336e+00 -1.118928337097167969e+01 -7.324889302253723145e-02 1.278928518295288086e-01 -5.409409999847412109e-01 8.280465006828308105e-01
-1.518624687194824219e+01 -3.584935903549194336e+00 -1.119331264495849609e+01 -7.553001493215560913e-02 1.332972347736358643e-01 -5.323366522789001465e-01 8.325532078742980957e-01
-1.517688941955566406e+01 -3.566889047622680664e+00 -1.119638633728027344e+01 -7.772275805473327637e-02 1.384489536285400391e-01 -5.239890217781066895e-01 8.367954492568969727e-01
-1.516960334777832031e+01 -3.553812265396118164e+00 -1.119812107086181641e+01 -7.981377840042114258e-02 1.433169990777969360e-01 -5.159624814987182617e-01 8.407571315765380859e-01
-1.516439533233642578e+01 -3.545785427093505859e+00 -1.119900226593017578e+01 -8.178982138633728027e-02 1.478714942932128906e-01 -5.083221793174743652e-01 8.444247245788574219e-01
-1.516128158569335938e+01 -3.542808771133422852e+00 -1.119907951354980469e+01 -8.364067226648330688e-02 1.520890593528747559e-01 -5.011224150657653809e-01 8.477909564971923828e-01
-1.515742397308349609e+01 -3.537667751312255859e+00 -1.119956779479980469e+01 -8.536728471517562866e-02 1.559741497039794922e-01 -4.943738579750061035e-01 8.508695363998413086e-01
-1.515282535552978516e+01 -3.530367374420166016e+00 -1.120046234130859375e+01 -8.697311580181121826e-02 1.595378071069717407e-01 -4.880737960338592529e-01 8.536787629127502441e-01
-1.514749240875244141e+01 -3.520913124084472656e+00 -1.120176124572753906e+01 -8.846211433410644531e-02 1.627909541130065918e-01 -4.822192490100860596e-01 8.562348484992980957e-01
-1.514142704010009766e+01 -3.509309053421020508e+00 -1.120345783233642578e+01 -8.983752131462097168e-02 1.657443195581436157e-01 -4.768059849739074707e-01 8.585535287857055664e-01
-1.513463115692138672e+01 -3.495561361312866211e+00 -1.120554924011230469e+01 -9.110249578952789307e-02 1.684083342552185059e-01 -4.718289971351623535e-01 8.606487512588500977e-01
-1.512710666656494141e+01 -3.479674100875854492e+00 -1.120803165435791016e+01 -9.226076304912567139e-02 1.707938015460968018e-01 -4.672826230525970459e-01 8.625336289405822754e-01
-1.511894512176513672e+01 -3.461603403091430664e+00 -1.121081542968750000e+01 -9.331487119197845459e-02 1.729106158018112183e-01 -4.631606638431549072e-01 8.642201423645019531e-01
-1.511028194427490234e+01 -3.441277980804443359e+00 -1.121375942230224609e+01 -9.426836669445037842e-02 1.747690439224243164e-01 -4.594558477401733398e-01 8.657190203666687012e-01
-1.510092258453369141e+01 -3.418809652328491211e+00 -1.121705532073974609e+01 -9.512400627136230469e-02 1.763788759708404541e-01 -4.561601579189300537e-01 8.670408725738525391e-01
-1.509086990356445312e+01 -3.394202709197998047e+00 -1.122070121765136719e+01 -9.588477015495300293e-02 1.777500361204147339e-01 -4.532660841941833496e-01 8.681940436363220215e-01
-1.508012199401855469e+01 -3.367459058761596680e+00 -1.122469615936279297e+01 -9.655348956584930420e-02 1.788920611143112183e-01 -4.507641494274139404e-01 8.691874146461486816e-01
-1.506910991668701172e+01 -3.338421583175659180e+00 -1.122899341583251953e+01 -9.713273495435714722e-02 1.798144280910491943e-01 -4.486457705497741699e-01 8.700280785560607910e-01
-1.505783748626708984e+01 -3.307090282440185547e+00 -1.123359680175781250e+01 -9.762539714574813843e-02 1.805264055728912354e-01 -4.469012916088104248e-01 8.707231283187866211e-01
-1.504592418670654297e+01 -3.273612499237060547e+00 -1.123853588104248047e+01 -9.803381562232971191e-02 1.810372173786163330e-01 -4.455208778381347656e-01 8.712784051895141602e-01
-1.503336620330810547e+01 -3.237990617752075195e+00 -1.124380970001220703e+01 -9.836065024137496948e-02 1.813559383153915405e-01 -4.444943368434906006e-01 8.716993927955627441e-01
-1.502146816253662109e+01 -3.199850320816040039e+00 -1.124971389770507812e+01 -9.854405373334884644e-02 1.814586669206619263e-01 -4.438244104385375977e-01 8.719987273216247559e-01
-1.500918674468994141e+01 -3.159495115280151367e+00 -1.125600910186767578e+01 -9.863765537738800049e-02 1.813805401325225830e-01 -4.434896409511566162e-01 8.721745610237121582e-01
-1.499632263183593750e+01 -3.116980552673339844e+00 -1.126262760162353516e+01 -9.875714778900146484e-02 1.811877191066741943e-01 -4.434556961059570312e-01 8.722184300422668457e-01
-1.498450565338134766e+01 -3.071953773498535156e+00 -1.127015495300292969e+01 -9.890021383762359619e-02 1.808866560459136963e-01 -4.437124133110046387e-01 8.721341490745544434e-01
-1.497276782989501953e+01 -3.024632453918457031e+00 -1.127829170227050781e+01 -9.885822236537933350e-02 1.803737282752990723e-01 -4.442914128303527832e-01 8.719503879547119141e-01
-1.496055412292480469e+01 -2.975137948989868164e+00 -1.128680896759033203e+01 -9.876851737499237061e-02 1.797024607658386230e-01 -4.451496899127960205e-01 8.716614246368408203e-01
-1.494962024688720703e+01 -2.923177480697631836e+00 -1.129634571075439453e+01 -9.865367412567138672e-02 1.788625121116638184e-01 -4.462668895721435547e-01 8.712758421897888184e-01
-1.493843078613281250e+01 -2.869011163711547852e+00 -1.130634498596191406e+01 -9.853553026914596558e-02 1.778437793254852295e-01 -4.476236104965209961e-01 8.708016276359558105e-01
-1.492736911773681641e+01 -2.812598228454589844e+00 -1.131694793701171875e+01 -9.843672811985015869e-02 1.766360104084014893e-01 -4.491991996765136719e-01 8.702470660209655762e-01
-1.491701221466064453e+01 -2.753868341445922852e+00 -1.132837772369384766e+01 -9.837897121906280518e-02 1.752289831638336182e-01 -4.509736895561218262e-01 8.696200847625732422e-01
-1.490629577636718750e+01 -2.692959547042846680e+00 -1.134022808074951172e+01 -9.838505089282989502e-02 1.736124008893966675e-01 -4.529263973236083984e-01 8.689285516738891602e-01
-1.489650821685791016e+01 -2.629757642745971680e+00 -1.135303306579589844e+01 -9.847646206617355347e-02 1.717759221792221069e-01 -4.550372958183288574e-01 8.681799769401550293e-01
-1.488644981384277344e+01 -2.564372539520263672e+00 -1.136629772186279297e+01 -9.867593646049499512e-02 1.697093248367309570e-01 -4.572856128215789795e-01 8.673821091651916504e-01
-1.487688159942626953e+01 -2.496771097183227539e+00 -1.138039779663085938e+01 -9.900516271591186523e-02 1.674022078514099121e-01 -4.596509635448455811e-01 8.665423393249511719e-01
-1.486722850799560547e+01 -2.426985502243041992e+00 -1.139504718780517578e+01 -9.948638081550598145e-02 1.648443341255187988e-01 -4.621126651763916016e-01 8.656677603721618652e-01
-1.485783767700195312e+01 -2.355032920837402344e+00 -1.141053581237792969e+01 -1.001416444778442383e-01 1.620251536369323730e-01 -4.646502137184143066e-01 8.647657036781311035e-01
-1.484829425811767578e+01 -2.280919075012207031e+00 -1.142658805847167969e+01 -1.009932309389114380e-01 1.589346081018447876e-01 -4.672421216964721680e-01 8.638430833816528320e-01
-1.483870697021484375e+01 -2.204703330993652344e+00 -1.144352436065673828e+01 -1.020626574754714966e-01 1.555620431900024414e-01 -4.698680639266967773e-01 8.629066348075866699e-01
-1.482867622375488281e+01 -2.126401424407958984e+00 -1.146114826202392578e+01 -1.033720448613166809e-01 1.518970578908920288e-01 -4.725067913532257080e-01 8.619621992111206055e-01
-1.481802082061767578e+01 -2.046060800552368164e+00 -1.147953605651855469e+01 -1.049436032772064209e-01 1.479292362928390503e-01 -4.751364290714263916e-01 8.610163331031799316e-01
-1.480601787567138672e+01 -1.963818907737731934e+00 -1.149880218505859375e+01 -1.067986041307449341e-01 1.436480432748794556e-01 -4.777359068393707275e-01 8.600742220878601074e-01
-1.479279613494873047e+01 -1.879578232765197754e+00 -1.151853752136230469e+01 -1.089587882161140442e-01 1.390427947044372559e-01 -4.802828133106231689e-01 8.591411113739013672e-01
-1.477909469604492188e+01 -1.793013930320739746e+00 -1.153781318664550781e+01 -1.114461123943328857e-01 1.341031491756439209e-01 -4.827554821968078613e-01 8.582208752632141113e-01
-1.476625061035156250e+01 -1.703668117523193359e+00 -1.155533885955810547e+01 -1.142814904451370239e-01 1.288181841373443604e-01 -4.851309359073638916e-01 8.573177456855773926e-01
-1.475576305389404297e+01 -1.611229181289672852e+00 -1.156993389129638672e+01 -1.174782663583755493e-01 1.231833919882774353e-01 -4.873901903629302979e-01 8.564318418502807617e-01
-1.474869918823242188e+01 -1.515721440315246582e+00 -1.158101081848144531e+01 -1.210150346159934998e-01 1.172180473804473877e-01 -4.895328283309936523e-01 8.555541038513183594e-01
-1.474529743194580078e+01 -1.417437672615051270e+00 -1.158878517150878906e+01 -1.248628944158554077e-01 1.109478026628494263e-01 -4.915616214275360107e-01 8.546735644340515137e-01
-1.474448299407958984e+01 -1.316723585128784180e+00 -1.159446144104003906e+01 -1.289926171302795410e-01 1.043985784053802490e-01 -4.934804737567901611e-01 8.537791967391967773e-01
-1.474543762207031250e+01 -1.213716983795166016e+00 -1.159872817993164062e+01 -1.333747208118438721e-01 9.759600460529327393e-02 -4.952928721904754639e-01 8.528605103492736816e-01
-1.474776840209960938e+01 -1.108476519584655762e+00 -1.160192203521728516e+01 -1.379800736904144287e-01 9.056657552719116211e-02 -4.970033466815948486e-01 8.519079089164733887e-01
-1.475098800659179688e+01 -1.001025319099426270e+00 -1.160445499420166016e+01 -1.427792459726333618e-01 8.333627879619598389e-02 -4.986158907413482666e-01 8.509119749069213867e-01
-1.475490474700927734e+01 -8.913708329200744629e-01 -1.160649967193603516e+01 -1.477432250976562500e-01 7.593141496181488037e-02 -5.001357197761535645e-01 8.498650193214416504e-01
-1.475938320159912109e+01 -7.795141339302062988e-01 -1.160816955566406250e+01 -1.528427004814147949e-01 6.837909668684005737e-02 -5.015685558319091797e-01 8.487592935562133789e-01
-1.476433944702148438e+01 -6.654577255249023438e-01 -1.160954189300537109e+01 -1.580489873886108398e-01 6.070566549897193909e-02 -5.029204487800598145e-01 8.475886583328247070e-01
-1.476958560943603516e+01 -5.522814989089965820e-01 -1.161063289642333984e+01 -1.633335351943969727e-01 5.293826758861541748e-02 -5.041977167129516602e-01 8.463476896286010742e-01
-1.477490329742431641e+01 -4.399768114089965820e-01 -1.161162853240966797e+01 -1.686668395996093750e-01 4.510428756475448608e-02 -5.054080486297607422e-01 8.450323939323425293e-01
-1.477879524230957031e+01 -3.606115579605102539e-01 -1.161227989196777344e+01 -1.740211844444274902e-01 3.723023086786270142e-02 -5.065594911575317383e-01 8.436397910118103027e-01
