-1.162274646759033203e+01 2.156358480453491211e+00 -1.097066593170166016e+01 -1.407164633274078369e-01 6.565052270889282227e-02 9.587688446044921875e-01 2.380150705575942993e-01
-1.145953178405761719e+01 2.242644071578979492e+00 -1.098774433135986328e+01 -1.322307884693145752e-01 5.927973985671997070e-02 9.618232250213623047e-01 2.321572154760360718e-01
-1.138097000122070312e+01 2.405332088470458984e+00 -1.096705150604248047e+01 -1.236587166786193848e-01 5.304580926895141602e-02 9.647005796432495117e-01 2.263785004615783691e-01
-1.131592464447021484e+01 2.581989765167236328e+00 -1.093990230560302734e+01 -1.151236742734909058e-01 4.706761613488197327e-02 9.673609733581542969e-01 2.207801640033721924e-01
-1.125122165679931641e+01 2.760562658309936523e+00 -1.091267395019531250e+01 -1.067502722144126892e-01 4.146429896354675293e-02 9.697732925415039062e-01 2.154646813869476318e-01
-1.118616676330566406e+01 2.940782308578491211e+00 -1.088531208038330078e+01 -9.866371005773544312e-02 3.635523095726966858e-02 9.719146490097045898e-01 2.105367034673690796e-01
-1.112224578857421875e+01 3.123212814331054688e+00 -1.085802364349365234e+01 -9.098951518535614014e-02 3.185972198843955994e-02 9.737699627876281738e-01 2.061018347740173340e-01
-1.105852508544921875e+01 3.307502269744873047e+00 -1.083072376251220703e+01 -8.385352045297622681e-02 2.809711173176765442e-02 9.753291606903076172e-01 2.022671699523925781e-01
-1.099664783477783203e+01 3.494221210479736328e+00 -1.080364227294921875e+01 -7.738133519887924194e-02 2.518652938306331635e-02 9.765864610671997070e-01 1.991396695375442505e-01
-1.093565940856933594e+01 3.683033466339111328e+00 -1.077669429779052734e+01 -7.169809937477111816e-02 2.324699237942695618e-02 9.775366187095642090e-01 1.968268007040023804e-01
-1.087719345092773438e+01 3.874429941177368164e+00 -1.075011444091796875e+01 -6.692834943532943726e-02 2.239738777279853821e-02 9.781737327575683594e-01 1.954355984926223755e-01
-1.082037067413330078e+01 4.068120002746582031e+00 -1.072381782531738281e+01 -6.316363811492919922e-02 2.272149547934532166e-02 9.784954190254211426e-01 1.950406432151794434e-01
-1.076613903045654297e+01 4.266963005065917969e+00 -1.069767570495605469e+01 -6.036616489291191101e-02 2.416310831904411316e-02 9.785272479057312012e-01 1.955929547548294067e-01
-1.071376323699951172e+01 4.470744609832763672e+00 -1.067157459259033203e+01 -5.846525356173515320e-02 2.663074061274528503e-02 9.782943129539489746e-01 1.970098018646240234e-01
-1.066527366638183594e+01 4.679838657379150391e+00 -1.064576911926269531e+01 -5.738960951566696167e-02 3.003275766968727112e-02 9.778141975402832031e-01 1.992081552743911743e-01
-1.061931037902832031e+01 4.893904685974121094e+00 -1.062005996704101562e+01 -5.706777051091194153e-02 3.427728265523910522e-02 9.770991802215576172e-01 2.021023333072662354e-01
-1.057895088195800781e+01 5.113397121429443359e+00 -1.059485244750976562e+01 -5.742791295051574707e-02 3.927233070135116577e-02 9.761583209037780762e-01 2.056076079607009888e-01
-1.054132938385009766e+01 5.337734222412109375e+00 -1.056973934173583984e+01 -5.839808285236358643e-02 4.492561891674995422e-02 9.749993085861206055e-01 2.096374034881591797e-01
-1.051139163970947266e+01 5.567490100860595703e+00 -1.054539680480957031e+01 -5.990628153085708618e-02 5.114480853080749512e-02 9.736294150352478027e-01 2.141057997941970825e-01
-1.048393821716308594e+01 5.801873683929443359e+00 -1.052108287811279297e+01 -6.188055127859115601e-02 5.783737450838088989e-02 9.720577597618103027e-01 2.189270853996276855e-01
-1.046391868591308594e+01 6.041285037994384766e+00 -1.049760341644287109e+01 -6.424900144338607788e-02 6.491070240736007690e-02 9.702966809272766113e-01 2.240153998136520386e-01
-1.044519710540771484e+01 6.285064697265625000e+00 -1.047397804260253906e+01 -6.693990528583526611e-02 7.227224111557006836e-02 9.683611989021301270e-01 2.292864620685577393e-01
-1.043428802490234375e+01 6.524467468261718750e+00 -1.045221614837646484e+01 -6.988166272640228271e-02 7.982940971851348877e-02 9.662714004516601562e-01 2.346558570861816406e-01
-1.042420387268066406e+01 6.758985519409179688e+00 -1.043104934692382812e+01 -7.300329208374023438e-02 8.748999238014221191e-02 9.640520215034484863e-01 2.400408983230590820e-01
-1.042018508911132812e+01 6.988855838775634766e+00 -1.041159248352050781e+01 -7.623401284217834473e-02 9.516203403472900391e-02 9.617334008216857910e-01 2.453600615262985229e-01
-1.041677093505859375e+01 7.213839054107666016e+00 -1.039267826080322266e+01 -7.950350642204284668e-02 1.027539595961570740e-01 9.593507647514343262e-01 2.505330145359039307e-01
-1.041784191131591797e+01 7.434041500091552734e+00 -1.037531852722167969e+01 -8.274218440055847168e-02 1.101748943328857422e-01 9.569454789161682129e-01 2.554810047149658203e-01
-1.041953086853027344e+01 7.649382114410400391e+00 -1.035851860046386719e+01 -8.588081598281860352e-02 1.173343509435653687e-01 9.545634388923645020e-01 2.601264417171478271e-01
-1.042451000213623047e+01 7.859903335571289062e+00 -1.034319400787353516e+01 -8.885073661804199219e-02 1.241426542401313782e-01 9.522554278373718262e-01 2.643932998180389404e-01
-1.043017578125000000e+01 8.065601348876953125e+00 -1.032852554321289062e+01 -9.158400446176528931e-02 1.305107474327087402e-01 9.500761032104492188e-01 2.682068049907684326e-01
-1.043808174133300781e+01 8.266500473022460938e+00 -1.031527042388916016e+01 -9.401299059391021729e-02 1.363501250743865967e-01 9.480831623077392578e-01 2.714931368827819824e-01
-1.044681644439697266e+01 8.462619781494140625e+00 -1.030299091339111328e+01 -9.608213603496551514e-02 1.415856331586837769e-01 9.463297128677368164e-01 2.741931080818176270e-01
-1.045676040649414062e+01 8.653974533081054688e+00 -1.029199790954589844e+01 -9.778172522783279419e-02 1.461929380893707275e-01 9.448400735855102539e-01 2.763034403324127197e-01
-1.046755313873291016e+01 8.840598106384277344e+00 -1.028290748596191406e+01 -9.911390393972396851e-02 1.501604020595550537e-01 9.436292052268981934e-01 2.778342962265014648e-01
-1.047894859313964844e+01 9.022475242614746094e+00 -1.027533912658691406e+01 -1.000800728797912598e-01 1.534759700298309326e-01 9.427102208137512207e-01 2.787945866584777832e-01
-1.049141120910644531e+01 9.199604034423828125e+00 -1.027024269104003906e+01 -1.006818711757659912e-01 1.561274230480194092e-01 9.420925378799438477e-01 2.791934907436370850e-01
-1.050522804260253906e+01 9.371926307678222656e+00 -1.026845359802246094e+01 -1.009202599525451660e-01 1.581020653247833252e-01 9.417834877967834473e-01 2.790385782718658447e-01
-1.052012062072753906e+01 9.539389610290527344e+00 -1.026965141296386719e+01 -1.007962524890899658e-01 1.593867391347885132e-01 9.417879581451416016e-01 2.783368527889251709e-01
-1.053592491149902344e+01 9.701943397521972656e+00 -1.027378749847412109e+01 -1.003103405237197876e-01 1.599679440259933472e-01 9.421074390411376953e-01 2.770946025848388672e-01
-1.055222511291503906e+01 9.859594345092773438e+00 -1.028021049499511719e+01 -9.946285188198089600e-02 1.598317176103591919e-01 9.427413344383239746e-01 2.753172516822814941e-01
-1.056853866577148438e+01 1.001239490509033203e+01 -1.028793430328369141e+01 -9.825370460748672485e-02 1.589636802673339844e-01 9.436855912208557129e-01 2.730095088481903076e-01
-1.058400344848632812e+01 1.015560054779052734e+01 -1.029587459564208984e+01 -9.668266028165817261e-02 1.573488116264343262e-01 9.449334740638732910e-01 2.701749205589294434e-01
-1.059825325012207031e+01 1.028928470611572266e+01 -1.030317020416259766e+01 -9.474897384643554688e-02 1.549717783927917480e-01 9.464752078056335449e-01 2.668164968490600586e-01
-1.061155414581298828e+01 1.041342544555664062e+01 -1.030972766876220703e+01 -9.245187044143676758e-02 1.518168151378631592e-01 9.482979774475097656e-01 2.629358768463134766e-01
-1.062350273132324219e+01 1.052808094024658203e+01 -1.031507396697998047e+01 -8.979001641273498535e-02 1.478675901889801025e-01 9.503855109214782715e-01 2.585348784923553467e-01
-1.063466644287109375e+01 1.063315677642822266e+01 -1.031975555419921875e+01 -8.676227182149887085e-02 1.431077271699905396e-01 9.527186155319213867e-01 2.536134421825408936e-01
-1.064511775970458984e+01 1.072863960266113281e+01 -1.032367038726806641e+01 -8.336678892374038696e-02 1.375203132629394531e-01 9.552743434906005859e-01 2.481714487075805664e-01
-1.065481758117675781e+01 1.081452846527099609e+01 -1.032685756683349609e+01 -7.960189878940582275e-02 1.310883760452270508e-01 9.580264091491699219e-01 2.422080188989639282e-01
-1.066371917724609375e+01 1.089080810546875000e+01 -1.032936763763427734e+01 -7.546586543321609497e-02 1.237949132919311523e-01 9.609448313713073730e-01 2.357216477394104004e-01
-1.067182731628417969e+01 1.095746326446533203e+01 -1.033118343353271484e+01 -7.095669209957122803e-02 1.156228184700012207e-01 9.639961123466491699e-01 2.287096530199050903e-01
-1.067937755584716797e+01 1.101445770263671875e+01 -1.033232784271240234e+01 -6.607238948345184326e-02 1.065552532672882080e-01 9.671422839164733887e-01 2.211699187755584717e-01
-1.068614482879638672e+01 1.106179428100585938e+01 -1.033276081085205078e+01 -6.082121282815933228e-02 9.660028666257858276e-02 9.703361392021179199e-01 2.131127268075942993e-01
-1.069203758239746094e+01 1.109944820404052734e+01 -1.033249568939208984e+01 -5.525231733918190002e-02 8.586482703685760498e-02 9.735051393508911133e-01 2.046023756265640259e-01
-1.069703483581542969e+01 1.112738990783691406e+01 -1.033155250549316406e+01 -4.942519217729568481e-02 7.448185980319976807e-02 9.765774607658386230e-01 1.957188844680786133e-01
-1.070110797882080078e+01 1.114558792114257812e+01 -1.032995414733886719e+01 -4.340090975165367126e-02 6.258603930473327637e-02 9.794897437095642090e-01 1.865450739860534668e-01
-1.070423412322998047e+01 1.115402603149414062e+01 -1.032772636413574219e+01 -3.724096715450286865e-02 5.031327158212661743e-02 9.821884632110595703e-01 1.771650761365890503e-01
-1.070751571655273438e+01 1.116367435455322266e+01 -1.032546615600585938e+01 -3.100749850273132324e-02 3.780077397823333740e-02 9.846305847167968750e-01 1.676668375730514526e-01
-1.071092033386230469e+01 1.117451667785644531e+01 -1.032320022583007812e+01 -2.476344257593154907e-02 2.518663182854652405e-02 9.867849349975585938e-01 1.581394821405410767e-01
-1.071442890167236328e+01 1.118654727935791016e+01 -1.032096576690673828e+01 -1.857192628085613251e-02 1.260942127555608749e-02 9.886312484741210938e-01 1.486747115850448608e-01
-1.071801090240478516e+01 1.119976329803466797e+01 -1.031879520416259766e+01 -1.249652542173862457e-02 2.080003032460808754e-04 9.901620745658874512e-01 1.393659561872482300e-01
-1.072164630889892578e+01 1.121415710449218750e+01 -1.031672668457031250e+01 -6.600731052458286285e-03 -1.187938544899225235e-02 9.913803339004516602e-01 1.303078383207321167e-01
-1.072531127929687500e+01 1.122973632812500000e+01 -1.031479835510253906e+01 -9.477968560531735420e-04 -2.351468056440353394e-02 9.923005700111389160e-01 1.215964853763580322e-01
-1.072898197174072266e+01 1.124651622772216797e+01 -1.031304740905761719e+01 4.399051889777183533e-03 -3.456059470772743225e-02 9.929466247558593750e-01 1.133282631635665894e-01
-1.073264026641845703e+01 1.126450157165527344e+01 -1.031151390075683594e+01 9.377146139740943909e-03 -4.488139227032661438e-02 9.933509826660156250e-01 1.056008934974670410e-01
-1.073626041412353516e+01 1.128371524810791016e+01 -1.031023311614990234e+01 1.392461918294429779e-02 -5.434210598468780518e-02 9.935535192489624023e-01 9.851109236478805542e-02
-1.073983097076416016e+01 1.130416965484619141e+01 -1.030924510955810547e+01 1.797912828624248505e-02 -6.280894577503204346e-02 9.935989379882812500e-01 9.215641766786575317e-02
-1.074345397949218750e+01 1.132587909698486328e+01 -1.030861663818359375e+01 2.147965133190155029e-02 -7.014950364828109741e-02 9.935351014137268066e-01 8.663408458232879639e-02
-1.074707126617431641e+01 1.134885978698730469e+01 -1.030837535858154297e+01 2.436485141515731812e-02 -7.623159140348434448e-02 9.934104681015014648e-01 8.203999698162078857e-02
-1.075059223175048828e+01 1.137314224243164062e+01 -1.030853652954101562e+01 2.657464146614074707e-02 -8.092402666807174683e-02 9.932710528373718262e-01 7.847012579441070557e-02
-1.075400257110595703e+01 1.139874935150146484e+01 -1.030913543701171875e+01 2.804784849286079407e-02 -8.409535884857177734e-02 9.931576848030090332e-01 7.601964473724365234e-02
-1.075728416442871094e+01 1.142568588256835938e+01 -1.031020450592041016e+01 2.872361801564693451e-02 -8.561355620622634888e-02 9.931026101112365723e-01 7.478268444538116455e-02
-1.076042461395263672e+01 1.145396423339843750e+01 -1.031176948547363281e+01 2.856334298849105835e-02 -8.539331704378128052e-02 9.931235313415527344e-01 7.481973618268966675e-02
-1.076343727111816406e+01 1.148358154296875000e+01 -1.031380367279052734e+01 2.761709690093994141e-02 -8.353471010923385620e-02 9.932139515876770020e-01 7.605995237827301025e-02
-1.076634883880615234e+01 1.151453113555908203e+01 -1.031626892089843750e+01 2.595652826130390167e-02 -8.018440753221511841e-02 9.933530092239379883e-01 7.839919626712799072e-02
-1.076917457580566406e+01 1.154679679870605469e+01 -1.031913185119628906e+01 2.365350164473056793e-02 -7.548874616622924805e-02 9.935097694396972656e-01 8.173263818025588989e-02
-1.077193737030029297e+01 1.158036613464355469e+01 -1.032235050201416016e+01 2.077955007553100586e-02 -6.959294527769088745e-02 9.936482310295104980e-01 8.595449477434158325e-02
-1.077465629577636719e+01 1.161521911621093750e+01 -1.032588958740234375e+01 1.740664243698120117e-02 -6.264320015907287598e-02 9.937300682067871094e-01 9.095910936594009399e-02
-1.077643203735351562e+01 1.164303207397460938e+01 -1.032926654815673828e+01 1.360661443322896957e-02 -5.478560924530029297e-02 9.937174320220947266e-01 9.663953632116317749e-02
-1.077727890014648438e+01 1.166379356384277344e+01 -1.033243846893310547e+01 9.451674297451972961e-03 -4.616726189851760864e-02 9.935757517814636230e-01 1.028898134827613831e-01
-1.077733898162841797e+01 1.167747020721435547e+01 -1.033540630340576172e+01 5.014869384467601776e-03 -3.693613409996032715e-02 9.932761788368225098e-01 1.096037179231643677e-01
-1.077648258209228516e+01 1.168407726287841797e+01 -1.033808231353759766e+01 3.684060648083686829e-04 -2.724103815853595734e-02 9.927965402603149414e-01 1.166751980781555176e-01
-1.077483463287353516e+01 1.168477535247802734e+01 -1.034048080444335938e+01 -4.413715563714504242e-03 -1.723150163888931274e-02 9.921228289604187012e-01 1.239989995956420898e-01
-1.077348518371582031e+01 1.168823242187500000e+01 -1.034305858612060547e+01 -9.258597157895565033e-03 -7.057540118694305420e-03 9.912516474723815918e-01 1.314705908298492432e-01
-1.077245712280273438e+01 1.169444751739501953e+01 -1.034578227996826172e+01 -1.409280858933925629e-02 3.130715107545256615e-03 9.901890158653259277e-01 1.389868259429931641e-01
-1.077178096771240234e+01 1.170343208312988281e+01 -1.034861278533935547e+01 -1.884305290877819061e-02 1.318241935223340988e-02 9.889513254165649414e-01 1.464454382658004761e-01
-1.077148437500000000e+01 1.171519756317138672e+01 -1.035151672363281250e+01 -2.343621850013732910e-02 2.294730581343173981e-02 9.875658750534057617e-01 1.537461429834365845e-01
-1.077159309387207031e+01 1.172975826263427734e+01 -1.035446262359619141e+01 -2.779946103692054749e-02 3.227540105581283569e-02 9.860689640045166016e-01 1.607902199029922485e-01
-1.077213382720947266e+01 1.174713325500488281e+01 -1.035741996765136719e+01 -3.186072036623954773e-02 4.101739823818206787e-02 9.845063090324401855e-01 1.674801707267761230e-01
-1.077313327789306641e+01 1.176735305786132812e+01 -1.036036014556884766e+01 -3.554777428507804871e-02 4.902463778853416443e-02 9.829313755035400391e-01 1.737206578254699707e-01
-1.077462100982666016e+01 1.179043388366699219e+01 -1.036325263977050781e+01 -3.878936171531677246e-02 5.614929646253585815e-02 9.814030528068542480e-01 1.794176995754241943e-01
-1.077661800384521484e+01 1.181640625000000000e+01 -1.036607551574707031e+01 -4.151428863406181335e-02 6.224424019455909729e-02 9.799847602844238281e-01 1.844780445098876953e-01
-1.077915000915527344e+01 1.184529972076416016e+01 -1.036880493164062500e+01 -4.366770386695861816e-02 6.719459593296051025e-02 9.787346720695495605e-01 1.888294517993927002e-01
-1.078203964233398438e+01 1.187569808959960938e+01 -1.037137031555175781e+01 -4.525828361511230469e-02 7.101239264011383057e-02 9.776813387870788574e-01 1.924789696931838989e-01
-1.078528022766113281e+01 1.190760517120361328e+01 -1.037378406524658203e+01 -4.631030559539794922e-02 7.374107837677001953e-02 9.768397212028503418e-01 1.954526305198669434e-01
-1.078886413574218750e+01 1.194102478027343750e+01 -1.037605953216552734e+01 -4.684814810752868652e-02 7.542382180690765381e-02 9.762180447578430176e-01 1.977747380733489990e-01
-1.079278755187988281e+01 1.197596454620361328e+01 -1.037820434570312500e+01 -4.689548537135124207e-02 7.610332220792770386e-02 9.758182764053344727e-01 1.994689404964447021e-01
-1.079704189300537109e+01 1.201241207122802734e+01 -1.038023185729980469e+01 -4.647611826658248901e-02 7.582202553749084473e-02 9.756369590759277344e-01 2.005580514669418335e-01
-1.080176639556884766e+01 1.205035114288330078e+01 -1.038219738006591797e+01 -4.561336338520050049e-02 7.462184131145477295e-02 9.756662249565124512e-01 2.010632604360580444e-01
-1.080722427368164062e+01 1.208973598480224609e+01 -1.038420104980468750e+01 -4.433038085699081421e-02 7.254448533058166504e-02 9.758939743041992188e-01 2.010052502155303955e-01
-1.081301498413085938e+01 1.213061523437500000e+01 -1.038611698150634766e+01 -4.265032708644866943e-02 6.963133811950683594e-02 9.763045310974121094e-01 2.004040032625198364e-01
-1.081913185119628906e+01 1.217298316955566406e+01 -1.038795280456542969e+01 -4.059609770774841309e-02 6.592372059822082520e-02 9.768795967102050781e-01 1.992793679237365723e-01
-1.082556819915771484e+01 1.221683311462402344e+01 -1.038971519470214844e+01 -3.819046914577484131e-02 6.146270409226417542e-02 9.775981307029724121e-01 1.976501345634460449e-01
-1.083231925964355469e+01 1.226215267181396484e+01 -1.039140892028808594e+01 -3.545640408992767334e-02 5.628946796059608459e-02 9.784377813339233398e-01 1.955348551273345947e-01
-1.083937835693359375e+01 1.230893802642822266e+01 -1.039303970336914062e+01 -3.241672366857528687e-02 5.044519156217575073e-02 9.793741703033447266e-01 1.929523199796676636e-01
-1.084673786163330078e+01 1.235716724395751953e+01 -1.039461612701416016e+01 -2.909434959292411804e-02 4.397119581699371338e-02 9.803826808929443359e-01 1.899206936359405518e-01
-1.085439300537109375e+01 1.240684318542480469e+01 -1.039614391326904297e+01 -2.551237680017948151e-02 3.690902888774871826e-02 9.814377427101135254e-01 1.864588409662246704e-01
-1.086254596710205078e+01 1.245790958404541016e+01 -1.039770126342773438e+01 -2.169370278716087341e-02 2.930039353668689728e-02 9.825139641761779785e-01 1.825849264860153198e-01
-1.087163543701171875e+01 1.251029014587402344e+01 -1.039945125579833984e+01 -1.766185648739337921e-02 2.118741348385810852e-02 9.835861921310424805e-01 1.783180832862854004e-01
-1.088102722167968750e+01 1.256406974792480469e+01 -1.040118122100830078e+01 -1.344009116291999817e-02 1.261241175234317780e-02 9.846301078796386719e-01 1.736773699522018433e-01
-1.089070987701416016e+01 1.261924552917480469e+01 -1.040289878845214844e+01 -9.052184410393238068e-03 3.618126502260565758e-03 9.856222271919250488e-01 1.686826348304748535e-01
-1.090067958831787109e+01 1.267580509185791016e+01 -1.040460777282714844e+01 -4.521592520177364349e-03 -5.752429366111755371e-03 9.865404367446899414e-01 1.633533835411071777e-01
-1.091092872619628906e+01 1.273373985290527344e+01 -1.040632152557373047e+01 1.240831334143877029e-04 -1.545220706611871719e-02 9.873638749122619629e-01 1.577145606279373169e-01
-1.092144489288330078e+01 1.279304218292236328e+01 -1.040805244445800781e+01 4.843926522880792618e-03 -2.541900798678398132e-02 9.880709052085876465e-01 1.518094092607498169e-01
-1.093221664428710938e+01 1.285369873046875000e+01 -1.040981292724609375e+01 9.593497030436992645e-03 -3.558622673153877258e-02 9.886440634727478027e-01 1.456864327192306519e-01
-1.094411277770996094e+01 1.291553401947021484e+01 -1.041194057464599609e+01 1.432831399142742157e-02 -4.588769376277923584e-02 9.890693426132202148e-01 1.393941938877105713e-01
-1.095655632019042969e+01 1.297865486145019531e+01 -1.041424274444580078e+01 1.900372840464115143e-02 -5.625702813267707825e-02 9.893379807472229004e-01 1.329830586910247803e-01
-1.096830940246582031e+01 1.303773880004882812e+01 -1.041622924804687500e+01 2.357533201575279236e-02 -6.662818044424057007e-02 9.894451498985290527e-01 1.265033483505249023e-01
-1.097935771942138672e+01 1.309277534484863281e+01 -1.041791629791259766e+01 2.799852937459945679e-02 -7.693504542112350464e-02 9.893915057182312012e-01 1.200062930583953857e-01
-1.098969459533691406e+01 1.314377689361572266e+01 -1.041932010650634766e+01 3.222930058836936951e-02 -8.711222559213638306e-02 9.891817569732666016e-01 1.135436594486236572e-01
-1.099930667877197266e+01 1.319073963165283203e+01 -1.042045879364013672e+01 3.622408211231231689e-02 -9.709436446428298950e-02 9.888252615928649902e-01 1.071679741144180298e-01
-1.100818443298339844e+01 1.323366451263427734e+01 -1.042134952545166016e+01 3.993872180581092834e-02 -1.068170294165611267e-01 9.883359074592590332e-01 1.009314581751823425e-01
-1.101631832122802734e+01 1.327256584167480469e+01 -1.042201042175292969e+01 4.332998022437095642e-02 -1.162165477871894836e-01 9.877309799194335938e-01 9.488720446825027466e-02
-1.102375984191894531e+01 1.330743408203125000e+01 -1.042247867584228516e+01 4.635534435510635376e-02 -1.252293437719345093e-01 9.870319366455078125e-01 8.908814191818237305e-02
-1.103105068206787109e+01 1.333816337585449219e+01 -1.042297744750976562e+01 4.897124320268630981e-02 -1.337931454181671143e-01 9.862627983093261719e-01 8.358716964721679688e-02
-1.103748893737792969e+01 1.336491203308105469e+01 -1.042326354980468750e+01 5.113597959280014038e-02 -1.418458223342895508e-01 9.854503273963928223e-01 7.843750715255737305e-02
-1.104306507110595703e+01 1.338768768310546875e+01 -1.042335414886474609e+01 5.280694738030433655e-02 -1.493263393640518188e-01 9.846230149269104004e-01 7.369196414947509766e-02
-1.104777336120605469e+01 1.340650844573974609e+01 -1.042326736450195312e+01 5.394207313656806946e-02 -1.561740636825561523e-01 9.838104844093322754e-01 6.940352171659469604e-02
-1.105160522460937500e+01 1.342138385772705078e+01 -1.042301654815673828e+01 5.449962243437767029e-02 -1.623282730579376221e-01 9.830426573753356934e-01 6.562469899654388428e-02
-1.105455589294433594e+01 1.343232917785644531e+01 -1.042261695861816406e+01 5.443704128265380859e-02 -1.677291542291641235e-01 9.823485612869262695e-01 6.240756809711456299e-02
-1.105661392211914062e+01 1.343935298919677734e+01 -1.042208194732666016e+01 5.371252819895744324e-02 -1.723167896270751953e-01 9.817562103271484375e-01 5.980445817112922668e-02
-1.105777549743652344e+01 1.344246768951416016e+01 -1.042142772674560547e+01 5.228338763117790222e-02 -1.760308146476745605e-01 9.812904000282287598e-01 5.786702036857604980e-02
-1.106016826629638672e+01 1.345252132415771484e+01 -1.042223930358886719e+01 5.030035227537155151e-02 -1.758980453014373779e-01 9.814988374710083008e-01 5.647706240415573120e-02
-1.106371879577636719e+01 1.346916961669921875e+01 -1.042360115051269531e+01 4.761802405118942261e-02 -1.757880300283432007e-01 9.816911816596984863e-01 5.579772964119911194e-02
-1.106844139099121094e+01 1.349241638183593750e+01 -1.042551231384277344e+01 4.434756934642791748e-02 -1.756932288408279419e-01 9.818636775016784668e-01 5.575561895966529846e-02
-1.107434749603271484e+01 1.352226543426513672e+01 -1.042797565460205078e+01 4.059744998812675476e-02 -1.756048053503036499e-01 9.820121526718139648e-01 5.627457424998283386e-02
-1.108145332336425781e+01 1.355872058868408203e+01 -1.043099212646484375e+01 3.647259250283241272e-02 -1.755138635635375977e-01 9.821323752403259277e-01 5.727723240852355957e-02
-1.108977413177490234e+01 1.360178470611572266e+01 -1.043456268310546875e+01 3.207705169916152954e-02 -1.754125505685806274e-01 9.822206497192382812e-01 5.868519470095634460e-02
-1.109932136535644531e+01 1.365145492553710938e+01 -1.043868732452392578e+01 2.751284465193748474e-02 -1.752948760986328125e-01 9.822748303413391113e-01 6.042130291461944580e-02
-1.111011219024658203e+01 1.370773124694824219e+01 -1.044336795806884766e+01 2.288255468010902405e-02 -1.751573383808135986e-01 9.822937846183776855e-01 6.240990385413169861e-02
-1.112257099151611328e+01 1.377052974700927734e+01 -1.044876098632812500e+01 1.828854158520698547e-02 -1.749991774559020996e-01 9.822783470153808594e-01 6.457640230655670166e-02
-1.113727855682373047e+01 1.383984851837158203e+01 -1.045546722412109375e+01 1.394517067819833755e-02 -1.731828600168228149e-01 9.825209975242614746e-01 6.682637333869934082e-02
-1.115339374542236328e+01 1.391583251953125000e+01 -1.046301841735839844e+01 9.922281838953495026e-03 -1.703619360923767090e-01 9.829044342041015625e-01 6.911759078502655029e-02
-1.117092037200927734e+01 1.399841308593750000e+01 -1.047122192382812500e+01 6.272627040743827820e-03 -1.673523485660552979e-01 9.832885265350341797e-01 7.139815390110015869e-02
-1.118987560272216797e+01 1.408758735656738281e+01 -1.048005962371826172e+01 3.098614513874053955e-03 -1.642234921455383301e-01 9.836684465408325195e-01 7.360306382179260254e-02
-1.121027088165283203e+01 1.418334960937500000e+01 -1.048952388763427734e+01 5.018999800086021423e-04 -1.610448360443115234e-01 9.840421080589294434e-01 7.566624134778976440e-02
-1.123377704620361328e+01 1.428525829315185547e+01 -1.050022792816162109e+01 -1.415112987160682678e-03 -1.578862369060516357e-01 9.844084978103637695e-01 7.752280682325363159e-02
-1.125924396514892578e+01 1.439362049102783203e+01 -1.051171493530273438e+01 -2.550756558775901794e-03 -1.548175960779190063e-01 9.847673773765563965e-01 7.910773158073425293e-02
-1.128632450103759766e+01 1.450852966308593750e+01 -1.052383518218994141e+01 -2.802539616823196411e-03 -1.519088596105575562e-01 9.851185679435729980e-01 8.035587519407272339e-02
-1.131503009796142578e+01 1.462998485565185547e+01 -1.053657245635986328e+01 -2.068962901830673218e-03 -1.492297202348709106e-01 9.854604601860046387e-01 8.120185136795043945e-02
-1.134769344329833984e+01 1.475731372833251953e+01 -1.055080795288085938e+01 -2.472596243023872375e-04 -1.468487530946731567e-01 9.857890009880065918e-01 8.158064633607864380e-02
-1.138250255584716797e+01 1.489104747772216797e+01 -1.056581974029541016e+01 2.763960510492324829e-03 -1.448345631361007690e-01 9.860959053039550781e-01 8.142609894275665283e-02
-1.141911220550537109e+01 1.503128147125244141e+01 -1.058146381378173828e+01 7.030952721834182739e-03 -1.432382464408874512e-01 9.863685965538024902e-01 8.068645745515823364e-02
-1.145992851257324219e+01 1.517726039886474609e+01 -1.059867668151855469e+01 1.247445307672023773e-02 -1.420424431562423706e-01 9.865948557853698730e-01 7.936523854732513428e-02
-1.150374317169189453e+01 1.532936477661132812e+01 -1.061699581146240234e+01 1.897896453738212585e-02 -1.412133872509002686e-01 9.867601394653320312e-01 7.747943699359893799e-02
-1.154976749420166016e+01 1.548784160614013672e+01 -1.063610458374023438e+01 2.642885968089103699e-02 -1.407166123390197754e-01 9.868476390838623047e-01 7.504624128341674805e-02
-1.160215187072753906e+01 1.565122509002685547e+01 -1.065767192840576172e+01 3.470786660909652710e-02 -1.405176669359207153e-01 9.868404865264892578e-01 7.208316028118133545e-02
-1.165667343139648438e+01 1.582100105285644531e+01 -1.068000793457031250e+01 4.369951039552688599e-02 -1.405819952487945557e-01 9.867218732833862305e-01 6.860760599374771118e-02
-1.171879291534423828e+01 1.599501419067382812e+01 -1.070532417297363281e+01 5.328711867332458496e-02 -1.408755183219909668e-01 9.864768385887145996e-01 6.463751196861267090e-02
-1.178441333770751953e+01 1.617486953735351562e+01 -1.073196792602539062e+01 6.335331499576568604e-02 -1.413643658161163330e-01 9.860929846763610840e-01 6.019088625907897949e-02
-1.186246776580810547e+01 1.635821342468261719e+01 -1.076358222961425781e+01 7.378169894218444824e-02 -1.420149207115173340e-01 9.855615496635437012e-01 5.528645962476730347e-02
-1.195252037048339844e+01 1.654440689086914062e+01 -1.080001640319824219e+01 8.445460349321365356e-02 -1.427940875291824341e-01 9.848770499229431152e-01 4.994338005781173706e-02
-1.206226539611816406e+01 1.672790527343750000e+01 -1.084423542022705078e+01 9.525466710329055786e-02 -1.436699479818344116e-01 9.840393066406250000e-01 4.418157041072845459e-02
-1.220322036743164062e+01 1.689625740051269531e+01 -1.090012836456298828e+01 1.060653328895568848e-01 -1.446105390787124634e-01 9.830524325370788574e-01 3.802080079913139343e-02
-1.240362930297851562e+01 1.698099517822265625e+01 -1.097330188751220703e+01 1.167700439691543579e-01 -1.455853730440139771e-01 9.819258451461791992e-01 3.148176521062850952e-02
-1.257122135162353516e+01 1.683308982849121094e+01 -1.100421142578125000e+01 1.272529512643814087e-01 -1.465640217065811157e-01 9.806737303733825684e-01 2.458553388714790344e-02
-1.256831073760986328e+01 1.659919166564941406e+01 -1.095341777801513672e+01 -1.373981982469558716e-01 1.475177556276321411e-01 -9.793155789375305176e-01 -1.735301688313484192e-02
-1.252194881439208984e+01 1.637268257141113281e+01 -1.089356136322021484e+01 -1.470922082662582397e-01 1.484175473451614380e-01 -9.778752326965332031e-01 -9.805995970964431763e-03
-1.246499633789062500e+01 1.615066528320312500e+01 -1.083438491821289062e+01 -1.562207043170928955e-01 1.492363363504409790e-01 -9.763808846473693848e-01 -1.965388655662536621e-03
-1.240527343750000000e+01 1.593128395080566406e+01 -1.077674674987792969e+01 -1.646714955568313599e-01 1.499468088150024414e-01 -9.748648405075073242e-01 6.147095933556556702e-03
-1.234443473815917969e+01 1.571399593353271484e+01 -1.072112274169921875e+01 -1.723325848579406738e-01 1.505224406719207764e-01 -9.733622670173645020e-01 1.451003924012184143e-02
-1.228394985198974609e+01 1.549853038787841797e+01 -1.066698932647705078e+01 -1.790936291217803955e-01 1.509378105401992798e-01 -9.719102978706359863e-01 2.310306020081043243e-02
-1.222393035888671875e+01 1.528494071960449219e+01 -1.061400890350341797e+01 -1.848722696304321289e-01 1.511734426021575928e-01 -9.705417156219482422e-01 3.190086781978607178e-02
-1.216413021087646484e+01 1.507307338714599609e+01 -1.056311893463134766e+01 -1.897009611129760742e-01 1.512352377176284790e-01 -9.692635536193847656e-01 4.086299240589141846e-02
-1.210491752624511719e+01 1.486314868927001953e+01 -1.051295185089111328e+01 -1.936391741037368774e-01 1.511358767747879028e-01 -9.680740833282470703e-01 4.994400590658187866e-02
-1.204590225219726562e+01 1.465492916107177734e+01 -1.046501827239990234e+01 -1.967470198869705200e-01 1.508872509002685547e-01 -9.669699668884277344e-01 5.909881740808486938e-02
-1.198744487762451172e+01 1.444863986968994141e+01 -1.041784477233886719e+01 -1.990839987993240356e-01 1.505011022090911865e-01 -9.659463167190551758e-01 6.828244030475616455e-02
-1.192940616607666016e+01 1.424421310424804688e+01 -1.037272930145263672e+01 -2.006198614835739136e-01 1.488697677850723267e-01 -9.651707410812377930e-01 7.768289744853973389e-02
-1.187176704406738281e+01 1.404163265228271484e+01 -1.032902812957763672e+01 -2.014743089675903320e-01 1.470285207033157349e-01 -9.644759893417358398e-01 8.704484999179840088e-02
-1.181465435028076172e+01 1.384098815917968750e+01 -1.028593254089355469e+01 -2.017381936311721802e-01 1.453278958797454834e-01 -9.638034701347351074e-01 9.625075757503509521e-02
-1.175756931304931641e+01 1.364199924468994141e+01 -1.024555015563964844e+01 -2.014788389205932617e-01 1.437780559062957764e-01 -9.631487727165222168e-01 1.052541360259056091e-01
-1.170103263854980469e+01 1.344498252868652344e+01 -1.020556354522705078e+01 -2.007629722356796265e-01 1.423850953578948975e-01 -9.625082015991210938e-01 1.140110343694686890e-01
-1.164481449127197266e+01 1.324983119964599609e+01 -1.016695499420166016e+01 -1.996562182903289795e-01 1.411516517400741577e-01 -9.618796110153198242e-01 1.224790588021278381e-01
-1.158872032165527344e+01 1.305644035339355469e+01 -1.013053894042968750e+01 -1.982239782810211182e-01 1.400768309831619263e-01 -9.612620472908020020e-01 1.306174546480178833e-01
-1.153314399719238281e+01 1.286505317687988281e+01 -1.009449958801269531e+01 -1.965298950672149658e-01 1.391568183898925781e-01 -9.606562852859497070e-01 1.383866071701049805e-01
-1.147778129577636719e+01 1.267551708221435547e+01 -1.006020832061767578e+01 -1.946365833282470703e-01 1.383850574493408203e-01 -9.600643515586853027e-01 1.457481384277343750e-01
-1.142254161834716797e+01 1.248780250549316406e+01 -1.002803897857666016e+01 -1.926055103540420532e-01 1.377526521682739258e-01 -9.594899415969848633e-01 1.526646167039871216e-01
-1.136779880523681641e+01 1.230212116241455078e+01 -9.996221542358398438e+00 -1.904965937137603760e-01 1.372487992048263550e-01 -9.589376449584960938e-01 1.590987443923950195e-01
-1.131327533721923828e+01 1.211835384368896484e+01 -9.966035842895507812e+00 -1.883680820465087891e-01 1.368611901998519897e-01 -9.584137201309204102e-01 1.650139391422271729e-01
-1.125875854492187500e+01 1.193641376495361328e+01 -9.938454627990722656e+00 -1.862777471542358398e-01 1.365760117769241333e-01 -9.579250216484069824e-01 1.703735888004302979e-01
-1.120471858978271484e+01 1.175653266906738281e+01 -9.911187171936035156e+00 -1.842813044786453247e-01 1.363788992166519165e-01 -9.574792981147766113e-01 1.751413643360137939e-01
-1.115102386474609375e+01 1.157867622375488281e+01 -9.884854316711425781e+00 -1.824340224266052246e-01 1.362548470497131348e-01 -9.570847749710083008e-01 1.792796701192855835e-01
-1.109719371795654297e+01 1.140267276763916016e+01 -9.862491607666015625e+00 -1.806085109710693359e-01 1.352978646755218506e-01 -9.568753242492675781e-01 1.829334199428558350e-01
-1.104383754730224609e+01 1.122875213623046875e+01 -9.840394020080566406e+00 -1.789719909429550171e-01 1.344038844108581543e-01 -9.567262530326843262e-01 1.859559863805770874e-01
-1.099096775054931641e+01 1.105690860748291016e+01 -9.818560600280761719e+00 -1.775161474943161011e-01 1.335764825344085693e-01 -9.566379189491271973e-01 1.883860230445861816e-01
-1.093798923492431641e+01 1.088698673248291016e+01 -9.799940109252929688e+00 -1.762334257364273071e-01 1.328193843364715576e-01 -9.566091895103454590e-01 1.902619004249572754e-01
-1.088540649414062500e+01 1.071911334991455078e+01 -9.782094955444335938e+00 -1.751155257225036621e-01 1.321363002061843872e-01 -9.566377401351928711e-01 1.916214376688003540e-01
-1.083493137359619141e+01 1.055833435058593750e+01 -9.764998435974121094e+00 -1.741539537906646729e-01 1.315301358699798584e-01 -9.567198157310485840e-01 1.925027072429656982e-01
-1.078635501861572266e+01 1.040461921691894531e+01 -9.749665260314941406e+00 -1.733397543430328369e-01 1.310043781995773315e-01 -9.568512439727783203e-01 1.929429173469543457e-01
-1.073954105377197266e+01 1.025793647766113281e+01 -9.736763954162597656e+00 -1.726648360490798950e-01 1.305617988109588623e-01 -9.570262432098388672e-01 1.929798126220703125e-01
-1.069488716125488281e+01 1.011834239959716797e+01 -9.724478721618652344e+00 -1.721198260784149170e-01 1.302055567502975464e-01 -9.572393298149108887e-01 1.926505267620086670e-01
-1.065240478515625000e+01 9.985836982727050781e+00 -9.712803840637207031e+00 -1.716959029436111450e-01 1.299385428428649902e-01 -9.574840068817138672e-01 1.919923573732376099e-01
-1.061196231842041016e+01 9.860404968261718750e+00 -9.702344894409179688e+00 -1.713839173316955566e-01 1.297634541988372803e-01 -9.577534794807434082e-01 1.910425126552581787e-01
-1.057340335845947266e+01 9.742040634155273438e+00 -9.693813323974609375e+00 -1.711751222610473633e-01 1.296835392713546753e-01 -9.580410718917846680e-01 1.898382008075714111e-01
-1.053706741333007812e+01 9.630746841430664062e+00 -9.685774803161621094e+00 -1.710600852966308594e-01 1.297010034322738647e-01 -9.583399295806884766e-01 1.884164214134216309e-01
-1.050296401977539062e+01 9.526525497436523438e+00 -9.678228378295898438e+00 -1.710299998521804810e-01 1.298194527626037598e-01 -9.586429595947265625e-01 1.868140995502471924e-01
-1.047109794616699219e+01 9.429365158081054688e+00 -9.671173095703125000e+00 -1.710756719112396240e-01 1.300408542156219482e-01 -9.589431881904602051e-01 1.850689500570297241e-01
-1.044146060943603516e+01 9.339267730712890625e+00 -9.664695739746093750e+00 -1.711882650852203369e-01 1.303687691688537598e-01 -9.592339992523193359e-01 1.832174211740493774e-01
-1.041380310058593750e+01 9.256244659423828125e+00 -9.659788131713867188e+00 -1.713583171367645264e-01 1.308058798313140869e-01 -9.595090150833129883e-01 1.812970787286758423e-01
-1.038843727111816406e+01 9.180277824401855469e+00 -9.655269622802734375e+00 -1.715773493051528931e-01 1.313547641038894653e-01 -9.597615599632263184e-01 1.793453544378280640e-01
-1.036537361145019531e+01 9.111354827880859375e+00 -9.651133537292480469e+00 -1.718362420797348022e-01 1.320188641548156738e-01 -9.599858522415161133e-01 1.773992180824279785e-01
-1.034461784362792969e+01 9.049472808837890625e+00 -9.647381782531738281e+00 -1.721258759498596191e-01 1.328009068965911865e-01 -9.601758718490600586e-01 1.754963845014572144e-01
-1.032617855072021484e+01 8.994635581970214844e+00 -9.644010543823242188e+00 -1.724348068237304688e-01 1.336973160505294800e-01 -9.603289365768432617e-01 1.736651659011840820e-01
-1.031005668640136719e+01 8.946843147277832031e+00 -9.641031265258789062e+00 -1.727377325296401978e-01 1.346781551837921143e-01 -9.604550600051879883e-01 1.718998253345489502e-01
-1.029625320434570312e+01 8.906096458435058594e+00 -9.638454437255859375e+00 -1.730068624019622803e-01 1.357070058584213257e-01 -9.605669975280761719e-01 1.701861321926116943e-01
-1.028476810455322266e+01 8.872402191162109375e+00 -9.636288642883300781e+00 -1.732141226530075073e-01 1.367472857236862183e-01 -9.606776237487792969e-01 1.685097068548202515e-01
-1.027559661865234375e+01 8.845766067504882812e+00 -9.634545326232910156e+00 -1.733315885066986084e-01 1.377624273300170898e-01 -9.608001112937927246e-01 1.668559163808822632e-01
-1.026874446868896484e+01 8.826186180114746094e+00 -9.633232116699218750e+00 -1.733315587043762207e-01 1.387158632278442383e-01 -9.609471559524536133e-01 1.652105897665023804e-01
-1.026020812988281250e+01 8.801486968994140625e+00 -9.631705284118652344e+00 -1.731855422258377075e-01 1.395711898803710938e-01 -9.611321091651916504e-01 1.635594069957733154e-01
-1.024991703033447266e+01 8.771681785583496094e+00 -9.630218505859375000e+00 -1.728659868240356445e-01 1.402919143438339233e-01 -9.613677263259887695e-01 1.618876755237579346e-01
-1.023793888092041016e+01 8.736767768859863281e+00 -9.628540992736816406e+00 -1.723446846008300781e-01 1.408413499593734741e-01 -9.616667628288269043e-01 1.601811349391937256e-01
-1.022427558898925781e+01 8.696745872497558594e+00 -9.626684188842773438e+00 -1.715936362743377686e-01 1.411831974983215332e-01 -9.620417356491088867e-01 1.584251374006271362e-01
-1.020892715454101562e+01 8.651618003845214844e+00 -9.624654769897460938e+00 -1.705847680568695068e-01 1.412806361913681030e-01 -9.625047445297241211e-01 1.566053777933120728e-01
-1.019189071655273438e+01 8.601391792297363281e+00 -9.622465133666992188e+00 -1.692897528409957886e-01 1.410968005657196045e-01 -9.630672335624694824e-01 1.547069847583770752e-01
-1.017316532135009766e+01 8.546066284179687500e+00 -9.620125770568847656e+00 -1.676804125308990479e-01 1.405952274799346924e-01 -9.637397527694702148e-01 1.527152210474014282e-01
-1.015275001525878906e+01 8.485647201538085938e+00 -9.617643356323242188e+00 -1.657280027866363525e-01 1.397388577461242676e-01 -9.645320773124694824e-01 1.506151854991912842e-01
-1.013064289093017578e+01 8.420137405395507812e+00 -9.615031242370605469e+00 -1.634039282798767090e-01 1.384905427694320679e-01 -9.654529094696044922e-01 1.483914554119110107e-01
-1.010756683349609375e+01 8.351729393005371094e+00 -9.612400054931640625e+00 -1.606792658567428589e-01 1.368128657341003418e-01 -9.665091037750244141e-01 1.460292339324951172e-01
-1.008351135253906250e+01 8.280429840087890625e+00 -9.609776496887207031e+00 -1.575247645378112793e-01 1.346686184406280518e-01 -9.677057862281799316e-01 1.435124576091766357e-01
-1.005822467803955078e+01 8.206287384033203125e+00 -9.607872962951660156e+00 -1.539106965065002441e-01 1.320198029279708862e-01 -9.690461158752441406e-01 1.408250033855438232e-01
-1.003194713592529297e+01 8.129255294799804688e+00 -9.606011390686035156e+00 -1.498074829578399658e-01 1.288285404443740845e-01 -9.705310463905334473e-01 1.379508376121520996e-01
-1.000467395782470703e+01 8.049330711364746094e+00 -9.604201316833496094e+00 -1.451850235462188721e-01 1.250566989183425903e-01 -9.721580743789672852e-01 1.348731070756912231e-01
-9.976398468017578125e+00 7.966516017913818359e+00 -9.602449417114257812e+00 -1.400255113840103149e-01 1.206776797771453857e-01 -9.739183783531188965e-01 1.315773427486419678e-01
-9.947113037109375000e+00 7.880799293518066406e+00 -9.600747108459472656e+00 -1.343623697757720947e-01 1.157134994864463806e-01 -9.757854938507080078e-01 1.280613392591476440e-01
-9.916807174682617188e+00 7.792176246643066406e+00 -9.599085807800292969e+00 -1.282426118850708008e-01 1.101985126733779907e-01 -9.777286052703857422e-01 1.243253797292709351e-01
-9.885207176208496094e+00 7.700712680816650391e+00 -9.598039627075195312e+00 -1.217129677534103394e-01 1.041669324040412903e-01 -9.797174334526062012e-01 1.203694641590118408e-01
-9.852504730224609375e+00 7.606345176696777344e+00 -9.597163200378417969e+00 -1.148205026984214783e-01 9.765355288982391357e-02 -9.817222356796264648e-01 1.161952689290046692e-01
-9.818749427795410156e+00 7.509049892425537109e+00 -9.596318244934082031e+00 -1.076131612062454224e-01 9.069351851940155029e-02 -9.837145209312438965e-01 1.118030101060867310e-01
-9.783936500549316406e+00 7.408822059631347656e+00 -9.595495223999023438e+00 -1.001387983560562134e-01 8.332279324531555176e-02 -9.856667518615722656e-01 1.071944609284400940e-01
-9.748059272766113281e+00 7.305651664733886719e+00 -9.594679832458496094e+00 -9.244607388973236084e-02 7.557716220617294312e-02 -9.875534772872924805e-01 1.023713350296020508e-01
-9.713672637939453125e+00 7.208080768585205078e+00 -9.594548225402832031e+00 -8.458379656076431274e-02 6.749297678470611572e-02 -9.893513321876525879e-01 9.733599424362182617e-02
-9.681030273437500000e+00 7.116026401519775391e+00 -9.594705581665039062e+00 -7.660089433193206787e-02 5.910717323422431946e-02 -9.910388588905334473e-01 9.209082275629043579e-02
-9.650191307067871094e+00 7.029461383819580078e+00 -9.595052719116210938e+00 -6.854694336652755737e-02 5.045691132545471191e-02 -9.925970435142517090e-01 8.663884550333023071e-02
-9.621152877807617188e+00 6.948379993438720703e+00 -9.595573425292968750e+00 -6.047245860099792480e-02 4.158030077815055847e-02 -9.940099120140075684e-01 8.098364621400833130e-02
-9.593915939331054688e+00 6.872777938842773438e+00 -9.596261978149414062e+00 -5.242688581347465515e-02 3.251485526561737061e-02 -9.952636957168579102e-01 7.512895762920379639e-02
-9.568487167358398438e+00 6.802645206451416016e+00 -9.597212791442871094e+00 -4.446116834878921509e-02 2.329895831644535065e-02 -9.963475465774536133e-01 6.907921284437179565e-02
-9.544839859008789062e+00 6.737863540649414062e+00 -9.598538398742675781e+00 -3.662553802132606506e-02 1.397087890654802322e-02 -9.972535371780395508e-01 6.283884495496749878e-02
-9.522957801818847656e+00 6.678444862365722656e+00 -9.599960327148437500e+00 -2.897014655172824860e-02 4.569503013044595718e-03 -9.979766011238098145e-01 5.641270428895950317e-02
-9.502840042114257812e+00 6.624384403228759766e+00 -9.601468086242675781e+00 -2.154633775353431702e-02 -4.867108073085546494e-03 -9.985144734382629395e-01 4.980668798089027405e-02
-9.484494209289550781e+00 6.575681209564208984e+00 -9.603046417236328125e+00 -1.440383587032556534e-02 -1.429999526590108871e-02 -9.988678097724914551e-01 4.302575811743736267e-02
-9.467924118041992188e+00 6.532333850860595703e+00 -9.604688644409179688e+00 -7.593391928821802139e-03 -2.369084581732749939e-02 -9.990392923355102539e-01 3.607540950179100037e-02
-9.453134536743164062e+00 6.494339466094970703e+00 -9.606381416320800781e+00 -1.164937857538461685e-03 -3.300137817859649658e-02 -9.990349411964416504e-01 2.896212972700595856e-02
-9.440131187438964844e+00 6.461701393127441406e+00 -9.608117103576660156e+00 4.842008929699659348e-03 -4.219397157430648804e-02 -9.988621473312377930e-01 2.169617451727390289e-02
-9.428928375244140625e+00 6.434418678283691406e+00 -9.609887123107910156e+00 1.043000724166631699e-02 -5.123288184404373169e-02 -9.985297322273254395e-01 1.430683583021163940e-02
-9.419538497924804688e+00 6.412493705749511719e+00 -9.611682891845703125e+00 1.561219803988933563e-02 -6.008307263255119324e-02 -9.980478286743164062e-01 6.828205659985542297e-03
-9.411973953247070312e+00 6.395926475524902344e+00 -9.613496780395507812e+00 2.040177397429943085e-02 -6.870969384908676147e-02 -9.974277019500732422e-01 -7.056301110424101353e-04
-9.406245231628417969e+00 6.384725093841552734e+00 -9.615323066711425781e+00 -2.481243945658206940e-02 7.707821577787399292e-02 9.966821074485778809e-01 8.260988630354404449e-03
-9.402365684509277344e+00 6.378891468048095703e+00 -9.617154121398925781e+00 -2.885785885155200958e-02 8.515436202287673950e-02 9.958243966102600098e-01 1.580374687910079956e-02
-9.400348663330078125e+00 6.378431320190429688e+00 -9.618985176086425781e+00 -3.255172446370124817e-02 9.290419518947601318e-02 9.948698878288269043e-01 2.330061607062816620e-02
-9.397936820983886719e+00 6.376715183258056641e+00 -9.620688438415527344e+00 -3.590826317667961121e-02 1.002941355109214783e-01 9.938351511955261230e-01 3.071801923215389252e-02
-9.395141601562500000e+00 6.373747348785400391e+00 -9.622258186340332031e+00 -3.894139081239700317e-02 1.072908714413642883e-01 9.927367568016052246e-01 3.802295401692390442e-02
-9.391978263854980469e+00 6.369538307189941406e+00 -9.623693466186523438e+00 -4.166565090417861938e-02 1.138615012168884277e-01 9.915937185287475586e-01 4.518217593431472778e-02
-9.388471603393554688e+00 6.364088058471679688e+00 -9.625004768371582031e+00 -4.409511759877204895e-02 1.199733614921569824e-01 9.904246926307678223e-01 5.216301977634429932e-02
-9.384617805480957031e+00 6.357411861419677734e+00 -9.626174926757812500e+00 -4.624429345130920410e-02 1.255941092967987061e-01 9.892494082450866699e-01 5.893323197960853577e-02
-9.380427360534667969e+00 6.349518775939941406e+00 -9.627197265625000000e+00 -4.812773689627647400e-02 1.306916475296020508e-01 9.880881905555725098e-01 6.546004116535186768e-02
-9.375908851623535156e+00 6.340419769287109375e+00 -9.628064155578613281e+00 -4.975985363125801086e-02 1.352341622114181519e-01 9.869614839553833008e-01 7.171189785003662109e-02
-9.371068954467773438e+00 6.330122947692871094e+00 -9.628775596618652344e+00 -5.115522444248199463e-02 1.391898840665817261e-01 9.858899116516113281e-01 7.765658944845199585e-02
-9.365919113159179688e+00 6.318640232086181641e+00 -9.629323959350585938e+00 -5.232847109436988831e-02 1.425271630287170410e-01 9.848933815956115723e-01 8.326271176338195801e-02
-9.360464096069335938e+00 6.305977821350097656e+00 -9.629704475402832031e+00 -5.329391360282897949e-02 1.452145129442214966e-01 9.839920997619628906e-01 8.849872648715972900e-02
-9.354711532592773438e+00 6.292145729064941406e+00 -9.629913330078125000e+00 -5.406606197357177734e-02 1.472202539443969727e-01 9.832049608230590820e-01 9.333328157663345337e-02
-9.348670005798339844e+00 6.277156829833984375e+00 -9.629941940307617188e+00 -5.465936660766601562e-02 1.485126912593841553e-01 9.825499057769775391e-01 9.773483127355575562e-02
-9.342346191406250000e+00 6.261015415191650391e+00 -9.629787445068359375e+00 -5.508825555443763733e-02 1.490598469972610474e-01 9.820433855056762695e-01 1.016726419329643250e-01
-9.335744857788085938e+00 6.243726730346679688e+00 -9.629446029663085938e+00 -5.536553263664245605e-02 1.488448828458786011e-01 9.816969037055969238e-01 1.051232814788818359e-01
-9.328862190246582031e+00 6.225292682647705078e+00 -9.628928184509277344e+00 -5.549902468919754028e-02 1.479120850563049316e-01 9.815073609352111816e-01 1.080974936485290527e-01
-9.321690559387207031e+00 6.205706596374511719e+00 -9.628248214721679688e+00 -5.549490079283714294e-02 1.463206708431243896e-01 9.814658164978027344e-01 1.106142476201057434e-01
-9.314226150512695312e+00 6.184967041015625000e+00 -9.627419471740722656e+00 -5.535954236984252930e-02 1.441296935081481934e-01 9.815613031387329102e-01 1.126916036009788513e-01
-9.306463241577148438e+00 6.163060188293457031e+00 -9.626457214355468750e+00 -5.509889125823974609e-02 1.413979381322860718e-01 9.817815423011779785e-01 1.143487095832824707e-01
-9.298396110534667969e+00 6.139987468719482422e+00 -9.625372886657714844e+00 -5.471895635128021240e-02 1.381840109825134277e-01 9.821134209632873535e-01 1.156033277511596680e-01
-9.290019035339355469e+00 6.115739822387695312e+00 -9.624181747436523438e+00 -5.422592535614967346e-02 1.345464736223220825e-01 9.825428128242492676e-01 1.164739057421684265e-01
-9.281326293945312500e+00 6.090308666229248047e+00 -9.622895240783691406e+00 -5.362567305564880371e-02 1.305438876152038574e-01 9.830557703971862793e-01 1.169786900281906128e-01
-9.272313117980957031e+00 6.063688755035400391e+00 -9.621524810791015625e+00 -5.292424187064170837e-02 1.262347698211669922e-01 9.836375713348388672e-01 1.171357780694961548e-01
-9.262973785400390625e+00 6.035876274108886719e+00 -9.620086669921875000e+00 -5.212765559554100037e-02 1.216777563095092773e-01 9.842746853828430176e-01 1.169636324048042297e-01
-9.253302574157714844e+00 6.006860256195068359e+00 -9.618589401245117188e+00 -5.124197900295257568e-02 1.169315725564956665e-01 9.849535226821899414e-01 1.164804548025131226e-01
-9.243295669555664062e+00 5.976637840270996094e+00 -9.617053031921386719e+00 -5.027338862419128418e-02 1.120550557971000671e-01 9.856615066528320312e-01 1.157048270106315613e-01
-9.232944488525390625e+00 5.945201396942138672e+00 -9.615485191345214844e+00 -4.922789335250854492e-02 1.071072071790695190e-01 9.863868355751037598e-01 1.146551519632339478e-01
-9.222444534301757812e+00 5.912482738494873047e+00 -9.614001274108886719e+00 -4.811178520321846008e-02 1.021470054984092712e-01 9.871186017990112305e-01 1.133501008152961731e-01
-9.211734771728515625e+00 5.878489971160888672e+00 -9.612588882446289062e+00 -4.693140462040901184e-02 9.723374247550964355e-02 9.878470301628112793e-01 1.118083372712135315e-01
-9.200680732727050781e+00 5.843268871307373047e+00 -9.611193656921386719e+00 -4.569309949874877930e-02 9.242676198482513428e-02 9.885638952255249023e-01 1.100493445992469788e-01
-9.189274787902832031e+00 5.806815147399902344e+00 -9.609828948974609375e+00 -4.440313205122947693e-02 8.778543025255203247e-02 9.892615675926208496e-01 1.080913469195365906e-01
-9.177511215209960938e+00 5.769122123718261719e+00 -9.608511924743652344e+00 -4.306804016232490540e-02 8.336934447288513184e-02 9.899335503578186035e-01 1.059540733695030212e-01
-9.165386199951171875e+00 5.730192661285400391e+00 -9.607253074645996094e+00 -4.169434681534767151e-02 7.923807203769683838e-02 9.905745983123779297e-01 1.036563515663146973e-01
-9.152894973754882812e+00 5.690019607543945312e+00 -9.606070518493652344e+00 -4.028843343257904053e-02 7.545126974582672119e-02 9.911805391311645508e-01 1.012176275253295898e-01
-9.140028953552246094e+00 5.648603439331054688e+00 -9.604972839355468750e+00 -3.885860368609428406e-02 7.205545902252197266e-02 9.917480349540710449e-01 9.865958988666534424e-02
-9.126785278320312500e+00 5.605947017669677734e+00 -9.603957176208496094e+00 -3.741905465722084045e-02 6.904444098472595215e-02 9.922772645950317383e-01 9.601239114999771118e-02
-9.113150596618652344e+00 5.562047004699707031e+00 -9.603020668029785156e+00 -3.598574921488761902e-02 6.639879941940307617e-02 9.927687644958496094e-01 9.330857545137405396e-02
-9.099123001098632812e+00 5.516906738281250000e+00 -9.602156639099121094e+00 -3.457471728324890137e-02 6.409909576177597046e-02 9.932225346565246582e-01 9.058083593845367432e-02
-9.085289001464843750e+00 5.470334529876708984e+00 -9.601546287536621094e+00 -3.320181369781494141e-02 6.212585419416427612e-02 9.936389923095703125e-01 8.786139637231826782e-02
-9.071171760559082031e+00 5.422479152679443359e+00 -9.601035118103027344e+00 -3.188301622867584229e-02 6.045958772301673889e-02 9.940180778503417969e-01 8.518296480178833008e-02
-9.056653022766113281e+00 5.373380184173583984e+00 -9.600586891174316406e+00 -3.063403069972991943e-02 5.908080190420150757e-02 9.943600893020629883e-01 8.257780969142913818e-02
-9.041727066040039062e+00 5.323031902313232422e+00 -9.600197792053222656e+00 -2.947103604674339294e-02 5.796999484300613403e-02 9.946649670600891113e-01 8.007821440696716309e-02
-9.026384353637695312e+00 5.271437644958496094e+00 -9.599858283996582031e+00 -2.840982563793659210e-02 5.710768327116966248e-02 9.949330687522888184e-01 7.771712541580200195e-02
-9.010617256164550781e+00 5.218598365783691406e+00 -9.599570274353027344e+00 -2.746610343456268311e-02 5.647432804107666016e-02 9.951643347740173340e-01 7.552648335695266724e-02
-8.994415283203125000e+00 5.164512634277343750e+00 -9.599323272705078125e+00 -2.665596641600131989e-02 5.605044960975646973e-02 9.953590631484985352e-01 7.353888452053070068e-02
-8.977774620056152344e+00 5.109180927276611328e+00 -9.599113464355468750e+00 -2.599522285163402557e-02 5.581655725836753845e-02 9.955176711082458496e-01 7.178664207458496094e-02
-8.961496353149414062e+00 5.052360534667968750e+00 -9.599102973937988281e+00 -2.549980022013187408e-02 5.575314536690711975e-02 9.956399798393249512e-01 7.030232995748519897e-02
-8.943160057067871094e+00 4.987300872802734375e+00 -9.599201202392578125e+00 -2.518540248274803162e-02 5.584070459008216858e-02 9.957259297370910645e-01 6.911826878786087036e-02
-8.922411918640136719e+00 4.914103984832763672e+00 -9.599334716796875000e+00 -2.506809681653976440e-02 5.605971440672874451e-02 9.957754015922546387e-01 6.826668232679367065e-02
-8.899246215820312500e+00 4.832768440246582031e+00 -9.599495887756347656e+00 -2.516355738043785095e-02 5.639062076807022095e-02 9.957875013351440430e-01 6.777996569871902466e-02
-8.873654365539550781e+00 4.743295669555664062e+00 -9.599683761596679688e+00 -2.548777312040328979e-02 5.681388452649116516e-02 9.957612752914428711e-01 6.769032031297683716e-02
-8.846426963806152344e+00 4.645464897155761719e+00 -9.599999427795410156e+00 -2.605653554201126099e-02 5.730989575386047363e-02 9.956950545310974121e-01 6.803020089864730835e-02
-8.818634986877441406e+00 4.538982868194580078e+00 -9.600587844848632812e+00 -2.688559144735336304e-02 5.785900354385375977e-02 9.955860972404479980e-01 6.883168965578079224e-02
-8.788598060607910156e+00 4.424304008483886719e+00 -9.601213455200195312e+00 -2.799084223806858063e-02 5.844145268201828003e-02 9.954311251640319824e-01 7.012671977281570435e-02
-8.756310462951660156e+00 4.301428318023681641e+00 -9.601868629455566406e+00 -2.938050962984561920e-02 5.904062092304229736e-02 9.952268004417419434e-01 7.193438708782196045e-02
-8.724496841430664062e+00 4.169694900512695312e+00 -9.602809906005859375e+00 -3.103335946798324585e-02 5.965214595198631287e-02 9.949722290039062500e-01 7.421977072954177856e-02
-8.691880226135253906e+00 4.029417514801025391e+00 -9.603912353515625000e+00 -3.292032331228256226e-02 6.027485430240631104e-02 9.946679472923278809e-01 7.693485915660858154e-02
-8.657293319702148438e+00 3.880881309509277344e+00 -9.605067253112792969e+00 -3.501274064183235168e-02 6.090751290321350098e-02 9.943135380744934082e-01 8.003152906894683838e-02
-8.624673843383789062e+00 3.723267793655395508e+00 -9.606508255004882812e+00 -3.728161379694938660e-02 6.154887750744819641e-02 9.939093589782714844e-01 8.346158266067504883e-02
-8.591685295104980469e+00 3.557064056396484375e+00 -9.608098030090332031e+00 -3.969805687665939331e-02 6.219779327511787415e-02 9.934564828872680664e-01 8.717704564332962036e-02
-8.557910919189453125e+00 3.382392406463623047e+00 -9.609795570373535156e+00 -4.223328456282615662e-02 6.285308301448822021e-02 9.929558038711547852e-01 9.112959355115890503e-02
-8.526637077331542969e+00 3.198670625686645508e+00 -9.611755371093750000e+00 -4.485844075679779053e-02 6.351365894079208374e-02 9.924097061157226562e-01 9.527140855789184570e-02
-8.493955612182617188e+00 3.006596565246582031e+00 -9.613791465759277344e+00 -4.754464328289031982e-02 6.417845189571380615e-02 9.918212890625000000e-01 9.955459088087081909e-02
-8.463967323303222656e+00 2.805547952651977539e+00 -9.616015434265136719e+00 -5.026303231716156006e-02 6.484645605087280273e-02 9.911946654319763184e-01 1.039309278130531311e-01
-8.433256149291992188e+00 2.596049785614013672e+00 -9.618335723876953125e+00 -5.298503860831260681e-02 6.551677733659744263e-02 9.905351400375366211e-01 1.083527430891990662e-01
-8.404851913452148438e+00 2.377718448638916016e+00 -9.620731353759765625e+00 -5.568182468414306641e-02 6.618852913379669189e-02 9.898489117622375488e-01 1.127723529934883118e-01
-8.376093864440917969e+00 2.150908231735229492e+00 -9.623206138610839844e+00 -5.832486227154731750e-02 6.686095893383026123e-02 9.891438484191894531e-01 1.171422153711318970e-01
-8.349917411804199219e+00 1.915297865867614746e+00 -9.625584602355957031e+00 -6.088548526167869568e-02 6.753333657979965210e-02 9.884283542633056641e-01 1.214148327708244324e-01
-8.324019432067871094e+00 1.671170592308044434e+00 -9.627885818481445312e+00 -6.333519518375396729e-02 6.820505112409591675e-02 9.877123832702636719e-01 1.255431473255157471e-01
-8.299914360046386719e+00 1.425583481788635254e+00 -9.629940986633300781e+00 -6.564573198556900024e-02 6.887551397085189819e-02 9.870064854621887207e-01 1.294796615839004517e-01
-8.277770042419433594e+00 1.178543686866760254e+00 -9.631356239318847656e+00 -6.778862327337265015e-02 6.954425573348999023e-02 9.863225817680358887e-01 1.331778317689895630e-01
-8.256590843200683594e+00 9.301562309265136719e-01 -9.632042884826660156e+00 -6.973553448915481567e-02 7.021076977252960205e-02 9.856726527214050293e-01 1.365903764963150024e-01
-8.236482620239257812e+00 6.859216094017028809e-01 -9.631479263305664062e+00 -7.145836949348449707e-02 7.087465375661849976e-02 9.850697517395019531e-01 1.396705359220504761e-01
-8.216639518737792969e+00 4.459228515625000000e-01 -9.629407882690429688e+00 -7.292889058589935303e-02 7.153555750846862793e-02 9.845273494720458984e-01 1.423718035221099854e-01
-8.195899009704589844e+00 2.102551162242889404e-01 -9.627202033996582031e+00 -7.413016259670257568e-02 7.219280302524566650e-02 9.840558767318725586e-01 1.446613073348999023e-01
-8.172029495239257812e+00 -2.085693366825580597e-02 -9.628138542175292969e+00 -7.508973777294158936e-02 7.284432649612426758e-02 9.836539030075073242e-01 1.465610116720199585e-01
-8.141339302062988281e+00 -2.466247528791427612e-01 -9.638655662536621094e+00 -7.584625482559204102e-02 7.348764687776565552e-02 9.833164811134338379e-01 1.481062471866607666e-01
-8.104256629943847656e+00 -4.663281142711639404e-01 -9.660329818725585938e+00 -7.643856108188629150e-02 7.412026822566986084e-02 9.830377101898193359e-01 1.493321955204010010e-01
-8.062224388122558594e+00 -6.795287728309631348e-01 -9.692495346069335938e+00 -7.690495997667312622e-02 7.473961263895034790e-02 9.828108549118041992e-01 1.502746790647506714e-01
-8.019969940185546875e+00 -8.875488042831420898e-01 -9.729378700256347656e+00 -7.728417962789535522e-02 7.534310221672058105e-02 9.826286435127258301e-01 1.509685814380645752e-01
-7.982621669769287109e+00 -1.091846942901611328e+00 -9.767767906188964844e+00 -7.761467993259429932e-02 7.592811435461044312e-02 9.824835658073425293e-01 1.514492630958557129e-01
-7.952463626861572266e+00 -1.293016314506530762e+00 -9.806077957153320312e+00 -7.793504744768142700e-02 7.649196684360504150e-02 9.823678135871887207e-01 1.517514735460281372e-01
-7.934337615966796875e+00 -1.491582036018371582e+00 -9.842960357666015625e+00 -7.828371971845626831e-02 7.703198492527008057e-02 9.822732806205749512e-01 1.519104391336441040e-01
-7.927900791168212891e+00 -1.686878681182861328e+00 -9.877537727355957031e+00 -7.869902253150939941e-02 7.754551619291305542e-02 9.821919202804565430e-01 1.519614756107330322e-01
-7.932708740234375000e+00 -1.878281235694885254e+00 -9.909508705139160156e+00 -7.921962440013885498e-02 7.802988588809967041e-02 9.821152091026306152e-01 1.519394367933273315e-01
-7.949030399322509766e+00 -2.065457105636596680e+00 -9.938616752624511719e+00 -7.988387346267700195e-02 7.848235964775085449e-02 9.820345640182495117e-01 1.518791317939758301e-01
-7.985626220703125000e+00 -2.246100425720214844e+00 -9.962385177612304688e+00 -8.073022961616516113e-02 7.890027016401290894e-02 9.819415807723999023e-01 1.518159508705139160e-01
-8.032848358154296875e+00 -2.419922351837158203e+00 -9.982606887817382812e+00 -8.179715275764465332e-02 7.928084582090377808e-02 9.818274974822998047e-01 1.517845690250396729e-01
-8.092844963073730469e+00 -2.586196184158325195e+00 -9.998655319213867188e+00 -8.312293887138366699e-02 7.962135970592498779e-02 9.816830158233642578e-01 1.518201231956481934e-01
-8.170819282531738281e+00 -2.740221500396728516e+00 -1.000834369659423828e+01 -8.474593609571456909e-02 7.991904020309448242e-02 9.814987778663635254e-01 1.519572287797927856e-01
-8.252127647399902344e+00 -2.888212203979492188e+00 -1.001614570617675781e+01 -8.670461177825927734e-02 8.017109334468841553e-02 9.812648296356201172e-01 1.522308140993118286e-01
-8.345827102661132812e+00 -3.023785352706909180e+00 -1.001882648468017578e+01 -8.903700858354568481e-02 8.037457615137100220e-02 9.809700846672058105e-01 1.526755541563034058e-01
-8.437637329101562500e+00 -3.155501127243041992e+00 -1.002120113372802734e+01 -9.178143739700317383e-02 8.052662014961242676e-02 9.806031584739685059e-01 1.533261239528656006e-01
-8.534484863281250000e+00 -3.278251886367797852e+00 -1.002075195312500000e+01 -9.497578442096710205e-02 8.062416315078735352e-02 9.801512956619262695e-01 1.542164683341979980e-01
-8.628652572631835938e+00 -3.397723913192749023e+00 -1.002026939392089844e+01 -9.864464402198791504e-02 8.066570013761520386e-02 9.796025753021240234e-01 1.553737372159957886e-01
-8.723360061645507812e+00 -3.511280536651611328e+00 -1.001854228973388672e+01 -1.027593016624450684e-01 8.065596222877502441e-02 9.789539575576782227e-01 1.567939817905426025e-01
-8.817447662353515625e+00 -3.623709678649902344e+00 -1.001669883728027344e+01 -1.072775870561599731e-01 8.060139417648315430e-02 9.782041907310485840e-01 1.584662497043609619e-01
-8.923858642578125000e+00 -3.721225500106811523e+00 -1.000915145874023438e+01 -1.121572256088256836e-01 8.050833642482757568e-02 9.773522615432739258e-01 1.603795588016510010e-01
-9.036531448364257812e+00 -3.810263633728027344e+00 -9.998517990112304688e+00 -1.173560395836830139e-01 8.038321137428283691e-02 9.763976931571960449e-01 1.625227630138397217e-01
-9.148197174072265625e+00 -3.898530244827270508e+00 -9.987915992736816406e+00 -1.228317022323608398e-01 8.023246377706527710e-02 9.753400683403015137e-01 1.648849397897720337e-01
-9.258865356445312500e+00 -3.986014366149902344e+00 -9.977342605590820312e+00 -1.285421401262283325e-01 8.006259053945541382e-02 9.741793870925903320e-01 1.674550026655197144e-01
-9.368535041809082031e+00 -4.072726726531982422e+00 -9.966805458068847656e+00 -1.344448626041412354e-01 7.988008856773376465e-02 9.729172587394714355e-01 1.702221333980560303e-01
-9.477269172668457031e+00 -4.158581256866455078e+00 -9.956234931945800781e+00 -1.404979825019836426e-01 7.969164103269577026e-02 9.715553522109985352e-01 1.731755435466766357e-01
-9.589590072631835938e+00 -4.247249126434326172e+00 -9.945287704467773438e+00 -1.466592848300933838e-01 7.950389385223388672e-02 9.700963497161865234e-01 1.763044297695159912e-01
-9.705646514892578125e+00 -4.338513851165771484e+00 -9.933781623840332031e+00 -1.528867632150650024e-01 7.932367920875549316e-02 9.685441255569458008e-01 1.795985549688339233e-01
-9.825387954711914062e+00 -4.432457923889160156e+00 -9.921788215637207031e+00 -1.591387540102005005e-01 7.915779203176498413e-02 9.669035673141479492e-01 1.830472797155380249e-01
-9.948944091796875000e+00 -4.528898715972900391e+00 -9.909155845642089844e+00 -1.653734147548675537e-01 7.901318371295928955e-02 9.651806354522705078e-01 1.866405457258224487e-01
-1.007611751556396484e+01 -4.628146648406982422e+00 -9.896345138549804688e+00 -1.715492606163024902e-01 7.889692485332489014e-02 9.633824825286865234e-01 1.903685033321380615e-01
-1.020657730102539062e+01 -4.730711936950683594e+00 -9.884000778198242188e+00 -1.776248961687088013e-01 7.881607115268707275e-02 9.615173339843750000e-01 1.942210942506790161e-01
-1.033963680267333984e+01 -4.837581157684326172e+00 -9.873456001281738281e+00 -1.835592836141586304e-01 7.877777516841888428e-02 9.595942497253417969e-01 1.981886625289916992e-01
-1.047393417358398438e+01 -4.950492382049560547e+00 -9.867074966430664062e+00 -1.893115788698196411e-01 7.878930866718292236e-02 9.576238393783569336e-01 2.022617459297180176e-01
-1.060594463348388672e+01 -5.073015689849853516e+00 -9.870110511779785156e+00 -1.948410123586654663e-01 7.885809242725372314e-02 9.556173086166381836e-01 2.064316123723983765e-01
-1.073390102386474609e+01 -5.205553531646728516e+00 -9.883876800537109375e+00 -2.001072466373443604e-01 7.899142801761627197e-02 9.535866975784301758e-01 2.106889337301254272e-01
-1.085644912719726562e+01 -5.347766399383544922e+00 -9.908958435058593750e+00 -2.050700038671493530e-01 7.919681072235107422e-02 9.515452384948730469e-01 2.150248289108276367e-01
-1.097631549835205078e+01 -5.496673583984375000e+00 -9.942343711853027344e+00 -2.096972167491912842e-01 7.947952300310134888e-02 9.495054483413696289e-01 2.194294929504394531e-01
-1.109590339660644531e+01 -5.650297641754150391e+00 -9.981950759887695312e+00 -2.139883041381835938e-01 7.983614504337310791e-02 9.474752545356750488e-01 2.238878011703491211e-01
-1.121673583984375000e+01 -5.807464599609375000e+00 -1.002691173553466797e+01 -2.179505228996276855e-01 8.026109635829925537e-02 9.454610347747802734e-01 2.283838540315628052e-01
-1.134044742584228516e+01 -5.966779708862304688e+00 -1.007716941833496094e+01 -2.215912938117980957e-01 8.074875175952911377e-02 9.434691071510314941e-01 2.329012453556060791e-01
-1.146871280670166016e+01 -6.127112865447998047e+00 -1.013174057006835938e+01 -2.249178737401962280e-01 8.129335939884185791e-02 9.415060281753540039e-01 2.374233901500701904e-01
-1.160323238372802734e+01 -6.287011623382568359e+00 -1.019036388397216797e+01 -2.279376536607742310e-01 8.188931643962860107e-02 9.395777583122253418e-01 2.419342845678329468e-01
-1.174430274963378906e+01 -6.446301937103271484e+00 -1.025231170654296875e+01 -2.306580841541290283e-01 8.253100514411926270e-02 9.376906156539916992e-01 2.464177459478378296e-01
-1.189006423950195312e+01 -6.607233047485351562e+00 -1.031577014923095703e+01 -2.330865710973739624e-01 8.321270346641540527e-02 9.358509182929992676e-01 2.508574128150939941e-01
-1.203846263885498047e+01 -6.772439956665039062e+00 -1.037872791290283203e+01 -2.352305799722671509e-01 8.392883092164993286e-02 9.340644478797912598e-01 2.552371621131896973e-01
-1.218693065643310547e+01 -6.945086002349853516e+00 -1.043860435485839844e+01 -2.370975464582443237e-01 8.467373251914978027e-02 9.323377609252929688e-01 2.595410048961639404e-01
-1.233301353454589844e+01 -7.127546310424804688e+00 -1.049338150024414062e+01 -2.386949509382247925e-01 8.544173836708068848e-02 9.306766390800476074e-01 2.637525498867034912e-01
-1.247388362884521484e+01 -7.322022438049316406e+00 -1.054065132141113281e+01 -2.400303333997726440e-01 8.622723817825317383e-02 9.290875196456909180e-01 2.678558528423309326e-01
-1.261117172241210938e+01 -7.525998592376708984e+00 -1.058242416381835938e+01 -2.411111742258071899e-01 8.702456951141357422e-02 9.275763034820556641e-01 2.718346714973449707e-01
-1.274061584472656250e+01 -7.730549335479736328e+00 -1.061819553375244141e+01 -2.419449687004089355e-01 8.782814443111419678e-02 9.261495471000671387e-01 2.756732404232025146e-01
-1.287036991119384766e+01 -7.931331634521484375e+00 -1.063503742218017578e+01 -2.425392568111419678e-01 8.863233029842376709e-02 9.248133897781372070e-01 2.793552577495574951e-01
-1.301240444183349609e+01 -8.109013557434082031e+00 -1.058442878723144531e+01 -2.429015487432479858e-01 8.943155407905578613e-02 9.235735535621643066e-01 2.828651070594787598e-01
-1.315497398376464844e+01 -8.240234375000000000e+00 -1.046482372283935547e+01 -2.430305927991867065e-01 9.021752327680587769e-02 9.224390983581542969e-01 2.861871421337127686e-01
-1.328675460815429688e+01 -8.331196784973144531e+00 -1.030730724334716797e+01 -2.427573353052139282e-01 9.093081951141357422e-02 9.214640259742736816e-01 2.893175184726715088e-01
-1.340668201446533203e+01 -8.400674819946289062e+00 -1.013593482971191406e+01 -2.424737215042114258e-01 9.168237447738647461e-02 9.205495715141296387e-01 2.922144532203674316e-01
-1.351666259765625000e+01 -8.457822799682617188e+00 -9.959137916564941406e+00 -2.421813011169433594e-01 9.246680140495300293e-02 9.197036027908325195e-01 2.948619127273559570e-01
-1.361361312866210938e+01 -8.505259513854980469e+00 -9.777649879455566406e+00 -2.414973229169845581e-01 9.315454959869384766e-02 9.190375804901123047e-01 2.972729206085205078e-01
-1.370192337036132812e+01 -8.549736022949218750e+00 -9.596593856811523438e+00 -2.406326234340667725e-01 9.378772974014282227e-02 9.184997081756591797e-01 2.994294464588165283e-01
-1.378231620788574219e+01 -8.591445922851562500e+00 -9.416478157043457031e+00 -2.396010756492614746e-01 9.434472769498825073e-02 9.180911183357238770e-01 3.013290464878082275e-01
-1.384810733795166016e+01 -8.628384590148925781e+00 -9.234599113464355469e+00 -2.384165376424789429e-01 9.480397403240203857e-02 9.178122878074645996e-01 3.029693365097045898e-01
-1.390431404113769531e+01 -8.661955833435058594e+00 -9.054151535034179688e+00 -2.370926439762115479e-01 9.514369070529937744e-02 9.176642298698425293e-01 3.043473064899444580e-01
-1.395139694213867188e+01 -8.692297935485839844e+00 -8.875304222106933594e+00 -2.356430441141128540e-01 9.534236788749694824e-02 9.176468253135681152e-01 3.054610490798950195e-01
-1.398329067230224609e+01 -8.717450141906738281e+00 -8.697341918945312500e+00 -2.340815663337707520e-01 9.537822753190994263e-02 9.177606701850891113e-01 3.063073456287384033e-01
-1.401145744323730469e+01 -8.740979194641113281e+00 -8.523237228393554688e+00 -2.324215471744537354e-01 9.522961080074310303e-02 9.180055260658264160e-01 3.068837523460388184e-01
-1.402188682556152344e+01 -8.758366584777832031e+00 -8.351242065429687500e+00 -2.306765168905258179e-01 9.487465769052505493e-02 9.183807373046875000e-01 3.071869015693664551e-01
-1.403199672698974609e+01 -8.775193214416503906e+00 -8.183938026428222656e+00 -2.288599461317062378e-01 9.429173171520233154e-02 9.188860058784484863e-01 3.072142899036407471e-01
-1.402963066101074219e+01 -8.787460327148437500e+00 -8.020723342895507812e+00 -2.269849926233291626e-01 9.345887601375579834e-02 9.195200204849243164e-01 3.069624900817871094e-01
-1.402687358856201172e+01 -8.799139022827148438e+00 -7.862192153930664062e+00 -2.250649631023406982e-01 9.235434979200363159e-02 9.202815294265747070e-01 3.064285218715667725e-01
-1.401802921295166016e+01 -8.808315277099609375e+00 -7.708535194396972656e+00 -2.231128215789794922e-01 9.095629304647445679e-02 9.211680889129638672e-01 3.056092262268066406e-01
-1.400654792785644531e+01 -8.816144943237304688e+00 -7.559652328491210938e+00 -2.211416214704513550e-01 8.924262970685958862e-02 9.221776723861694336e-01 3.045004010200500488e-01
-1.399493980407714844e+01 -8.823462486267089844e+00 -7.415502548217773438e+00 -2.191640883684158325e-01 8.719144016504287720e-02 9.233070015907287598e-01 3.030987381935119629e-01
-1.397793674468994141e+01 -8.828481674194335938e+00 -7.276535987854003906e+00 -2.171929329633712769e-01 8.478064835071563721e-02 9.245525598526000977e-01 3.014001548290252686e-01
-1.396160984039306641e+01 -8.833260536193847656e+00 -7.142219066619873047e+00 -2.152406126260757446e-01 8.198822289705276489e-02 9.259096384048461914e-01 2.994005382061004639e-01
-1.394537925720214844e+01 -8.837600708007812500e+00 -7.012622356414794922e+00 -2.133192121982574463e-01 7.879199832677841187e-02 9.273729920387268066e-01 2.970957756042480469e-01
-1.392614746093750000e+01 -8.840441703796386719e+00 -6.888148784637451172e+00 -2.114410549402236938e-01 7.516978681087493896e-02 9.289366602897644043e-01 2.944808900356292725e-01
-1.390775966644287109e+01 -8.843102455139160156e+00 -6.768281936645507812e+00 -2.096178978681564331e-01 7.109942287206649780e-02 9.305929541587829590e-01 2.915510535240173340e-01
-1.389063072204589844e+01 -8.845519065856933594e+00 -6.655557155609130859e+00 -2.078568041324615479e-01 6.656878441572189331e-02 9.323330521583557129e-01 2.883037924766540527e-01
-1.387177371978759766e+01 -8.847295761108398438e+00 -6.550519943237304688e+00 -2.061479836702346802e-01 6.160678714513778687e-02 9.341446757316589355e-01 2.847478687763214111e-01
-1.385287094116210938e+01 -8.848668098449707031e+00 -6.452872276306152344e+00 -2.044772803783416748e-01 5.625222995877265930e-02 9.360144138336181641e-01 2.808945477008819580e-01
-1.383553314208984375e+01 -8.849859237670898438e+00 -6.362332820892333984e+00 -2.028304636478424072e-01 5.054445192217826843e-02 9.379294514656066895e-01 2.767553031444549561e-01
-1.381975650787353516e+01 -8.850877761840820312e+00 -6.278910160064697266e+00 -2.011933326721191406e-01 4.452292993664741516e-02 9.398769736289978027e-01 2.723421156406402588e-01
-1.380457687377929688e+01 -8.851718902587890625e+00 -6.202842712402343750e+00 -1.995521783828735352e-01 3.822667151689529419e-02 9.418450593948364258e-01 2.676666378974914551e-01
-1.378766918182373047e+01 -8.852365493774414062e+00 -6.134694099426269531e+00 -1.978932321071624756e-01 3.169559687376022339e-02 9.438222646713256836e-01 2.627416849136352539e-01
-1.377275848388671875e+01 -8.852861404418945312e+00 -6.073580265045166016e+00 -1.962028443813323975e-01 2.496960386633872986e-02 9.457979202270507812e-01 2.575796544551849365e-01
-1.375983810424804688e+01 -8.853217124938964844e+00 -6.019511699676513672e+00 -1.944679468870162964e-01 1.808793097734451294e-02 9.477622509002685547e-01 2.521937787532806396e-01
-1.374890708923339844e+01 -8.853433609008789062e+00 -5.972495555877685547e+00 -1.926752626895904541e-01 1.109090074896812439e-02 9.497068524360656738e-01 2.465968132019042969e-01
-1.373995971679687500e+01 -8.853517532348632812e+00 -5.932542800903320312e+00 -1.908122003078460693e-01 4.018407315015792847e-03 9.516239166259765625e-01 2.408033311367034912e-01
-1.373298931121826172e+01 -8.853471755981445312e+00 -5.899661064147949219e+00 -1.888661831617355347e-01 -3.089256584644317627e-03 9.535074830055236816e-01 2.348268777132034302e-01
-1.372799015045166016e+01 -8.853300094604492188e+00 -5.873860359191894531e+00 -1.868250221014022827e-01 -1.019219681620597839e-02 9.553517103195190430e-01 2.286821752786636353e-01
-1.372495937347412109e+01 -8.853006362915039062e+00 -5.855149269104003906e+00 -1.846768856048583984e-01 -1.725041493773460388e-02 9.571532011032104492e-01 2.223840802907943726e-01
-1.372341632843017578e+01 -8.852621078491210938e+00 -5.843692302703857422e+00 -1.824102252721786499e-01 -2.422341331839561462e-02 9.589089155197143555e-01 2.159481197595596313e-01
-1.372397327423095703e+01 -8.852107048034667969e+00 -5.839294910430908203e+00 -1.800136119127273560e-01 -3.107158094644546509e-02 9.606174230575561523e-01 2.093894034624099731e-01
-1.372390460968017578e+01 -8.851671218872070312e+00 -5.833262920379638672e+00 -1.774760037660598755e-01 -3.775476291775703430e-02 9.622784256935119629e-01 2.027240395545959473e-01
-1.372320270538330078e+01 -8.851313591003417969e+00 -5.825604915618896484e+00 -1.747868955135345459e-01 -4.423293471336364746e-02 9.638928174972534180e-01 1.959683150053024292e-01
-1.372186088562011719e+01 -8.851034164428710938e+00 -5.816329956054687500e+00 -1.719354391098022461e-01 -5.046646296977996826e-02 9.654625654220581055e-01 1.891383081674575806e-01
-1.371987438201904297e+01 -8.850830078125000000e+00 -5.805446147918701172e+00 -1.689116060733795166e-01 -5.641590803861618042e-02 9.669905304908752441e-01 1.822509020566940308e-01
-1.371723365783691406e+01 -8.850701332092285156e+00 -5.792961120605468750e+00 -1.657153964042663574e-01 -6.204491481184959412e-02 9.684781432151794434e-01 1.753249019384384155e-01
-1.371393394470214844e+01 -8.850647926330566406e+00 -5.778878211975097656e+00 -1.623868346214294434e-01 -6.732901930809020996e-02 9.699184298515319824e-01 1.683908104896545410e-01
-1.370996665954589844e+01 -8.850667953491210938e+00 -5.763198852539062500e+00 -1.589764058589935303e-01 -7.224805653095245361e-02 9.713035225868225098e-01 1.614812165498733521e-01
-1.370532608032226562e+01 -8.850760459899902344e+00 -5.745924472808837891e+00 -1.555350571870803833e-01 -7.678104192018508911e-02 9.726270437240600586e-01 1.546293497085571289e-01
-1.370000076293945312e+01 -8.850923538208007812e+00 -5.727059841156005859e+00 -1.521136462688446045e-01 -8.090756088495254517e-02 9.738841652870178223e-01 1.478684991598129272e-01
-1.369398784637451172e+01 -8.851156234741210938e+00 -5.706604480743408203e+00 -1.487631946802139282e-01 -8.460749685764312744e-02 9.750714898109436035e-01 1.412321329116821289e-01
