-1.351788139343261719e+01 -5.861731052398681641e+00 -1.046427059173583984e+01 2.354129403829574585e-02 2.707158327102661133e-01 5.015344023704528809e-01 8.213537335395812988e-01
-1.336579036712646484e+01 -5.799438953399658203e+00 -1.057947635650634766e+01 2.344521880149841309e-02 2.698293328285217285e-01 5.042459368705749512e-01 8.199868202209472656e-01
-1.321526050567626953e+01 -5.739079475402832031e+00 -1.068313217163085938e+01 2.351532131433486938e-02 2.688544988632202148e-01 5.066698789596557617e-01 8.188100457191467285e-01
-1.306026840209960938e+01 -5.676974773406982422e+00 -1.076001834869384766e+01 2.373678982257843018e-02 2.678017020225524902e-01 5.088267922401428223e-01 8.178105354309082031e-01
-1.289945125579833984e+01 -5.609146118164062500e+00 -1.076495456695556641e+01 2.409460395574569702e-02 2.666808962821960449e-01 5.107377171516418457e-01 8.169746994972229004e-01
-1.275531578063964844e+01 -5.543579578399658203e+00 -1.070989799499511719e+01 2.457419037818908691e-02 2.655013501644134521e-01 5.124230384826660156e-01 8.162889480590820312e-01
-1.262535381317138672e+01 -5.481999397277832031e+00 -1.064043712615966797e+01 2.516078203916549683e-02 2.642723917961120605e-01 5.139030814170837402e-01 8.157393336296081543e-01
-1.250475597381591797e+01 -5.423542499542236328e+00 -1.056961727142333984e+01 2.583978325128555298e-02 2.630027532577514648e-01 5.151983499526977539e-01 8.153111934661865234e-01
-1.239155101776123047e+01 -5.367283821105957031e+00 -1.050189876556396484e+01 2.659678459167480469e-02 2.617014348506927490e-01 5.163289308547973633e-01 8.149904012680053711e-01
-1.228519248962402344e+01 -5.313479900360107422e+00 -1.043800354003906250e+01 2.741748839616775513e-02 2.603771090507507324e-01 5.173148512840270996e-01 8.147622346878051758e-01
-1.218558979034423828e+01 -5.260563373565673828e+00 -1.037946414947509766e+01 2.828783541917800903e-02 2.590384483337402344e-01 5.181759595870971680e-01 8.146119117736816406e-01
-1.209239387512207031e+01 -5.210985660552978516e+00 -1.032472610473632812e+01 2.919389307498931885e-02 2.576942741870880127e-01 5.189319252967834473e-01 8.145250082015991211e-01
-1.200569438934326172e+01 -5.162094593048095703e+00 -1.027614688873291016e+01 3.012187033891677856e-02 2.563534080982208252e-01 5.196027159690856934e-01 8.144866824150085449e-01
-1.192537975311279297e+01 -5.116793155670166016e+00 -1.023115921020507812e+01 3.105825185775756836e-02 2.550247311592102051e-01 5.202075839042663574e-01 8.144825100898742676e-01
-1.185146713256835938e+01 -5.073896408081054688e+00 -1.019098377227783203e+01 3.198958933353424072e-02 2.537174522876739502e-01 5.207660794258117676e-01 8.144978284835815430e-01
-1.178395557403564453e+01 -5.033266544342041016e+00 -1.015576744079589844e+01 3.290276974439620972e-02 2.524405121803283691e-01 5.212978720664978027e-01 8.145180344581604004e-01
-1.172281455993652344e+01 -4.996461868286132812e+00 -1.012387943267822266e+01 3.378449380397796631e-02 2.512034773826599121e-01 5.218219757080078125e-01 8.145287036895751953e-01
-1.166804313659667969e+01 -4.963477134704589844e+00 -1.009532070159912109e+01 3.462217003107070923e-02 2.500154972076416016e-01 5.223577022552490234e-01 8.145158290863037109e-01
-1.161970233917236328e+01 -4.932646274566650391e+00 -1.007203483581542969e+01 3.540281206369400024e-02 2.488862574100494385e-01 5.229241251945495605e-01 8.144645690917968750e-01
-1.157772541046142578e+01 -4.905514240264892578e+00 -1.005220794677734375e+01 3.611382842063903809e-02 2.478253245353698730e-01 5.235404968261718750e-01 8.143608570098876953e-01
-1.154207897186279297e+01 -4.882446765899658203e+00 -1.003534793853759766e+01 3.657048940658569336e-02 2.467274218797683716e-01 5.242774486541748047e-01 8.141998052597045898e-01
-1.151278209686279297e+01 -4.863453388214111328e+00 -1.002150535583496094e+01 3.696569800376892090e-02 2.457139641046524048e-01 5.250888466835021973e-01 8.139655590057373047e-01
-1.148983573913574219e+01 -4.848530769348144531e+00 -1.001068210601806641e+01 3.730133920907974243e-02 2.447794973850250244e-01 5.259864926338195801e-01 8.136521577835083008e-01
-1.147323703765869141e+01 -4.837675094604492188e+00 -1.000287818908691406e+01 3.757923841476440430e-02 2.439186573028564453e-01 5.269822478294372559e-01 8.132534623146057129e-01
-1.146298789978027344e+01 -4.830883502960205078e+00 -9.998094558715820312e+00 3.780125081539154053e-02 2.431260347366333008e-01 5.280877351760864258e-01 8.127633929252624512e-01
-1.145908451080322266e+01 -4.828151702880859375e+00 -9.996328353881835938e+00 3.796917945146560669e-02 2.423960566520690918e-01 5.293143391609191895e-01 8.121753931045532227e-01
-1.145192337036132812e+01 -4.823301315307617188e+00 -9.993028640747070312e+00 3.808483481407165527e-02 2.417232692241668701e-01 5.306738018989562988e-01 8.114830851554870605e-01
-1.144150352478027344e+01 -4.816325187683105469e+00 -9.988198280334472656e+00 3.815021365880966187e-02 2.411019206047058105e-01 5.321772098541259766e-01 8.106799721717834473e-01
-1.142782592773437500e+01 -4.807222366333007812e+00 -9.981830596923828125e+00 3.816691786050796509e-02 2.405265867710113525e-01 5.338358879089355469e-01 8.097589612007141113e-01
-1.141092491149902344e+01 -4.795574188232421875e+00 -9.974471092224121094e+00 3.813690692186355591e-02 2.399913668632507324e-01 5.356609225273132324e-01 8.087132573127746582e-01
-1.139080810546875000e+01 -4.781279563903808594e+00 -9.966244697570800781e+00 3.806187212467193604e-02 2.394907176494598389e-01 5.376633405685424805e-01 8.075355291366577148e-01
-1.136744403839111328e+01 -4.764696598052978516e+00 -9.956683158874511719e+00 3.794367611408233643e-02 2.390185892581939697e-01 5.398542284965515137e-01 8.062182664871215820e-01
-1.134294795989990234e+01 -4.747290134429931641e+00 -9.946663856506347656e+00 3.778406232595443726e-02 2.385692298412322998e-01 5.422436594963073730e-01 8.047538995742797852e-01
-1.131732273101806641e+01 -4.729056358337402344e+00 -9.936188697814941406e+00 3.758477419614791870e-02 2.381366193294525146e-01 5.448424816131591797e-01 8.031344413757324219e-01
-1.129056739807128906e+01 -4.709991455078125000e+00 -9.925259590148925781e+00 3.734761476516723633e-02 2.377146780490875244e-01 5.476608276367187500e-01 8.013516664505004883e-01
-1.126268196105957031e+01 -4.690092563629150391e+00 -9.913872718811035156e+00 3.707432001829147339e-02 2.372972369194030762e-01 5.507086515426635742e-01 7.993970513343811035e-01
-1.123366546630859375e+01 -4.669353485107421875e+00 -9.902031898498535156e+00 3.676665574312210083e-02 2.368779778480529785e-01 5.539956688880920410e-01 7.972613573074340820e-01
-1.120351696014404297e+01 -4.647773265838623047e+00 -9.889736175537109375e+00 3.642627596855163574e-02 2.364505529403686523e-01 5.575314164161682129e-01 7.949358224868774414e-01
-1.117224121093750000e+01 -4.625346660614013672e+00 -9.876983642578125000e+00 3.605489432811737061e-02 2.360083758831024170e-01 5.613249540328979492e-01 7.924104928970336914e-01
-1.114007186889648438e+01 -4.600661754608154297e+00 -9.865815162658691406e+00 3.565409034490585327e-02 2.355449199676513672e-01 5.653852820396423340e-01 7.896751165390014648e-01
-1.110679435729980469e+01 -4.574875831604003906e+00 -9.854490280151367188e+00 3.506708890199661255e-02 2.349399924278259277e-01 5.697586536407470703e-01 7.867328524589538574e-01
-1.107240581512451172e+01 -4.548191547393798828e+00 -9.842787742614746094e+00 3.445199877023696899e-02 2.343044877052307129e-01 5.743598937988281250e-01 7.835976481437683105e-01
-1.103691291809082031e+01 -4.520623207092285156e+00 -9.830705642700195312e+00 3.381644189357757568e-02 2.336446642875671387e-01 5.791397094726562500e-01 7.802972197532653809e-01
-1.100032234191894531e+01 -4.492180824279785156e+00 -9.818243026733398438e+00 3.316748142242431641e-02 2.329668104648590088e-01 5.840497612953186035e-01 7.768604755401611328e-01
-1.096263885498046875e+01 -4.462878227233886719e+00 -9.805399894714355469e+00 3.251181542873382568e-02 2.322773784399032593e-01 5.890423059463500977e-01 7.733170390129089355e-01
-1.092387104034423828e+01 -4.432729244232177734e+00 -9.792175292968750000e+00 3.185563534498214722e-02 2.315829396247863770e-01 5.940703153610229492e-01 7.696979045867919922e-01
-1.088437366485595703e+01 -4.400487422943115234e+00 -9.780627250671386719e+00 3.120458871126174927e-02 2.308901101350784302e-01 5.990880727767944336e-01 7.660349011421203613e-01
-1.084403705596923828e+01 -4.366584300994873047e+00 -9.770069122314453125e+00 3.056380897760391235e-02 2.302058488130569458e-01 6.040503382682800293e-01 7.623610496520996094e-01
-1.080263996124267578e+01 -4.331818103790283203e+00 -9.759222984313964844e+00 2.993809431791305542e-02 2.295367270708084106e-01 6.089133620262145996e-01 7.587101459503173828e-01
-1.076019001007080078e+01 -4.296203613281250000e+00 -9.748089790344238281e+00 2.933163940906524658e-02 2.288897037506103516e-01 6.136339902877807617e-01 7.551174163818359375e-01
-1.071668529510498047e+01 -4.259752750396728516e+00 -9.736665725708007812e+00 2.874838560819625854e-02 2.282716184854507446e-01 6.181700825691223145e-01 7.516191005706787109e-01
-1.067212867736816406e+01 -4.222482204437255859e+00 -9.724951744079589844e+00 2.819178998470306396e-02 2.276893109083175659e-01 6.224803924560546875e-01 7.482518553733825684e-01
-1.062680530548095703e+01 -4.183722496032714844e+00 -9.714195251464843750e+00 2.766532450914382935e-02 2.271493971347808838e-01 6.265243887901306152e-01 7.450535893440246582e-01
-1.058090305328369141e+01 -4.143037796020507812e+00 -9.705219268798828125e+00 2.717175334692001343e-02 2.266587764024734497e-01 6.302624344825744629e-01 7.420625090599060059e-01
-1.053396606445312500e+01 -4.101531982421875000e+00 -9.696029663085937500e+00 2.671419084072113037e-02 2.262240797281265259e-01 6.336551308631896973e-01 7.393173575401306152e-01
-1.048599433898925781e+01 -4.059218883514404297e+00 -9.686627388000488281e+00 2.629546821117401123e-02 2.258517742156982422e-01 6.366636753082275391e-01 7.368574738502502441e-01
-1.043699169158935547e+01 -4.016113281250000000e+00 -9.677010536193847656e+00 2.591861039400100708e-02 2.255484461784362793e-01 6.392492055892944336e-01 7.347220778465270996e-01
-1.038695430755615234e+01 -3.972228288650512695e+00 -9.667181015014648438e+00 2.558667957782745361e-02 2.253205031156539917e-01 6.413729786872863770e-01 7.329506278038024902e-01
-1.033658027648925781e+01 -3.926300525665283203e+00 -9.659737586975097656e+00 2.530314773321151733e-02 2.251742035150527954e-01 6.429962515830993652e-01 7.315818667411804199e-01
-1.028532981872558594e+01 -3.879338264465332031e+00 -9.652653694152832031e+00 2.507168799638748169e-02 2.251159548759460449e-01 6.440793871879577637e-01 7.306544184684753418e-01
-1.023302745819091797e+01 -3.831576347351074219e+00 -9.645335197448730469e+00 2.461378276348114014e-02 2.249007523059844971e-01 6.446876525878906250e-01 7.301998138427734375e-01
-1.017970085144042969e+01 -3.783020496368408203e+00 -9.637861251831054688e+00 2.417784184217453003e-02 2.247431278228759766e-01 6.447959542274475098e-01 7.301671504974365234e-01
-1.012534618377685547e+01 -3.733648061752319336e+00 -9.630228996276855469e+00 2.376194298267364502e-02 2.246360480785369873e-01 6.444742679595947266e-01 7.304977774620056152e-01
-1.007067871093750000e+01 -3.682378530502319336e+00 -9.624827384948730469e+00 2.336408942937850952e-02 2.245721966028213501e-01 6.437911987304687500e-01 7.311322689056396484e-01
-1.001515483856201172e+01 -3.629982709884643555e+00 -9.619870185852050781e+00 2.298236638307571411e-02 2.245440483093261719e-01 6.428157687187194824e-01 7.320106625556945801e-01
-9.958613395690917969e+00 -3.576679706573486328e+00 -9.614817619323730469e+00 2.261476218700408936e-02 2.245442569255828857e-01 6.416165828704833984e-01 7.330734133720397949e-01
-9.901048660278320312e+00 -3.522444486618041992e+00 -9.609675407409667969e+00 2.225935459136962891e-02 2.245653271675109863e-01 6.402624845504760742e-01 7.342607378959655762e-01
-9.842670440673828125e+00 -3.466993331909179688e+00 -9.605102539062500000e+00 2.191415429115295410e-02 2.246001362800598145e-01 6.388227939605712891e-01 7.355132699012756348e-01
-9.783942222595214844e+00 -3.409723997116088867e+00 -9.602549552917480469e+00 2.157717198133468628e-02 2.246414572000503540e-01 6.373672485351562500e-01 7.367724776268005371e-01
-9.724196434020996094e+00 -3.351437330245971680e+00 -9.599959373474121094e+00 2.124658972024917603e-02 2.246823310852050781e-01 6.359655857086181641e-01 7.379798293113708496e-01
-9.663430213928222656e+00 -3.292113065719604492e+00 -9.597333908081054688e+00 2.092044055461883545e-02 2.247159481048583984e-01 6.346884965896606445e-01 7.390775680541992188e-01
-9.601705551147460938e+00 -3.231654644012451172e+00 -9.594876289367675781e+00 2.059681713581085205e-02 2.247355878353118896e-01 6.336066722869873047e-01 7.400082349777221680e-01
-9.539755821228027344e+00 -3.169255971908569336e+00 -9.594804763793945312e+00 2.027386426925659180e-02 2.247346788644790649e-01 6.327912211418151855e-01 7.407149076461791992e-01
-9.476784706115722656e+00 -3.105736732482910156e+00 -9.594744682312011719e+00 1.994970440864562988e-02 2.247065305709838867e-01 6.323132514953613281e-01 7.411403059959411621e-01
-9.412790298461914062e+00 -3.041074037551879883e+00 -9.594702720642089844e+00 1.962242275476455688e-02 2.246445268392562866e-01 6.322436928749084473e-01 7.412270903587341309e-01
-9.348021507263183594e+00 -2.975011587142944336e+00 -9.595438957214355469e+00 1.929010450839996338e-02 2.245419323444366455e-01 6.326528787612915039e-01 7.409176826477050781e-01
-9.282812118530273438e+00 -2.907217979431152344e+00 -9.597963333129882812e+00 1.895079016685485840e-02 2.243915200233459473e-01 6.336106061935424805e-01 7.401531934738159180e-01
-9.216580390930175781e+00 -2.838202476501464844e+00 -9.600546836853027344e+00 1.860249042510986328e-02 2.241858094930648804e-01 6.351854205131530762e-01 7.388735413551330566e-01
-9.149326324462890625e+00 -2.767943143844604492e+00 -9.603194236755371094e+00 1.824324578046798706e-02 2.239166796207427979e-01 6.374438405036926270e-01 7.370168566703796387e-01
-9.088494300842285156e+00 -2.702930927276611328e+00 -9.607662200927734375e+00 1.787085086107254028e-02 2.235752642154693604e-01 6.404510140419006348e-01 7.345183491706848145e-01
-9.033431053161621094e+00 -2.643671274185180664e+00 -9.611923217773437500e+00 1.748533546924591064e-02 2.231533527374267578e-01 6.442465782165527344e-01 7.313297986984252930e-01
-8.984075546264648438e+00 -2.590226411819458008e+00 -9.615768432617187500e+00 1.709540933370590210e-02 2.226479053497314453e-01 6.487798690795898438e-01 7.274752855300903320e-01
-8.940438270568847656e+00 -2.542617082595825195e+00 -9.619198799133300781e+00 1.671199500560760498e-02 2.220571041107177734e-01 6.539773344993591309e-01 7.229971289634704590e-01
-8.902918815612792969e+00 -2.500615835189819336e+00 -9.623469352722167969e+00 1.634597033262252808e-02 2.213793694972991943e-01 6.597648859024047852e-01 7.179375290870666504e-01
-8.871108055114746094e+00 -2.464508533477783203e+00 -9.627209663391113281e+00 1.600835472345352173e-02 2.206126749515533447e-01 6.660681366920471191e-01 7.123389840126037598e-01
-8.844989776611328125e+00 -2.434335231781005859e+00 -9.630316734313964844e+00 1.570992916822433472e-02 2.197557687759399414e-01 6.728138327598571777e-01 7.062450647354125977e-01
-8.824571609497070312e+00 -2.410116434097290039e+00 -9.632787704467773438e+00 1.546179503202438354e-02 2.188075780868530273e-01 6.799286603927612305e-01 6.997007131576538086e-01
-8.809865951538085938e+00 -2.391871213912963867e+00 -9.634618759155273438e+00 1.527482271194458008e-02 2.177673876285552979e-01 6.873415112495422363e-01 6.927523016929626465e-01
-8.800877571105957031e+00 -2.379622220993041992e+00 -9.635807991027832031e+00 1.516003161668777466e-02 2.166352868080139160e-01 6.949819922447204590e-01 6.854482293128967285e-01
-8.797616004943847656e+00 -2.373389720916748047e+00 -9.636352539062500000e+00 1.512847095727920532e-02 2.154120206832885742e-01 7.027819752693176270e-01 6.778393983840942383e-01
-8.794347763061523438e+00 -2.367018461227416992e+00 -9.636903762817382812e+00 1.519120484590530396e-02 2.140989750623703003e-01 7.106751203536987305e-01 6.699787974357604980e-01
-8.791075706481933594e+00 -2.360529661178588867e+00 -9.637461662292480469e+00 1.535928994417190552e-02 2.126982510089874268e-01 7.185977697372436523e-01 6.619220376014709473e-01
-8.787802696228027344e+00 -2.353945970535278320e+00 -9.638021469116210938e+00 1.564371585845947266e-02 2.112130969762802124e-01 7.264882326126098633e-01 6.537272930145263672e-01
-8.784528732299804688e+00 -2.347288131713867188e+00 -9.638584136962890625e+00 1.605567336082458496e-02 2.096471339464187622e-01 7.342877388000488281e-01 6.454547643661499023e-01
-8.781249046325683594e+00 -2.340577840805053711e+00 -9.639143943786621094e+00 1.660615950822830200e-02 2.080051302909851074e-01 7.419403195381164551e-01 6.371676921844482422e-01
-8.777961730957031250e+00 -2.333837747573852539e+00 -9.639705657958984375e+00 1.730649173259735107e-02 2.062924802303314209e-01 7.493925094604492188e-01 6.289314627647399902e-01
-8.774658203125000000e+00 -2.327088594436645508e+00 -9.640265464782714844e+00 1.816753298044204712e-02 2.045154273509979248e-01 7.565937638282775879e-01 6.208133101463317871e-01
-8.771331787109375000e+00 -2.320350408554077148e+00 -9.640825271606445312e+00 1.920063048601150513e-02 2.026806771755218506e-01 7.634961009025573730e-01 6.128829717636108398e-01
-8.767974853515625000e+00 -2.313643693923950195e+00 -9.641385078430175781e+00 2.041699737310409546e-02 2.007958590984344482e-01 7.700540423393249512e-01 6.052114963531494141e-01
-8.764575958251953125e+00 -2.306989192962646484e+00 -9.641943931579589844e+00 2.182780951261520386e-02 1.988688409328460693e-01 7.762244343757629395e-01 5.978715419769287109e-01
-8.761112213134765625e+00 -2.300390481948852539e+00 -9.642471313476562500e+00 2.334950864315032959e-02 1.967930793762207031e-01 7.820044755935668945e-01 5.909282565116882324e-01
-8.757587432861328125e+00 -2.293865203857421875e+00 -9.643026351928710938e+00 2.506093680858612061e-02 1.947146356105804443e-01 7.873655557632446289e-01 5.843916535377502441e-01
-8.753981590270996094e+00 -2.287441968917846680e+00 -9.643752098083496094e+00 2.693053334951400757e-02 1.926489472389221191e-01 7.923219203948974609e-01 5.782621502876281738e-01
-8.750299453735351562e+00 -2.281083345413208008e+00 -9.644488334655761719e+00 2.892632782459259033e-02 1.906105726957321167e-01 7.968872785568237305e-01 5.725395083427429199e-01
-8.746536254882812500e+00 -2.274788141250610352e+00 -9.645230293273925781e+00 3.101620823144912720e-02 1.886135041713714600e-01 8.010751605033874512e-01 5.672227144241333008e-01
-8.746947288513183594e+00 -2.273089647293090820e+00 -9.645303726196289062e+00 3.316789120435714722e-02 1.866709738969802856e-01 8.048980832099914551e-01 5.623102784156799316e-01
-8.744071006774902344e+00 -2.268049955368041992e+00 -9.645891189575195312e+00 3.534904122352600098e-02 1.847958564758300781e-01 8.083686232566833496e-01 5.578001141548156738e-01
-8.737904548645019531e+00 -2.259665489196777344e+00 -9.646993637084960938e+00 3.752746433019638062e-02 1.830007135868072510e-01 8.114987015724182129e-01 5.536897182464599609e-01
-8.728443145751953125e+00 -2.247935771942138672e+00 -9.648609161376953125e+00 3.967097401618957520e-02 1.812979876995086670e-01 8.142993450164794922e-01 5.499761700630187988e-01
-8.715684890747070312e+00 -2.232856988906860352e+00 -9.650739669799804688e+00 4.174773395061492920e-02 1.797000467777252197e-01 8.167816400527954102e-01 5.466559529304504395e-01
-8.699622154235839844e+00 -2.214427947998046875e+00 -9.653383255004882812e+00 4.372604936361312866e-02 1.782193183898925781e-01 8.189556598663330078e-01 5.437254309654235840e-01
-8.680256843566894531e+00 -2.192646503448486328e+00 -9.656542778015136719e+00 4.557446017861366272e-02 1.768684685230255127e-01 8.208312392234802246e-01 5.411804914474487305e-01
-8.657583236694335938e+00 -2.167509794235229492e+00 -9.660214424133300781e+00 4.726183414459228516e-02 1.756604760885238647e-01 8.224176764488220215e-01 5.390165448188781738e-01
-8.631603240966796875e+00 -2.139017343521118164e+00 -9.664402961730957031e+00 4.875762015581130981e-02 1.746084988117218018e-01 8.237230777740478516e-01 5.372288227081298828e-01
-8.602311134338378906e+00 -2.107167243957519531e+00 -9.669103622436523438e+00 5.003129690885543823e-02 1.737263053655624390e-01 8.247554898262023926e-01 5.358119606971740723e-01
-8.569165229797363281e+00 -2.072723865509033203e+00 -9.675687789916992188e+00 5.105298757553100586e-02 1.730281412601470947e-01 8.255216479301452637e-01 5.347604155540466309e-01
-8.532491683959960938e+00 -2.035218954086303711e+00 -9.683320999145507812e+00 5.179311335086822510e-02 1.725288033485412598e-01 8.260283470153808594e-01 5.340677499771118164e-01
-8.492439270019531250e+00 -1.994449973106384277e+00 -9.691642761230468750e+00 5.222266539931297302e-02 1.722435802221298218e-01 8.262806534767150879e-01 5.337275266647338867e-01
-8.449005126953125000e+00 -1.950415611267089844e+00 -9.700648307800292969e+00 5.231302604079246521e-02 1.721885353326797485e-01 8.262832164764404297e-01 5.337324142456054688e-01
-8.400911331176757812e+00 -1.904879093170166016e+00 -9.712206840515136719e+00 5.203624814748764038e-02 1.723802685737609863e-01 8.260394334793090820e-01 5.340750217437744141e-01
-8.348785400390625000e+00 -1.856950044631958008e+00 -9.725348472595214844e+00 5.128979682922363281e-02 1.726948320865631104e-01 8.255839347839355469e-01 5.347493886947631836e-01
-8.293156623840332031e+00 -1.805914878845214844e+00 -9.739359855651855469e+00 5.017573386430740356e-02 1.732221096754074097e-01 8.249182105064392090e-01 5.357112884521484375e-01
-8.231928825378417969e+00 -1.754881501197814941e+00 -9.756439208984375000e+00 4.873845726251602173e-02 1.739368885755538940e-01 8.240693807601928711e-01 5.369173288345336914e-01
-8.166180610656738281e+00 -1.702244877815246582e+00 -9.775462150573730469e+00 4.702220112085342407e-02 1.748140752315521240e-01 8.230652213096618652e-01 5.383238792419433594e-01
-8.096061706542968750e+00 -1.647913813591003418e+00 -9.796116828918457031e+00 4.507135972380638123e-02 1.758283972740173340e-01 8.219332098960876465e-01 5.398876667022705078e-01
-8.019124984741210938e+00 -1.595977783203125000e+00 -9.820380210876464844e+00 4.293031990528106689e-02 1.769547164440155029e-01 8.207014799118041992e-01 5.415654182434082031e-01
-7.938350200653076172e+00 -1.541452646255493164e+00 -9.845851898193359375e+00 4.064349457621574402e-02 1.781681180000305176e-01 8.193982839584350586e-01 5.433143377304077148e-01
-7.850000858306884766e+00 -1.491535663604736328e+00 -9.874844551086425781e+00 3.825532272458076477e-02 1.794437319040298462e-01 8.180532455444335938e-01 5.450920462608337402e-01
-7.757298469543457031e+00 -1.440024375915527344e+00 -9.905378341674804688e+00 3.581032529473304749e-02 1.807567328214645386e-01 8.166960477828979492e-01 5.468565225601196289e-01
-7.657793521881103516e+00 -1.392503619194030762e+00 -9.938430786132812500e+00 3.335304558277130127e-02 1.820827722549438477e-01 8.153577446937561035e-01 5.485664606094360352e-01
-7.553145408630371094e+00 -1.345261216163635254e+00 -9.973302841186523438e+00 3.092797845602035522e-02 1.833974421024322510e-01 8.140698075294494629e-01 5.501810908317565918e-01
-7.442537784576416016e+00 -1.300738453865051270e+00 -1.000994205474853516e+01 2.857986837625503540e-02 1.846765875816345215e-01 8.128645420074462891e-01 5.516601800918579102e-01
-7.326268672943115234e+00 -1.258166432380676270e+00 -1.004829597473144531e+01 2.635325491428375244e-02 1.858961731195449829e-01 8.117752671241760254e-01 5.529637336730957031e-01
-7.205048561096191406e+00 -1.216074228286743164e+00 -1.008820438385009766e+01 2.429284155368804932e-02 1.870324164628982544e-01 8.108355998992919922e-01 5.540527105331420898e-01
-7.078095436096191406e+00 -1.176892042160034180e+00 -1.012981414794921875e+01 2.244316041469573975e-02 1.880615055561065674e-01 8.100795745849609375e-01 5.548875927925109863e-01
-6.946723461151123047e+00 -1.136590600013732910e+00 -1.017289066314697266e+01 2.084899693727493286e-02 1.889597028493881226e-01 8.095415234565734863e-01 5.554296970367431641e-01
-6.809661865234375000e+00 -1.099771738052368164e+00 -1.021763896942138672e+01 1.955478638410568237e-02 1.897033900022506714e-01 8.092555403709411621e-01 5.556399226188659668e-01
-6.672393798828125000e+00 -1.062764883041381836e+00 -1.026249599456787109e+01 1.860525459051132202e-02 1.902687102556228638e-01 8.092556595802307129e-01 5.554789900779724121e-01
-6.534198284149169922e+00 -1.028532743453979492e+00 -1.030756282806396484e+01 1.804492622613906860e-02 1.906318068504333496e-01 8.095750212669372559e-01 5.549073219299316406e-01
-6.395582199096679688e+00 -9.950158596038818359e-01 -1.035277366638183594e+01 1.791841536760330200e-02 1.907683610916137695e-01 8.102458119392395020e-01 5.538845658302307129e-01
-6.256563663482666016e+00 -9.622362852096557617e-01 -1.039812374114990234e+01 1.825387775897979736e-02 1.906613409519195557e-01 8.112859129905700684e-01 5.523859858512878418e-01
-6.116930484771728516e+00 -9.311462044715881348e-01 -1.044363212585449219e+01 1.901418715715408325e-02 1.903227865695953369e-01 8.126593232154846191e-01 5.504547953605651855e-01
-5.977092742919921875e+00 -8.998803496360778809e-01 -1.048924446105957031e+01 2.014631778001785278e-02 1.897717118263244629e-01 8.143169283866882324e-01 5.481502413749694824e-01
-5.836714744567871094e+00 -8.700597882270812988e-01 -1.053498649597167969e+01 2.159655094146728516e-02 1.890275180339813232e-01 8.162091970443725586e-01 5.455315113067626953e-01
-5.696038722991943359e+00 -8.404895067214965820e-01 -1.058082485198974609e+01 2.331189066171646118e-02 1.881093084812164307e-01 8.182867169380187988e-01 5.426584482192993164e-01
-5.555082798004150391e+00 -8.110644221305847168e-01 -1.062674999237060547e+01 2.523884922266006470e-02 1.870365142822265625e-01 8.205010890960693359e-01 5.395908355712890625e-01
-5.413697242736816406e+00 -7.825475931167602539e-01 -1.067277336120605469e+01 2.732403576374053955e-02 1.858289092779159546e-01 8.228045701980590820e-01 5.363894701004028320e-01
-5.272066593170166016e+00 -7.539562582969665527e-01 -1.071886539459228516e+01 2.951436862349510193e-02 1.845062375068664551e-01 8.251506090164184570e-01 5.331161022186279297e-01
-5.129689216613769531e+00 -7.265014648437500000e-01 -1.076417922973632812e+01 3.175635263323783875e-02 1.830889731645584106e-01 8.274944424629211426e-01 5.298327207565307617e-01
-4.986665725708007812e+00 -6.999377012252807617e-01 -1.080889511108398438e+01 3.399681299924850464e-02 1.815976202487945557e-01 8.297924995422363281e-01 5.266031622886657715e-01
-4.841121196746826172e+00 -6.787524223327636719e-01 -1.084817981719970703e+01 3.618283197283744812e-02 1.800530403852462769e-01 8.320025205612182617e-01 5.234915614128112793e-01
-4.699552536010742188e+00 -7.065063118934631348e-01 -1.083382797241210938e+01 3.826097771525382996e-02 1.784766167402267456e-01 8.340840339660644531e-01 5.205633640289306641e-01
-4.589355468750000000e+00 -7.887402176856994629e-01 -1.075053215026855469e+01 4.017857834696769714e-02 1.768897473812103271e-01 8.359973430633544922e-01 5.178843140602111816e-01
-4.482995510101318359e+00 -8.801696300506591797e-01 -1.065554046630859375e+01 4.188240692019462585e-02 1.753142178058624268e-01 8.377046585083007812e-01 5.155209898948669434e-01
-4.376978874206542969e+00 -9.787243604660034180e-01 -1.055193233489990234e+01 4.331980273127555847e-02 1.737717241048812866e-01 8.391677141189575195e-01 5.135409235954284668e-01
-4.270390510559082031e+00 -1.085196495056152344e+00 -1.044173431396484375e+01 4.443778470158576965e-02 1.722843796014785767e-01 8.403499722480773926e-01 5.120109915733337402e-01
-4.161547660827636719e+00 -1.199968218803405762e+00 -1.032717227935791016e+01 4.518357664346694946e-02 1.708739697933197021e-01 8.412139415740966797e-01 5.109986066818237305e-01
-4.050050735473632812e+00 -1.323939204216003418e+00 -1.020969200134277344e+01 4.550429806113243103e-02 1.695622056722640991e-01 8.417218327522277832e-01 5.105705857276916504e-01
-3.935889482498168945e+00 -1.458458185195922852e+00 -1.009100055694580078e+01 4.534706473350524902e-02 1.683705002069473267e-01 8.418344855308532715e-01 5.107932090759277344e-01
-3.819401264190673828e+00 -1.605515122413635254e+00 -9.973585128784179688e+00 4.465882107615470886e-02 1.673199832439422607e-01 8.415110707283020020e-01 5.117313265800476074e-01
-3.701494932174682617e+00 -1.768090724945068359e+00 -9.861515045166015625e+00 4.340365156531333923e-02 1.664259284734725952e-01 8.407214879989624023e-01 5.134258270263671875e-01
-3.584295988082885742e+00 -1.950606703758239746e+00 -9.762082099914550781e+00 4.161454364657402039e-02 1.656834334135055542e-01 8.394870162010192871e-01 5.158282518386840820e-01
-3.473588228225708008e+00 -2.159331083297729492e+00 -9.689554214477539062e+00 3.934177383780479431e-02 1.650818437337875366e-01 8.378412127494812012e-01 5.188664197921752930e-01
-3.376405477523803711e+00 -2.384219884872436523e+00 -9.650238990783691406e+00 3.663568571209907532e-02 1.646105647087097168e-01 8.358163237571716309e-01 5.224676132202148438e-01
-3.296503305435180664e+00 -2.620475292205810547e+00 -9.647689819335937500e+00 3.354631736874580383e-02 1.642589420080184937e-01 8.334443569183349609e-01 5.265588760375976562e-01
-3.234505176544189453e+00 -2.861254215240478516e+00 -9.678680419921875000e+00 3.012413159012794495e-02 1.640162765979766846e-01 8.307578563690185547e-01 5.310674905776977539e-01
-3.186130046844482422e+00 -3.101099252700805664e+00 -9.731682777404785156e+00 2.641966566443443298e-02 1.638720929622650146e-01 8.277900815010070801e-01 5.359212160110473633e-01
-3.148985147476196289e+00 -3.339488983154296875e+00 -9.797818183898925781e+00 2.248331904411315918e-02 1.638161689043045044e-01 8.245761394500732422e-01 5.410481095314025879e-01
-3.121941566467285156e+00 -3.577110528945922852e+00 -9.870536804199218750e+00 1.836592331528663635e-02 1.638385951519012451e-01 8.211521506309509277e-01 5.463778972625732422e-01
-3.105098724365234375e+00 -3.815374612808227539e+00 -9.943430900573730469e+00 1.411826163530349731e-02 1.639297604560852051e-01 8.175569176673889160e-01 5.518410205841064453e-01
-3.097567081451416016e+00 -4.055727481842041016e+00 -1.000985813140869141e+01 9.791158139705657959e-03 1.640808135271072388e-01 8.138309717178344727e-01 5.573694705963134766e-01
-3.099827289581298828e+00 -4.298692703247070312e+00 -1.006548118591308594e+01 5.435630679130554199e-03 1.642830073833465576e-01 8.100176453590393066e-01 5.628969073295593262e-01
-3.112703800201416016e+00 -4.543059825897216797e+00 -1.011165046691894531e+01 1.102633774280548096e-03 1.645282506942749023e-01 8.061623573303222656e-01 5.683583617210388184e-01
-3.138958930969238281e+00 -4.787245750427246094e+00 -1.015096569061279297e+01 -3.156736493110656738e-03 1.648090034723281860e-01 8.023132085800170898e-01 5.736911296844482422e-01
-3.192152738571166992e+00 -5.026474952697753906e+00 -1.018869686126708984e+01 -7.291510701179504395e-03 1.651181131601333618e-01 7.985203862190246582e-01 5.788334012031555176e-01
-3.364849567413330078e+00 -5.015321731567382812e+00 -1.015725231170654297e+01 -1.125067472457885742e-02 1.654488146305084229e-01 7.948362827301025391e-01 5.837255120277404785e-01
-3.485118627548217773e+00 -4.815630435943603516e+00 -1.008107662200927734e+01 -1.498354226350784302e-02 1.657950878143310547e-01 7.913153767585754395e-01 5.883090496063232422e-01
-3.584759473800659180e+00 -4.602873325347900391e+00 -1.001086807250976562e+01 -1.843918859958648682e-02 1.661509275436401367e-01 7.880135178565979004e-01 5.925271511077880859e-01
-3.670397281646728516e+00 -4.381305217742919922e+00 -9.950759887695312500e+00 -2.156697213649749756e-02 1.665108799934387207e-01 7.849881649017333984e-01 5.963240861892700195e-01
-3.738250255584716797e+00 -4.159731388092041016e+00 -9.907571792602539062e+00 -2.431625872850418091e-02 1.668696254491806030e-01 7.822976112365722656e-01 5.996445417404174805e-01
-3.787029266357421875e+00 -3.939919948577880859e+00 -9.884494781494140625e+00 -2.665023505687713623e-02 1.672228574752807617e-01 7.799872756004333496e-01 6.024499535560607910e-01
-3.815956830978393555e+00 -3.724763631820678711e+00 -9.877681732177734375e+00 -2.858696132898330688e-02 1.675703823566436768e-01 7.780507206916809082e-01 6.047644019126892090e-01
-3.823018312454223633e+00 -3.516962289810180664e+00 -9.881595611572265625e+00 -3.015792369842529297e-02 1.679123640060424805e-01 7.764661312103271484e-01 6.066268086433410645e-01
-3.811856985092163086e+00 -3.318679809570312500e+00 -9.889480590820312500e+00 -3.139495104551315308e-02 1.682489365339279175e-01 7.752107977867126465e-01 6.080747246742248535e-01
-3.781106233596801758e+00 -3.131841897964477539e+00 -9.896623611450195312e+00 -3.232949227094650269e-02 1.685796082019805908e-01 7.742599844932556152e-01 6.091446280479431152e-01
-3.735020637512207031e+00 -2.957637786865234375e+00 -9.899397850036621094e+00 -3.299313783645629883e-02 1.689038574695587158e-01 7.735882401466369629e-01 6.098722219467163086e-01
-3.677737236022949219e+00 -2.796534299850463867e+00 -9.897366523742675781e+00 -3.341747075319290161e-02 1.692210137844085693e-01 7.731691598892211914e-01 6.102925539016723633e-01
-3.613220214843750000e+00 -2.648324012756347656e+00 -9.891798019409179688e+00 -3.363386541604995728e-02 1.695301234722137451e-01 7.729756236076354980e-01 6.104399561882019043e-01
-3.545679807662963867e+00 -2.511878490447998047e+00 -9.884124755859375000e+00 -3.367391973733901978e-02 1.698302030563354492e-01 7.729800939559936523e-01 6.103485822677612305e-01
-3.478106498718261719e+00 -2.386033773422241211e+00 -9.875296592712402344e+00 -3.356894105672836304e-02 1.701201200485229492e-01 7.731547951698303223e-01 6.100524663925170898e-01
-3.411925554275512695e+00 -2.270210504531860352e+00 -9.865262031555175781e+00 -3.335051238536834717e-02 1.703988313674926758e-01 7.734713554382324219e-01 6.095851659774780273e-01
-3.347992181777954102e+00 -2.164082050323486328e+00 -9.853808403015136719e+00 -3.304991871118545532e-02 1.706651598215103149e-01 7.739017605781555176e-01 6.089803576469421387e-01
-3.286798238754272461e+00 -2.067564725875854492e+00 -9.840398788452148438e+00 -3.269882500171661377e-02 1.709180623292922974e-01 7.744179964065551758e-01 6.082717776298522949e-01
-3.228568553924560547e+00 -1.980891704559326172e+00 -9.824027061462402344e+00 -3.232859820127487183e-02 1.711564362049102783e-01 7.749920487403869629e-01 6.074929237365722656e-01
-3.173756361007690430e+00 -1.903914809226989746e+00 -9.805393218994140625e+00 -3.197064250707626343e-02 1.713791191577911377e-01 7.755958437919616699e-01 6.066778898239135742e-01
-3.123144149780273438e+00 -1.835919737815856934e+00 -9.786027908325195312e+00 -3.165641427040100098e-02 1.715851426124572754e-01 7.762019038200378418e-01 6.058606505393981934e-01
-3.077608346939086914e+00 -1.775800704956054688e+00 -9.767853736877441406e+00 -3.141741454601287842e-02 1.717734634876251221e-01 7.767822742462158203e-01 6.050752997398376465e-01
-3.037581443786621094e+00 -1.722946763038635254e+00 -9.751868247985839844e+00 -3.128519654273986816e-02 1.719431877136230469e-01 7.773098945617675781e-01 6.043558120727539062e-01
-2.993020772933959961e+00 -1.667357087135314941e+00 -9.736609458923339844e+00 -3.129106014966964722e-02 1.720932573080062866e-01 7.777572870254516602e-01 6.037369370460510254e-01
-2.940939664840698242e+00 -1.610731124877929688e+00 -9.725412368774414062e+00 -3.146670758724212646e-02 1.722228825092315674e-01 7.780973315238952637e-01 6.032525897026062012e-01
-2.883611440658569336e+00 -1.552115440368652344e+00 -9.715987205505371094e+00 -3.183217346668243408e-02 1.723312139511108398e-01 7.783100605010986328e-01 6.029281616210937500e-01
-2.819576025009155273e+00 -1.493045568466186523e+00 -9.710551261901855469e+00 -3.236230462789535522e-02 1.724184602499008179e-01 7.784050107002258301e-01 6.027520895004272461e-01
-2.750370025634765625e+00 -1.432423114776611328e+00 -9.707536697387695312e+00 -3.302076458930969238e-02 1.724851131439208984e-01 7.783998847007751465e-01 6.027039885520935059e-01
-2.676352500915527344e+00 -1.369976758956909180e+00 -9.706686973571777344e+00 -3.377099335193634033e-02 1.725314259529113770e-01 7.783115506172180176e-01 6.027632355690002441e-01
-2.597751379013061523e+00 -1.305550456047058105e+00 -9.707957267761230469e+00 -3.457669168710708618e-02 1.725579351186752319e-01 7.781574726104736328e-01 6.029089093208312988e-01
-2.514683246612548828e+00 -1.239152789115905762e+00 -9.712076187133789062e+00 -3.540138155221939087e-02 1.725650131702423096e-01 7.779546380043029785e-01 6.031208634376525879e-01
-2.427631855010986328e+00 -1.170270919799804688e+00 -9.718633651733398438e+00 -3.620848804712295532e-02 1.725530028343200684e-01 7.777203917503356934e-01 6.033783555030822754e-01
-2.336572885513305664e+00 -1.099111318588256836e+00 -9.728398323059082031e+00 -3.696174174547195435e-02 1.725224107503890991e-01 7.774723172187805176e-01 6.036609411239624023e-01
-2.241504192352294922e+00 -1.025991201400756836e+00 -9.742429733276367188e+00 -3.762472420930862427e-02 1.724737733602523804e-01 7.772281169891357422e-01 6.039484143257141113e-01
-2.142490148544311523e+00 -9.513439536094665527e-01 -9.762012481689453125e+00 -3.816091269254684448e-02 1.724074929952621460e-01 7.770051956176757812e-01 6.042203903198242188e-01
-2.039715290069580078e+00 -8.757690191268920898e-01 -9.788617134094238281e+00 -3.853403031826019287e-02 1.723241955041885376e-01 7.768213152885437012e-01 6.044569015502929688e-01
-1.933398962020874023e+00 -7.999084591865539551e-01 -9.823248863220214844e+00 -3.870747983455657959e-02 1.722242534160614014e-01 7.766942977905273438e-01 6.046373844146728516e-01
-1.823600172996520996e+00 -7.242687940597534180e-01 -9.865715980529785156e+00 -3.864507377147674561e-02 1.721083521842956543e-01 7.766417264938354492e-01 6.047419905662536621e-01
-1.710279464721679688e+00 -6.493212580680847168e-01 -9.915636062622070312e+00 -3.831011056900024414e-02 1.719767600297927856e-01 7.766810655593872070e-01 6.047503352165222168e-01
-1.593287348747253418e+00 -5.754894614219665527e-01 -9.972476959228515625e+00 -3.766641765832901001e-02 1.718300282955169678e-01 7.768297791481018066e-01 6.046414971351623535e-01
-1.472361445426940918e+00 -5.031640529632568359e-01 -1.003557968139648438e+01 -3.667740523815155029e-02 1.716684103012084961e-01 7.771046161651611328e-01 6.043947935104370117e-01
-1.347079634666442871e+00 -4.328979253768920898e-01 -1.010426044464111328e+01 -3.530660271644592285e-02 1.714922785758972168e-01 7.775220870971679688e-01 6.039893627166748047e-01
-1.216770410537719727e+00 -3.654492199420928955e-01 -1.017759513854980469e+01 -3.351753205060958862e-02 1.713015884160995483e-01 7.780981659889221191e-01 6.034033298492431641e-01
-1.080969214439392090e+00 -3.005676269531250000e-01 -1.025414562225341797e+01 -3.127375245094299316e-02 1.710963845252990723e-01 7.788476943969726562e-01 6.026145219802856445e-01
-9.392365813255310059e-01 -2.380847185850143433e-01 -1.033268451690673828e+01 -2.853848040103912354e-02 1.708761751651763916e-01 7.797850966453552246e-01 6.015996932983398438e-01
-7.902715802192687988e-01 -1.786950677633285522e-01 -1.041099071502685547e+01 -2.528845518827438354e-02 1.706396490335464478e-01 7.809170484542846680e-01 6.003424525260925293e-01
-6.335771083831787109e-01 -1.216247528791427612e-01 -1.048693847656250000e+01 -2.155181020498275757e-02 1.703808307647705078e-01 7.822262048721313477e-01 5.988556146621704102e-01
-4.664968848228454590e-01 -6.802611798048019409e-02 -1.055429553985595703e+01 -1.736994087696075439e-02 1.700926125049591064e-01 7.836890816688537598e-01 5.971583724021911621e-01
-2.877479493618011475e-01 -1.779663003981113434e-02 -1.060535621643066406e+01 -1.278448104858398438e-02 1.697683334350585938e-01 7.852820754051208496e-01 5.952708125114440918e-01
-1.005947068333625793e-01 3.448486328125000000e-02 -1.063995742797851562e+01 -7.836803793907165527e-03 1.694009304046630859e-01 7.869818806648254395e-01 5.932129025459289551e-01
8.894843608140945435e-02 9.823608398437500000e-02 -1.066976070404052734e+01 -2.568535506725311279e-03 1.689837276935577393e-01 7.887654304504394531e-01 5.910051465034484863e-01
2.763951122760772705e-01 1.779980361461639404e-01 -1.070664405822753906e+01 2.978645265102386475e-03 1.685100793838500977e-01 7.906105518341064453e-01 5.886682271957397461e-01
4.608569145202636719e-01 2.710571289062500000e-01 -1.075378036499023438e+01 8.763007819652557373e-03 1.679734885692596436e-01 7.924959063529968262e-01 5.862237811088562012e-01
6.456205844879150391e-01 3.716564774513244629e-01 -1.080616283416748047e+01 1.474280655384063721e-02 1.673677414655685425e-01 7.944003939628601074e-01 5.836939215660095215e-01
8.338677883148193359e-01 4.757421910762786865e-01 -1.085937881469726562e+01 2.087613195180892944e-02 1.666868478059768677e-01 7.963045835494995117e-01 5.811011195182800293e-01
1.028165578842163086e+00 5.803686380386352539e-01 -1.090967178344726562e+01 2.712117508053779602e-02 1.659248620271682739e-01 7.981894016265869141e-01 5.784695148468017578e-01
1.229654550552368164e+00 6.826806664466857910e-01 -1.095405578613281250e+01 3.343620523810386658e-02 1.650762259960174561e-01 8.000372052192687988e-01 5.758231282234191895e-01
1.440647840499877930e+00 7.785986065864562988e-01 -1.098746681213378906e+01 3.977915644645690918e-02 1.641356945037841797e-01 8.018313646316528320e-01 5.731871724128723145e-01
1.662380337715148926e+00 8.636620640754699707e-01 -1.100479984283447266e+01 4.610841721296310425e-02 1.630980372428894043e-01 8.035562038421630859e-01 5.705878138542175293e-01
1.891829133033752441e+00 9.406420588493347168e-01 -1.101028442382812500e+01 5.238220468163490295e-02 1.619585007429122925e-01 8.051975369453430176e-01 5.680513381958007812e-01
2.129092931747436523e+00 1.004080772399902344e+00 -1.099774646759033203e+01 5.855879932641983032e-02 1.607124060392379761e-01 8.067418932914733887e-01 5.656057596206665039e-01
2.366639137268066406e+00 1.055494308471679688e+00 -1.097154808044433594e+01 6.459680199623107910e-02 1.593552678823471069e-01 8.081769347190856934e-01 5.632789134979248047e-01
2.600163459777832031e+00 1.114674091339111328e+00 -1.094101524353027344e+01 7.045456767082214355e-02 1.578829884529113770e-01 8.094915151596069336e-01 5.610995292663574219e-01
2.820361852645874023e+00 1.204162597656250000e+00 -1.089866638183593750e+01 7.609096169471740723e-02 1.562914252281188965e-01 8.106747865676879883e-01 5.590970516204833984e-01
3.036788225173950195e+00 1.298631548881530762e+00 -1.085604190826416016e+01 8.146464824676513672e-02 1.545766890048980713e-01 8.117170929908752441e-01 5.573013424873352051e-01
3.254239320755004883e+00 1.389069795608520508e+00 -1.081789493560791016e+01 8.578933030366897583e-02 1.516343504190444946e-01 8.128203749656677246e-01 5.558508634567260742e-01
3.474017858505249023e+00 1.472578048706054688e+00 -1.078828716278076172e+01 8.997562527656555176e-02 1.487931907176971436e-01 8.137439489364624023e-01 5.546039938926696777e-01
3.696021080017089844e+00 1.548123717308044434e+00 -1.076837635040283203e+01 9.402353316545486450e-02 1.460489928722381592e-01 8.145098686218261719e-01 5.535366535186767578e-01
3.920193672180175781e+00 1.613884210586547852e+00 -1.076024532318115234e+01 9.793379157781600952e-02 1.433979421854019165e-01 8.151387572288513184e-01 5.526252985000610352e-01
4.146287918090820312e+00 1.666113257408142090e+00 -1.076778030395507812e+01 1.017076373100280762e-01 1.408368349075317383e-01 8.156505227088928223e-01 5.518466830253601074e-01
4.372516632080078125e+00 1.707049489021301270e+00 -1.078561782836914062e+01 1.053477525711059570e-01 1.383622139692306519e-01 8.160645961761474609e-01 5.511771440505981445e-01
4.598179340362548828e+00 1.737195968627929688e+00 -1.081061649322509766e+01 1.088566258549690247e-01 1.359715908765792847e-01 8.163993954658508301e-01 5.505940914154052734e-01
4.822999477386474609e+00 1.755024433135986328e+00 -1.084022426605224609e+01 1.122378557920455933e-01 1.336621642112731934e-01 8.166730999946594238e-01 5.500745773315429688e-01
5.046756744384765625e+00 1.760475993156433105e+00 -1.087061405181884766e+01 1.154947727918624878e-01 1.314319968223571777e-01 8.169031143188476562e-01 5.495960116386413574e-01
5.269219875335693359e+00 1.751477003097534180e+00 -1.089732742309570312e+01 1.186314821243286133e-01 1.292791962623596191e-01 8.171066045761108398e-01 5.491359829902648926e-01
5.489377498626708984e+00 1.723068833351135254e+00 -1.091443920135498047e+01 1.216523051261901855e-01 1.272020041942596436e-01 8.173000216484069824e-01 5.486720204353332520e-01
5.703097343444824219e+00 1.667436480522155762e+00 -1.091726779937744141e+01 1.245615929365158081e-01 1.251991540193557739e-01 8.174999356269836426e-01 5.481820106506347656e-01
5.868644714355468750e+00 1.543195724487304688e+00 -1.088110446929931641e+01 1.273637115955352783e-01 1.232696324586868286e-01 8.177217841148376465e-01 5.476441979408264160e-01
5.739930152893066406e+00 1.403499722480773926e+00 -1.080190372467041016e+01 1.300636231899261475e-01 1.214124634861946106e-01 8.179814219474792480e-01 5.470362901687622070e-01
5.552206993103027344e+00 1.312617182731628418e+00 -1.074382781982421875e+01 1.326658427715301514e-01 1.196272000670433044e-01 8.182942271232604980e-01 5.463365316390991211e-01
5.360793113708496094e+00 1.228392362594604492e+00 -1.069373893737792969e+01 1.351754963397979736e-01 1.179132759571075439e-01 8.186747431755065918e-01 5.455233454704284668e-01
5.170853137969970703e+00 1.141877412796020508e+00 -1.064897918701171875e+01 1.375976800918579102e-01 1.162702888250350952e-01 8.191378712654113770e-01 5.445743799209594727e-01
4.983678817749023438e+00 1.051459908485412598e+00 -1.060790729522705078e+01 1.399373710155487061e-01 1.146982237696647644e-01 8.196976184844970703e-01 5.434681773185729980e-01
4.799123287200927734e+00 9.577550888061523438e-01 -1.057062244415283203e+01 1.422000229358673096e-01 1.131969317793846130e-01 8.203678131103515625e-01 5.421828031539916992e-01
4.616796016693115234e+00 8.620068430900573730e-01 -1.053656959533691406e+01 1.443909108638763428e-01 1.117666661739349365e-01 8.211622238159179688e-01 5.406959652900695801e-01
4.436795711517333984e+00 7.639001011848449707e-01 -1.050685310363769531e+01 1.463934481143951416e-01 1.102203726768493652e-01 8.221141099929809570e-01 5.390257835388183594e-01
4.259011745452880859e+00 6.636852622032165527e-01 -1.048227024078369141e+01 1.483764946460723877e-01 1.088030934333801270e-01 8.231806159019470215e-01 5.371406674385070801e-01
4.083376407623291016e+00 5.612329244613647461e-01 -1.046601676940917969e+01 1.503393352031707764e-01 1.075041443109512329e-01 8.243492841720581055e-01 5.350600481033325195e-01
3.907147169113159180e+00 4.620935022830963135e-01 -1.045638847351074219e+01 1.522819995880126953e-01 1.063121706247329712e-01 8.256080150604248047e-01 5.328033566474914551e-01
3.728409051895141602e+00 3.707983195781707764e-01 -1.044761657714843750e+01 1.542036980390548706e-01 1.052165031433105469e-01 8.269442319869995117e-01 5.303903818130493164e-01
3.548357963562011719e+00 2.858618199825286865e-01 -1.043698215484619141e+01 1.561040580272674561e-01 1.042061150074005127e-01 8.283459544181823730e-01 5.278403759002685547e-01
3.367784976959228516e+00 2.061132788658142090e-01 -1.042391204833984375e+01 1.579831093549728394e-01 1.032698750495910645e-01 8.298008441925048828e-01 5.251733660697937012e-01
3.187630891799926758e+00 1.295996010303497314e-01 -1.040912532806396484e+01 1.598400473594665527e-01 1.023970171809196472e-01 8.312972784042358398e-01 5.224088430404663086e-01
3.007958889007568359e+00 5.618896335363388062e-02 -1.039323806762695312e+01 1.616748571395874023e-01 1.015764325857162476e-01 8.328227996826171875e-01 5.195668339729309082e-01
2.829011201858520508e+00 -1.473144534975290298e-02 -1.037687397003173828e+01 1.634814143180847168e-01 1.007883027195930481e-01 8.343671560287475586e-01 5.166690945625305176e-01
2.650929450988769531e+00 -8.350097388029098511e-02 -1.036023998260498047e+01 1.652078330516815186e-01 9.993667900562286377e-02 8.359292149543762207e-01 5.137525200843811035e-01
2.473727703094482422e+00 -1.501708924770355225e-01 -1.034344863891601562e+01 1.669165641069412231e-01 9.911242127418518066e-02 8.374850749969482422e-01 5.108174681663513184e-01
2.297058105468750000e+00 -2.137499898672103882e-01 -1.032653903961181641e+01 1.686113178730010986e-01 9.831058979034423828e-02 8.390231728553771973e-01 5.078831315040588379e-01
2.121365308761596680e+00 -2.754150331020355225e-01 -1.030971336364746094e+01 1.702951192855834961e-01 9.752646088600158691e-02 8.405320644378662109e-01 5.049691796302795410e-01
1.946464061737060547e+00 -3.346276879310607910e-01 -1.029296493530273438e+01 1.719714403152465820e-01 9.675495326519012451e-02 8.420009016990661621e-01 5.020943880081176758e-01
1.772090435028076172e+00 -3.904931545257568359e-01 -1.027640628814697266e+01 1.736429631710052490e-01 9.599123895168304443e-02 8.434185385704040527e-01 4.992784261703491211e-01
1.598700523376464844e+00 -4.443188309669494629e-01 -1.026004028320312500e+01 1.753126680850982666e-01 9.523008018732070923e-02 8.447743058204650879e-01 4.965412020683288574e-01
1.425698161125183105e+00 -4.941284060478210449e-01 -1.024399852752685547e+01 1.769834756851196289e-01 9.446620941162109375e-02 8.460577130317687988e-01 4.939020276069641113e-01
1.253287196159362793e+00 -5.402636528015136719e-01 -1.022834682464599609e+01 1.786578595638275146e-01 9.369440376758575439e-02 8.472589254379272461e-01 4.913808405399322510e-01
1.081701993942260742e+00 -5.835083127021789551e-01 -1.021302127838134766e+01 1.803383827209472656e-01 9.290926903486251831e-02 8.483675122261047363e-01 4.889973700046539307e-01
9.104803204536437988e-01 -6.215722560882568359e-01 -1.019807815551757812e+01 1.818908005952835083e-01 9.188078343868255615e-02 8.493990898132324219e-01 4.868211746215820312e-01
7.402229309082031250e-01 -6.565930247306823730e-01 -1.018338584899902344e+01 1.833868622779846191e-01 9.080114960670471191e-02 8.503270745277404785e-01 4.848382771015167236e-01
5.709952712059020996e-01 -6.887817382812500000e-01 -1.016892433166503906e+01 1.847943067550659180e-01 8.969501405954360962e-02 8.511445522308349609e-01 4.830723702907562256e-01
4.026499986648559570e-01 -7.170056104660034180e-01 -1.015467739105224609e+01 1.860798001289367676e-01 8.858804404735565186e-02 8.518449068069458008e-01 4.815462827682495117e-01
2.354769110679626465e-01 -7.424255013465881348e-01 -1.014053153991699219e+01 1.872106790542602539e-01 8.750525116920471191e-02 8.524215817451477051e-01 4.802838265895843506e-01
7.036300748586654663e-02 -7.655602693557739258e-01 -1.012650489807128906e+01 1.881540864706039429e-01 8.647187054157257080e-02 8.528683781623840332e-01 4.793080389499664307e-01
-9.265250712633132935e-02 -7.864843606948852539e-01 -1.011254882812500000e+01 1.888772398233413696e-01 8.551323413848876953e-02 8.531788587570190430e-01 4.786424338817596436e-01
-2.535200417041778564e-01 -8.051733374595642090e-01 -1.009845542907714844e+01 1.893471479415893555e-01 8.465456217527389526e-02 8.533465266227722168e-01 4.783105254173278809e-01
-4.120790064334869385e-01 -8.228515386581420898e-01 -1.008424282073974609e+01 1.895308494567871094e-01 8.392098546028137207e-02 8.533642888069152832e-01 4.783352613449096680e-01
-5.682883858680725098e-01 -8.398010134696960449e-01 -1.006986045837402344e+01 1.893953979015350342e-01 8.333762735128402710e-02 8.532249331474304199e-01 4.787394702434539795e-01
-7.220925688743591309e-01 -8.563769459724426270e-01 -1.005518245697021484e+01 1.889076828956604004e-01 8.292944729328155518e-02 8.529201745986938477e-01 4.795455634593963623e-01
-8.735499382019042969e-01 -8.721520900726318359e-01 -1.004040718078613281e+01 1.880338490009307861e-01 8.272159099578857422e-02 8.524407744407653809e-01 4.807754755020141602e-01
-1.022685170173645020e+00 -8.870934844017028809e-01 -1.002581977844238281e+01 1.867404878139495850e-01 8.273887634277343750e-02 8.517767786979675293e-01 4.824506342411041260e-01
-1.169512271881103516e+00 -9.011108279228210449e-01 -1.001152420043945312e+01 1.849936842918395996e-01 8.300583064556121826e-02 8.509164452552795410e-01 4.845910072326660156e-01
-1.314079880714416504e+00 -9.137914776802062988e-01 -9.997715950012207031e+00 1.827592104673385620e-01 8.354696631431579590e-02 8.498465418815612793e-01 4.872162938117980957e-01
-1.456421732902526855e+00 -9.248071312904357910e-01 -9.984673500061035156e+00 1.800019145011901855e-01 8.438682556152343750e-02 8.485516309738159180e-01 4.903449416160583496e-01
-1.596494436264038086e+00 -9.344714283943176270e-01 -9.972382545471191406e+00 1.766868233680725098e-01 8.554928004741668701e-02 8.470142483711242676e-01 4.939938187599182129e-01
-1.734289765357971191e+00 -9.428368806838989258e-01 -9.960852622985839844e+00 1.727782785892486572e-01 8.705805242061614990e-02 8.452140688896179199e-01 4.981783926486968994e-01
-1.869888305664062500e+00 -9.486462473869323730e-01 -9.950770378112792969e+00 1.682402789592742920e-01 8.893652260303497314e-02 8.431284427642822266e-01 5.029116272926330566e-01
-2.003166675567626953e+00 -9.530321955680847168e-01 -9.941664695739746094e+00 1.630356907844543457e-01 9.120767563581466675e-02 8.407304286956787109e-01 5.082054734230041504e-01
-2.134117364883422852e+00 -9.561864733695983887e-01 -9.933432579040527344e+00 1.571452319622039795e-01 9.388271719217300415e-02 8.379981517791748047e-01 5.140531063079833984e-01
-2.262768268585205078e+00 -9.565014243125915527e-01 -9.927021026611328125e+00 1.506199538707733154e-01 9.692782163619995117e-02 8.349360823631286621e-01 5.203847289085388184e-01
-2.389040231704711914e+00 -9.558312892913818359e-01 -9.921334266662597656e+00 1.435282826423645020e-01 1.002983897924423218e-01 8.315581679344177246e-01 5.271155834197998047e-01
-2.512948274612426758e+00 -9.537988305091857910e-01 -9.916555404663085938e+00 1.359402984380722046e-01 1.039495691657066345e-01 8.278806209564208984e-01 5.341613292694091797e-01
-2.634453773498535156e+00 -9.500048756599426270e-01 -9.912837028503417969e+00 1.279267072677612305e-01 1.078367084264755249e-01 8.239226937294006348e-01 5.414401292800903320e-01
-2.753595829010009766e+00 -9.456555247306823730e-01 -9.909521102905273438e+00 1.195587813854217529e-01 1.119156628847122192e-01 8.197076320648193359e-01 5.488716363906860352e-01
-2.870306253433227539e+00 -9.394347667694091797e-01 -9.907236099243164062e+00 1.109093576669692993e-01 1.161423698067665100e-01 8.152629137039184570e-01 5.563780665397644043e-01
-2.984641313552856445e+00 -9.325780868530273438e-01 -9.905322074890136719e+00 1.020514145493507385e-01 1.204736381769180298e-01 8.106204867362976074e-01 5.638847947120666504e-01
-3.096573352813720703e+00 -9.245715141296386719e-01 -9.904010772705078125e+00 9.305959939956665039e-02 1.248663887381553650e-01 8.058173656463623047e-01 5.713201165199279785e-01
-3.206077098846435547e+00 -9.153808355331420898e-01 -9.903264045715332031e+00 8.400853723287582397e-02 1.292788088321685791e-01 8.008954524993896484e-01 5.786156654357910156e-01
-3.313225746154785156e+00 -9.056359529495239258e-01 -9.902802467346191406e+00 7.497392594814300537e-02 1.336693465709686279e-01 7.959017157554626465e-01 5.857064127922058105e-01
-3.417860031127929688e+00 -8.941357135772705078e-01 -9.903068542480468750e+00 6.603169441223144531e-02 1.379974782466888428e-01 7.908875942230224609e-01 5.925313830375671387e-01
-3.520151376724243164e+00 -8.822717070579528809e-01 -9.903500556945800781e+00 5.725826323032379150e-02 1.422236114740371704e-01 7.859094738960266113e-01 5.990328192710876465e-01
-3.619898557662963867e+00 -8.686889410018920898e-01 -9.904577255249023438e+00 4.873001947999000549e-02 1.463088691234588623e-01 7.810278534889221191e-01 6.051566600799560547e-01
-3.717199563980102539e+00 -8.542113900184631348e-01 -9.905971527099609375e+00 4.052336513996124268e-02 1.502154916524887085e-01 7.763072848320007324e-01 6.108519434928894043e-01
-3.812020063400268555e+00 -8.386157155036926270e-01 -9.907755851745605469e+00 3.271473199129104614e-02 1.539063900709152222e-01 7.718154788017272949e-01 6.160708665847778320e-01
-3.904283761978149414e+00 -8.217468261718750000e-01 -9.910352706909179688e+00 2.538044005632400513e-02 1.573451608419418335e-01 7.676231861114501953e-01 6.207680702209472656e-01
-3.994196176528930664e+00 -8.046020269393920898e-01 -9.913294792175292969e+00 1.859614998102188110e-02 1.604963243007659912e-01 7.638025879859924316e-01 6.249005794525146484e-01
-4.081642627716064453e+00 -7.867944240570068359e-01 -9.917226791381835938e+00 1.243758201599121094e-02 1.633246392011642456e-01 7.604279518127441406e-01 6.284263134002685547e-01
-4.166811466217041016e+00 -7.691442966461181641e-01 -9.921687126159667969e+00 6.979852914810180664e-03 1.657953411340713501e-01 7.575735449790954590e-01 6.313045620918273926e-01
-4.249693393707275391e+00 -7.516247630119323730e-01 -9.926758766174316406e+00 2.279601991176605225e-03 1.678839027881622314e-01 7.552980780601501465e-01 6.335097551345825195e-01
-4.330368518829345703e+00 -7.347143292427062988e-01 -9.932523727416992188e+00 -1.680679619312286377e-03 1.696067154407501221e-01 7.535967230796813965e-01 6.350768804550170898e-01
-4.408824443817138672e+00 -7.182653546333312988e-01 -9.938599586486816406e+00 -4.936903715133666992e-03 1.709896624088287354e-01 7.524454593658447266e-01 6.360535621643066406e-01
-4.485130310058593750e+00 -7.027807235717773438e-01 -9.945200920104980469e+00 -7.524982094764709473e-03 1.720577776432037354e-01 7.518161535263061523e-01 6.364840865135192871e-01
-4.559243202209472656e+00 -6.879613995552062988e-01 -9.952028274536132812e+00 -9.481079876422882080e-03 1.728354692459106445e-01 7.516779303550720215e-01 6.364106535911560059e-01
-4.631167888641357422e+00 -6.738573908805847168e-01 -9.958955764770507812e+00 -1.084121316671371460e-02 1.733464896678924561e-01 7.519971132278442383e-01 6.358725428581237793e-01
-4.700965404510498047e+00 -6.609448194503784180e-01 -9.966248512268066406e+00 -1.164148747920989990e-02 1.736141890287399292e-01 7.527381181716918945e-01 6.349078416824340820e-01
-4.768507957458496094e+00 -6.483044028282165527e-01 -9.973359107971191406e+00 -1.191785186529159546e-02 1.736615151166915894e-01 7.538635134696960449e-01 6.335530281066894531e-01
-4.833890438079833984e+00 -6.367016434669494629e-01 -9.980584144592285156e+00 -1.170646399259567261e-02 1.735111773014068604e-01 7.553347945213317871e-01 6.318434476852416992e-01
-4.897090435028076172e+00 -6.259912252426147461e-01 -9.987854957580566406e+00 -1.104331016540527344e-02 1.731856465339660645e-01 7.571123838424682617e-01 6.298139095306396484e-01
-4.958027362823486328e+00 -6.155444383621215820e-01 -9.994913101196289062e+00 -9.964302182197570801e-03 1.727071702480316162e-01 7.591562867164611816e-01 6.274986863136291504e-01
-5.016709327697753906e+00 -6.054723858833312988e-01 -1.000178241729736328e+01 -8.505627512931823730e-03 1.720981597900390625e-01 7.614263296127319336e-01 6.249318122863769531e-01
-5.071200370788574219e+00 -5.971007943153381348e-01 -1.000850105285644531e+01 -6.703257560729980469e-03 1.713809669017791748e-01 7.638822197914123535e-01 6.221473813056945801e-01
-5.121363639831542969e+00 -5.892651081085205078e-01 -1.001473617553710938e+01 -4.593364894390106201e-03 1.705779135227203369e-01 7.664842009544372559e-01 6.191800236701965332e-01
-5.167197227478027344e+00 -5.819824337959289551e-01 -1.002048110961914062e+01 -2.211868762969970703e-03 1.697115600109100342e-01 7.691927552223205566e-01 6.160646080970764160e-01
-5.208699226379394531e+00 -5.752624273300170898e-01 -1.002573299407958984e+01 4.049465060234069824e-04 1.688046157360076904e-01 7.719690799713134766e-01 6.128365397453308105e-01
-5.245866775512695312e+00 -5.691210627555847168e-01 -1.003049087524414062e+01 3.221139311790466309e-03 1.678798347711563110e-01 7.747753858566284180e-01 6.095319390296936035e-01
-5.278727531433105469e+00 -5.639172196388244629e-01 -1.003485679626464844e+01 6.200507283210754395e-03 1.669603586196899414e-01 7.775743603706359863e-01 6.061878800392150879e-01
-5.307254314422607422e+00 -5.593896508216857910e-01 -1.003874588012695312e+01 9.306803345680236816e-03 1.660695672035217285e-01 7.803303599357604980e-01 6.028422713279724121e-01
-5.331430435180664062e+00 -5.554199218750000000e-01 -1.004210948944091797e+01 1.250411570072174072e-02 1.652307808399200439e-01 7.830083370208740234e-01 5.995334982872009277e-01
-5.351251602172851562e+00 -5.520129203796386719e-01 -1.004494380950927734e+01 1.575586944818496704e-02 1.644625216722488403e-01 7.855777740478515625e-01 5.962980985641479492e-01
-5.366713523864746094e+00 -5.491821169853210449e-01 -1.004724311828613281e+01 1.902482658624649048e-02 1.637616455554962158e-01 7.880227565765380859e-01 5.931612849235534668e-01
-5.378590583801269531e+00 -5.468334555625915527e-01 -1.004909992218017578e+01 2.227310091257095337e-02 1.631201356649398804e-01 7.903313636779785156e-01 5.901458263397216797e-01
-5.386878013610839844e+00 -5.449743270874023438e-01 -1.005050182342529297e+01 2.546321228146553040e-02 1.625296622514724731e-01 7.924923300743103027e-01 5.872747302055358887e-01
-5.391569614410400391e+00 -5.436096191406250000e-01 -1.005144309997558594e+01 2.855735644698143005e-02 1.619823575019836426e-01 7.944949865341186523e-01 5.845715999603271484e-01
-5.392661094665527344e+00 -5.427441000938415527e-01 -1.005192089080810547e+01 3.151797875761985779e-02 1.614703088998794556e-01 7.963290214538574219e-01 5.820602178573608398e-01
-5.396491527557373047e+00 -5.416113138198852539e-01 -1.005271053314208984e+01 3.430755808949470520e-02 1.609856486320495605e-01 7.979845404624938965e-01 5.797647833824157715e-01
-5.403053283691406250e+00 -5.402135848999023438e-01 -1.005380725860595703e+01 3.688850626349449158e-02 1.605206280946731567e-01 7.994523644447326660e-01 5.777094960212707520e-01
-5.412343502044677734e+00 -5.385583639144897461e-01 -1.005520439147949219e+01 3.922346606850624084e-02 1.600675135850906372e-01 8.007230162620544434e-01 5.759189724922180176e-01
-5.424354553222656250e+00 -5.366503596305847168e-01 -1.005689430236816406e+01 4.127471148967742920e-02 1.596186608076095581e-01 8.017872571945190430e-01 5.744175314903259277e-01
-5.439082622528076172e+00 -5.344970822334289551e-01 -1.005887222290039062e+01 4.300498217344284058e-02 1.591662466526031494e-01 8.026357889175415039e-01 5.732297897338867188e-01
-5.456519603729248047e+00 -5.321032404899597168e-01 -1.006113243103027344e+01 4.437679797410964966e-02 1.587025225162506104e-01 8.032591938972473145e-01 5.723798871040344238e-01
-5.476663112640380859e+00 -5.294738411903381348e-01 -1.006366825103759766e+01 4.535260424017906189e-02 1.582196801900863647e-01 8.036475777626037598e-01 5.718917250633239746e-01
-5.499507427215576172e+00 -5.266162157058715820e-01 -1.006647205352783203e+01 4.589498043060302734e-02 1.577096283435821533e-01 8.037902712821960449e-01 5.717888474464416504e-01
-5.525050640106201172e+00 -5.235717892646789551e-01 -1.006955051422119141e+01 4.596642032265663147e-02 1.571642011404037476e-01 8.036758303642272949e-01 5.720940232276916504e-01
-5.553304195404052734e+00 -5.205798149108886719e-01 -1.007298946380615234e+01 4.552924633026123047e-02 1.565750092267990112e-01 8.032917380332946777e-01 5.728294849395751953e-01
-5.584248542785644531e+00 -5.174047946929931641e-01 -1.007668590545654297e+01 4.454583302140235901e-02 1.559333801269531250e-01 8.026243448257446289e-01 5.740161538124084473e-01
-5.617881774902343750e+00 -5.140551924705505371e-01 -1.008062934875488281e+01 4.297838732600212097e-02 1.552302837371826172e-01 8.016580343246459961e-01 5.756741762161254883e-01
-5.654201507568359375e+00 -5.105358958244323730e-01 -1.008481502532958984e+01 4.078913852572441101e-02 1.544563770294189453e-01 8.003755211830139160e-01 5.778222084045410156e-01
-5.693207740783691406e+00 -5.068530440330505371e-01 -1.008923435211181641e+01 3.794004768133163452e-02 1.536018103361129761e-01 7.987573146820068359e-01 5.804770588874816895e-01
-5.734902381896972656e+00 -5.030065774917602539e-01 -1.009387588500976562e+01 3.441704809665679932e-02 1.526585668325424194e-01 7.967914938926696777e-01 5.836386680603027344e-01
-5.779301166534423828e+00 -4.989831447601318359e-01 -1.009875297546386719e+01 3.030097484588623047e-02 1.516278684139251709e-01 7.945042252540588379e-01 5.872424244880676270e-01
-5.826431751251220703e+00 -4.950439333915710449e-01 -1.010402202606201172e+01 2.569694444537162781e-02 1.505133211612701416e-01 7.919325828552246094e-01 5.912091732025146484e-01
-5.876305580139160156e+00 -4.910156130790710449e-01 -1.010961532592773438e+01 2.070990577340126038e-02 1.493189334869384766e-01 7.891145348548889160e-01 5.954605340957641602e-01
-5.928929805755615234e+00 -4.867675602436065674e-01 -1.011550235748291016e+01 1.544515788555145264e-02 1.480491459369659424e-01 7.860910892486572266e-01 5.999197363853454590e-01
-5.984320640563964844e+00 -4.822814762592315674e-01 -1.012169933319091797e+01 1.000808179378509521e-02 1.467089951038360596e-01 7.829058170318603516e-01 6.045119762420654297e-01
-6.042488098144531250e+00 -4.775366187095642090e-01 -1.012822246551513672e+01 4.504390060901641846e-03 1.453039199113845825e-01 7.796055078506469727e-01 6.091648340225219727e-01
-6.096204280853271484e+00 -4.734631180763244629e-01 -1.013427066802978516e+01 -9.604915976524353027e-04 1.438402980566024780e-01 7.762398123741149902e-01 6.138083338737487793e-01
-6.145475864410400391e+00 -4.699535965919494629e-01 -1.013980960845947266e+01 -6.280764937400817871e-03 1.423249095678329468e-01 7.728623747825622559e-01 6.183752417564392090e-01
-6.190308094024658203e+00 -4.668395817279815674e-01 -1.014476203918457031e+01 -1.135107129812240601e-02 1.407653391361236572e-01 7.695297002792358398e-01 6.228004693984985352e-01
-6.230708599090576172e+00 -4.641039967536926270e-01 -1.014914798736572266e+01 -1.606571674346923828e-02 1.391693949699401855e-01 7.663011550903320312e-01 6.270217895507812500e-01
-6.266678333282470703e+00 -4.617248475551605225e-01 -1.015299320220947266e+01 -2.031949907541275024e-02 1.375457644462585449e-01 7.632388472557067871e-01 6.309790611267089844e-01
-6.298222541809082031e+00 -4.596838355064392090e-01 -1.015631771087646484e+01 -2.400720119476318359e-02 1.359031796455383301e-01 7.604072093963623047e-01 6.346140503883361816e-01
-6.325342655181884766e+00 -4.579614102840423584e-01 -1.015914916992187500e+01 -2.702373638749122620e-02 1.342507302761077881e-01 7.578712105751037598e-01 6.378695964813232422e-01
-6.348036289215087891e+00 -4.566210806369781494e-01 -1.016158390045166016e+01 -2.926429361104965210e-02 1.325976550579071045e-01 7.556974291801452637e-01 6.406893730163574219e-01
-6.366307735443115234e+00 -4.555749297142028809e-01 -1.016358280181884766e+01 -3.062402456998825073e-02 1.309529393911361694e-01 7.539513707160949707e-01 6.430168747901916504e-01
-6.380159378051757812e+00 -4.547656178474426270e-01 -1.016513156890869141e+01 -3.099791705608367920e-02 1.293252706527709961e-01 7.526977658271789551e-01 6.447947025299072266e-01
-6.389591693878173828e+00 -4.541723430156707764e-01 -1.016625595092773438e+01 -3.028102219104766846e-02 1.277228593826293945e-01 7.519983649253845215e-01 6.459631919860839844e-01
-6.394610881805419922e+00 -4.537756145000457764e-01 -1.016697120666503906e+01 -2.836832404136657715e-02 1.261532455682754517e-01 7.519109845161437988e-01 6.464598774909973145e-01
-6.395220756530761719e+00 -4.535522460937500000e-01 -1.016730117797851562e+01 -2.515408024191856384e-02 1.246226429939270020e-01 7.524888515472412109e-01 6.462174654006958008e-01
-6.395406246185302734e+00 -4.531213343143463135e-01 -1.016781139373779297e+01 -2.057313546538352966e-02 1.231357455253601074e-01 7.537569403648376465e-01 6.451857686042785645e-01
-6.404404163360595703e+00 -4.516577124595642090e-01 -1.016978645324707031e+01 -1.472078636288642883e-02 1.216931939125061035e-01 7.556521892547607422e-01 6.434001326560974121e-01
-6.422214984893798828e+00 -4.491772353649139404e-01 -1.017319202423095703e+01 -7.732946425676345825e-03 1.202945932745933533e-01 7.580879926681518555e-01 6.409149765968322754e-01
-6.448838233947753906e+00 -4.457006752490997314e-01 -1.017800140380859375e+01 2.540536224842071533e-04 1.189394816756248474e-01 7.609759569168090820e-01 6.377843022346496582e-01
-6.484276771545410156e+00 -4.412499964237213135e-01 -1.018418025970458984e+01 9.103417396545410156e-03 1.176275536417961121e-01 7.642285227775573730e-01 6.340628266334533691e-01
-6.528530597686767578e+00 -4.358422756195068359e-01 -1.019170284271240234e+01 1.867812126874923706e-02 1.163586378097534180e-01 7.677594423294067383e-01 6.298072934150695801e-01
-6.581599712371826172e+00 -4.295031726360321045e-01 -1.020053577423095703e+01 2.884037047624588013e-02 1.151333972811698914e-01 7.714862227439880371e-01 6.250773072242736816e-01
-6.643454551696777344e+00 -4.224816858768463135e-01 -1.021097278594970703e+01 3.945212811231613159e-02 1.139530241489410400e-01 7.753301858901977539e-01 6.199365258216857910e-01
-6.714107513427734375e+00 -4.146594107151031494e-01 -1.022278213500976562e+01 5.037514120340347290e-02 1.128197163343429565e-01 7.792184352874755859e-01 6.144531965255737305e-01
-6.793558597564697266e+00 -4.060156047344207764e-01 -1.023587703704833984e+01 6.147103756666183472e-02 1.117364466190338135e-01 7.830835580825805664e-01 6.087005734443664551e-01
-6.881744384765625000e+00 -3.967797756195068359e-01 -1.025069904327392578e+01 7.260179519653320312e-02 1.107072234153747559e-01 7.868649959564208984e-01 6.027573347091674805e-01
-6.978662014007568359e+00 -3.869470059871673584e-01 -1.026714611053466797e+01 8.362966030836105347e-02 1.097371354699134827e-01 7.905088663101196289e-01 5.967072844505310059e-01
-7.084232807159423828e+00 -3.765856921672821045e-01 -1.028559017181396484e+01 9.441770613193511963e-02 1.088322103023529053e-01 7.939682602882385254e-01 5.906395912170410156e-01
-7.198412418365478516e+00 -3.657763600349426270e-01 -1.030622196197509766e+01 1.048300787806510925e-01 1.079992875456809998e-01 7.972033619880676270e-01 5.846483707427978516e-01
-7.320760250091552734e+00 -3.552160561084747314e-01 -1.033148860931396484e+01 1.147314012050628662e-01 1.072464287281036377e-01 8.001800775527954102e-01 5.788321495056152344e-01
-7.450651645660400391e+00 -3.456176817417144775e-01 -1.036372566223144531e+01 1.239878833293914795e-01 1.065822392702102661e-01 8.028709888458251953e-01 5.732935070991516113e-01
-7.585906982421875000e+00 -3.389721512794494629e-01 -1.040943717956542969e+01 1.324672400951385498e-01 1.060156524181365967e-01 8.052531480789184570e-01 5.681377649307250977e-01
-7.725162029266357422e+00 -3.357617259025573730e-01 -1.046950912475585938e+01 1.400372087955474854e-01 1.055569946765899658e-01 8.073075413703918457e-01 5.634730458259582520e-01
-7.868695735931396484e+00 -3.353454470634460449e-01 -1.054125499725341797e+01 1.465674340724945068e-01 1.052159368991851807e-01 8.090177178382873535e-01 5.594084262847900391e-01
-8.019133567810058594e+00 -3.358471691608428955e-01 -1.061861896514892578e+01 1.519277393817901611e-01 1.050028204917907715e-01 8.103682994842529297e-01 5.560535788536071777e-01
-8.177183151245117188e+00 -3.366577029228210449e-01 -1.069922733306884766e+01 1.547773927450180054e-01 1.031000539660453796e-01 8.115866184234619141e-01 5.538424253463745117e-01
-8.343005180358886719e+00 -3.377709984779357910e-01 -1.078392791748046875e+01 1.567359715700149536e-01 1.017988473176956177e-01 8.124052882194519043e-01 5.523299574851989746e-01
-8.516541481018066406e+00 -3.391760289669036865e-01 -1.087284755706787109e+01 1.578518599271774292e-01 1.010597869753837585e-01 8.128646612167358398e-01 5.514713525772094727e-01
-8.697728157043457031e+00 -3.408557176589965820e-01 -1.096612071990966797e+01 1.581778675317764282e-01 1.008441895246505737e-01 8.129981160163879395e-01 5.512207150459289551e-01
-8.886469841003417969e+00 -3.427990674972534180e-01 -1.106393814086914062e+01 1.577690839767456055e-01 1.011147946119308472e-01 8.128327727317810059e-01 5.515320897102355957e-01
-9.082612991333007812e+00 -3.449963331222534180e-01 -1.116659927368164062e+01 1.566836386919021606e-01 1.018346995115280151e-01 8.123911619186401367e-01 5.523589849472045898e-01
-9.285864830017089844e+00 -3.474462926387786865e-01 -1.127466487884521484e+01 1.549807637929916382e-01 1.029676645994186401e-01 8.116925358772277832e-01 5.536550283432006836e-01
-9.495581626892089844e+00 -3.501525819301605225e-01 -1.138930606842041016e+01 1.527214348316192627e-01 1.044775918126106262e-01 8.107533454895019531e-01 5.553733110427856445e-01
-9.711391448974609375e+00 -3.585253953933715820e-01 -1.151082134246826172e+01 1.499675214290618896e-01 1.063285022974014282e-01 8.095891475677490234e-01 5.574669241905212402e-01
-9.924308776855468750e+00 -4.165600538253784180e-01 -1.161773300170898438e+01 1.467809677124023438e-01 1.084846407175064087e-01 8.082142472267150879e-01 5.598893761634826660e-01
-1.004496955871582031e+01 -6.229528784751892090e-01 -1.159921741485595703e+01 1.428554803133010864e-01 1.103820204734802246e-01 8.067157864570617676e-01 5.626878738403320312e-01
-1.009044075012207031e+01 -8.543371558189392090e-01 -1.151545524597167969e+01 1.378232836723327637e-01 1.113846972584724426e-01 8.051975965499877930e-01 5.659107565879821777e-01
-1.011983013153076172e+01 -1.079770445823669434e+00 -1.142688655853271484e+01 1.324221491813659668e-01 1.124382317066192627e-01 8.035460114479064941e-01 5.693293213844299316e-01
-1.014666461944580078e+01 -1.300739765167236328e+00 -1.134418296813964844e+01 1.267293244600296021e-01 1.135350093245506287e-01 8.017778992652893066e-01 5.728889107704162598e-01
-1.017856693267822266e+01 -1.518526554107666016e+00 -1.127460765838623047e+01 1.208221316337585449e-01 1.146676763892173767e-01 7.999120354652404785e-01 5.765361785888671875e-01
-1.021707820892333984e+01 -1.732689142227172852e+00 -1.122019958496093750e+01 1.147788316011428833e-01 1.158287972211837769e-01 7.979691028594970703e-01 5.802196264266967773e-01
-1.025782108306884766e+01 -1.941968321800231934e+00 -1.117609310150146484e+01 1.086776405572891235e-01 1.170114800333976746e-01 7.959721088409423828e-01 5.838885307312011719e-01
-1.029594326019287109e+01 -2.145697593688964844e+00 -1.113581848144531250e+01 1.025974154472351074e-01 1.182089895009994507e-01 7.939462661743164062e-01 5.874945521354675293e-01
-1.032744693756103516e+01 -2.343356847763061523e+00 -1.109365558624267578e+01 9.661708772182464600e-02 1.194149553775787354e-01 7.919187545776367188e-01 5.909905433654785156e-01
-1.035189819335937500e+01 -2.534465789794921875e+00 -1.104812622070312500e+01 9.081601351499557495e-02 1.206233277916908264e-01 7.899195551872253418e-01 5.943312048912048340e-01
-1.037211132049560547e+01 -2.719052791595458984e+00 -1.100183486938476562e+01 8.525834232568740845e-02 1.218291148543357849e-01 7.879726886749267578e-01 5.974844098091125488e-01
-1.039069271087646484e+01 -2.897396802902221680e+00 -1.095733165740966797e+01 7.994864881038665771e-02 1.230291426181793213e-01 7.860746979713439941e-01 6.004653573036193848e-01
-1.041008853912353516e+01 -3.069774627685546875e+00 -1.091691493988037109e+01 7.487621158361434937e-02 1.242208257317543030e-01 7.842140793800354004e-01 6.033000349998474121e-01
-1.043292427062988281e+01 -3.236370086669921875e+00 -1.088338088989257812e+01 7.003019750118255615e-02 1.254016011953353882e-01 7.823789119720458984e-01 6.060143709182739258e-01
-1.045906734466552734e+01 -3.397078752517700195e+00 -1.085758686065673828e+01 6.539962440729141235e-02 1.265686005353927612e-01 7.805562615394592285e-01 6.086339950561523438e-01
-1.048401737213134766e+01 -3.551816225051879883e+00 -1.083573055267333984e+01 6.097350642085075378e-02 1.277190148830413818e-01 7.787327766418457031e-01 6.111835837364196777e-01
-1.050498294830322266e+01 -3.700529098510742188e+00 -1.081457328796386719e+01 5.674066394567489624e-02 1.288498938083648682e-01 7.768948674201965332e-01 6.136878132820129395e-01
-1.052058982849121094e+01 -3.843046903610229492e+00 -1.079224967956542969e+01 5.269001424312591553e-02 1.299582123756408691e-01 7.750276923179626465e-01 6.161709427833557129e-01
-1.053171443939208984e+01 -3.979098320007324219e+00 -1.076863670349121094e+01 4.881022125482559204e-02 1.310410052537918091e-01 7.731168270111083984e-01 6.186568140983581543e-01
-1.053984451293945312e+01 -4.108682155609130859e+00 -1.074494266510009766e+01 4.508995637297630310e-02 1.320950537919998169e-01 7.711467742919921875e-01 6.211686134338378906e-01
-1.054659080505371094e+01 -4.231914997100830078e+00 -1.072259998321533203e+01 4.151797667145729065e-02 1.331171542406082153e-01 7.691017389297485352e-01 6.237294673919677734e-01
-1.055271816253662109e+01 -4.348836421966552734e+00 -1.070208930969238281e+01 3.808278590440750122e-02 1.341040134429931641e-01 7.669654488563537598e-01 6.263623237609863281e-01
-1.055863380432128906e+01 -4.459498405456542969e+00 -1.068381309509277344e+01 3.477301821112632751e-02 1.350521892309188843e-01 7.647212743759155273e-01 6.290891766548156738e-01
-1.056466484069824219e+01 -4.563889026641845703e+00 -1.066792488098144531e+01 3.157708793878555298e-02 1.359584182500839233e-01 7.623516917228698730e-01 6.319320201873779297e-01
-1.057048892974853516e+01 -4.661900043487548828e+00 -1.065352249145507812e+01 2.848355844616889954e-02 1.368190348148345947e-01 7.598392963409423828e-01 6.349121928215026855e-01
-1.057675266265869141e+01 -4.753646850585937500e+00 -1.064186668395996094e+01 2.548094838857650757e-02 1.376303285360336304e-01 7.571656107902526855e-01 6.380507946014404297e-01
-1.058263301849365234e+01 -4.838959693908691406e+00 -1.063119316101074219e+01 2.255745977163314819e-02 1.383888274431228638e-01 7.543119788169860840e-01 6.413682103157043457e-01
-1.058869361877441406e+01 -4.917909622192382812e+00 -1.062255477905273438e+01 1.970159634947776794e-02 1.390905529260635376e-01 7.512588500976562500e-01 6.448843479156494141e-01
-1.059456253051757812e+01 -4.990455627441406250e+00 -1.061523628234863281e+01 1.690166443586349487e-02 1.397315859794616699e-01 7.479860186576843262e-01 6.486185789108276367e-01
-1.059987258911132812e+01 -5.056556701660156250e+00 -1.060852909088134766e+01 1.414593309164047241e-02 1.403079032897949219e-01 7.444730401039123535e-01 6.525897383689880371e-01
-1.060515022277832031e+01 -5.116246223449707031e+00 -1.060337162017822266e+01 1.142485439777374268e-02 1.408163011074066162e-01 7.407077550888061523e-01 6.568046212196350098e-01
-1.061013793945312500e+01 -5.169497966766357422e+00 -1.059929656982421875e+01 8.737377822399139404e-03 1.412572562694549561e-01 7.367159128189086914e-01 6.612259149551391602e-01
-1.061447620391845703e+01 -5.216278076171875000e+00 -1.059565448760986328e+01 6.084568798542022705e-03 1.416324228048324585e-01 7.325335144996643066e-01 6.658061146736145020e-01
-1.061816883087158203e+01 -5.256570816040039062e+00 -1.059244632720947266e+01 3.467611968517303467e-03 1.419436037540435791e-01 7.281977534294128418e-01 6.704983711242675781e-01
-1.062122058868408203e+01 -5.290363788604736328e+00 -1.058967399597167969e+01 8.876472711563110352e-04 1.421928405761718750e-01 7.237463593482971191e-01 6.752568483352661133e-01
-1.062366104125976562e+01 -5.317639827728271484e+00 -1.058738994598388672e+01 -1.654163002967834473e-03 1.423822641372680664e-01 7.192185521125793457e-01 6.800361871719360352e-01
-1.062575340270996094e+01 -5.338379859924316406e+00 -1.058605003356933594e+01 -4.156656563282012939e-03 1.425144672393798828e-01 7.146546244621276855e-01 6.847926974296569824e-01
-1.062709712982177734e+01 -5.352578163146972656e+00 -1.058496093750000000e+01 -6.618522107601165771e-03 1.425919383764266968e-01 7.100958228111267090e-01 6.894836425781250000e-01
-1.062769412994384766e+01 -5.360217571258544922e+00 -1.058413314819335938e+01 -9.038724005222320557e-03 1.426177024841308594e-01 7.055845856666564941e-01 6.940668225288391113e-01
-1.062924671173095703e+01 -5.375728607177734375e+00 -1.058298206329345703e+01 -1.141607016324996948e-02 1.425948292016983032e-01 7.011644840240478516e-01 6.985017657279968262e-01
-1.063175487518310547e+01 -5.399098396301269531e+00 -1.058151054382324219e+01 -1.374933123588562012e-02 1.425265371799468994e-01 6.968799829483032227e-01 7.027484774589538574e-01
-1.063521575927734375e+01 -5.430309295654296875e+00 -1.057972145080566406e+01 -1.603743433952331543e-02 1.424164026975631714e-01 6.927760839462280273e-01 7.067683339118957520e-01
-1.063962650299072266e+01 -5.469348430633544922e+00 -1.057761955261230469e+01 -1.827930659055709839e-02 1.422680765390396118e-01 6.888993382453918457e-01 7.105233669281005859e-01
-1.064498424530029297e+01 -5.516201496124267578e+00 -1.057520771026611328e+01 -2.047377079725265503e-02 1.420852243900299072e-01 6.852959394454956055e-01 7.139762639999389648e-01
-1.065128231048583984e+01 -5.570854187011718750e+00 -1.057248783111572266e+01 -2.261981740593910217e-02 1.418718099594116211e-01 6.820131540298461914e-01 7.170905470848083496e-01
-1.065931129455566406e+01 -5.633233547210693359e+00 -1.057086753845214844e+01 -2.471655979752540588e-02 1.416317969560623169e-01 6.790984869003295898e-01 7.198296785354614258e-01
-1.066841316223144531e+01 -5.703530311584472656e+00 -1.056915760040283203e+01 -2.676282450556755066e-02 1.413690149784088135e-01 6.765992641448974609e-01 7.221577167510986328e-01
-1.067857074737548828e+01 -5.781732559204101562e+00 -1.056733417510986328e+01 -2.875778079032897949e-02 1.410875320434570312e-01 6.745629906654357910e-01 7.240386605262756348e-01
-1.069013977050781250e+01 -5.867781162261962891e+00 -1.056606388092041016e+01 -3.070051223039627075e-02 1.407911628484725952e-01 6.730363368988037109e-01 7.254359722137451172e-01
-1.070337104797363281e+01 -5.961631774902343750e+00 -1.056581974029541016e+01 -3.259010612964630127e-02 1.404836028814315796e-01 6.720657944679260254e-01 7.263123989105224609e-01
-1.071773147583007812e+01 -6.063338279724121094e+00 -1.056562614440917969e+01 -3.442175686359405518e-02 1.401686668395996094e-01 6.716854572296142578e-01 7.266405820846557617e-01
-1.073379611968994141e+01 -6.172810077667236328e+00 -1.056660175323486328e+01 -3.617496043443679810e-02 1.398514211177825928e-01 6.718832254409790039e-01 7.264336943626403809e-01
-1.075140190124511719e+01 -6.290083885192871094e+00 -1.056842517852783203e+01 -3.782537579536437988e-02 1.395368874073028564e-01 6.726346015930175781e-01 7.257143855094909668e-01
-1.077041625976562500e+01 -6.415182113647460938e+00 -1.057087039947509766e+01 -3.934848308563232422e-02 1.392299085855484009e-01 6.739140748977661133e-01 7.245042920112609863e-01
-1.079132461547851562e+01 -6.548014163970947266e+00 -1.057493400573730469e+01 -4.071976244449615479e-02 1.389352530241012573e-01 6.756953597068786621e-01 7.228240370750427246e-01
-1.081358528137207031e+01 -6.688697814941406250e+00 -1.057951259613037109e+01 -4.191471636295318604e-02 1.386574804782867432e-01 6.779515743255615234e-01 7.206933498382568359e-01
-1.083783054351806641e+01 -6.837087631225585938e+00 -1.058600234985351562e+01 -4.290862381458282471e-02 1.384009271860122681e-01 6.806545853614807129e-01 7.181317806243896484e-01
-1.086351203918457031e+01 -6.993322372436523438e+00 -1.059320926666259766e+01 -4.367696493864059448e-02 1.381700038909912109e-01 6.837765574455261230e-01 7.151579260826110840e-01
-1.089109992980957031e+01 -7.157278060913085938e+00 -1.060227966308593750e+01 -4.419505968689918518e-02 1.379689127206802368e-01 6.872888207435607910e-01 7.117903232574462891e-01
-1.092027187347412109e+01 -7.329043865203857422e+00 -1.061250114440917969e+01 -4.443835839629173279e-02 1.378019452095031738e-01 6.911621689796447754e-01 7.080470919609069824e-01
-1.095118427276611328e+01 -7.508580207824707031e+00 -1.062429428100585938e+01 -4.438211023807525635e-02 1.376731097698211670e-01 6.953679323196411133e-01 7.039458751678466797e-01
-1.098383235931396484e+01 -7.695872783660888672e+00 -1.063784885406494141e+01 -4.400169104337692261e-02 1.375865191221237183e-01 6.998760104179382324e-01 6.995051503181457520e-01
-1.101805305480957031e+01 -7.890981197357177734e+00 -1.065281581878662109e+01 -4.327264428138732910e-02 1.375463306903839111e-01 7.046570777893066406e-01 6.947422027587890625e-01
-1.105382442474365234e+01 -8.093856811523437500e+00 -1.066994857788085938e+01 -4.217040538787841797e-02 1.375566124916076660e-01 7.096816301345825195e-01 6.896751523017883301e-01
-1.109086990356445312e+01 -8.304538726806640625e+00 -1.068932437896728516e+01 -4.067043587565422058e-02 1.376213282346725464e-01 7.149195671081542969e-01 6.843217015266418457e-01
-1.112904357910156250e+01 -8.523050308227539062e+00 -1.071094703674316406e+01 -3.874839842319488525e-02 1.377446353435516357e-01 7.203410267829895020e-01 6.787000298500061035e-01
-1.116809940338134766e+01 -8.749396324157714844e+00 -1.073521232604980469e+01 -3.637998923659324646e-02 1.379303932189941406e-01 7.259160876274108887e-01 6.728280186653137207e-01
-1.120755100250244141e+01 -8.983582496643066406e+00 -1.076276683807373047e+01 -3.354103118181228638e-02 1.381827294826507568e-01 7.316145896911621094e-01 6.667236089706420898e-01
-1.124667549133300781e+01 -9.225608825683593750e+00 -1.079436779022216797e+01 -3.020755574107170105e-02 1.385056376457214355e-01 7.374065518379211426e-01 6.604053974151611328e-01
-1.128233051300048828e+01 -9.458689689636230469e+00 -1.082812023162841797e+01 -2.635563164949417114e-02 1.389030367136001587e-01 7.432616353034973145e-01 6.538909673690795898e-01
-1.131401538848876953e+01 -9.682795524597167969e+00 -1.086427211761474609e+01 -2.197388932108879089e-02 1.393756568431854248e-01 7.491500377655029297e-01 6.471985578536987305e-01
-1.134110450744628906e+01 -9.897847175598144531e+00 -1.090318965911865234e+01 -1.710111275315284729e-02 1.399117857217788696e-01 7.550441622734069824e-01 6.403440833091735840e-01
-1.136655616760253906e+01 -1.010362052917480469e+01 -1.094369316101074219e+01 -1.178856939077377319e-02 1.404966413974761963e-01 7.609182000160217285e-01 6.333444714546203613e-01
-1.139555263519287109e+01 -1.029974746704101562e+01 -1.098385429382324219e+01 -6.087772548198699951e-03 1.411157250404357910e-01 7.667470574378967285e-01 6.262174248695373535e-01
-1.143597602844238281e+01 -1.048508644104003906e+01 -1.102089118957519531e+01 -5.029886960983276367e-05 1.417546123266220093e-01 7.725070118904113770e-01 6.189819574356079102e-01
-1.150938415527343750e+01 -1.065100097656250000e+01 -1.104667663574218750e+01 6.271965801715850830e-03 1.423993557691574097e-01 7.781756520271301270e-01 6.116580963134765625e-01
-1.164232921600341797e+01 -1.076037979125976562e+01 -1.104319763183593750e+01 1.282719895243644714e-02 1.430361419916152954e-01 7.837322950363159180e-01 6.042678952217102051e-01
-1.180349922180175781e+01 -1.075759124755859375e+01 -1.100128269195556641e+01 1.956347748637199402e-02 1.436515897512435913e-01 7.891580462455749512e-01 5.968341231346130371e-01
-1.194820785522460938e+01 -1.071184062957763672e+01 -1.095121574401855469e+01 2.642885223031044006e-02 1.442325413227081299e-01 7.944356799125671387e-01 5.893814563751220703e-01
-1.207860565185546875e+01 -1.065332698822021484e+01 -1.090122795104980469e+01 3.337146341800689697e-02 1.447663307189941406e-01 7.995497584342956543e-01 5.819359421730041504e-01
-1.219545745849609375e+01 -1.058763885498046875e+01 -1.085273647308349609e+01 4.033939912915229797e-02 1.452406048774719238e-01 8.044869303703308105e-01 5.745245814323425293e-01
-1.230361747741699219e+01 -1.052392292022705078e+01 -1.080710315704345703e+01 4.728107154369354248e-02 1.456433683633804321e-01 8.092362284660339355e-01 5.671766400337219238e-01
-1.240206909179687500e+01 -1.046063709259033203e+01 -1.076413631439208984e+01 5.414500832557678223e-02 1.459631174802780151e-01 8.137877583503723145e-01 5.599219799041748047e-01
-1.249275493621826172e+01 -1.040091991424560547e+01 -1.072421932220458984e+01 6.088002398610115051e-02 1.461885422468185425e-01 8.181341886520385742e-01 5.527920126914978027e-01
-1.257481861114501953e+01 -1.034358215332031250e+01 -1.068722152709960938e+01 6.743503361940383911e-02 1.463088840246200562e-01 8.222698569297790527e-01 5.458192229270935059e-01
-1.264995956420898438e+01 -1.029104709625244141e+01 -1.065338516235351562e+01 7.375938445329666138e-02 1.463135629892349243e-01 8.261905908584594727e-01 5.390369296073913574e-01
-1.271720409393310547e+01 -1.024204349517822266e+01 -1.062258720397949219e+01 7.980284094810485840e-02 1.461923420429229736e-01 8.298942446708679199e-01 5.324798822402954102e-01
-1.277730274200439453e+01 -1.019759178161621094e+01 -1.059491539001464844e+01 8.551517128944396973e-02 1.459352523088455200e-01 8.333796858787536621e-01 5.261827707290649414e-01
-1.283057498931884766e+01 -1.015814208984375000e+01 -1.057040596008300781e+01 9.084681421518325806e-02 1.455325782299041748e-01 8.366469740867614746e-01 5.201816558837890625e-01
-1.287680625915527344e+01 -1.012343978881835938e+01 -1.054902935028076172e+01 9.574817866086959839e-02 1.449747085571289062e-01 8.396973609924316406e-01 5.145123600959777832e-01
-1.291574287414550781e+01 -1.009328746795654297e+01 -1.053037548065185547e+01 9.932079166173934937e-02 1.428346037864685059e-01 8.427762389183044434e-01 5.093739032745361328e-01
-1.294794559478759766e+01 -1.006828212738037109e+01 -1.051499271392822266e+01 1.026498302817344666e-01 1.408854722976684570e-01 8.455861806869506836e-01 5.045773386955261230e-01
-1.297340869903564453e+01 -1.004842090606689453e+01 -1.050287532806396484e+01 1.057248115539550781e-01 1.391236782073974609e-01 8.481419086456298828e-01 5.001221895217895508e-01
-1.299213504791259766e+01 -1.003369808197021484e+01 -1.049402523040771484e+01 1.085371449589729309e-01 1.375451385974884033e-01 8.504561781883239746e-01 4.960092604160308838e-01
-1.300411701202392578e+01 -1.002411365509033203e+01 -1.048844814300537109e+01 1.110804527997970581e-01 1.361454129219055176e-01 8.525410890579223633e-01 4.922389984130859375e-01
-1.300935554504394531e+01 -1.001966381072998047e+01 -1.048614025115966797e+01 1.133491694927215576e-01 1.349202245473861694e-01 8.544066548347473145e-01 4.888123869895935059e-01
-1.301836967468261719e+01 -1.001243972778320312e+01 -1.048196125030517578e+01 1.153391897678375244e-01 1.338652968406677246e-01 8.560622334480285645e-01 4.857306182384490967e-01
-1.303115940093994141e+01 -1.000243854522705078e+01 -1.047591495513916016e+01 1.170480549335479736e-01 1.329760402441024780e-01 8.575155138969421387e-01 4.829950034618377686e-01
-1.304769515991210938e+01 -9.989621162414550781e+00 -1.046799755096435547e+01 1.184739768505096436e-01 1.322482675313949585e-01 8.587732315063476562e-01 4.806066751480102539e-01
-1.307063293457031250e+01 -9.971763610839843750e+00 -1.045684432983398438e+01 1.196163147687911987e-01 1.316778510808944702e-01 8.598409295082092285e-01 4.785671234130859375e-01
-1.310006713867187500e+01 -9.948978424072265625e+00 -1.044246292114257812e+01 1.204757243394851685e-01 1.312607526779174805e-01 8.607231974601745605e-01 4.768770933151245117e-01
-1.312396907806396484e+01 -9.930460929870605469e+00 -1.043071842193603516e+01 1.209429800510406494e-01 1.307946592569351196e-01 8.614537715911865234e-01 4.755659401416778564e-01
-1.314227104187011719e+01 -9.916187286376953125e+00 -1.042140769958496094e+01 1.206102073192596436e-01 1.295311599969863892e-01 8.621472716331481934e-01 4.747387766838073730e-01
-1.315505504608154297e+01 -9.906185150146484375e+00 -1.041476440429687500e+01 1.199603676795959473e-01 1.283363848924636841e-01 8.626726865768432617e-01 4.742731451988220215e-01
-1.316232299804687500e+01 -9.900453567504882812e+00 -1.041079711914062500e+01 1.190049499273300171e-01 1.272275298833847046e-01 8.630284667015075684e-01 4.741652905941009521e-01
-1.316407775878906250e+01 -9.898992538452148438e+00 -1.040950775146484375e+01 1.177556365728378296e-01 1.262216866016387939e-01 8.632124662399291992e-01 4.744111299514770508e-01
-1.317161846160888672e+01 -9.893140792846679688e+00 -1.040533638000488281e+01 1.162244454026222229e-01 1.253354102373123169e-01 8.632216453552246094e-01 4.750064909458160400e-01
-1.318494796752929688e+01 -9.882897377014160156e+00 -1.039828300476074219e+01 1.144227534532546997e-01 1.245856657624244690e-01 8.630531430244445801e-01 4.759464859962463379e-01
-1.320406913757324219e+01 -9.868266105651855469e+00 -1.038835430145263672e+01 1.123622208833694458e-01 1.239890679717063904e-01 8.627029657363891602e-01 4.772263169288635254e-01
-1.322898292541503906e+01 -9.849243164062500000e+00 -1.037555408477783203e+01 1.100540682673454285e-01 1.235623732209205627e-01 8.621667623519897461e-01 4.788410961627960205e-01
-1.325969409942626953e+01 -9.825831413269042969e+00 -1.035988426208496094e+01 1.075064316391944885e-01 1.233188956975936890e-01 8.614422678947448730e-01 4.807827472686767578e-01
-1.329620456695556641e+01 -9.798025131225585938e+00 -1.034134101867675781e+01 1.047142595052719116e-01 1.232587397098541260e-01 8.605348467826843262e-01 4.830339848995208740e-01
-1.333851528167724609e+01 -9.765820503234863281e+00 -1.031992530822753906e+01 1.016678661108016968e-01 1.233793944120407104e-01 8.594520688056945801e-01 4.855753779411315918e-01
-1.338663578033447266e+01 -9.729215621948242188e+00 -1.029563236236572266e+01 9.835892915725708008e-02 1.236774623394012451e-01 8.582004308700561523e-01 4.883864521980285645e-01
-1.344056320190429688e+01 -9.688205718994140625e+00 -1.026845836639404297e+01 9.477855265140533447e-02 1.241498216986656189e-01 8.567867279052734375e-01 4.914472401142120361e-01
-1.350030231475830078e+01 -9.642785072326660156e+00 -1.023839664459228516e+01 9.091753512620925903e-02 1.247934699058532715e-01 8.552169799804687500e-01 4.947367012500762939e-01
-1.356585788726806641e+01 -9.592951774597167969e+00 -1.020545005798339844e+01 8.676722645759582520e-02 1.256049573421478271e-01 8.534969687461853027e-01 4.982346296310424805e-01
-1.363723373413085938e+01 -9.538702011108398438e+00 -1.016960811614990234e+01 8.231845498085021973e-02 1.265812665224075317e-01 8.516321778297424316e-01 5.019196271896362305e-01
-1.371443367004394531e+01 -9.480028152465820312e+00 -1.013087272644042969e+01 7.756268978118896484e-02 1.277187168598175049e-01 8.496282100677490234e-01 5.057705044746398926e-01
-1.379726696014404297e+01 -9.416817665100097656e+00 -1.008902549743652344e+01 7.249072939157485962e-02 1.290141493082046509e-01 8.474898338317871094e-01 5.097661018371582031e-01
-1.388471031188964844e+01 -9.348478317260742188e+00 -1.004294776916503906e+01 6.709413975477218628e-02 1.304639130830764771e-01 8.452220559120178223e-01 5.138844847679138184e-01
-1.397504520416259766e+01 -9.275588989257812500e+00 -9.992612838745117188e+00 6.136422604322433472e-02 1.320644766092300415e-01 8.428294062614440918e-01 5.181042551994323730e-01
-1.406647586822509766e+01 -9.197442054748535156e+00 -9.936447143554687500e+00 5.529234558343887329e-02 1.338121891021728516e-01 8.403166532516479492e-01 5.224031209945678711e-01
-1.415518283843994141e+01 -9.112381935119628906e+00 -9.870921134948730469e+00 4.887008666992187500e-02 1.357033699750900269e-01 8.376877903938293457e-01 5.267594456672668457e-01
-1.424495983123779297e+01 -9.022349357604980469e+00 -9.799891471862792969e+00 4.208901152014732361e-02 1.377342939376831055e-01 8.349474668502807617e-01 5.311501622200012207e-01
-1.433600044250488281e+01 -8.927456855773925781e+00 -9.723569869995117188e+00 3.494109213352203369e-02 1.399009376764297485e-01 8.320991992950439453e-01 5.355538129806518555e-01
-1.435671329498291016e+01 -8.917892456054687500e+00 -9.570496559143066406e+00 2.741808816790580750e-02 1.421995460987091064e-01 8.291469812393188477e-01 5.399472117424011230e-01
-1.437216663360595703e+01 -8.915657997131347656e+00 -9.404882431030273438e+00 1.951223984360694885e-02 1.446258723735809326e-01 8.260943293571472168e-01 5.443074703216552734e-01
-1.438892173767089844e+01 -8.913178443908691406e+00 -9.232950210571289062e+00 1.121573895215988159e-02 1.471759378910064697e-01 8.229449987411499023e-01 5.486119389533996582e-01
-1.440745449066162109e+01 -8.910368919372558594e+00 -9.054749488830566406e+00 2.521164715290069580e-03 1.498453915119171143e-01 8.197016119956970215e-01 5.528374910354614258e-01
-1.442849063873291016e+01 -8.907100677490234375e+00 -8.870370864868164062e+00 -6.566666066646575928e-03 1.526272743940353394e-01 8.163667917251586914e-01 5.569622516632080078e-01
-1.445302581787109375e+01 -8.903204917907714844e+00 -8.679971694946289062e+00 -1.599432528018951416e-02 1.555038690567016602e-01 8.129415512084960938e-01 5.609712600708007812e-01
-1.448167896270751953e+01 -8.898571968078613281e+00 -8.483695030212402344e+00 -2.569583803415298462e-02 1.584550738334655762e-01 8.094276785850524902e-01 5.648525953292846680e-01
-1.451546764373779297e+01 -8.893027305603027344e+00 -8.281769752502441406e+00 -3.560548275709152222e-02 1.614612638950347900e-01 8.058297038078308105e-01 5.685955286026000977e-01
-1.455556106567382812e+01 -8.886371612548828125e+00 -8.074532508850097656e+00 -4.565709084272384644e-02 1.645030975341796875e-01 8.021543025970458984e-01 5.721912384033203125e-01
-1.460328006744384766e+01 -8.878382682800292969e+00 -7.862423419952392578e+00 -5.578484386205673218e-02 1.675617247819900513e-01 7.984104156494140625e-01 5.756317973136901855e-01
-1.465872192382812500e+01 -8.869041442871093750e+00 -7.645661354064941406e+00 -6.592278927564620972e-02 1.706188023090362549e-01 7.946094274520874023e-01 5.789121389389038086e-01
-1.472144126892089844e+01 -8.858417510986328125e+00 -7.424310207366943359e+00 -7.600522041320800781e-02 1.736564040184020996e-01 7.907654643058776855e-01 5.820282101631164551e-01
-1.479113960266113281e+01 -8.846561431884765625e+00 -7.198437213897705078e+00 -8.596687018871307373e-02 1.766572743654251099e-01 7.868946194648742676e-01 5.849775671958923340e-01
-1.486458969116210938e+01 -8.828340530395507812e+00 -6.967733383178710938e+00 -9.574265778064727783e-02 1.796046197414398193e-01 7.830157279968261719e-01 5.877599716186523438e-01
-1.492429542541503906e+01 -8.767418861389160156e+00 -6.735415935516357422e+00 -1.052677035331726074e-01 1.824821680784225464e-01 7.791494727134704590e-01 5.903770923614501953e-01
