-6.594130516052246094e+00 2.037680625915527344e+00 -9.918432235717773438e+00 1.418303232640028000e-02 1.307391673326492310e-01 -9.847964644432067871e-01 1.134985089302062988e-01
-6.521274089813232422e+00 1.879417657852172852e+00 -9.890716552734375000e+00 1.456670463085174561e-02 1.324218660593032837e-01 -9.842204451560974121e-01 1.164575889706611633e-01
-6.444138526916503906e+00 1.714433550834655762e+00 -9.860170364379882812e+00 1.450075954198837280e-02 1.346122026443481445e-01 -9.834777116775512695e-01 1.201695948839187622e-01
-6.362357139587402344e+00 1.542930841445922852e+00 -9.826723098754882812e+00 1.404223218560218811e-02 1.372365355491638184e-01 -9.825766682624816895e-01 1.245470196008682251e-01
-6.275445938110351562e+00 1.365147709846496582e+00 -9.790492057800292969e+00 1.324863173067569733e-02 1.402213126420974731e-01 -9.815251827239990234e-01 1.295027881860733032e-01
-6.182744026184082031e+00 1.181380629539489746e+00 -9.751812934875488281e+00 1.217685267329216003e-02 1.434922516345977783e-01 -9.803317785263061523e-01 1.349491626024246216e-01
-6.083320140838623047e+00 9.920324683189392090e-01 -9.711321830749511719e+00 1.088454388082027435e-02 1.469763517379760742e-01 -9.790071249008178711e-01 1.407990455627441406e-01
-5.975840091705322266e+00 7.976928353309631348e-01 -9.670079231262207031e+00 9.428856894373893738e-03 1.505999714136123657e-01 -9.775641560554504395e-01 1.469658017158508301e-01
-5.858328342437744141e+00 5.993115305900573730e-01 -9.629834175109863281e+00 7.867185398936271667e-03 1.542906612157821655e-01 -9.760187268257141113e-01 1.533619463443756104e-01
-5.727772712707519531e+00 3.985766470432281494e-01 -9.593523025512695312e+00 6.257124245166778564e-03 1.579755097627639771e-01 -9.743900299072265625e-01 1.599017381668090820e-01
-5.582091331481933594e+00 2.047888189554214478e-01 -9.566977500915527344e+00 4.656031727790832520e-03 1.615828871726989746e-01 -9.727010726928710938e-01 1.664990782737731934e-01
-5.418309211730957031e+00 2.240112237632274628e-02 -9.554017066955566406e+00 3.121282905340194702e-03 1.650418043136596680e-01 -9.709782004356384277e-01 1.730685830116271973e-01
-5.231531143188476562e+00 -1.383715718984603882e-01 -9.562781333923339844e+00 1.710474491119384766e-03 1.682812571525573730e-01 -9.692516922950744629e-01 1.795261651277542114e-01
-5.016065120697021484e+00 -2.523681521415710449e-01 -9.605916976928710938e+00 4.809927195310592651e-04 1.712314039468765259e-01 -9.675549268722534180e-01 1.857872903347015381e-01
-4.785254001617431641e+00 -3.072534203529357910e-01 -9.647748947143554688e+00 -5.099549889564514160e-04 1.738229244947433472e-01 -9.659243226051330566e-01 1.917689889669418335e-01
-4.555274963378906250e+00 -3.470849394798278809e-01 -9.664098739624023438e+00 -1.204933971166610718e-03 1.759869605302810669e-01 -9.643986821174621582e-01 1.973884105682373047e-01
-4.331409931182861328e+00 -3.833837807178497314e-01 -9.669383049011230469e+00 -1.374796032905578613e-03 1.768371760845184326e-01 -9.631687998771667480e-01 2.025644779205322266e-01
-4.113931655883789062e+00 -4.135009646415710449e-01 -9.675302505493164062e+00 -1.110043376684188843e-03 1.770484596490859985e-01 -9.621407985687255859e-01 2.072137296199798584e-01
-3.903019666671752930e+00 -4.369933903217315674e-01 -9.685306549072265625e+00 -5.204044282436370850e-04 1.773093640804290771e-01 -9.612144231796264648e-01 2.112529426813125610e-01
-3.699040651321411133e+00 -4.520690739154815674e-01 -9.702650070190429688e+00 4.255920648574829102e-04 1.776243001222610474e-01 -9.604144096374511719e-01 2.146007120609283447e-01
-3.502752065658569336e+00 -4.583373963832855225e-01 -9.728658676147460938e+00 1.761596649885177612e-03 1.779967397451400757e-01 -9.597643613815307617e-01 2.171780616044998169e-01
-3.314691781997680664e+00 -4.560522437095642090e-01 -9.762351036071777344e+00 4.029959440231323242e-03 1.761759519577026367e-01 -9.596974849700927734e-01 2.189212590456008911e-01
-3.134649038314819336e+00 -4.466113150119781494e-01 -9.799247741699218750e+00 6.909951567649841309e-03 1.735678911209106445e-01 -9.599421024322509766e-01 2.198578715324401855e-01
-2.962209701538085938e+00 -4.312438964843750000e-01 -9.835928916931152344e+00 1.037376746535301208e-02 1.702259480953216553e-01 -9.604685902595520020e-01 2.200352996587753296e-01
-2.796940326690673828e+00 -4.109924137592315674e-01 -9.869610786437988281e+00 1.439344882965087891e-02 1.662015914916992188e-01 -9.612436294555664062e-01 2.195010185241699219e-01
-2.638535737991333008e+00 -3.871655166149139404e-01 -9.898474693298339844e+00 1.894076168537139893e-02 1.615469455718994141e-01 -9.622309207916259766e-01 2.183013558387756348e-01
-2.486875057220458984e+00 -3.605602979660034180e-01 -9.921073913574218750e+00 2.398750558495521545e-02 1.563133150339126587e-01 -9.633928537368774414e-01 2.164828479290008545e-01
-2.342022895812988281e+00 -3.320702910423278809e-01 -9.936627388000488281e+00 2.950527332723140717e-02 1.505521088838577271e-01 -9.646908640861511230e-01 2.140913456678390503e-01
-2.204183578491210938e+00 -3.025720119476318359e-01 -9.945148468017578125e+00 3.546529263257980347e-02 1.443151831626892090e-01 -9.660854339599609375e-01 2.111734449863433838e-01
-2.073558330535888672e+00 -2.727783024311065674e-01 -9.948913574218750000e+00 4.183881729841232300e-02 1.376546919345855713e-01 -9.675381779670715332e-01 2.077751755714416504e-01
-1.950163483619689941e+00 -2.433032244443893433e-01 -9.949764251708984375e+00 4.859659448266029358e-02 1.306229978799819946e-01 -9.690111875534057617e-01 2.039440721273422241e-01
-1.834127187728881836e+00 -2.140600532293319702e-01 -9.948090553283691406e+00 5.570944398641586304e-02 1.232728958129882812e-01 -9.704686403274536133e-01 1.997268795967102051e-01
-1.725241661071777344e+00 -1.858935505151748657e-01 -9.945976257324218750e+00 6.314809620380401611e-02 1.156577244400978088e-01 -9.718763828277587891e-01 1.951721012592315674e-01
-1.623463153839111328e+00 -1.589868068695068359e-01 -9.943596839904785156e+00 7.088256627321243286e-02 1.078317835927009583e-01 -9.732025265693664551e-01 1.903278231620788574e-01
-1.528767943382263184e+00 -1.334033161401748657e-01 -9.941555976867675781e+00 7.888342440128326416e-02 9.984936565160751343e-02 -9.744189977645874023e-01 1.852442026138305664e-01
-1.441093206405639648e+00 -1.094274893403053284e-01 -9.939845085144042969e+00 8.712089806795120239e-02 9.176540374755859375e-02 -9.754996895790100098e-01 1.799706220626831055e-01
-1.357529759407043457e+00 -8.646362274885177612e-02 -9.938542366027832031e+00 9.556540846824645996e-02 8.363548666238784790e-02 -9.764230251312255859e-01 1.745581030845642090e-01
-1.278131961822509766e+00 -6.430786103010177612e-02 -9.937973022460937500e+00 1.041871681809425354e-01 7.551585137844085693e-02 -9.771701097488403320e-01 1.690582036972045898e-01
-1.202837347984313965e+00 -4.333496093750000000e-02 -9.937521934509277344e+00 1.129567846655845642e-01 6.746248900890350342e-02 -9.777268171310424805e-01 1.635229885578155518e-01
-1.131673097610473633e+00 -2.347045764327049255e-02 -9.937558174133300781e+00 1.218453198671340942e-01 5.953238159418106079e-02 -9.780818223953247070e-01 1.580050736665725708e-01
-1.064667582511901855e+00 -4.625244066119194031e-03 -9.938465118408203125e+00 1.308238208293914795e-01 5.178205668926239014e-02 -9.782279133796691895e-01 1.525575518608093262e-01
-1.001807093620300293e+00 1.300903316587209702e-02 -9.939375877380371094e+00 1.398613303899765015e-01 4.425732046365737915e-02 -9.781634211540222168e-01 1.472289413213729858e-01
-9.430993199348449707e-01 2.943359315395355225e-02 -9.940290451049804688e+00 1.489176303148269653e-01 3.695968165993690491e-02 -9.778959155082702637e-01 1.420452147722244263e-01
-8.885589241981506348e-01 4.468627646565437317e-02 -9.941634178161621094e+00 1.579502969980239868e-01 2.987873926758766174e-02 -9.774366021156311035e-01 1.370274722576141357e-01
-8.381980657577514648e-01 5.879394337534904480e-02 -9.943704605102539062e+00 1.669169068336486816e-01 2.300485037267208099e-02 -9.767975211143493652e-01 1.321969330310821533e-01
-7.920098900794982910e-01 7.169067114591598511e-02 -9.945687294006347656e+00 1.757757812738418579e-01 1.632744446396827698e-02 -9.759923219680786133e-01 1.275741308927536011e-01
-7.500017881393432617e-01 8.338134735822677612e-02 -9.947581291198730469e+00 1.844853162765502930e-01 9.836636483669281006e-03 -9.750358462333679199e-01 1.231810674071311951e-01
-7.121810913085937500e-01 9.386230260133743286e-02 -9.949393272399902344e+00 1.930044442415237427e-01 3.521930426359176636e-03 -9.739438891410827637e-01 1.190381720662117004e-01
-6.785551309585571289e-01 1.031396463513374329e-01 -9.951128005981445312e+00 2.012925297021865845e-01 -2.627070993185043335e-03 -9.727337360382080078e-01 1.151668876409530640e-01
-6.491314768791198730e-01 1.112158149480819702e-01 -9.952789306640625000e+00 2.093092799186706543e-01 -8.620809763669967651e-03 -9.714233279228210449e-01 1.115886867046356201e-01
-6.239245533943176270e-01 1.180932596325874329e-01 -9.954712867736816406e+00 2.170147150754928589e-01 -1.447009667754173279e-02 -9.700315594673156738e-01 1.083240211009979248e-01
-6.029391288757324219e-01 1.237744092941284180e-01 -9.956783294677734375e+00 2.243693470954895020e-01 -2.018547803163528442e-02 -9.685778021812438965e-01 1.053947433829307556e-01
-5.861752033233642578e-01 1.282556056976318359e-01 -9.958683013916015625e+00 2.313342690467834473e-01 -2.577795274555683136e-02 -9.670820832252502441e-01 1.028211712837219238e-01
-5.736401081085205078e-01 1.315393000841140747e-01 -9.960415840148925781e+00 2.378703504800796509e-01 -3.125836700201034546e-02 -9.655647277832031250e-01 1.006248593330383301e-01
-5.653405785560607910e-01 1.336266994476318359e-01 -9.961990356445312500e+00 2.439391165971755981e-01 -3.663789853453636169e-02 -9.640459418296813965e-01 9.882619231939315796e-02
-5.612841844558715820e-01 1.345165967941284180e-01 -9.963407516479492188e+00 2.495021969079971313e-01 -4.192768037319183350e-02 -9.625459909439086914e-01 9.744621068239212036e-02
-5.543209910392761230e-01 1.362170428037643433e-01 -9.964918136596679688e+00 2.545212805271148682e-01 -4.713900014758110046e-02 -9.610844850540161133e-01 9.650544822216033936e-02
-5.444583296775817871e-01 1.387268006801605225e-01 -9.966519355773925781e+00 2.589581608772277832e-01 -5.228327214717864990e-02 -9.596803784370422363e-01 9.602448344230651855e-02
-5.317031741142272949e-01 1.420434564352035522e-01 -9.968219757080078125e+00 2.627744376659393311e-01 -5.737202242016792297e-02 -9.583513736724853516e-01 9.602360427379608154e-02
-5.160627365112304688e-01 1.461706459522247314e-01 -9.970025062561035156e+00 2.659316062927246094e-01 -6.241678074002265930e-02 -9.571141600608825684e-01 9.652335941791534424e-02
-4.975440800189971924e-01 1.511035114526748657e-01 -9.971939086914062500e+00 2.683908343315124512e-01 -6.742927432060241699e-02 -9.559836387634277344e-01 9.754361957311630249e-02
-4.761952161788940430e-01 1.568310558795928955e-01 -9.973990440368652344e+00 2.692653834819793701e-01 -7.255645096302032471e-02 -9.551891684532165527e-01 9.922480583190917969e-02
-4.519381523132324219e-01 1.633727997541427612e-01 -9.976127624511718750e+00 2.701966166496276855e-01 -7.751397788524627686e-02 -9.543169736862182617e-01 1.013136506080627441e-01
-4.247663915157318115e-01 1.707324236631393433e-01 -9.978338241577148438e+00 2.711806595325469971e-01 -8.226617425680160522e-02 -9.533752799034118652e-01 1.037727445363998413e-01
-3.947201371192932129e-01 1.789013594388961792e-01 -9.980640411376953125e+00 2.713919281959533691e-01 -8.692812919616699219e-02 -9.525772929191589355e-01 1.067070364952087402e-01
-3.618101477622985840e-01 1.878759711980819702e-01 -9.983032226562500000e+00 2.706556022167205811e-01 -9.151326119899749756e-02 -9.519674777984619141e-01 1.101308614015579224e-01
-3.260281383991241455e-01 1.976623535156250000e-01 -9.985916137695312500e+00 2.694185674190521240e-01 -9.591868519783020020e-02 -9.514351487159729004e-01 1.139492839574813843e-01
-2.873682975769042969e-01 2.082629352807998657e-01 -9.989253997802734375e+00 2.677277922630310059e-01 -1.001125276088714600e-01 -9.509699344635009766e-01 1.181325614452362061e-01
-2.458112239837646484e-01 2.196826189756393433e-01 -9.992703437805175781e+00 2.656302154064178467e-01 -1.040627583861351013e-01 -9.505619406700134277e-01 1.226515769958496094e-01
-2.013513892889022827e-01 2.319225966930389404e-01 -9.996253013610839844e+00 2.631728351116180420e-01 -1.077375710010528564e-01 -9.502013325691223145e-01 1.274766027927398682e-01
-1.539826095104217529e-01 2.449865639209747314e-01 -9.999893188476562500e+00 2.604027092456817627e-01 -1.111050620675086975e-01 -9.498785138130187988e-01 1.325781792402267456e-01
-1.036986485123634338e-01 2.588781714439392090e-01 -1.000361633300781250e+01 2.573674619197845459e-01 -1.141335219144821167e-01 -9.495849609375000000e-01 1.379270404577255249e-01
-5.049285665154457092e-02 2.736010551452636719e-01 -1.000741100311279297e+01 2.541144788265228271e-01 -1.167913824319839478e-01 -9.493129849433898926e-01 1.434938311576843262e-01
5.589370615780353546e-03 2.891430556774139404e-01 -1.001218318939208984e+01 2.506917119026184082e-01 -1.190470010042190552e-01 -9.490552544593811035e-01 1.492493599653244019e-01
6.460357457399368286e-02 3.055212199687957764e-01 -1.001708602905273438e+01 2.471473217010498047e-01 -1.208692044019699097e-01 -9.488061070442199707e-01 1.551644802093505859e-01
1.265281587839126587e-01 3.227514624595642090e-01 -1.002203083038330078e+01 2.434896826744079590e-01 -1.219936311244964600e-01 -9.485895037651062012e-01 1.612700819969177246e-01
1.912909597158432007e-01 3.408593535423278809e-01 -1.002687263488769531e+01 2.396534681320190430e-01 -1.217695325613021851e-01 -9.484817981719970703e-01 1.676912307739257812e-01
2.590852975845336914e-01 3.597961366176605225e-01 -1.003191661834716797e+01 2.359275072813034058e-01 -1.215712353587150574e-01 -9.482977390289306641e-01 1.740397959947586060e-01
3.298542797565460205e-01 3.795312345027923584e-01 -1.003811168670654297e+01 2.323743402957916260e-01 -1.213821768760681152e-01 -9.480317234992980957e-01 1.802898943424224854e-01
4.036657512187957764e-01 4.000988602638244629e-01 -1.004456424713134766e+01 2.290565967559814453e-01 -1.211839541792869568e-01 -9.476794004440307617e-01 1.864169836044311523e-01
4.805280864238739014e-01 4.215075671672821045e-01 -1.005125141143798828e+01 2.260365486145019531e-01 -1.209573149681091309e-01 -9.472384452819824219e-01 1.923951357603073120e-01
5.602251291275024414e-01 4.438232183456420898e-01 -1.005776500701904297e+01 2.229890823364257812e-01 -1.188935488462448120e-01 -9.469364285469055176e-01 1.986242830753326416e-01
6.428655385971069336e-01 4.669604301452636719e-01 -1.006512451171875000e+01 2.201533615589141846e-01 -1.162504628300666809e-01 -9.466156363487243652e-01 2.047854065895080566e-01
7.284972071647644043e-01 4.909423589706420898e-01 -1.007285404205322266e+01 2.175229340791702271e-01 -1.130986884236335754e-01 -9.462738633155822754e-01 2.108511328697204590e-01
8.171464204788208008e-01 5.157775878906250000e-01 -1.008075904846191406e+01 2.150915116071701050e-01 -1.095089390873908997e-01 -9.459090232849121094e-01 2.167938947677612305e-01
9.088168144226074219e-01 5.414587259292602539e-01 -1.008894538879394531e+01 2.128525972366333008e-01 -1.055521368980407715e-01 -9.455198645591735840e-01 2.225865721702575684e-01
1.003460407257080078e+00 5.679223537445068359e-01 -1.009817981719970703e+01 2.108002901077270508e-01 -1.012992337346076965e-01 -9.451060295104980469e-01 2.282023429870605469e-01
1.101149439811706543e+00 5.952331423759460449e-01 -1.010766792297363281e+01 2.089288085699081421e-01 -9.682138264179229736e-02 -9.446685910224914551e-01 2.336143702268600464e-01
1.201893448829650879e+00 6.233910918235778809e-01 -1.011742877960205078e+01 2.072325050830841064e-01 -9.218986332416534424e-02 -9.442097544670104980e-01 2.387963086366653442e-01
1.305645108222961426e+00 6.523144245147705078e-01 -1.012820625305175781e+01 2.057063579559326172e-01 -8.747597038745880127e-02 -9.437330365180969238e-01 2.437223494052886963e-01
1.412454843521118164e+00 6.820654273033142090e-01 -1.013947486877441406e+01 2.043454200029373169e-01 -8.275131136178970337e-02 -9.432439208030700684e-01 2.483668625354766846e-01
1.522343993186950684e+00 7.126659750938415527e-01 -1.015108585357666016e+01 2.031450122594833374e-01 -7.808740437030792236e-02 -9.427484869956970215e-01 2.527044415473937988e-01
1.635263442993164062e+00 7.439965605735778809e-01 -1.016384029388427734e+01 2.021008431911468506e-01 -7.355578243732452393e-02 -9.422548413276672363e-01 2.567108571529388428e-01
1.751269221305847168e+00 7.761620879173278809e-01 -1.017709064483642578e+01 2.012089192867279053e-01 -6.922814249992370605e-02 -9.417720437049865723e-01 2.603611648082733154e-01
1.870941162109375000e+00 8.092919588088989258e-01 -1.019107151031494141e+01 2.004655301570892334e-01 -6.517600268125534058e-02 -9.413098096847534180e-01 2.636314034461975098e-01
1.994259595870971680e+00 8.433032035827636719e-01 -1.020620727539062500e+01 1.998667418956756592e-01 -6.147103756666183472e-02 -9.408789873123168945e-01 2.664978802204132080e-01
2.121272563934326172e+00 8.783337473869323730e-01 -1.022188663482666016e+01 1.994093060493469238e-01 -5.818477645516395569e-02 -9.404911398887634277e-01 2.689364254474639893e-01
2.252307653427124023e+00 9.128881692886352539e-01 -1.023879051208496094e+01 1.990894675254821777e-01 -5.538867413997650146e-02 -9.401571750640869141e-01 2.709240615367889404e-01
2.387068986892700195e+00 9.483959674835205078e-01 -1.025629997253417969e+01 1.989038735628128052e-01 -5.315412208437919617e-02 -9.398884177207946777e-01 2.724365293979644775e-01
2.526263236999511719e+00 9.819176793098449707e-01 -1.027474498748779297e+01 1.988486051559448242e-01 -5.155257508158683777e-02 -9.396950006484985352e-01 2.734500169754028320e-01
2.669335365295410156e+00 1.015817880630493164e+00 -1.029384422302246094e+01 1.989196836948394775e-01 -5.065520480275154114e-02 -9.395858645439147949e-01 2.739402055740356445e-01
2.817263364791870117e+00 1.045716524124145508e+00 -1.031349945068359375e+01 1.991119682788848877e-01 -5.051219463348388672e-02 -9.395668506622314453e-01 2.738923132419586182e-01
2.969427347183227539e+00 1.074000239372253418e+00 -1.033357810974121094e+01 1.994166821241378784e-01 -5.108947306871414185e-02 -9.396346807479858398e-01 2.733304500579833984e-01
3.126306772232055664e+00 1.098067641258239746e+00 -1.035383605957031250e+01 1.998236477375030518e-01 -5.233198776841163635e-02 -9.397825002670288086e-01 2.722879350185394287e-01
3.287908792495727539e+00 1.116111993789672852e+00 -1.037379264831542969e+01 2.003227025270462036e-01 -5.418443307280540466e-02 -9.400017857551574707e-01 2.707977294921875000e-01
3.453840255737304688e+00 1.130168437957763672e+00 -1.039364433288574219e+01 2.009029835462570190e-01 -5.659162625670433044e-02 -9.402832388877868652e-01 2.688920497894287109e-01
3.624347686767578125e+00 1.134930372238159180e+00 -1.041237545013427734e+01 2.015537619590759277e-01 -5.949807912111282349e-02 -9.406160116195678711e-01 2.666036188602447510e-01
3.798757314682006836e+00 1.132072687149047852e+00 -1.043001651763916016e+01 2.022641152143478394e-01 -6.284840404987335205e-02 -9.409897923469543457e-01 2.639647722244262695e-01
3.976947784423828125e+00 1.123077392578125000e+00 -1.044682884216308594e+01 2.030232250690460205e-01 -6.658718734979629517e-02 -9.413939714431762695e-01 2.610078155994415283e-01
4.158209800720214844e+00 1.102143526077270508e+00 -1.046133518218994141e+01 2.038202881813049316e-01 -7.065886259078979492e-02 -9.418182969093322754e-01 2.577652335166931152e-01
4.342461585998535156e+00 1.074803471565246582e+00 -1.047479057312011719e+01 2.046447098255157471e-01 -7.500796020030975342e-02 -9.422532320022583008e-01 2.542698085308074951e-01
4.529773712158203125e+00 1.041806578636169434e+00 -1.048736381530761719e+01 2.054858803749084473e-01 -7.957909256219863892e-02 -9.426903724670410156e-01 2.505545020103454590e-01
4.719088554382324219e+00 9.990722537040710449e-01 -1.049812126159667969e+01 2.063338160514831543e-01 -8.431673049926757812e-02 -9.431221485137939453e-01 2.466529905796051025e-01
4.910855770111083984e+00 9.504345655441284180e-01 -1.050795745849609375e+01 2.071783691644668579e-01 -8.916557580232620239e-02 -9.435423612594604492e-01 2.425989955663681030e-01
5.104783535003662109e+00 8.951452374458312988e-01 -1.051671600341796875e+01 2.080100774765014648e-01 -9.407039731740951538e-02 -9.439465999603271484e-01 2.384265959262847900e-01
5.300191402435302734e+00 8.315991163253784180e-01 -1.052407169342041016e+01 2.088195681571960449e-01 -9.897611290216445923e-02 -9.443317055702209473e-01 2.341703176498413086e-01
5.495504856109619141e+00 7.565295100212097168e-01 -1.052942943572998047e+01 2.095978856086730957e-01 -1.038277298212051392e-01 -9.446958303451538086e-01 2.298655062913894653e-01
5.687864303588867188e+00 6.654626131057739258e-01 -1.053200531005859375e+01 2.103364914655685425e-01 -1.085704714059829712e-01 -9.450393915176391602e-01 2.255474179983139038e-01
5.847463130950927734e+00 5.278064012527465820e-01 -1.052540779113769531e+01 2.110271453857421875e-01 -1.131496429443359375e-01 -9.453635215759277344e-01 2.212522476911544800e-01
5.708499431610107422e+00 3.897082507610321045e-01 -1.049832725524902344e+01 2.116619348526000977e-01 -1.175109967589378357e-01 -9.456714391708374023e-01 2.170155644416809082e-01
5.496484279632568359e+00 3.281030058860778809e-01 -1.047792911529541016e+01 2.122331559658050537e-01 -1.216003000736236572e-01 -9.459677338600158691e-01 2.128740847110748291e-01
5.276598453521728516e+00 2.792883217334747314e-01 -1.045904064178466797e+01 2.120478451251983643e-01 -1.222629100084304810e-01 -9.466634988784790039e-01 2.095607072114944458e-01
5.052000999450683594e+00 2.338195741176605225e-01 -1.044168949127197266e+01 2.118835747241973877e-01 -1.229008883237838745e-01 -9.473248720169067383e-01 2.063398659229278564e-01
4.823745250701904297e+00 1.871069222688674927e-01 -1.042514038085937500e+01 2.117371261119842529e-01 -1.235105246305465698e-01 -9.479483366012573242e-01 2.032399475574493408e-01
4.591776847839355469e+00 1.396484375000000000e-01 -1.040869617462158203e+01 2.116050571203231812e-01 -1.240877807140350342e-01 -9.485301375389099121e-01 2.002898603677749634e-01
4.356037616729736328e+00 9.190551191568374634e-02 -1.039173889160156250e+01 2.114841341972351074e-01 -1.246287524700164795e-01 -9.490672945976257324e-01 1.975181996822357178e-01
4.116464614868164062e+00 4.441284015774726868e-02 -1.037360286712646484e+01 2.113710045814514160e-01 -1.251293271780014038e-01 -9.495567679405212402e-01 1.949534416198730469e-01
3.878679990768432617e+00 -1.037597656250000000e-03 -1.035389995574951172e+01 2.112626880407333374e-01 -1.255853474140167236e-01 -9.499957561492919922e-01 1.926246285438537598e-01
3.642610311508178711e+00 -4.311035200953483582e-02 -1.033107852935791016e+01 2.111565172672271729e-01 -1.259924769401550293e-01 -9.503817558288574219e-01 1.905601918697357178e-01
3.408281087875366211e+00 -7.931151986122131348e-02 -1.030229759216308594e+01 2.110501527786254883e-01 -1.263463199138641357e-01 -9.507120251655578613e-01 1.887889802455902100e-01
3.175883769989013672e+00 -1.020532175898551941e-01 -1.026331424713134766e+01 2.109415084123611450e-01 -1.266422122716903687e-01 -9.509833455085754395e-01 1.873393952846527100e-01
2.946424484252929688e+00 -1.011962890625000000e-01 -1.021395587921142578e+01 2.108294665813446045e-01 -1.268754601478576660e-01 -9.511930346488952637e-01 1.862402558326721191e-01
2.720832347869873047e+00 -7.904785126447677612e-02 -1.016061115264892578e+01 2.107131928205490112e-01 -1.270412504673004150e-01 -9.513373374938964844e-01 1.855193376541137695e-01
2.498356342315673828e+00 -4.510619863867759705e-02 -1.010883617401123047e+01 2.105927765369415283e-01 -1.271344870328903198e-01 -9.514128565788269043e-01 1.852055788040161133e-01
2.277945756912231445e+00 -7.120361085981130600e-03 -1.005987262725830078e+01 2.104687541723251343e-01 -1.271500140428543091e-01 -9.514145255088806152e-01 1.853267252445220947e-01
2.059298992156982422e+00 3.228759765625000000e-02 -1.001338005065917969e+01 2.103429734706878662e-01 -1.270825415849685669e-01 -9.513374567031860352e-01 1.859106272459030151e-01
1.842454791069030762e+00 7.238769531250000000e-02 -9.968640327453613281e+00 2.102181017398834229e-01 -1.269263923168182373e-01 -9.511753916740417480e-01 1.869853287935256958e-01
1.627405047416687012e+00 1.130200177431106567e-01 -9.925593376159667969e+00 2.100976854562759399e-01 -1.266758739948272705e-01 -9.509208798408508301e-01 1.885776370763778687e-01
1.414155602455139160e+00 1.538635194301605225e-01 -9.883934020996093750e+00 2.099864482879638672e-01 -1.263250410556793213e-01 -9.505658745765686035e-01 1.907148659229278564e-01
1.202707052230834961e+00 1.947582960128784180e-01 -9.843501091003417969e+00 2.098903954029083252e-01 -1.258675158023834229e-01 -9.501003623008728027e-01 1.934234499931335449e-01
9.930526614189147949e-01 2.356640547513961792e-01 -9.804281234741210938e+00 2.098168432712554932e-01 -1.252966523170471191e-01 -9.495131969451904297e-01 1.967292129993438721e-01
7.847136259078979492e-01 2.769018411636352539e-01 -9.765927314758300781e+00 2.090058922767639160e-01 -1.209753006696701050e-01 -9.492639303207397461e-01 2.014431655406951904e-01
5.780938863754272461e-01 3.182189762592315674e-01 -9.729134559631347656e+00 2.081251442432403564e-01 -1.161831617355346680e-01 -9.489074349403381348e-01 2.067845761775970459e-01
3.731880486011505127e-01 3.596862852573394775e-01 -9.694191932678222656e+00 2.071790993213653564e-01 -1.109333038330078125e-01 -9.484396576881408691e-01 2.126802057027816772e-01
1.699504852294921875e-01 4.015563726425170898e-01 -9.661965370178222656e+00 2.061720192432403564e-01 -1.052387431263923645e-01 -9.478565454483032227e-01 2.190568447113037109e-01
-3.184448182582855225e-02 4.436230361461639404e-01 -9.634183883666992188e+00 2.051084786653518677e-01 -9.911314398050308228e-02 -9.471551775932312012e-01 2.258406877517700195e-01
-2.328004390001296997e-01 4.834997355937957764e-01 -9.612977027893066406e+00 2.039933204650878906e-01 -9.257020056247711182e-02 -9.463337659835815430e-01 2.329590022563934326e-01
-4.339123368263244629e-01 5.149633884429931641e-01 -9.601516723632812500e+00 2.028317153453826904e-01 -8.562417328357696533e-02 -9.453917145729064941e-01 2.403378188610076904e-01
-6.349515914916992188e-01 5.328820943832397461e-01 -9.598196029663085938e+00 2.016292065382003784e-01 -7.828951627016067505e-02 -9.443302154541015625e-01 2.479044944047927856e-01
-8.348002433776855469e-01 5.361608862876892090e-01 -9.598301887512207031e+00 2.003917843103408813e-01 -7.058125734329223633e-02 -9.431526064872741699e-01 2.555865943431854248e-01
-1.032604098320007324e+00 5.311217904090881348e-01 -9.597653388977050781e+00 1.991258412599563599e-01 -6.251485645771026611e-02 -9.418640732765197754e-01 2.633113563060760498e-01
-1.228193283081054688e+00 5.217260718345642090e-01 -9.595603942871093750e+00 1.978384405374526978e-01 -5.410586297512054443e-02 -9.404718875885009766e-01 2.710076272487640381e-01
-1.418008089065551758e+00 5.101464986801147461e-01 -9.592817306518554688e+00 1.965369135141372681e-01 -4.537049308419227600e-02 -9.389859437942504883e-01 2.786040902137756348e-01
-1.602059841156005859e+00 4.973266422748565674e-01 -9.589596748352050781e+00 1.952291578054428101e-01 -3.632523119449615479e-02 -9.374181628227233887e-01 2.860301136970520020e-01
-1.780337452888488770e+00 4.835583269596099854e-01 -9.586094856262207031e+00 1.939235627651214600e-01 -2.698676660656929016e-02 -9.357828497886657715e-01 2.932161092758178711e-01
-1.952876210212707520e+00 4.696008265018463135e-01 -9.582520484924316406e+00 1.926290988922119141e-01 -1.737188920378684998e-02 -9.340963363647460938e-01 3.000935912132263184e-01
-2.119670629501342773e+00 4.556164443492889404e-01 -9.578914642333984375e+00 1.913548260927200317e-01 -7.497880607843399048e-03 -9.323772192001342773e-01 3.065938949584960938e-01
-2.283985853195190430e+00 4.413525164127349854e-01 -9.575344085693359375e+00 1.901104599237442017e-01 2.618174999952316284e-03 -9.306454658508300781e-01 3.126499056816101074e-01
-2.445829153060913086e+00 4.270776212215423584e-01 -9.571942329406738281e+00 1.889058351516723633e-01 1.295904815196990967e-02 -9.289232492446899414e-01 3.181952536106109619e-01
-2.605198621749877930e+00 4.129528701305389404e-01 -9.568782806396484375e+00 1.877511739730834961e-01 2.350749075412750244e-02 -9.272335171699523926e-01 3.231637477874755859e-01
-2.762094259262084961e+00 3.991296291351318359e-01 -9.566067695617675781e+00 1.866567730903625488e-01 3.424651920795440674e-02 -9.256005287170410156e-01 3.274906873703002930e-01
-2.916520118713378906e+00 3.858239650726318359e-01 -9.564366340637207031e+00 1.856303662061691284e-01 4.515526816248893738e-02 -9.240428209304809570e-01 3.311301767826080322e-01
-3.068332433700561523e+00 3.717761039733886719e-01 -9.565304756164550781e+00 1.846688836812973022e-01 5.619698390364646912e-02 -9.225559234619140625e-01 3.341105878353118896e-01
-3.217096090316772461e+00 3.546057045459747314e-01 -9.571391105651855469e+00 1.837664395570755005e-01 6.733098626136779785e-02 -9.211286902427673340e-01 3.364793360233306885e-01
-3.361742258071899414e+00 3.309985399246215820e-01 -9.585536003112792969e+00 1.829170584678649902e-01 7.851722836494445801e-02 -9.197497963905334473e-01 3.382849097251892090e-01
-3.500160694122314453e+00 2.971691787242889404e-01 -9.610261917114257812e+00 1.821149289608001709e-01 8.971457183361053467e-02 -9.184085726737976074e-01 3.395747244358062744e-01
-3.632779121398925781e+00 2.564135789871215820e-01 -9.640975952148437500e+00 1.813545227050781250e-01 1.008829176425933838e-01 -9.170949459075927734e-01 3.403967618942260742e-01
-3.760649919509887695e+00 2.114648371934890747e-01 -9.674555778503417969e+00 1.806299239397048950e-01 1.119821518659591675e-01 -9.157992601394653320e-01 3.407998979091644287e-01
-3.885059118270874023e+00 1.650170832872390747e-01 -9.709037780761718750e+00 1.799358725547790527e-01 1.229720935225486755e-01 -9.145128726959228516e-01 3.408331573009490967e-01
-4.006752967834472656e+00 1.184997558593750000e-01 -9.743571281433105469e+00 1.792671084403991699e-01 1.338128447532653809e-01 -9.132282733917236328e-01 3.405457437038421631e-01
-4.126131534576416016e+00 7.262329012155532837e-02 -9.777738571166992188e+00 1.786186546087265015e-01 1.444649994373321533e-01 -9.119394421577453613e-01 3.399876654148101807e-01
-4.243436336517333984e+00 2.779907174408435822e-02 -9.811305999755859375e+00 1.779858767986297607e-01 1.548894941806793213e-01 -9.106411933898925781e-01 3.392090797424316406e-01
-4.358895778656005859e+00 -1.556518487632274628e-02 -9.844067573547363281e+00 1.773642301559448242e-01 1.650469452142715454e-01 -9.093301296234130859e-01 3.382603824138641357e-01
-4.472948074340820312e+00 -5.661132559180259705e-02 -9.875605583190917969e+00 1.767495572566986084e-01 1.748991012573242188e-01 -9.080036878585815430e-01 3.371931314468383789e-01
-4.585709095001220703e+00 -9.506713598966598511e-02 -9.905753135681152344e+00 1.761379390954971313e-01 1.844078749418258667e-01 -9.066608548164367676e-01 3.360585570335388184e-01
-4.697493076324462891e+00 -1.301391571760177612e-01 -9.934124946594238281e+00 1.755256652832031250e-01 1.935354322195053101e-01 -9.053016304969787598e-01 3.349083662033081055e-01
-4.808830261230468750e+00 -1.602636724710464478e-01 -9.959930419921875000e+00 1.749091446399688721e-01 2.022445350885391235e-01 -9.039275050163269043e-01 3.337948322296142578e-01
-4.920491218566894531e+00 -1.819982826709747314e-01 -9.981647491455078125e+00 1.742852479219436646e-01 2.104980796575546265e-01 -9.025405645370483398e-01 3.327699601650238037e-01
-5.032431602478027344e+00 -1.903405785560607910e-01 -9.997619628906250000e+00 1.736506372690200806e-01 2.182598710060119629e-01 -9.011433720588684082e-01 3.318867385387420654e-01
-5.143070697784423828e+00 -1.859130859375000000e-01 -1.000829410552978516e+01 1.730024665594100952e-01 2.254928946495056152e-01 -8.997396826744079590e-01 3.311969637870788574e-01
-5.248381614685058594e+00 -1.615563929080963135e-01 -1.001150608062744141e+01 1.723374426364898682e-01 2.321618199348449707e-01 -8.983332514762878418e-01 3.307536244392395020e-01
-5.349443435668945312e+00 -1.273376494646072388e-01 -1.001277828216552734e+01 1.738744676113128662e-01 2.322031259536743164e-01 -8.985110521316528320e-01 3.294347524642944336e-01
-5.446130752563476562e+00 -8.843871951103210449e-02 -1.001257896423339844e+01 1.751740723848342896e-01 2.322820425033569336e-01 -8.985788226127624512e-01 3.285042047500610352e-01
-5.538380622863769531e+00 -4.470947012305259705e-02 -1.001086807250976562e+01 1.762604415416717529e-01 2.324001491069793701e-01 -8.985432982444763184e-01 3.279364109039306641e-01
-5.628195285797119141e+00 -1.257324242033064365e-03 -1.000932598114013672e+01 1.771559268236160278e-01 2.325577139854431152e-01 -8.984107971191406250e-01 3.277048468589782715e-01
-5.715832233428955078e+00 4.136596620082855225e-02 -1.000786113739013672e+01 1.778811812400817871e-01 2.327537685632705688e-01 -8.981887102127075195e-01 3.277817368507385254e-01
-5.800904273986816406e+00 8.394164592027664185e-02 -1.000660133361816406e+01 1.784552931785583496e-01 2.329862862825393677e-01 -8.978842496871948242e-01 3.281382322311401367e-01
-5.883924484252929688e+00 1.254199147224426270e-01 -1.000537204742431641e+01 1.788961738348007202e-01 2.332524508237838745e-01 -8.975055813789367676e-01 3.287446796894073486e-01
-5.964537620544433594e+00 1.665002405643463135e-01 -1.000431156158447266e+01 1.792203485965728760e-01 2.335487008094787598e-01 -8.970608115196228027e-01 3.295705914497375488e-01
-6.043071269989013672e+00 2.065234333276748657e-01 -1.000328731536865234e+01 1.794433146715164185e-01 2.338709384202957153e-01 -8.965588808059692383e-01 3.305853605270385742e-01
-6.119470119476318359e+00 2.455932497978210449e-01 -1.000232315063476562e+01 1.795801818370819092e-01 2.342146933078765869e-01 -8.960085511207580566e-01 3.317576348781585693e-01
-6.193625450134277344e+00 2.839147746562957764e-01 -1.000147342681884766e+01 1.796450167894363403e-01 2.345750927925109863e-01 -8.954194784164428711e-01 3.330557942390441895e-01
-6.265718936920166016e+00 3.211315870285034180e-01 -1.000064659118652344e+01 1.796515733003616333e-01 2.349471300840377808e-01 -8.948013782501220703e-01 3.344482481479644775e-01
-6.335695743560791016e+00 3.573376238346099854e-01 -9.999869346618652344e+00 1.796135753393173218e-01 2.353257238864898682e-01 -8.941643238067626953e-01 3.359033465385437012e-01
-6.403459548950195312e+00 3.927172720432281494e-01 -9.999201774597167969e+00 1.795446127653121948e-01 2.357055246829986572e-01 -8.935185074806213379e-01 3.373888134956359863e-01
-6.469148635864257812e+00 4.270007312297821045e-01 -9.998553276062011719e+00 1.794585734605789185e-01 2.360816448926925659e-01 -8.928745388984680176e-01 3.388732373714447021e-01
-6.532756328582763672e+00 4.601928591728210449e-01 -9.997922897338867188e+00 1.793695092201232910e-01 2.364489585161209106e-01 -8.922429680824279785e-01 3.403246998786926270e-01
-6.594164848327636719e+00 4.925146400928497314e-01 -9.997404098510742188e+00 1.792922466993331909e-01 2.368028163909912109e-01 -8.916342258453369141e-01 3.417120277881622314e-01
-6.653456687927246094e+00 5.238061547279357910e-01 -9.996926307678222656e+00 1.792423576116561890e-01 2.371387034654617310e-01 -8.910588026046752930e-01 3.430037200450897217e-01
-6.710656642913818359e+00 5.540161132812500000e-01 -9.996463775634765625e+00 1.792363226413726807e-01 2.374525517225265503e-01 -8.905268311500549316e-01 3.441690206527709961e-01
-6.765758991241455078e+00 5.831493735313415527e-01 -9.996021270751953125e+00 1.792915761470794678e-01 2.377406954765319824e-01 -8.900483846664428711e-01 3.451777696609497070e-01
-6.818362712860107422e+00 6.124096512794494629e-01 -9.997222900390625000e+00 1.819697916507720947e-01 2.314329743385314941e-01 -8.913619518280029297e-01 3.446734547615051270e-01
-6.868814945220947266e+00 6.406738162040710449e-01 -9.998574256896972656e+00 1.849230229854583740e-01 2.245692759752273560e-01 -8.928225040435791016e-01 3.438605964183807373e-01
-6.917128562927246094e+00 6.678979396820068359e-01 -1.000004577636718750e+01 1.881013810634613037e-01 2.172506749629974365e-01 -8.943905234336853027e-01 3.427616953849792480e-01
-6.963305950164794922e+00 6.940624713897705078e-01 -1.000161075592041016e+01 1.914553493261337280e-01 2.095787227153778076e-01 -8.960288166999816895e-01 3.413998782634735107e-01
-7.007294654846191406e+00 7.192492485046386719e-01 -1.000331401824951172e+01 1.949359923601150513e-01 2.016559243202209473e-01 -8.977029919624328613e-01 3.398002684116363525e-01
-7.055590629577636719e+00 7.469531297683715820e-01 -1.000509643554687500e+01 1.984948813915252686e-01 1.935862302780151367e-01 -8.993819355964660645e-01 3.379884064197540283e-01
-7.108248233795166016e+00 7.770702838897705078e-01 -1.000687026977539062e+01 2.020847499370574951e-01 1.854736357927322388e-01 -9.010385870933532715e-01 3.359919786453247070e-01
-7.165275096893310547e+00 8.095824718475341797e-01 -1.000861167907714844e+01 2.056588828563690186e-01 1.774233877658843994e-01 -9.026496410369873047e-01 3.338397741317749023e-01
-7.226547241210937500e+00 8.447204232215881348e-01 -1.001049327850341797e+01 2.091713398694992065e-01 1.695420742034912109e-01 -9.041954278945922852e-01 3.315622508525848389e-01
-7.292157649993896484e+00 8.823205232620239258e-01 -1.001236534118652344e+01 2.125773578882217407e-01 1.619357168674468994e-01 -9.056605100631713867e-01 3.291910290718078613e-01
-7.362104892730712891e+00 9.223949909210205078e-01 -1.001423358917236328e+01 2.158330231904983521e-01 1.547122895717620850e-01 -9.070328474044799805e-01 3.267592489719390869e-01
-7.436212062835693359e+00 9.652709960937500000e-01 -1.001639747619628906e+01 2.188948690891265869e-01 1.479794681072235107e-01 -9.083037972450256348e-01 3.243013918399810791e-01
-7.514531612396240234e+00 1.010863065719604492e+00 -1.001876068115234375e+01 2.217207252979278564e-01 1.418448984622955322e-01 -9.094674587249755859e-01 3.218523561954498291e-01
-7.596899032592773438e+00 1.059471368789672852e+00 -1.002159500122070312e+01 2.242687344551086426e-01 1.364171802997589111e-01 -9.105200767517089844e-01 3.194481730461120605e-01
-7.682735919952392578e+00 1.112021446228027344e+00 -1.002580928802490234e+01 2.264975607395172119e-01 1.318042278289794922e-01 -9.114595055580139160e-01 3.171245455741882324e-01
-7.771264076232910156e+00 1.169549584388732910e+00 -1.003247451782226562e+01 2.283657044172286987e-01 1.281147599220275879e-01 -9.122840166091918945e-01 3.149181902408599854e-01
-7.861211299896240234e+00 1.233454585075378418e+00 -1.004313182830810547e+01 2.298322319984436035e-01 1.254562586545944214e-01 -9.129914045333862305e-01 3.128650784492492676e-01
-7.952293395996093750e+00 1.303630352020263672e+00 -1.005780124664306641e+01 2.308552861213684082e-01 1.239367723464965820e-01 -9.135776162147521973e-01 3.110006153583526611e-01
-8.046175003051757812e+00 1.378059029579162598e+00 -1.007430267333984375e+01 2.313926666975021362e-01 1.236634403467178345e-01 -9.140360951423645020e-01 3.093588650226593018e-01
-8.144123077392578125e+00 1.455051183700561523e+00 -1.009265232086181641e+01 2.314008474349975586e-01 1.247429177165031433e-01 -9.143553972244262695e-01 3.079724311828613281e-01
-8.246043205261230469e+00 1.532985806465148926e+00 -1.011816215515136719e+01 2.306772768497467041e-01 1.271833479404449463e-01 -9.145718812942504883e-01 3.068724870681762695e-01
-8.340544700622558594e+00 1.594145417213439941e+00 -1.017932128906250000e+01 2.295227497816085815e-01 1.309489458799362183e-01 -9.146060943603515625e-01 3.060514032840728760e-01
-8.261925697326660156e+00 1.508616924285888672e+00 -1.024543762207031250e+01 2.279931157827377319e-01 1.358765959739685059e-01 -9.144521355628967285e-01 3.055062294006347656e-01
-8.159185409545898438e+00 1.411404967308044434e+00 -1.028099441528320312e+01 2.261417806148529053e-01 1.418029963970184326e-01 -9.141029715538024902e-01 3.052335381507873535e-01
-8.049735069274902344e+00 1.311498999595642090e+00 -1.031000423431396484e+01 2.240197211503982544e-01 1.485636532306671143e-01 -9.135523438453674316e-01 3.052312731742858887e-01
-7.935022354125976562e+00 1.208962321281433105e+00 -1.033637142181396484e+01 2.215152531862258911e-01 1.559474617242813110e-01 -9.128433465957641602e-01 3.054968118667602539e-01
-7.814326763153076172e+00 1.104567885398864746e+00 -1.035927867889404297e+01 2.187300920486450195e-01 1.638067662715911865e-01 -9.119611978530883789e-01 3.060249388217926025e-01
-7.688243389129638672e+00 9.982629418373107910e-01 -1.038038158416748047e+01 2.157757580280303955e-01 1.719951629638671875e-01 -9.108918309211730957e-01 3.068135380744934082e-01
-7.556883811950683594e+00 8.899511694908142090e-01 -1.039990425109863281e+01 2.127125114202499390e-01 1.803524792194366455e-01 -9.096410870552062988e-01 3.078624308109283447e-01
-7.419068813323974609e+00 7.810668945312500000e-01 -1.041653823852539062e+01 2.096021920442581177e-01 1.887191236019134521e-01 -9.082204103469848633e-01 3.091727495193481445e-01
-7.276355266571044922e+00 6.700353622436523438e-01 -1.043243598937988281e+01 2.065078020095825195e-01 1.969371289014816284e-01 -9.066454768180847168e-01 3.107478618621826172e-01
-7.125858783721923828e+00 5.603869557380676270e-01 -1.044399547576904297e+01 2.034935504198074341e-01 2.048490643501281738e-01 -9.049383401870727539e-01 3.125923871994018555e-01
-6.970383167266845703e+00 4.489477574825286865e-01 -1.045486164093017578e+01 2.006246596574783325e-01 2.122985720634460449e-01 -9.031250476837158203e-01 3.147129118442535400e-01
-6.806137084960937500e+00 3.409399390220642090e-01 -1.046014785766601562e+01 1.979672908782958984e-01 2.191309034824371338e-01 -9.012365341186523438e-01 3.171174526214599609e-01
-6.635412216186523438e+00 2.338818311691284180e-01 -1.046265983581542969e+01 1.955882310867309570e-01 2.251923680305480957e-01 -8.993062973022460938e-01 3.198153376579284668e-01
-6.456479549407958984e+00 1.305822730064392090e-01 -1.046002864837646484e+01 1.935546398162841797e-01 2.303293645381927490e-01 -8.973708152770996094e-01 3.228164613246917725e-01
-6.267703533172607422e+00 3.612792864441871643e-02 -1.044883060455322266e+01 1.919337511062622070e-01 2.343894839286804199e-01 -8.954668045043945312e-01 3.261319696903228760e-01
-6.070987224578857422e+00 -5.208007618784904480e-02 -1.043187713623046875e+01 1.910836696624755859e-01 2.364311218261718750e-01 -8.938394188880920410e-01 3.296033143997192383e-01
-5.864580154418945312e+00 -1.312255859375000000e-01 -1.040687084197998047e+01 1.906689554452896118e-01 2.374077886343002319e-01 -8.922308087348937988e-01 3.334770798683166504e-01
-5.648576736450195312e+00 -1.968798786401748657e-01 -1.037187957763671875e+01 1.902142912149429321e-01 2.385784238576889038e-01 -8.902876973152160645e-01 3.380629122257232666e-01
-5.424497604370117188e+00 -2.506225407123565674e-01 -1.033200740814208984e+01 1.921858638525009155e-01 2.299215197563171387e-01 -8.901479840278625488e-01 3.432742953300476074e-01
-5.192758560180664062e+00 -2.920617759227752686e-01 -1.028529739379882812e+01 1.942943036556243896e-01 2.212501466274261475e-01 -8.898568153381347656e-01 3.485008180141448975e-01
-4.953880310058593750e+00 -3.202648758888244629e-01 -1.023284149169921875e+01 1.965411454439163208e-01 2.125703990459442139e-01 -8.894137740135192871e-01 3.537349998950958252e-01
-4.715502262115478516e+00 -3.347106873989105225e-01 -1.017827606201171875e+01 1.989268958568572998e-01 2.038894891738891602e-01 -8.888183236122131348e-01 3.589695990085601807e-01
-4.477823257446289062e+00 -3.367150723934173584e-01 -1.012420749664306641e+01 2.014520764350891113e-01 1.952139735221862793e-01 -8.880702853202819824e-01 3.641972839832305908e-01
-4.240726947784423828e+00 -3.278600871562957764e-01 -1.007374858856201172e+01 2.041165977716445923e-01 1.865507364273071289e-01 -8.871701955795288086e-01 3.694104850292205811e-01
-4.004310131072998047e+00 -3.091467320919036865e-01 -1.002873134613037109e+01 2.069201022386550903e-01 1.779068410396575928e-01 -8.861190676689147949e-01 3.746013343334197998e-01
-3.769242763519287109e+00 -2.806176841259002686e-01 -9.988344192504882812e+00 2.098616957664489746e-01 1.692890226840972900e-01 -8.849179148674011230e-01 3.797623217105865479e-01
-3.536164522171020508e+00 -2.425732314586639404e-01 -9.951446533203125000e+00 2.129399478435516357e-01 1.607045382261276245e-01 -8.835684061050415039e-01 3.848863244056701660e-01
-3.305672645568847656e+00 -1.954467743635177612e-01 -9.916562080383300781e+00 2.161532789468765259e-01 1.521599292755126953e-01 -8.820724487304687500e-01 3.899657726287841797e-01
-3.078561544418334961e+00 -1.391052156686782837e-01 -9.881514549255371094e+00 2.194994390010833740e-01 1.436618864536285400e-01 -8.804329037666320801e-01 3.949927091598510742e-01
-2.854977846145629883e+00 -7.603759318590164185e-02 -9.843832969665527344e+00 2.229760587215423584e-01 1.352173686027526855e-01 -8.786522150039672852e-01 3.999603092670440674e-01
-2.635234832763671875e+00 -7.746581919491291046e-03 -9.800990104675292969e+00 2.265800833702087402e-01 1.268324702978134155e-01 -8.767337203025817871e-01 4.048617184162139893e-01
-2.419022798538208008e+00 6.439819186925888062e-02 -9.753571510314941406e+00 2.303081750869750977e-01 1.185135543346405029e-01 -8.746809959411621094e-01 4.096899032592773438e-01
-2.211497545242309570e+00 1.353735327720642090e-01 -9.707406044006347656e+00 2.341568171977996826e-01 1.102664396166801453e-01 -8.724980354309082031e-01 4.144380986690521240e-01
-2.011283159255981445e+00 2.031591683626174927e-01 -9.665527343750000000e+00 2.381220012903213501e-01 1.020968854427337646e-01 -8.701891899108886719e-01 4.191001355648040771e-01
-1.817503929138183594e+00 2.663000524044036865e-01 -9.630036354064941406e+00 2.421994507312774658e-01 9.401018917560577393e-02 -8.677588701248168945e-01 4.236696660518646240e-01
-1.629792451858520508e+00 3.238146901130676270e-01 -9.602156639099121094e+00 2.463846504688262939e-01 8.601146936416625977e-02 -8.652120232582092285e-01 4.281411170959472656e-01
-1.448254823684692383e+00 3.752478063106536865e-01 -9.582215309143066406e+00 2.506727278232574463e-01 7.810533046722412109e-02 -8.625535368919372559e-01 4.325090944766998291e-01
-1.273318767547607422e+00 4.206567406654357910e-01 -9.569710731506347656e+00 2.550588846206665039e-01 7.029632478952407837e-02 -8.597885966300964355e-01 4.367685914039611816e-01
-1.105709671974182129e+00 4.615856707096099854e-01 -9.561315536499023438e+00 2.574545741081237793e-01 6.470427662134170532e-02 -8.581459522247314453e-01 4.394496381282806396e-01
-9.459738135337829590e-01 4.986987113952636719e-01 -9.555909156799316406e+00 2.594819962978363037e-01 6.027382612228393555e-02 -8.566576242446899414e-01 4.417848289012908936e-01
-7.943482995033264160e-01 5.326086282730102539e-01 -9.552474021911621094e+00 2.611463069915771484e-01 5.694560706615447998e-02 -8.553340435028076172e-01 4.438055753707885742e-01
-6.508113145828247070e-01 5.629724264144897461e-01 -9.551337242126464844e+00 2.624515593051910400e-01 5.465984344482421875e-02 -8.541809320449829102e-01 4.455404877662658691e-01
-5.156698226928710938e-01 5.909106135368347168e-01 -9.550826072692871094e+00 2.634000778198242188e-01 5.335602164268493652e-02 -8.531999588012695312e-01 4.470158815383911133e-01
-3.889164626598358154e-01 6.163769364356994629e-01 -9.551007270812988281e+00 2.639937698841094971e-01 5.297382175922393799e-02 -8.523889183998107910e-01 4.482567608356475830e-01
-2.705877721309661865e-01 6.394628882408142090e-01 -9.551622390747070312e+00 2.642330527305603027e-01 5.345242470502853394e-02 -8.517427444458007812e-01 4.492861032485961914e-01
-1.607578247785568237e-01 6.605468392372131348e-01 -9.552307128906250000e+00 2.641178965568542480e-01 5.473093688488006592e-02 -8.512538671493530273e-01 4.501256346702575684e-01
-5.941871553659439087e-02 6.795617341995239258e-01 -9.553004264831542969e+00 2.636475563049316406e-01 5.674839764833450317e-02 -8.509125709533691406e-01 4.507963359355926514e-01
3.339271619915962219e-02 6.966528296470642090e-01 -9.553620338439941406e+00 2.624257206916809082e-01 5.921208858489990234e-02 -8.507973551750183105e-01 4.514095485210418701e-01
1.176335141062736511e-01 7.121179103851318359e-01 -9.553951263427734375e+00 2.607692480087280273e-01 6.224920600652694702e-02 -8.508255481719970703e-01 4.519074857234954834e-01
1.933818012475967407e-01 7.255529761314392090e-01 -9.554096221923828125e+00 2.587806880474090576e-01 6.586073338985443115e-02 -8.509609699249267578e-01 4.522834122180938721e-01
2.605518996715545654e-01 7.374511361122131348e-01 -9.553960800170898438e+00 2.564897537231445312e-01 7.000426203012466431e-02 -8.511826992034912109e-01 4.525486826896667480e-01
3.191475570201873779e-01 7.478088140487670898e-01 -9.553554534912109375e+00 2.539267539978027344e-01 7.463686913251876831e-02 -8.514689803123474121e-01 4.527152478694915771e-01
3.692066073417663574e-01 7.564367651939392090e-01 -9.552813529968261719e+00 2.511224150657653809e-01 7.971468567848205566e-02 -8.517972826957702637e-01 4.527962505817413330e-01
4.107057750225067139e-01 7.634728550910949707e-01 -9.551811218261718750e+00 2.481080591678619385e-01 8.519309759140014648e-02 -8.521446585655212402e-01 4.528066217899322510e-01
4.436323046684265137e-01 7.690014243125915527e-01 -9.550604820251464844e+00 2.449145317077636719e-01 9.102593362331390381e-02 -8.524882793426513672e-01 4.527635276317596436e-01
4.679882824420928955e-01 7.730163335800170898e-01 -9.549208641052246094e+00 2.415726184844970703e-01 9.716576337814331055e-02 -8.528051972389221191e-01 4.526859521865844727e-01
4.837754070758819580e-01 7.755114436149597168e-01 -9.547637939453125000e+00 2.381126135587692261e-01 1.035636812448501587e-01 -8.530736565589904785e-01 4.525951147079467773e-01
4.909943342208862305e-01 7.764831185340881348e-01 -9.545910835266113281e+00 2.345637679100036621e-01 1.101694852113723755e-01 -8.532718420028686523e-01 4.525146782398223877e-01
4.990328550338745117e-01 7.775549292564392090e-01 -9.544158935546875000e+00 2.297149896621704102e-01 1.162694245576858521e-01 -8.537104725837707520e-01 4.526486992835998535e-01
5.079023838043212891e-01 7.787414193153381348e-01 -9.542388916015625000e+00 2.245452404022216797e-01 1.223333477973937988e-01 -8.541415929794311523e-01 4.528310894966125488e-01
5.176080465316772461e-01 7.800475955009460449e-01 -9.540615081787109375e+00 2.191061824560165405e-01 1.283246427774429321e-01 -8.545598387718200684e-01 4.530484378337860107e-01
5.283227562904357910e-01 7.815075516700744629e-01 -9.538850784301757812e+00 2.134496569633483887e-01 1.342062503099441528e-01 -8.549611568450927734e-01 4.532872438430786133e-01
5.400499701499938965e-01 7.831310629844665527e-01 -9.537110328674316406e+00 2.076286226511001587e-01 1.399413347244262695e-01 -8.553436398506164551e-01 4.535350799560546875e-01
5.527943968772888184e-01 7.849096655845642090e-01 -9.535401344299316406e+00 2.016955465078353882e-01 1.454941034317016602e-01 -8.557063937187194824e-01 4.537808895111083984e-01
5.665631890296936035e-01 7.868188023567199707e-01 -9.533713340759277344e+00 1.957039535045623779e-01 1.508280932903289795e-01 -8.560503721237182617e-01 4.540139138698577881e-01
5.813497304916381836e-01 7.889062166213989258e-01 -9.532087326049804688e+00 1.897076815366744995e-01 1.559077352285385132e-01 -8.563784360885620117e-01 4.542244076728820801e-01
5.971540808677673340e-01 7.911767363548278809e-01 -9.530534744262695312e+00 1.837604790925979614e-01 1.606977134943008423e-01 -8.566946387290954590e-01 4.544034302234649658e-01
6.139749288558959961e-01 7.936388850212097168e-01 -9.529071807861328125e+00 1.779166162014007568e-01 1.651631593704223633e-01 -8.570049405097961426e-01 4.545429944992065430e-01
6.318105459213256836e-01 7.962976098060607910e-01 -9.527708053588867188e+00 1.722307503223419189e-01 1.692688912153244019e-01 -8.573160767555236816e-01 4.546357989311218262e-01
6.506585478782653809e-01 7.991625666618347168e-01 -9.526460647583007812e+00 1.667575538158416748e-01 1.729808151721954346e-01 -8.576363921165466309e-01 4.546750783920288086e-01
6.705161929130554199e-01 8.022387623786926270e-01 -9.525341987609863281e+00 1.615515798330307007e-01 1.762645244598388672e-01 -8.579752445220947266e-01 4.546543061733245850e-01
6.913796663284301758e-01 8.055309653282165527e-01 -9.524362564086914062e+00 1.566675752401351929e-01 1.790862977504730225e-01 -8.583420515060424805e-01 4.545683264732360840e-01
7.132458090782165527e-01 8.090490698814392090e-01 -9.523535728454589844e+00 1.521605849266052246e-01 1.814117729663848877e-01 -8.587477803230285645e-01 4.544107913970947266e-01
7.361111044883728027e-01 8.127954006195068359e-01 -9.522878646850585938e+00 1.480849683284759521e-01 1.832078695297241211e-01 -8.592025041580200195e-01 4.541769325733184814e-01
7.599721550941467285e-01 8.167773485183715820e-01 -9.522399902343750000e+00 1.444954574108123779e-01 1.844401657581329346e-01 -8.597168326377868652e-01 4.538609087467193604e-01
7.848365902900695801e-01 8.209374547004699707e-01 -9.522043228149414062e+00 1.414463669061660767e-01 1.850749850273132324e-01 -8.603006005287170410e-01 4.534568488597869873e-01
8.106914162635803223e-01 8.253442049026489258e-01 -9.521889686584472656e+00 1.389918327331542969e-01 1.850784420967102051e-01 -8.609625101089477539e-01 4.529578387737274170e-01
8.375350832939147949e-01 8.299975395202636719e-01 -9.521954536437988281e+00 1.371856778860092163e-01 1.844154596328735352e-01 -8.617097735404968262e-01 4.523572623729705811e-01
8.653665781021118164e-01 8.349010944366455078e-01 -9.522240638732910156e+00 1.360613107681274414e-01 1.830703020095825195e-01 -8.625450134277343750e-01 4.516509473323822021e-01
8.941850066184997559e-01 8.400463461875915527e-01 -9.522737503051757812e+00 1.355720162391662598e-01 1.810989081859588623e-01 -8.634557127952575684e-01 4.508520960807800293e-01
9.239900112152099609e-01 8.454198837280273438e-01 -9.523419380187988281e+00 1.356504410505294800e-01 1.785765886306762695e-01 -8.644244074821472168e-01 4.499776363372802734e-01
9.547816514968872070e-01 8.510094881057739258e-01 -9.524263381958007812e+00 1.362292617559432983e-01 1.755778491497039795e-01 -8.654327988624572754e-01 4.490433037281036377e-01
9.865647554397583008e-01 8.567761182785034180e-01 -9.525159835815429688e+00 1.372412145137786865e-01 1.721768677234649658e-01 -8.664623498916625977e-01 4.480656087398529053e-01
1.019336104393005371e+00 8.627319335937500000e-01 -9.526154518127441406e+00 1.386189907789230347e-01 1.684484183788299561e-01 -8.674947023391723633e-01 4.470602273941040039e-01
1.053095102310180664e+00 8.688647150993347168e-01 -9.527243614196777344e+00 1.402950435876846313e-01 1.644674390554428101e-01 -8.685117363929748535e-01 4.460437893867492676e-01
1.087840676307678223e+00 8.751671910285949707e-01 -9.528402328491210938e+00 1.422024369239807129e-01 1.603083312511444092e-01 -8.694968819618225098e-01 4.450335800647735596e-01
1.123571991920471191e+00 8.816259503364562988e-01 -9.529608726501464844e+00 1.442742198705673218e-01 1.560470908880233765e-01 -8.704347610473632812e-01 4.440469443798065186e-01
1.160284280776977539e+00 8.882446289062500000e-01 -9.530789375305175781e+00 1.464437544345855713e-01 1.517586410045623779e-01 -8.713113665580749512e-01 4.431025981903076172e-01
1.197973012924194336e+00 8.950256109237670898e-01 -9.531874656677246094e+00 1.486445665359497070e-01 1.475192308425903320e-01 -8.721148967742919922e-01 4.422199428081512451e-01
1.236638188362121582e+00 9.019335508346557617e-01 -9.532934188842773438e+00 1.508106738328933716e-01 1.434049606323242188e-01 -8.728345632553100586e-01 4.414192140102386475e-01
1.276275038719177246e+00 9.089611768722534180e-01 -9.533947944641113281e+00 1.528761535882949829e-01 1.394922435283660889e-01 -8.734617233276367188e-01 4.407215416431427002e-01
1.316878199577331543e+00 9.160985946655273438e-01 -9.534888267517089844e+00 1.547756344079971313e-01 1.358578503131866455e-01 -8.739888072013854980e-01 4.401485621929168701e-01
1.358418822288513184e+00 9.234704375267028809e-01 -9.535554885864257812e+00 1.564438343048095703e-01 1.325784921646118164e-01 -8.744095563888549805e-01 4.397228956222534180e-01
1.400910258293151855e+00 9.309533238410949707e-01 -9.536080360412597656e+00 1.578155308961868286e-01 1.297309845685958862e-01 -8.747186064720153809e-01 4.394672513008117676e-01
1.444348692893981934e+00 9.385253787040710449e-01 -9.536458969116210938e+00 1.588258445262908936e-01 1.273923814296722412e-01 -8.749109506607055664e-01 4.394044578075408936e-01
1.488714575767517090e+00 9.462499618530273438e-01 -9.536607742309570312e+00 1.594098359346389771e-01 1.256393641233444214e-01 -8.749814033508300781e-01 4.395574927330017090e-01
1.533969402313232422e+00 9.542931914329528809e-01 -9.536343574523925781e+00 1.595019996166229248e-01 1.245488673448562622e-01 -8.749237656593322754e-01 4.399488866329193115e-01
1.580151796340942383e+00 9.624084234237670898e-01 -9.535860061645507812e+00 1.590370535850524902e-01 1.241973787546157837e-01 -8.747303485870361328e-01 4.406006336212158203e-01
1.627238154411315918e+00 9.706945419311523438e-01 -9.535066604614257812e+00 1.579691171646118164e-01 1.246386095881462097e-01 -8.743940591812133789e-01 4.415268003940582275e-01
1.675158381462097168e+00 9.795324206352233887e-01 -9.533708572387695312e+00 1.563320159912109375e-01 1.258371174335479736e-01 -8.739150166511535645e-01 4.427164196968078613e-01
1.724010944366455078e+00 9.884557723999023438e-01 -9.532135009765625000e+00 1.541794091463088989e-01 1.277347207069396973e-01 -8.732938170433044434e-01 4.441514909267425537e-01
1.773642420768737793e+00 9.982079863548278809e-01 -9.529920578002929688e+00 1.515643298625946045e-01 1.302729249000549316e-01 -8.725295662879943848e-01 4.458131194114685059e-01
1.824147343635559082e+00 1.008391141891479492e+00 -9.527326583862304688e+00 1.485401540994644165e-01 1.333934068679809570e-01 -8.716210722923278809e-01 4.476816356182098389e-01
1.875393271446228027e+00 1.019536137580871582e+00 -9.524051666259765625e+00 1.451599597930908203e-01 1.370374262332916260e-01 -8.705660104751586914e-01 4.497378170490264893e-01
1.927480697631835938e+00 1.031257271766662598e+00 -9.520350456237792969e+00 1.414770931005477905e-01 1.411462873220443726e-01 -8.693630695343017578e-01 4.519620537757873535e-01
1.980261206626892090e+00 1.044085621833801270e+00 -9.515921592712402344e+00 1.375450044870376587e-01 1.456614434719085693e-01 -8.680111765861511230e-01 4.543353915214538574e-01
2.033858060836791992e+00 1.057565927505493164e+00 -9.511059761047363281e+00 1.334174424409866333e-01 1.505241096019744873e-01 -8.665106296539306641e-01 4.568386673927307129e-01
2.085521697998046875e+00 1.077136158943176270e+00 -9.502395629882812500e+00 1.291481256484985352e-01 1.556761860847473145e-01 -8.648625612258911133e-01 4.594542980194091797e-01
2.125612735748291016e+00 1.098745107650756836e+00 -9.491424560546875000e+00 1.247916668653488159e-01 1.610589623451232910e-01 -8.630706071853637695e-01 4.621647000312805176e-01
2.157471895217895508e+00 1.115689635276794434e+00 -9.482347488403320312e+00 1.204023212194442749e-01 1.666147559881210327e-01 -8.611389994621276855e-01 4.649541676044464111e-01
2.177813053131103516e+00 1.131267070770263672e+00 -9.482708930969238281e+00 1.160352081060409546e-01 1.722859144210815430e-01 -8.590753078460693359e-01 4.678064584732055664e-01
2.188975811004638672e+00 1.143143296241760254e+00 -9.487177848815917969e+00 1.117452830076217651e-01 1.780150532722473145e-01 -8.568882942199707031e-01 4.707081019878387451e-01
2.194131612777709961e+00 1.148155450820922852e+00 -9.488515853881835938e+00 1.075881868600845337e-01 1.837453842163085938e-01 -8.545889854431152344e-01 4.736458063125610352e-01
2.201492071151733398e+00 1.155632257461547852e+00 -9.491041183471679688e+00 1.036194115877151489e-01 1.894203126430511475e-01 -8.521903753280639648e-01 4.766073822975158691e-01
2.211055517196655273e+00 1.165580987930297852e+00 -9.494770050048828125e+00 9.989497065544128418e-02 1.949838697910308838e-01 -8.497079014778137207e-01 4.795819520950317383e-01
2.222819566726684570e+00 1.178012609481811523e+00 -9.499723434448242188e+00 9.647096693515777588e-02 2.003805190324783325e-01 -8.471584320068359375e-01 4.825593829154968262e-01
2.236780405044555664e+00 1.192938208580017090e+00 -9.505917549133300781e+00 9.340350329875946045e-02 2.055552005767822266e-01 -8.445603847503662109e-01 4.855310916900634766e-01
2.252731084823608398e+00 1.210584640502929688e+00 -9.513263702392578125e+00 9.074884653091430664e-02 2.104532718658447266e-01 -8.419339060783386230e-01 4.884886741638183594e-01
2.270553350448608398e+00 1.231085181236267090e+00 -9.521716117858886719e+00 8.854952454566955566e-02 2.150325179100036621e-01 -8.392975330352783203e-01 4.914261996746063232e-01
