-1.130794906616210938e+01 1.452954113483428955e-01 -7.315341472625732422e+00 -1.344854980707168579e-01 2.215144187211990356e-01 4.609077572822570801e-01 8.487691879272460938e-01
-1.128520965576171875e+01 1.780517548322677612e-01 -7.307287216186523438e+00 -1.336807310581207275e-01 2.219342887401580811e-01 4.617271721363067627e-01 8.483411669731140137e-01
-1.126581764221191406e+01 2.059826552867889404e-01 -7.300054073333740234e+00 -1.334189772605895996e-01 2.210798114538192749e-01 4.614176154136657715e-01 8.487737774848937988e-01
-1.124975776672363281e+01 2.291101068258285522e-01 -7.293673038482666016e+00 -1.341114938259124756e-01 2.198763042688369751e-01 4.599555730819702148e-01 8.497701883316040039e-01
-1.123701858520507812e+01 2.474645972251892090e-01 -7.288176536560058594e+00 -1.356617361307144165e-01 2.183626443147659302e-01 4.574780166149139404e-01 8.512505888938903809e-01
-1.122758483886718750e+01 2.610729932785034180e-01 -7.283602714538574219e+00 -1.379718929529190063e-01 2.165768742561340332e-01 4.541198611259460449e-01 8.531314730644226074e-01
-1.122144889831542969e+01 2.699694633483886719e-01 -7.279984474182128906e+00 -1.409449875354766846e-01 2.145567089319229126e-01 4.500156044960021973e-01 8.553279042243957520e-01
-1.121859741210937500e+01 2.741808891296386719e-01 -7.277359962463378906e+00 -1.444828361272811890e-01 2.123401165008544922e-01 4.452998340129852295e-01 8.577554225921630859e-01
-1.121901416778564453e+01 2.737390100955963135e-01 -7.275762557983398438e+00 -1.484880894422531128e-01 2.099655419588088989e-01 4.401083886623382568e-01 8.603315353393554688e-01
-1.121538448333740234e+01 2.791955471038818359e-01 -7.272540569305419922e+00 -1.528638899326324463e-01 2.074722796678543091e-01 4.345790445804595947e-01 8.629767894744873047e-01
-1.120693683624267578e+01 2.900012135505676270e-01 -7.267693996429443359e+00 -1.575137376785278320e-01 2.049007266759872437e-01 4.288516938686370850e-01 8.656161427497863770e-01
-1.119381809234619141e+01 3.063098192214965820e-01 -7.261263847351074219e+00 -1.623423099517822266e-01 2.022925913333892822e-01 4.230691194534301758e-01 8.681792616844177246e-01
-1.117615795135498047e+01 3.282617032527923584e-01 -7.253294944763183594e+00 -1.672548055648803711e-01 1.996907442808151245e-01 4.173763990402221680e-01 8.706011772155761719e-01
-1.115393257141113281e+01 3.558764457702636719e-01 -7.243820667266845703e+00 -1.721576005220413208e-01 1.971394419670104980e-01 4.119212925434112549e-01 8.728222250938415527e-01
-1.112711429595947266e+01 3.891772329807281494e-01 -7.232877254486083984e+00 -1.769579946994781494e-01 1.946841478347778320e-01 4.068540930747985840e-01 8.747877478599548340e-01
-1.109567642211914062e+01 4.281811416149139404e-01 -7.220498085021972656e+00 -1.815645992755889893e-01 1.923709213733673096e-01 4.023270010948181152e-01 8.764477372169494629e-01
-1.105502510070800781e+01 4.687536656856536865e-01 -7.206656932830810547e+00 -1.858861595392227173e-01 1.902471184730529785e-01 3.984933197498321533e-01 8.777558803558349609e-01
-1.100911998748779297e+01 5.145410299301147461e-01 -7.191441059112548828e+00 -1.898330152034759521e-01 1.883599609136581421e-01 3.955075740814208984e-01 8.786680698394775391e-01
-1.095670413970947266e+01 5.641515851020812988e-01 -7.174924373626708984e+00 -1.933152526617050171e-01 1.867573857307434082e-01 3.935246467590332031e-01 8.791412711143493652e-01
-1.089308834075927734e+01 6.122766137123107910e-01 -7.157297611236572266e+00 -1.962426900863647461e-01 1.854864954948425293e-01 3.926988542079925537e-01 8.791309595108032227e-01
-1.082296085357666016e+01 6.641162037849426270e-01 -7.138473510742187500e+00 -1.985253095626831055e-01 1.845940053462982178e-01 3.931832313537597656e-01 8.785896301269531250e-01
-1.073926830291748047e+01 7.089428305625915527e-01 -7.119219779968261719e+00 -2.000714540481567383e-01 1.841250807046890259e-01 3.951279520988464355e-01 8.774641156196594238e-01
-1.064609432220458984e+01 7.539648413658142090e-01 -7.100430011749267578e+00 -1.978387087583541870e-01 1.855919957160949707e-01 4.041500985622406006e-01 8.735433816909790039e-01
-1.054810905456542969e+01 7.881872653961181641e-01 -7.082761287689208984e+00 -1.955856233835220337e-01 1.870393902063369751e-01 4.131302237510681152e-01 8.695320487022399902e-01
-1.044811725616455078e+01 8.149365186691284180e-01 -7.066088199615478516e+00 -1.933121681213378906e-01 1.884675025939941406e-01 4.220674932003021240e-01 8.654302954673767090e-01
-1.034617137908935547e+01 8.343896269798278809e-01 -7.050386905670166016e+00 -1.910184621810913086e-01 1.898759603500366211e-01 4.309610426425933838e-01 8.612384200096130371e-01
-1.024338245391845703e+01 8.468725681304931641e-01 -7.035461902618408203e+00 -1.887051463127136230e-01 1.912647783756256104e-01 4.398096501827239990e-01 8.569571375846862793e-01
-1.014001464843750000e+01 8.543822765350341797e-01 -7.021095275878906250e+00 -1.863719373941421509e-01 1.926337480545043945e-01 4.486125111579895020e-01 8.525869846343994141e-01
-1.003664302825927734e+01 8.571386337280273438e-01 -7.007088661193847656e+00 -1.840195059776306152e-01 1.939826160669326782e-01 4.573686420917510986e-01 8.481281995773315430e-01
-9.933267593383789062e+00 8.551306128501892090e-01 -6.993443012237548828e+00 -1.816480457782745361e-01 1.953113228082656860e-01 4.660773575305938721e-01 8.435812592506408691e-01
-9.830127716064453125e+00 8.512023687362670898e-01 -6.979846000671386719e+00 -1.792299002408981323e-01 1.965666115283966064e-01 4.747418165206909180e-01 8.389626741409301758e-01
-9.727503776550292969e+00 8.415563702583312988e-01 -6.966366291046142578e+00 -1.765433549880981445e-01 1.973395049571990967e-01 4.833991825580596924e-01 8.343948125839233398e-01
-9.624970436096191406e+00 8.319470286369323730e-01 -6.952900886535644531e+00 -1.738815456628799438e-01 1.982019543647766113e-01 4.920059442520141602e-01 8.297055363655090332e-01
-9.523343086242675781e+00 8.170385360717773438e-01 -6.939172267913818359e+00 -1.712490618228912354e-01 1.991522163152694702e-01 5.005581974983215332e-01 8.248961567878723145e-01
-9.421949386596679688e+00 8.012536168098449707e-01 -6.925407409667968750e+00 -1.686509102582931519e-01 2.001881748437881470e-01 5.090520381927490234e-01 8.199680447578430176e-01
-9.321014404296875000e+00 7.838793992996215820e-01 -6.911417007446289062e+00 -1.660914719104766846e-01 2.013078778982162476e-01 5.174832344055175781e-01 8.149232268333435059e-01
-9.220977783203125000e+00 7.629943490028381348e-01 -6.896920680999755859e+00 -1.635752022266387939e-01 2.025088369846343994e-01 5.258480906486511230e-01 8.097636103630065918e-01
-9.121037483215332031e+00 7.421459555625915527e-01 -6.882432937622070312e+00 -1.611064374446868896e-01 2.037885636091232300e-01 5.341430306434631348e-01 8.044912815093994141e-01
-9.022039413452148438e+00 7.184899449348449707e-01 -6.867201328277587891e+00 -1.586894690990447998e-01 2.051441073417663574e-01 5.423641800880432129e-01 7.991086840629577637e-01
-8.923589706420898438e+00 6.933532357215881348e-01 -6.851576328277587891e+00 -1.563284844160079956e-01 2.065727561712265015e-01 5.505082011222839355e-01 7.936182022094726562e-01
-8.825239181518554688e+00 6.682482957839965820e-01 -6.835956096649169922e+00 -1.540273129940032959e-01 2.080710530281066895e-01 5.585717558860778809e-01 7.880225777626037598e-01
-8.728227615356445312e+00 6.398596167564392090e-01 -6.818972587585449219e+00 -1.517896354198455811e-01 2.096358835697174072e-01 5.665515065193176270e-01 7.823247909545898438e-01
-8.631741523742675781e+00 6.101989746093750000e-01 -6.800960540771484375e+00 -1.512188911437988281e-01 2.094440460205078125e-01 5.709354281425476074e-01 7.792937159538269043e-01
-8.535462379455566406e+00 5.801513791084289551e-01 -6.782613754272460938e+00 -1.512957662343978882e-01 2.089238911867141724e-01 5.741857290267944336e-01 7.770271301269531250e-01
-8.440755844116210938e+00 5.467431545257568359e-01 -6.762174606323242188e+00 -1.519740968942642212e-01 2.081100195646286011e-01 5.763586163520812988e-01 7.755029201507568359e-01
-8.346175193786621094e+00 5.131018161773681641e-01 -6.741520404815673828e+00 -1.532067805528640747e-01 2.070357203483581543e-01 5.775055289268493652e-01 7.746942043304443359e-01
-8.251877784729003906e+00 4.789062440395355225e-01 -6.720492839813232422e+00 -1.549457311630249023e-01 2.057331502437591553e-01 5.776751637458801270e-01 7.745689749717712402e-01
-8.158730506896972656e+00 4.424157738685607910e-01 -6.698177814483642578e+00 -1.571423411369323730e-01 2.042328864336013794e-01 5.769126415252685547e-01 7.750915884971618652e-01
-8.065701484680175781e+00 4.057238698005676270e-01 -6.675700664520263672e+00 -1.597470194101333618e-01 2.025654464960098267e-01 5.752616524696350098e-01 7.762230038642883301e-01
-7.972954750061035156e+00 3.685204982757568359e-01 -6.652946472167968750e+00 -1.627097278833389282e-01 2.007601708173751831e-01 5.727634429931640625e-01 7.779222130775451660e-01
-7.881009578704833984e+00 3.297802805900573730e-01 -6.629501819610595703e+00 -1.659803390502929688e-01 1.988463550806045532e-01 5.694581866264343262e-01 7.801460623741149902e-01
-7.789191246032714844e+00 2.908740043640136719e-01 -6.605948448181152344e+00 -1.695084124803543091e-01 1.968523412942886353e-01 5.653859972953796387e-01 7.828504443168640137e-01
-7.697607994079589844e+00 2.515832483768463135e-01 -6.582266807556152344e+00 -1.730949282646179199e-01 1.945922374725341797e-01 5.606191158294677734e-01 7.860523462295532227e-01
-7.606516361236572266e+00 2.113598585128784180e-01 -6.558395385742187500e+00 -1.768230497837066650e-01 1.922791302204132080e-01 5.551635622978210449e-01 7.896553277969360352e-01
-7.515562057495117188e+00 1.710083037614822388e-01 -6.534466266632080078e+00 -1.806900352239608765e-01 1.900117844343185425e-01 5.490484833717346191e-01 7.935947179794311523e-01
-7.424765586853027344e+00 1.304418891668319702e-01 -6.510603427886962891e+00 -1.846544742584228516e-01 1.878361701965332031e-01 5.423129796981811523e-01 7.978200912475585938e-01
-7.334161758422851562e+00 8.948729932308197021e-02 -6.487008571624755859e+00 -1.886716336011886597e-01 1.857957094907760620e-01 5.349991321563720703e-01 8.022835254669189453e-01
-7.243698120117187500e+00 4.844726622104644775e-02 -6.463411808013916016e+00 -1.926940828561782837e-01 1.839311122894287109e-01 5.271507501602172852e-01 8.069389462471008301e-01
-7.153264522552490234e+00 7.414550520479679108e-03 -6.440147399902343750e+00 -1.966713666915893555e-01 1.822795122861862183e-01 5.188145041465759277e-01 8.117426037788391113e-01
-7.062746047973632812e+00 -3.351074084639549255e-02 -6.417563438415527344e+00 -2.005498409271240234e-01 1.808742880821228027e-01 5.100386142730712891e-01 8.166546225547790527e-01
-6.972362041473388672e+00 -7.448486238718032837e-02 -6.395030975341796875e+00 -2.042734473943710327e-01 1.797442436218261719e-01 5.008738636970520020e-01 8.216385245323181152e-01
-6.881776809692382812e+00 -1.150781214237213135e-01 -6.373278617858886719e+00 -2.077847719192504883e-01 1.789128482341766357e-01 4.913720488548278809e-01 8.266614675521850586e-01
-6.790940284729003906e+00 -1.554357856512069702e-01 -6.352975368499755859e+00 -2.086528837680816650e-01 1.785632371902465820e-01 4.815523028373718262e-01 8.322779536247253418e-01
-6.700204849243164062e+00 -1.957421898841857910e-01 -6.332686424255371094e+00 -2.094942331314086914e-01 1.781906187534332275e-01 4.716706573963165283e-01 8.377870321273803711e-01
-6.608837127685546875e+00 -2.348925769329071045e-01 -6.313899993896484375e+00 -2.103086113929748535e-01 1.777950376272201538e-01 4.617282450199127197e-01 8.431881666183471680e-01
-6.517155170440673828e+00 -2.733666896820068359e-01 -6.295968055725097656e+00 -2.110957205295562744e-01 1.773765087127685547e-01 4.517263174057006836e-01 8.484807014465332031e-01
-6.425573348999023438e+00 -3.117883205413818359e-01 -6.278050422668457031e+00 -2.118555158376693726e-01 1.769353151321411133e-01 4.416660368442535400e-01 8.536639809608459473e-01
-6.332670688629150391e+00 -3.476489186286926270e-01 -6.263140201568603516e+00 -2.125882804393768311e-01 1.764711737632751465e-01 4.315488338470458984e-01 8.587372899055480957e-01
-6.239759922027587891e+00 -3.832653760910034180e-01 -6.248471736907958984e+00 -2.132934629917144775e-01 1.759843230247497559e-01 4.213759899139404297e-01 8.636999726295471191e-01
-6.146409988403320312e+00 -4.176391363143920898e-01 -6.234942913055419922e+00 -2.139713615179061890e-01 1.754747480154037476e-01 4.111490547657012939e-01 8.685512542724609375e-01
-6.052093982696533203e+00 -4.496093690395355225e-01 -6.223652362823486328e+00 -2.146214842796325684e-01 1.749425828456878662e-01 4.008692800998687744e-01 8.732906579971313477e-01
-5.957876682281494141e+00 -4.815246462821960449e-01 -6.212376117706298828e+00 -2.152441740036010742e-01 1.743879318237304688e-01 3.905373513698577881e-01 8.779175281524658203e-01
-5.862491130828857422e+00 -5.098364353179931641e-01 -6.203858375549316406e+00 -2.158389687538146973e-01 1.738107651472091675e-01 3.801555931568145752e-01 8.824312686920166016e-01
-5.772520542144775391e+00 -5.358557105064392090e-01 -6.196352958679199219e+00 -2.164057940244674683e-01 1.732113659381866455e-01 3.697245717048645020e-01 8.868314623832702637e-01
-5.688003540039062500e+00 -5.594872832298278809e-01 -6.189820289611816406e+00 -2.169450223445892334e-01 1.725894659757614136e-01 3.592458069324493408e-01 8.911173939704895020e-01
-5.608298301696777344e+00 -5.783727765083312988e-01 -6.185778141021728516e+00 -2.174560427665710449e-01 1.719454228878021240e-01 3.487208783626556396e-01 8.952884674072265625e-01
-5.534357070922851562e+00 -5.960156321525573730e-01 -6.181969642639160156e+00 -2.179393619298934937e-01 1.712790876626968384e-01 3.381511270999908447e-01 8.993440866470336914e-01
-5.466169834136962891e+00 -6.123754978179931641e-01 -6.178419589996337891e+00 -2.183943688869476318e-01 1.705908030271530151e-01 3.275378644466400146e-01 9.032838344573974609e-01
-5.403076171875000000e+00 -6.240515112876892090e-01 -6.176948070526123047e+00 -2.188214659690856934e-01 1.698803901672363281e-01 3.168823719024658203e-01 9.071071743965148926e-01
-5.345801830291748047e+00 -6.347936987876892090e-01 -6.175548076629638672e+00 -2.192202210426330566e-01 1.691481769084930420e-01 3.061860203742980957e-01 9.108136296272277832e-01
-5.294346809387207031e+00 -6.446008086204528809e-01 -6.174218177795410156e+00 -2.195906788110733032e-01 1.683942973613739014e-01 2.954501509666442871e-01 9.144029021263122559e-01
-5.248710155487060547e+00 -6.534740924835205078e-01 -6.172960281372070312e+00 -2.199327647686004639e-01 1.676186174154281616e-01 2.846761047840118408e-01 9.178742170333862305e-01
-5.208417892456054688e+00 -6.604052782058715820e-01 -6.172825336456298828e+00 -2.176081091165542603e-01 1.657133549451828003e-01 2.760694026947021484e-01 9.213964343070983887e-01
-5.173721313476562500e+00 -6.653503179550170898e-01 -6.173182964324951172e+00 -2.153739035129547119e-01 1.634334325790405273e-01 2.678981721401214600e-01 9.247345924377441406e-01
-5.144784450531005859e+00 -6.696240305900573730e-01 -6.173454284667968750e+00 -2.132314145565032959e-01 1.608189940452575684e-01 2.601346969604492188e-01 9.279006123542785645e-01
-5.121610164642333984e+00 -6.732372641563415527e-01 -6.173641204833984375e+00 -2.111803889274597168e-01 1.579088270664215088e-01 2.527506053447723389e-01 9.309053421020507812e-01
-5.104199886322021484e+00 -6.761974692344665527e-01 -6.173744201660156250e+00 -2.092192918062210083e-01 1.547405123710632324e-01 2.457170337438583374e-01 9.337588548660278320e-01
-5.092555522918701172e+00 -6.785119771957397461e-01 -6.173766136169433594e+00 -2.073457539081573486e-01 1.513503491878509521e-01 2.390048801898956299e-01 9.364707469940185547e-01
-5.086681365966796875e+00 -6.801880002021789551e-01 -6.173707008361816406e+00 -2.055567800998687744e-01 1.477736532688140869e-01 2.325850129127502441e-01 9.390493035316467285e-01
-5.086580753326416016e+00 -6.812328696250915527e-01 -6.173567295074462891e+00 -2.038489878177642822e-01 1.440445482730865479e-01 2.264283150434494019e-01 9.415024518966674805e-01
-5.085968494415283203e+00 -6.822680234909057617e-01 -6.173437595367431641e+00 -2.022188305854797363e-01 1.401963084936141968e-01 2.205061167478561401e-01 9.438375830650329590e-01
-5.084848403930664062e+00 -6.833032369613647461e-01 -6.173318386077880859e+00 -2.006627768278121948e-01 1.362614631652832031e-01 2.147900462150573730e-01 9.460615515708923340e-01
-5.083232402801513672e+00 -6.843578815460205078e-01 -6.173245906829833984e+00 -1.990207284688949585e-01 1.323061436414718628e-01 2.092302441596984863e-01 9.482133388519287109e-01
-5.081126689910888672e+00 -6.854467391967773438e-01 -6.173241615295410156e+00 -1.972138732671737671e-01 1.283745467662811279e-01 2.037910968065261841e-01 9.503136277198791504e-01
-5.078524112701416016e+00 -6.865404844284057617e-01 -6.173237323760986328e+00 -1.955169737339019775e-01 1.244350820779800415e-01 1.984850913286209106e-01 9.523091912269592285e-01
-5.075426101684570312e+00 -6.876428127288818359e-01 -6.173229694366455078e+00 -1.939514130353927612e-01 1.205132827162742615e-01 1.932879239320755005e-01 9.542008638381958008e-01
-5.071837425231933594e+00 -6.887524127960205078e-01 -6.173213958740234375e+00 -1.925382018089294434e-01 1.166349574923515320e-01 1.881754994392395020e-01 9.559891819953918457e-01
-5.067763328552246094e+00 -6.898730397224426270e-01 -6.173183917999267578e+00 -1.912990212440490723e-01 1.128256469964981079e-01 1.831236183643341064e-01 9.576746821403503418e-01
-5.063206672668457031e+00 -6.910046339035034180e-01 -6.173135280609130859e+00 -1.902550160884857178e-01 1.091109141707420349e-01 1.781080365180969238e-01 9.592577219009399414e-01
-5.058171272277832031e+00 -6.921471953392028809e-01 -6.173059940338134766e+00 -1.894275844097137451e-01 1.055161282420158386e-01 1.731045246124267578e-01 9.607385396957397461e-01
-5.052662372589111328e+00 -6.933032274246215820e-01 -6.172955989837646484e+00 -1.888377517461776733e-01 1.020667105913162231e-01 1.680887937545776367e-01 9.621168375015258789e-01
-5.046684265136718750e+00 -6.944689750671386719e-01 -6.172815322875976562e+00 -1.885063052177429199e-01 9.878797829151153564e-02 1.630364209413528442e-01 9.633926749229431152e-01
-5.040266513824462891e+00 -6.957360506057739258e-01 -6.172841072082519531e+00 -1.875791996717453003e-01 9.584450721740722656e-02 1.578497588634490967e-01 9.647337794303894043e-01
-5.033377647399902344e+00 -6.970312595367431641e-01 -6.172880172729492188e+00 -1.867029070854187012e-01 9.312900900840759277e-02 1.526403129100799561e-01 9.660071730613708496e-01
-5.026002883911132812e+00 -6.983520388603210449e-01 -6.172933101654052734e+00 -1.858814507722854614e-01 9.064411371946334839e-02 1.474644988775253296e-01 9.672051668167114258e-01
-5.018128395080566406e+00 -6.996935606002807617e-01 -6.173000335693359375e+00 -1.851180493831634521e-01 8.839371800422668457e-02 1.423780024051666260e-01 9.683214426040649414e-01
-5.009741783142089844e+00 -7.010534405708312988e-01 -6.173080921173095703e+00 -1.844152808189392090e-01 8.638346195220947266e-02 1.374356597661972046e-01 9.693505167961120605e-01
-5.000824928283691406e+00 -7.023596167564392090e-01 -6.173196792602539062e+00 -1.837751120328903198e-01 8.462019264698028564e-02 1.326919943094253540e-01 9.702880382537841797e-01
-4.991336345672607422e+00 -7.031884789466857910e-01 -6.173504352569580078e+00 -1.831992864608764648e-01 8.311235159635543823e-02 1.282010525465011597e-01 9.711307287216186523e-01
-4.981291770935058594e+00 -7.040026783943176270e-01 -6.173833370208740234e+00 -1.826891303062438965e-01 8.186925947666168213e-02 1.240165531635284424e-01 9.718754291534423828e-01
-4.970679759979248047e+00 -7.048010230064392090e-01 -6.174184322357177734e+00 -1.822459548711776733e-01 8.090129494667053223e-02 1.201921030879020691e-01 9.725200533866882324e-01
-4.959484100341796875e+00 -7.055847048759460449e-01 -6.174558162689208984e+00 -1.818711757659912109e-01 8.021955937147140503e-02 1.167812794446945190e-01 9.730620384216308594e-01
-4.947691440582275391e+00 -7.063500881195068359e-01 -6.174953460693359375e+00 -1.815663874149322510e-01 7.983525842428207397e-02 1.138377264142036438e-01 9.734992980957031250e-01
-4.935287952423095703e+00 -7.070971727371215820e-01 -6.175371646881103516e+00 -1.813337653875350952e-01 7.975989580154418945e-02 1.114153563976287842e-01 9.738290309906005859e-01
-4.922260761260986328e+00 -7.078247070312500000e-01 -6.175812244415283203e+00 -1.811760663986206055e-01 8.000439405441284180e-02 1.095685660839080811e-01 9.740478992462158203e-01
-4.908594131469726562e+00 -7.085302472114562988e-01 -6.176275730133056641e+00 -1.810970902442932129e-01 8.057901263236999512e-02 1.083523631095886230e-01 9.741511940956115723e-01
-4.894274711608886719e+00 -7.092114090919494629e-01 -6.176762580871582031e+00 -1.811017692089080811e-01 8.149240165948867798e-02 1.078225076198577881e-01 9.741331934928894043e-01
-4.879289627075195312e+00 -7.098669409751892090e-01 -6.177272796630859375e+00 -1.811965554952621460e-01 8.275131881237030029e-02 1.080358475446701050e-01 9.739856719970703125e-01
-4.863621711730957031e+00 -7.104907035827636719e-01 -6.177808284759521484e+00 -1.813897043466567993e-01 8.435987681150436401e-02 1.090503931045532227e-01 9.736987352371215820e-01
-4.847259521484375000e+00 -7.110778689384460449e-01 -6.178367614746093750e+00 -1.816914677619934082e-01 8.631850033998489380e-02 1.109256744384765625e-01 9.732588529586791992e-01
-4.830186843872070312e+00 -7.116222977638244629e-01 -6.178953647613525391e+00 -1.821145266294479370e-01 8.862343430519104004e-02 1.137228757143020630e-01 9.726495742797851562e-01
-4.812391281127929688e+00 -7.121130228042602539e-01 -6.179567337036132812e+00 -1.826741397380828857e-01 9.126524627208709717e-02 1.175049990415573120e-01 9.718504548072814941e-01
-4.794017791748046875e+00 -7.129565477371215820e-01 -6.181215763092041016e+00 -1.791047155857086182e-01 9.475606679916381836e-02 1.218902766704559326e-01 9.716406464576721191e-01
-4.774977684020996094e+00 -7.137963771820068359e-01 -6.183052062988281250e+00 -1.750086694955825806e-01 9.862558543682098389e-02 1.271087080240249634e-01 9.713333249092102051e-01
-4.755302429199218750e+00 -7.146301269531250000e-01 -6.185057163238525391e+00 -1.704578250646591187e-01 1.028061509132385254e-01 1.330392062664031982e-01 9.709147810935974121e-01
-4.735027790069580078e+00 -7.154467701911926270e-01 -6.187212467193603516e+00 -1.655240654945373535e-01 1.072305217385292053e-01 1.395606696605682373e-01 9.703742861747741699e-01
-4.714181900024414062e+00 -7.157849073410034180e-01 -6.189621925354003906e+00 -1.602804362773895264e-01 1.118313297629356384e-01 1.465522348880767822e-01 9.697042107582092285e-01
-4.692796707153320312e+00 -7.155956625938415527e-01 -6.192277908325195312e+00 -1.548009514808654785e-01 1.165419667959213257e-01 1.538935899734497070e-01 9.689022302627563477e-01
-4.670907497406005859e+00 -7.153576612472534180e-01 -6.195023059844970703e+00 -1.491605341434478760e-01 1.212960258126258850e-01 1.614649593830108643e-01 9.679707884788513184e-01
-4.648544788360595703e+00 -7.150695919990539551e-01 -6.197832584381103516e+00 -1.434353739023208618e-01 1.260278075933456421e-01 1.691473424434661865e-01 9.669190049171447754e-01
-4.625737190246582031e+00 -7.147338986396789551e-01 -6.200680255889892578e+00 -1.377022564411163330e-01 1.306727230548858643e-01 1.768229454755783081e-01 9.657620787620544434e-01
-4.602511405944824219e+00 -7.143579125404357910e-01 -6.203540325164794922e+00 -1.320394724607467651e-01 1.351666003465652466e-01 1.843749433755874634e-01 9.645213484764099121e-01
-4.578892230987548828e+00 -7.139501571655273438e-01 -6.206381797790527344e+00 -1.265260130167007446e-01 1.394461393356323242e-01 1.916877478361129761e-01 9.632246494293212891e-01
-4.554904460906982422e+00 -7.135204672813415527e-01 -6.209177017211914062e+00 -1.212409436702728271e-01 1.434493064880371094e-01 1.986471116542816162e-01 9.619055390357971191e-01
-4.530569553375244141e+00 -7.130798101425170898e-01 -6.211896419525146484e+00 -1.162647604942321777e-01 1.471147239208221436e-01 2.051399648189544678e-01 9.606025815010070801e-01
-4.505907058715820312e+00 -7.126440405845642090e-01 -6.214507102966308594e+00 -1.116777211427688599e-01 1.503816246986389160e-01 2.110545188188552856e-01 9.593588709831237793e-01
-4.480938434600830078e+00 -7.122277617454528809e-01 -6.216980457305908203e+00 -1.075604408979415894e-01 1.531902402639389038e-01 2.162797451019287109e-01 9.582204818725585938e-01
-4.455679893493652344e+00 -7.118468880653381348e-01 -6.219284534454345703e+00 -1.039937362074851990e-01 1.554808318614959717e-01 2.207054793834686279e-01 9.572356343269348145e-01
-4.434695243835449219e+00 -7.115356326103210449e-01 -6.221179485321044922e+00 -1.010581925511360168e-01 1.571940779685974121e-01 2.242217957973480225e-01 9.564527869224548340e-01
-4.418001651763916016e+00 -7.113073468208312988e-01 -6.222635269165039062e+00 -9.883419424295425415e-02 1.582704037427902222e-01 2.267186492681503296e-01 9.559189081192016602e-01
-4.405632019042968750e+00 -7.108349204063415527e-01 -6.223688602447509766e+00 -9.740144759416580200e-02 1.586498022079467773e-01 2.280853241682052612e-01 9.556779265403747559e-01
-4.397594928741455078e+00 -7.104662656784057617e-01 -6.224247932434082031e+00 -9.683893620967864990e-02 1.582712978124618530e-01 2.282097786664962769e-01 9.557681083679199219e-01
-4.393899917602539062e+00 -7.103967070579528809e-01 -6.224256038665771484e+00 -9.719894826412200928e-02 1.570948362350463867e-01 2.270140051841735840e-01 9.562103152275085449e-01
-4.385304450988769531e+00 -7.101794481277465820e-01 -6.224241733551025391e+00 -9.842875599861145020e-02 1.551668643951416016e-01 2.245613932609558105e-01 9.569781422615051270e-01
-4.371791362762451172e+00 -7.098022103309631348e-01 -6.224236965179443359e+00 -1.004483029246330261e-01 1.525551825761795044e-01 2.209495604038238525e-01 9.580283164978027344e-01
-4.353343963623046875e+00 -7.092492580413818359e-01 -6.224270343780517578e+00 -1.031773239374160767e-01 1.493269354104995728e-01 2.162750214338302612e-01 9.593127965927124023e-01
-4.329950332641601562e+00 -7.085058689117431641e-01 -6.224374771118164062e+00 -1.065350919961929321e-01 1.455486267805099487e-01 2.106339633464813232e-01 9.607805609703063965e-01
-4.312154293060302734e+00 -7.080553770065307617e-01 -6.223999500274658203e+00 -1.104402914643287659e-01 1.412869840860366821e-01 2.041225135326385498e-01 9.623798131942749023e-01
-4.299942970275878906e+00 -7.078808546066284180e-01 -6.223176002502441406e+00 -1.148118078708648682e-01 1.366093307733535767e-01 1.968375295400619507e-01 9.640597701072692871e-01
-4.293299674987792969e+00 -7.079687118530273438e-01 -6.221936702728271484e+00 -1.195685341954231262e-01 1.315831094980239868e-01 1.888766735792160034e-01 9.657716751098632812e-01
-4.292204380035400391e+00 -7.083007693290710449e-01 -6.220311164855957031e+00 -1.246298253536224365e-01 1.262767463922500610e-01 1.803387999534606934e-01 9.674707055091857910e-01
-4.291792392730712891e+00 -7.086376547813415527e-01 -6.218597888946533203e+00 -1.299149692058563232e-01 1.207596361637115479e-01 1.713240444660186768e-01 9.691167473793029785e-01
-4.292042732238769531e+00 -7.089648246765136719e-01 -6.216827392578125000e+00 -1.353440582752227783e-01 1.151020973920822144e-01 1.619340628385543823e-01 9.706754684448242188e-01
-4.292930603027343750e+00 -7.092760801315307617e-01 -6.215026855468750000e+00 -1.408377587795257568e-01 1.093752905726432800e-01 1.522719264030456543e-01 9.721187949180603027e-01
-4.294431209564208984e+00 -7.095642089843750000e-01 -6.213223934173583984e+00 -1.463178396224975586e-01 1.036513447761535645e-01 1.424419581890106201e-01 9.734258651733398438e-01
-4.296517848968505859e+00 -7.098253965377807617e-01 -6.211444377899169922e+00 -1.517072618007659912e-01 9.800323098897933960e-02 1.325499117374420166e-01 9.745823740959167480e-01
-4.295767784118652344e+00 -7.098986506462097168e-01 -6.209899902343750000e+00 -1.569296568632125854e-01 9.250462055206298828e-02 1.227023974061012268e-01 9.755819439888000488e-01
-4.292150020599365234e+00 -7.097863554954528809e-01 -6.208611965179443359e+00 -1.619103550910949707e-01 8.722977340221405029e-02 1.130069866776466370e-01 9.764248728752136230e-01
-4.285634040832519531e+00 -7.094909548759460449e-01 -6.207600116729736328e+00 -1.665755808353424072e-01 8.225362747907638550e-02 1.035719141364097595e-01 9.771181344985961914e-01
-4.276187419891357422e+00 -7.090222239494323730e-01 -6.206884860992431641e+00 -1.708528548479080200e-01 7.765134423971176147e-02 9.450569003820419312e-02 9.776749014854431152e-01
-4.263778209686279297e+00 -7.083862423896789551e-01 -6.206480979919433594e+00 -1.746707260608673096e-01 7.349814474582672119e-02 8.591706305742263794e-02 9.781137108802795410e-01
-4.248373508453369141e+00 -7.075951695442199707e-01 -6.206406593322753906e+00 -1.779591888189315796e-01 6.986969709396362305e-02 7.791480422019958496e-02 9.784569144248962402e-01
-4.230037212371826172e+00 -7.069702148437500000e-01 -6.207468509674072266e+00 -1.772878170013427734e-01 6.706639379262924194e-02 7.035293430089950562e-02 9.793474674224853516e-01
-4.208657264709472656e+00 -7.061511278152465820e-01 -6.208699226379394531e+00 -1.767256259918212891e-01 6.473859399557113647e-02 6.351429224014282227e-02 9.800728559494018555e-01
-4.184241771697998047e+00 -7.051440477371215820e-01 -6.210095882415771484e+00 -1.762542724609375000e-01 6.287401914596557617e-02 5.735291168093681335e-02 9.806588888168334961e-01
-4.156804084777832031e+00 -7.039599418640136719e-01 -6.211657524108886719e+00 -1.758581101894378662e-01 6.145535409450531006e-02 5.182522907853126526e-02 9.811275601387023926e-01
-4.126409053802490234e+00 -7.018713355064392090e-01 -6.213492870330810547e+00 -1.755238175392150879e-01 6.046120077371597290e-02 4.688975214958190918e-02 9.814974069595336914e-01
-4.093056678771972656e+00 -6.990332007408142090e-01 -6.215577125549316406e+00 -1.752402931451797485e-01 5.986655503511428833e-02 4.250660538673400879e-02 9.817840456962585449e-01
-4.056720256805419922e+00 -6.959264874458312988e-01 -6.217841148376464844e+00 -1.749982833862304688e-01 5.964371934533119202e-02 3.863727673888206482e-02 9.820007085800170898e-01
-4.017410755157470703e+00 -6.925585865974426270e-01 -6.220283031463623047e+00 -1.747901588678359985e-01 5.976246669888496399e-02 3.524425625801086426e-02 9.821581840515136719e-01
-3.975138425827026367e+00 -6.889306306838989258e-01 -6.222902297973632812e+00 -1.746097207069396973e-01 6.019084900617599487e-02 3.229079768061637878e-02 9.822655916213989258e-01
-3.929913520812988281e+00 -6.850463747978210449e-01 -6.225698947906494141e+00 -1.744520217180252075e-01 6.089550256729125977e-02 2.974065952003002167e-02 9.823307394981384277e-01
-3.881746053695678711e+00 -6.809082031250000000e-01 -6.228671550750732422e+00 -1.743129938840866089e-01 6.184172257781028748e-02 2.755784057080745697e-02 9.823599457740783691e-01
-3.830647230148315430e+00 -6.765173077583312988e-01 -6.231820583343505859e+00 -1.741894483566284180e-01 6.299426406621932983e-02 2.570647746324539185e-02 9.823588132858276367e-01
-3.776815652847290039e+00 -6.701513528823852539e-01 -6.235311985015869141e+00 -1.740787923336029053e-01 6.431702524423599243e-02 2.415058016777038574e-02 9.823321700096130371e-01
-3.720107078552246094e+00 -6.632299423217773438e-01 -6.239008426666259766e+00 -1.739789098501205444e-01 6.577364355325698853e-02 2.285396866500377655e-02 9.822844862937927246e-01
-3.660508871078491211e+00 -6.559582352638244629e-01 -6.242890357971191406e+00 -1.738880127668380737e-01 6.732746958732604980e-02 2.178015001118183136e-02 9.822196960449218750e-01
-3.598032236099243164e+00 -6.483398079872131348e-01 -6.246955394744873047e+00 -1.738045215606689453e-01 6.894194334745407104e-02 2.089226245880126953e-02 9.821417927742004395e-01
-3.532686948776245117e+00 -6.403722763061523438e-01 -6.251205444335937500e+00 -1.737269461154937744e-01 7.058034837245941162e-02 2.015300840139389038e-02 9.820545315742492676e-01
-3.464627504348754883e+00 -6.310583353042602539e-01 -6.255682945251464844e+00 -1.736538559198379517e-01 7.220607250928878784e-02 1.952463388442993164e-02 9.819620251655578613e-01
-3.393934488296508789e+00 -6.199047565460205078e-01 -6.260408878326416016e+00 -1.735837608575820923e-01 7.378280907869338989e-02 1.896900683641433716e-02 9.818680882453918457e-01
-3.320420503616333008e+00 -6.083056330680847168e-01 -6.265320777893066406e+00 -1.735151559114456177e-01 7.527408003807067871e-02 1.844757981598377228e-02 9.817769527435302734e-01
-3.244116783142089844e+00 -5.963159203529357910e-01 -6.270563125610351562e+00 -1.728402823209762573e-01 7.666150480508804321e-02 1.788251288235187531e-02 9.817990064620971680e-01
-3.164993762969970703e+00 -5.838647484779357910e-01 -6.275947570800781250e+00 -1.723507791757583618e-01 7.792744785547256470e-02 1.733701489865779877e-02 9.817952513694763184e-01
-3.083547592163085938e+00 -5.681310892105102539e-01 -6.281460285186767578e+00 -1.720237880945205688e-01 7.907676696777343750e-02 1.682136766612529755e-02 9.817697405815124512e-01
-2.999326944351196289e+00 -5.516540408134460449e-01 -6.287125587463378906e+00 -1.718369722366333008e-01 8.011418581008911133e-02 1.634586974978446960e-02 9.817262887954711914e-01
-2.912298202514648438e+00 -5.346203446388244629e-01 -6.292949676513671875e+00 -1.717671453952789307e-01 8.104451745748519897e-02 1.592076756060123444e-02 9.816691875457763672e-01
-2.822553634643554688e+00 -5.165857076644897461e-01 -6.298914432525634766e+00 -1.717917323112487793e-01 8.187269419431686401e-02 1.555637083947658539e-02 9.816020131111145020e-01
-2.730701446533203125e+00 -4.946887195110321045e-01 -6.304874897003173828e+00 -1.718878597021102905e-01 8.260330557823181152e-02 1.526291854679584503e-02 9.815285205841064453e-01
-2.636058807373046875e+00 -4.721264541149139404e-01 -6.311003684997558594e+00 -1.720328927040100098e-01 8.324140310287475586e-02 1.505074184387922287e-02 9.814525246620178223e-01
-2.538623332977294922e+00 -4.489001333713531494e-01 -6.317309379577636719e+00 -1.722033619880676270e-01 8.379154652357101440e-02 1.493001729249954224e-02 9.813776016235351562e-01
-2.439377784729003906e+00 -4.211816191673278809e-01 -6.323434352874755859e+00 -1.723771691322326660e-01 8.425857871770858765e-02 1.491108629852533340e-02 9.813074469566345215e-01
-2.337598562240600586e+00 -3.917761147022247314e-01 -6.329648971557617188e+00 -1.725307703018188477e-01 8.464732766151428223e-02 1.500417198985815048e-02 9.812455773353576660e-01
-2.233053445816040039e+00 -3.615807890892028809e-01 -6.336044311523437500e+00 -1.726420223712921143e-01 8.496250212192535400e-02 1.521958969533443451e-02 9.811953306198120117e-01
-2.127549648284912109e+00 -3.248205482959747314e-01 -6.341871261596679688e+00 -1.726875901222229004e-01 8.520904928445816040e-02 1.556759700179100037e-02 9.811605811119079590e-01
-2.019463539123535156e+00 -2.866747975349426270e-01 -6.347811222076416016e+00 -1.726446896791458130e-01 8.539144694805145264e-02 1.605842076241970062e-02 9.811443090438842773e-01
-1.907637953758239746e+00 -2.428185939788818359e-01 -6.353435516357421875e+00 -1.724902540445327759e-01 8.551464974880218506e-02 1.670233905315399170e-02 9.811500906944274902e-01
-1.792530775070190430e+00 -1.920739710330963135e-01 -6.358557224273681641e+00 -1.722016334533691406e-01 8.558332175016403198e-02 1.750963926315307617e-02 9.811806082725524902e-01
-1.674255013465881348e+00 -1.351135224103927612e-01 -6.363140106201171875e+00 -1.717557162046432495e-01 8.560224622488021851e-02 1.849056035280227661e-02 9.812391996383666992e-01
-1.553739547729492188e+00 -7.001587003469467163e-02 -6.366802692413330078e+00 -1.711295396089553833e-01 8.557610958814620972e-02 1.965536363422870636e-02 9.813281893730163574e-01
-1.433104991912841797e+00 5.745849572122097015e-03 -6.368646144866943359e+00 -1.703001558780670166e-01 8.550953119993209839e-02 2.101428806781768799e-02 9.814500808715820312e-01
-1.312804818153381348e+00 9.182982891798019409e-02 -6.368462562561035156e+00 -1.692440062761306763e-01 8.540724962949752808e-02 2.257754653692245483e-02 9.816070199012756348e-01
-1.197400450706481934e+00 1.927661150693893433e-01 -6.364297866821289062e+00 -1.679474711418151855e-01 8.527328073978424072e-02 2.434927411377429962e-02 9.817989468574523926e-01
-1.097463965415954590e+00 3.150256276130676270e-01 -6.351833820343017578e+00 -1.664327532052993774e-01 8.510960638523101807e-02 2.630911581218242645e-02 9.820205569267272949e-01
-1.066033482551574707e+00 4.630334377288818359e-01 -6.315391063690185547e+00 -1.647312790155410767e-01 8.491753041744232178e-02 2.843056991696357727e-02 9.822649359703063965e-01
-1.201790690422058105e+00 5.263146758079528809e-01 -6.258623123168945312e+00 -1.628745496273040771e-01 8.469843864440917969e-02 3.068717196583747864e-02 9.825254678726196289e-01
-1.371484994888305664e+00 5.229772925376892090e-01 -6.218476295471191406e+00 -1.608940362930297852e-01 8.445372432470321655e-02 3.305242583155632019e-02 9.827961325645446777e-01
-1.548029780387878418e+00 4.991735816001892090e-01 -6.190133571624755859e+00 -1.588214337825775146e-01 8.418503403663635254e-02 3.549988195300102234e-02 9.830709099769592285e-01
-1.730018854141235352e+00 4.659692347049713135e-01 -6.171155929565429688e+00 -1.566884815692901611e-01 8.389366418123245239e-02 3.800307586789131165e-02 9.833444356918334961e-01
-1.917317509651184082e+00 4.270251393318176270e-01 -6.161867618560791016e+00 -1.545270234346389771e-01 8.358120918273925781e-02 4.053555428981781006e-02 9.836120009422302246e-01
-2.109784126281738281e+00 3.846411108970642090e-01 -6.163486957550048828e+00 -1.523690670728683472e-01 8.324919641017913818e-02 4.307089000940322876e-02 9.838689565658569336e-01
-2.307049274444580078e+00 3.406884670257568359e-01 -6.178124427795410156e+00 -1.502462923526763916e-01 8.289952576160430908e-02 4.558270052075386047e-02 9.841118454933166504e-01
-2.508493661880493164e+00 2.960766553878784180e-01 -6.206539630889892578e+00 -1.481911242008209229e-01 8.253344148397445679e-02 4.804456233978271484e-02 9.843369722366333008e-01
-2.713682413101196289e+00 2.497424334287643433e-01 -6.245224952697753906e+00 -1.462353765964508057e-01 8.215302228927612305e-02 5.043014883995056152e-02 9.845419526100158691e-01
-2.922679901123046875e+00 2.003625482320785522e-01 -6.290471076965332031e+00 -1.444112062454223633e-01 8.175987005233764648e-02 5.271308496594429016e-02 9.847244024276733398e-01
-3.135839462280273438e+00 1.463134735822677612e-01 -6.338190078735351562e+00 -1.427510976791381836e-01 8.135589212179183960e-02 5.486712977290153503e-02 9.848821759223937988e-01
-3.353571891784667969e+00 8.560058474540710449e-02 -6.383580684661865234e+00 -1.412871181964874268e-01 8.094273507595062256e-02 5.686596035957336426e-02 9.850139617919921875e-01
-3.575999259948730469e+00 1.580810546875000000e-02 -6.420659542083740234e+00 -1.400517076253890991e-01 8.052241057157516479e-02 5.868333950638771057e-02 9.851182103157043457e-01
-3.802357196807861328e+00 -6.583129614591598511e-02 -6.441767215728759766e+00 -1.390773952007293701e-01 8.009655028581619263e-02 6.029302999377250671e-02 9.851937890052795410e-01
-4.029039859771728516e+00 -1.636779755353927612e-01 -6.433649063110351562e+00 -1.383959650993347168e-01 7.966716587543487549e-02 6.166875734925270081e-02 9.852393865585327148e-01
-4.249926090240478516e+00 -2.719396948814392090e-01 -6.401840209960937500e+00 -1.380401104688644409e-01 7.923606783151626587e-02 6.278432160615921021e-02 9.852536320686340332e-01
-4.464833259582519531e+00 -3.875292837619781494e-01 -6.351855278015136719e+00 -1.380419880151748657e-01 7.880495488643646240e-02 6.361345201730728149e-02 9.852347373962402344e-01
-4.671343803405761719e+00 -5.075378417968750000e-01 -6.287169456481933594e+00 -1.384228914976119995e-01 7.837621867656707764e-02 6.413948535919189453e-02 9.851813912391662598e-01
-4.873788833618164062e+00 -6.283313035964965820e-01 -6.217703342437744141e+00 -1.391611248254776001e-01 7.795396447181701660e-02 6.438417732715606689e-02 9.850948452949523926e-01
-5.081639766693115234e+00 -7.427245974540710449e-01 -6.161990165710449219e+00 -1.402244567871093750e-01 7.754286378622055054e-02 6.437885761260986328e-02 9.849768877029418945e-01
-5.309630393981933594e+00 -8.216747641563415527e-01 -6.155855178833007812e+00 -1.415798664093017578e-01 7.714765518903732300e-02 6.415480375289916992e-02 9.848286509513854980e-01
-5.543797969818115234e+00 -8.737255930900573730e-01 -6.172351360321044922e+00 -1.431946605443954468e-01 7.677293568849563599e-02 6.374330818653106689e-02 9.846511483192443848e-01
-5.777354717254638672e+00 -9.205822348594665527e-01 -6.188281536102294922e+00 -1.450366079807281494e-01 7.642333954572677612e-02 6.317567080259323120e-02 9.844452738761901855e-01
-6.009409427642822266e+00 -9.671508669853210449e-01 -6.200438499450683594e+00 -1.470725834369659424e-01 7.610347867012023926e-02 6.248315051198005676e-02 9.842122793197631836e-01
-6.239426136016845703e+00 -1.014960885047912598e+00 -6.212261199951171875e+00 -1.492699533700942993e-01 7.581803202629089355e-02 6.169704347848892212e-02 9.839529991149902344e-01
-6.467139244079589844e+00 -1.064714312553405762e+00 -6.225349426269531250e+00 -1.515964567661285400e-01 7.557168602943420410e-02 6.084870547056198120e-02 9.836691021919250488e-01
-6.692512035369873047e+00 -1.116243839263916016e+00 -6.240107059478759766e+00 -1.540192961692810059e-01 7.536905258893966675e-02 5.996944755315780640e-02 9.833622574806213379e-01
-6.915615081787109375e+00 -1.169175982475280762e+00 -6.256350517272949219e+00 -1.565059572458267212e-01 7.521492987871170044e-02 5.909063294529914856e-02 9.830345511436462402e-01
-7.135977745056152344e+00 -1.224788784980773926e+00 -6.275505065917968750e+00 -1.590238213539123535e-01 7.511401176452636719e-02 5.824362486600875854e-02 9.826886653900146484e-01
-7.353752136230468750e+00 -1.282263159751892090e+00 -6.296950340270996094e+00 -1.615407913923263550e-01 7.507120817899703979e-02 5.745988711714744568e-02 9.823274612426757812e-01
-7.569114685058593750e+00 -1.341107130050659180e+00 -6.320170879364013672e+00 -1.640246212482452393e-01 7.509116828441619873e-02 5.677083879709243774e-02 9.819543957710266113e-01
-7.781165599822998047e+00 -1.403200626373291016e+00 -6.347363948822021484e+00 -1.664427667856216431e-01 7.517885416746139526e-02 5.620789527893066406e-02 9.815731048583984375e-01
-7.991137027740478516e+00 -1.465612769126892090e+00 -6.375273704528808594e+00 -1.687627881765365601e-01 7.533910870552062988e-02 5.580250918865203857e-02 9.811876416206359863e-01
-8.197095870971679688e+00 -1.532214283943176270e+00 -6.408410549163818359e+00 -1.709531843662261963e-01 7.557681202888488770e-02 5.558622628450393677e-02 9.808024168014526367e-01
-8.401218414306640625e+00 -1.598503351211547852e+00 -6.441578388214111328e+00 -1.729813367128372192e-01 7.589684426784515381e-02 5.559043586254119873e-02 9.804217815399169922e-01
-8.600768089294433594e+00 -1.669355392456054688e+00 -6.480594158172607422e+00 -1.748152375221252441e-01 7.630413025617599487e-02 5.584667623043060303e-02 9.800502061843872070e-01
-8.798506736755371094e+00 -1.739796161651611328e+00 -6.519544601440429688e+00 -1.764229685068130493e-01 7.680355757474899292e-02 5.638640746474266052e-02 9.796921014785766602e-01
-8.992206573486328125e+00 -1.813661456108093262e+00 -6.562877655029296875e+00 -1.764918714761734009e-01 7.747067511081695557e-02 5.712454766035079956e-02 9.795844554901123047e-01
-9.183853149414062500e+00 -1.887479782104492188e+00 -6.606503963470458984e+00 -1.765853017568588257e-01 7.819971442222595215e-02 5.814045295119285583e-02 9.794498682022094727e-01
-9.372055053710937500e+00 -1.963402628898620605e+00 -6.652575016021728516e+00 -1.766989827156066895e-01 7.896938920021057129e-02 5.937628448009490967e-02 9.792934656143188477e-01
-9.557805061340332031e+00 -2.039919376373291016e+00 -6.699536800384521484e+00 -1.768283843994140625e-01 7.975833863019943237e-02 6.077432632446289062e-02 9.791204333305358887e-01
-9.740784645080566406e+00 -2.117482185363769531e+00 -6.747671127319335938e+00 -1.769687533378601074e-01 8.054473996162414551e-02 6.227682530879974365e-02 9.789362549781799316e-01
-9.920799255371093750e+00 -2.196409940719604492e+00 -6.797272205352783203e+00 -1.771150380373001099e-01 8.130668103694915771e-02 6.382601708173751831e-02 9.787470102310180664e-01
-1.009869575500488281e+01 -2.275441884994506836e+00 -6.847080707550048828e+00 -1.772618144750595093e-01 8.202245086431503296e-02 6.536406278610229492e-02 9.785592555999755859e-01
-1.027303123474121094e+01 -2.356716871261596680e+00 -6.898824214935302734e+00 -1.774033457040786743e-01 8.267052471637725830e-02 6.683300435543060303e-02 9.783797264099121094e-01
-1.044584465026855469e+01 -2.437270402908325195e+00 -6.950104236602783203e+00 -1.775336563587188721e-01 8.322952687740325928e-02 6.817473471164703369e-02 9.782162308692932129e-01
-1.061441612243652344e+01 -2.521052122116088867e+00 -7.003652572631835938e+00 -1.776465177536010742e-01 8.367858827114105225e-02 6.933106482028961182e-02 9.780761003494262695e-01
-1.078152084350585938e+01 -2.604082584381103516e+00 -7.056711196899414062e+00 -1.777355223894119263e-01 8.399692922830581665e-02 7.024361193180084229e-02 9.779675006866455078e-01
-1.094447135925292969e+01 -2.690194129943847656e+00 -7.111509799957275391e+00 -1.777943670749664307e-01 8.416411280632019043e-02 7.085383683443069458e-02 9.778983592987060547e-01
-1.110558032989501953e+01 -2.776136398315429688e+00 -7.166153430938720703e+00 -1.778167933225631714e-01 8.416032791137695312e-02 7.110317796468734741e-02 9.778764843940734863e-01
-1.126200008392333984e+01 -2.865830659866333008e+00 -7.222470760345458984e+00 -1.777968853712081909e-01 8.396524935960769653e-02 7.093293964862823486e-02 9.779092669486999512e-01
-1.141646194458007812e+01 -2.955545663833618164e+00 -7.278657436370849609e+00 -1.777292191982269287e-01 8.355909585952758789e-02 7.028436660766601562e-02 9.780032038688659668e-01
-1.156425762176513672e+01 -3.051409244537353516e+00 -7.337069511413574219e+00 -1.776091158390045166e-01 8.292188495397567749e-02 6.909880787134170532e-02 9.781637191772460938e-01
-1.170860099792480469e+01 -3.149160146713256836e+00 -7.395596027374267578e+00 -1.774328500032424927e-01 8.203322440385818481e-02 6.731756031513214111e-02 9.783948063850402832e-01
-1.184825611114501953e+01 -3.250428915023803711e+00 -7.454701423645019531e+00 -1.768896579742431641e-01 8.089280128479003906e-02 6.485668569803237915e-02 9.787542223930358887e-01
-1.198144245147705078e+01 -3.357513427734375000e+00 -7.513386726379394531e+00 -1.763451546430587769e-01 7.945320010185241699e-02 6.168903410434722900e-02 9.791752696037292480e-01
-1.211013793945312500e+01 -3.468317747116088867e+00 -7.570010185241699219e+00 -1.758448928594589233e-01 7.768948376178741455e-02 5.776008218526840210e-02 9.796462655067443848e-01
-1.223504447937011719e+01 -3.582777023315429688e+00 -7.622502326965332031e+00 -1.753993481397628784e-01 7.559326291084289551e-02 5.304028093814849854e-02 9.801568388938903809e-01
-1.235836601257324219e+01 -3.699529409408569336e+00 -7.667567729949951172e+00 -1.750043183565139771e-01 7.321406900882720947e-02 4.761040210723876953e-02 9.806867241859436035e-01
-1.248377513885498047e+01 -3.815404653549194336e+00 -7.701083660125732422e+00 -1.746527999639511108e-01 7.061611860990524292e-02 4.157906770706176758e-02 9.812140464782714844e-01
-1.261513996124267578e+01 -3.925435781478881836e+00 -7.719387054443359375e+00 -1.743373125791549683e-01 6.786391139030456543e-02 3.505506366491317749e-02 9.817190170288085938e-01
-1.275434780120849609e+01 -4.024270534515380859e+00 -7.721226692199707031e+00 -1.740511804819107056e-01 6.502210348844528198e-02 2.814744040369987488e-02 9.821842908859252930e-01
-1.289747810363769531e+01 -4.113826274871826172e+00 -7.710897445678710938e+00 -1.737886071205139160e-01 6.215560808777809143e-02 2.096549794077873230e-02 9.825958609580993652e-01
-1.304143238067626953e+01 -4.197311878204345703e+00 -7.692307472229003906e+00 -1.735125184059143066e-01 5.932996794581413269e-02 1.361678168177604675e-02 9.829486012458801270e-01
-1.318439579010009766e+01 -4.277488231658935547e+00 -7.668160438537597656e+00 -1.731579899787902832e-01 5.661029368638992310e-02 6.207776255905628204e-03 9.832461476325988770e-01
-1.332502651214599609e+01 -4.356884479522705078e+00 -7.640406131744384766e+00 -1.728440523147583008e-01 5.406017228960990906e-02 -1.144527457654476166e-03 9.834637641906738281e-01
-1.346515083312988281e+01 -4.440202713012695312e+00 -7.610035896301269531e+00 -1.725700795650482178e-01 5.174638703465461731e-02 -8.330673910677433014e-03 9.836017489433288574e-01
-1.360124683380126953e+01 -4.533162117004394531e+00 -7.579246044158935547e+00 -1.723325401544570923e-01 4.973550513386726379e-02 -1.524132583290338516e-02 9.836643338203430176e-01
-1.372609424591064453e+01 -4.644141197204589844e+00 -7.552659511566162109e+00 -1.721255332231521606e-01 4.809432849287986755e-02 -2.176743932068347931e-02 9.836595058441162109e-01
-1.381720352172851562e+01 -4.786213397979736328e+00 -7.536727905273437500e+00 -1.719412058591842651e-01 4.688932001590728760e-02 -2.780043333768844604e-02 9.835978150367736816e-01
-1.385295295715332031e+01 -4.954156875610351562e+00 -7.531871318817138672e+00 -1.717703789472579956e-01 4.618685692548751831e-02 -3.323137015104293823e-02 9.834924340248107910e-01
-1.385300254821777344e+01 -5.128316402435302734e+00 -7.531240463256835938e+00 -1.716032773256301880e-01 4.605301469564437866e-02 -3.795181587338447571e-02 9.833570718765258789e-01
-1.383405685424804688e+01 -5.303647994995117188e+00 -7.531244277954101562e+00 -1.714304834604263306e-01 4.655359685420989990e-02 -4.185327142477035522e-02 9.832052588462829590e-01
-1.380632877349853516e+01 -5.479910850524902344e+00 -7.530457019805908203e+00 -1.712438762187957764e-01 4.775436967611312866e-02 -4.482733458280563354e-02 9.830490946769714355e-01
-1.377442741394042969e+01 -5.657613277435302734e+00 -7.528681278228759766e+00 -1.710377335548400879e-01 4.972097277641296387e-02 -4.676565527915954590e-02 9.828971624374389648e-01
-1.373997402191162109e+01 -5.837018966674804688e+00 -7.526209354400634766e+00 -1.708100736141204834e-01 5.251947417855262756e-02 -4.755950346589088440e-02 9.827530384063720703e-01
-1.370313644409179688e+01 -6.018113136291503906e+00 -7.521990776062011719e+00 -1.705639958381652832e-01 5.621579289436340332e-02 -4.709930717945098877e-02 9.826135039329528809e-01
-1.366515922546386719e+01 -6.201169490814208984e+00 -7.517535686492919922e+00 -1.702729165554046631e-01 6.084364280104637146e-02 -4.531852528452873230e-02 9.824720621109008789e-01
-1.362485313415527344e+01 -6.385909080505371094e+00 -7.512141704559326172e+00 -1.699672490358352661e-01 6.631615757942199707e-02 -4.231136664748191833e-02 9.823049306869506836e-01
-1.358342170715332031e+01 -6.572580814361572266e+00 -7.506579875946044922e+00 -1.696540713310241699e-01 7.251441478729248047e-02 -3.821373730897903442e-02 9.820890426635742188e-01
-1.353934192657470703e+01 -6.760814189910888672e+00 -7.500333786010742188e+00 -1.693395674228668213e-01 7.931890338659286499e-02 -3.316249698400497437e-02 9.818007946014404297e-01
-1.349448204040527344e+01 -6.951019763946533203e+00 -7.494031906127929688e+00 -1.690311878919601440e-01 8.661003410816192627e-02 -2.729418873786926270e-02 9.814184904098510742e-01
-1.344617748260498047e+01 -7.142535209655761719e+00 -7.487133026123046875e+00 -1.687359213829040527e-01 9.426839649677276611e-02 -2.074626833200454712e-02 9.809237122535705566e-01
-1.339724922180175781e+01 -7.336025238037109375e+00 -7.480198860168457031e+00 -1.684624403715133667e-01 1.021744906902313232e-01 -1.365607045590877533e-02 9.803032279014587402e-01
-1.334451484680175781e+01 -7.530652999877929688e+00 -7.472828388214111328e+00 -1.682200580835342407e-01 1.102094054222106934e-01 -6.161980330944061279e-03 9.795499444007873535e-01
-1.329071140289306641e+01 -7.727106571197509766e+00 -7.465352058410644531e+00 -1.680194437503814697e-01 1.182545050978660583e-01 1.598093658685684204e-03 9.786637425422668457e-01
-1.323282718658447266e+01 -7.924523830413818359e+00 -7.457553386688232422e+00 -1.678726375102996826e-01 1.261922568082809448e-01 9.485361166298389435e-03 9.776524305343627930e-01
-1.317308044433593750e+01 -8.123508453369140625e+00 -7.449590682983398438e+00 -1.677926927804946899e-01 1.339057087898254395e-01 1.736168377101421356e-02 9.765312671661376953e-01
-1.310835552215576172e+01 -8.323049545288085938e+00 -7.441346645355224609e+00 -1.677943766117095947e-01 1.412791162729263306e-01 2.508880570530891418e-02 9.753234386444091797e-01
-1.304099655151367188e+01 -8.523863792419433594e+00 -7.432913780212402344e+00 -1.678932011127471924e-01 1.481979042291641235e-01 3.252874314785003662e-02 9.740590453147888184e-01
-1.296928596496582031e+01 -8.715136528015136719e+00 -7.424590110778808594e+00 -1.681062877178192139e-01 1.545485109090805054e-01 3.954411298036575317e-02 9.727750420570373535e-01
-1.289832115173339844e+01 -8.898656845092773438e+00 -7.416491985321044922e+00 -1.684511750936508179e-01 1.602184027433395386e-01 4.599796608090400696e-02 9.715135097503662109e-01
-1.281900691986083984e+01 -9.070492744445800781e+00 -7.408519744873046875e+00 -1.689466238021850586e-01 1.650961339473724365e-01 5.175393447279930115e-02 9.703205227851867676e-01
-1.273975563049316406e+01 -9.233934402465820312e+00 -7.400757312774658203e+00 -1.696113497018814087e-01 1.690706163644790649e-01 5.667603015899658203e-02 9.692445993423461914e-01
-1.265505695343017578e+01 -9.386127471923828125e+00 -7.393127918243408203e+00 -1.704647988080978394e-01 1.720310598611831665e-01 6.062866002321243286e-02 9.683342576026916504e-01
-1.256814575195312500e+01 -9.528114318847656250e+00 -7.385651588439941406e+00 -1.715256571769714355e-01 1.738667190074920654e-01 6.347632408142089844e-02 9.676363468170166016e-01
-1.248079204559326172e+01 -9.660876274108886719e+00 -7.378326892852783203e+00 -1.728119403123855591e-01 1.744658648967742920e-01 6.508336216211318970e-02 9.671928882598876953e-01
-1.239026737213134766e+01 -9.782088279724121094e+00 -7.371115684509277344e+00 -1.743283569812774658e-01 1.737579405307769775e-01 6.535860151052474976e-02 9.670295119285583496e-01
-1.230088329315185547e+01 -9.894425392150878906e+00 -7.364058494567871094e+00 -1.760282665491104126e-01 1.718400865793228149e-01 6.438961625099182129e-02 9.671292901039123535e-01
-1.221375560760498047e+01 -9.998789787292480469e+00 -7.357501029968261719e+00 -1.764468401670455933e-01 1.689407080411911011e-01 6.206322461366653442e-02 9.677156805992126465e-01
-1.212954425811767578e+01 -1.009560680389404297e+01 -7.351344585418701172e+00 -1.759783923625946045e-01 1.651552766561508179e-01 5.860617011785507202e-02 9.686695337295532227e-01
-1.205080795288085938e+01 -1.018707275390625000e+01 -7.345381259918212891e+00 -1.754209697246551514e-01 1.605563759803771973e-01 5.431011319160461426e-02 9.697935581207275391e-01
-1.197851657867431641e+01 -1.027553939819335938e+01 -7.339585304260253906e+00 -1.748112887144088745e-01 1.552702486515045166e-01 4.932894557714462280e-02 9.710298180580139160e-01
-1.191355800628662109e+01 -1.036163043975830078e+01 -7.333970069885253906e+00 -1.741831004619598389e-01 1.494271308183670044e-01 4.381276667118072510e-02 9.723230600357055664e-01
-1.185930728912353516e+01 -1.044757461547851562e+01 -7.328517913818359375e+00 -1.735657304525375366e-01 1.431621760129928589e-01 3.790732473134994507e-02 9.736233949661254883e-01
-1.181348133087158203e+01 -1.053114986419677734e+01 -7.323725223541259766e+00 -1.729830801486968994e-01 1.366152912378311157e-01 3.175374865531921387e-02 9.748870134353637695e-01
-1.177367019653320312e+01 -1.061083126068115234e+01 -7.319580554962158203e+00 -1.724532097578048706e-01 1.299314349889755249e-01 2.548875473439693451e-02 9.760777950286865234e-01
-1.174062061309814453e+01 -1.068684673309326172e+01 -7.316482543945312500e+00 -1.719881445169448853e-01 1.232595741748809814e-01 1.924512162804603577e-02 9.771677255630493164e-01
-1.171194839477539062e+01 -1.075788307189941406e+01 -7.314379215240478516e+00 -1.715940088033676147e-01 1.167522668838500977e-01 1.315212901681661606e-02 9.781366586685180664e-01
-1.168706130981445312e+01 -1.082369709014892578e+01 -7.313039302825927734e+00 -1.712716668844223022e-01 1.105642020702362061e-01 7.337284274399280548e-03 9.789727330207824707e-01
-1.166541099548339844e+01 -1.088401794433593750e+01 -7.312826156616210938e+00 -1.710172444581985474e-01 1.048513874411582947e-01 1.926289871335029602e-03 9.796711206436157227e-01
-1.164639472961425781e+01 -1.093862533569335938e+01 -7.313165664672851562e+00 -1.708232015371322632e-01 9.976965188980102539e-02 -2.954510971903800964e-03 9.802330136299133301e-01
-1.162947273254394531e+01 -1.098731327056884766e+01 -7.313943386077880859e+00 -1.706794351339340210e-01 9.547358751296997070e-02 -7.177706807851791382e-03 9.806639552116394043e-01
-1.161468029022216797e+01 -1.103010368347167969e+01 -7.315625667572021484e+00 -1.705748587846755981e-01 9.211478382349014282e-02 -1.061257999390363693e-02 9.809721708297729492e-01
-1.160179996490478516e+01 -1.106696414947509766e+01 -7.317087173461914062e+00 -1.704989522695541382e-01 8.984080702066421509e-02 -1.312376093119382858e-02 9.811659455299377441e-01
-1.159079074859619141e+01 -1.109790039062500000e+01 -7.318327903747558594e+00 -1.704438030719757080e-01 8.879328519105911255e-02 -1.456971187144517899e-02 9.812504053115844727e-01
-1.158126354217529297e+01 -1.112273025512695312e+01 -7.320221900939941406e+00 -1.704066097736358643e-01 8.910661935806274414e-02 -1.480058953166007996e-02 9.812250137329101562e-01
-1.157385826110839844e+01 -1.114215087890625000e+01 -7.323141098022460938e+00 -1.645741015672683716e-01 9.077505022287368774e-02 -1.424404047429561615e-02 9.820755720138549805e-01
-1.156842422485351562e+01 -1.115574645996093750e+01 -7.325812816619873047e+00 -1.579368114471435547e-01 9.377459436655044556e-02 -1.255485322326421738e-02 9.829061627388000488e-01
-1.156500625610351562e+01 -1.116349983215332031e+01 -7.328217983245849609e+00 -1.505789905786514282e-01 9.796085953712463379e-02 -9.881633333861827850e-03 9.836828708648681641e-01
-1.156365203857421875e+01 -1.116539192199707031e+01 -7.330340862274169922e+00 -1.425855457782745361e-01 1.031888201832771301e-01 -6.372344680130481720e-03 9.843682050704956055e-01
-1.156178665161132812e+01 -1.116818046569824219e+01 -7.332705020904541016e+00 -1.340415775775909424e-01 1.093132495880126953e-01 -2.176234498620033264e-03 9.849257469177246094e-01
-1.155945682525634766e+01 -1.117185115814208984e+01 -7.335292339324951172e+00 -1.250334084033966064e-01 1.161888092756271362e-01 2.557715401053428650e-03 9.853224158287048340e-01
-1.155670642852783203e+01 -1.117638969421386719e+01 -7.338080406188964844e+00 -1.156482845544815063e-01 1.236702129244804382e-01 7.680432405322790146e-03 9.855313897132873535e-01
-1.155358028411865234e+01 -1.118178272247314453e+01 -7.341046810150146484e+00 -1.059755533933639526e-01 1.316128969192504883e-01 1.304211281239986420e-02 9.855338931083679199e-01
-1.155012416839599609e+01 -1.118802070617675781e+01 -7.344164371490478516e+00 -9.610616415739059448e-02 1.398729979991912842e-01 1.849325001239776611e-02 9.853208065032958984e-01
-1.154637813568115234e+01 -1.119509983062744141e+01 -7.347404479980468750e+00 -8.613194525241851807e-02 1.483079344034194946e-01 2.388409711420536041e-02 9.848936796188354492e-01
-1.154237842559814453e+01 -1.120301723480224609e+01 -7.350736618041992188e+00 -7.614720612764358521e-02 1.567766815423965454e-01 2.906565926969051361e-02 9.842652082443237305e-01
-1.153816413879394531e+01 -1.121177101135253906e+01 -7.354125976562500000e+00 -6.624601781368255615e-02 1.651398241519927979e-01 3.388918936252593994e-02 9.834589958190917969e-01
-1.153376579284667969e+01 -1.122136783599853516e+01 -7.357536315917968750e+00 -5.652445554733276367e-02 1.732600331306457520e-01 3.820677846670150757e-02 9.825100898742675781e-01
-1.152921390533447266e+01 -1.123181533813476562e+01 -7.360931873321533203e+00 -4.707835987210273743e-02 1.810020953416824341e-01 4.187121242284774780e-02 9.814624786376953125e-01
-1.152420616149902344e+01 -1.124293994903564453e+01 -7.364689826965332031e+00 -3.800407052040100098e-02 1.882324665784835815e-01 4.473610594868659973e-02 9.803687930107116699e-01
-1.151900386810302734e+01 -1.125488376617431641e+01 -7.368478298187255859e+00 -2.939762547612190247e-02 1.948197484016418457e-01 4.665576294064521790e-02 9.792876243591308594e-01
-1.151368999481201172e+01 -1.126768970489501953e+01 -7.372177600860595703e+00 -2.135467715561389923e-02 2.006336599588394165e-01 4.748503863811492920e-02 9.782817959785461426e-01
-1.150829219818115234e+01 -1.128136920928955078e+01 -7.375752449035644531e+00 -1.397005282342433929e-02 2.055450379848480225e-01 4.707901552319526672e-02 9.774147868156433105e-01
-1.150282669067382812e+01 -1.129593276977539062e+01 -7.379165649414062500e+00 -7.337628398090600967e-03 2.094246894121170044e-01 4.529269784688949585e-02 9.767476916313171387e-01
-1.149732112884521484e+01 -1.131138515472412109e+01 -7.382385730743408203e+00 -1.549993641674518585e-03 2.121428847312927246e-01 4.198047518730163574e-02 9.763352870941162109e-01
-1.149280452728271484e+01 -1.132781696319580078e+01 -7.384313583374023438e+00 1.235958188772201538e-04 2.095213383436203003e-01 3.213074803352355957e-02 9.772760868072509766e-01
-1.148791313171386719e+01 -1.134507942199707031e+01 -7.386367797851562500e+00 1.797170378267765045e-03 2.068772464990615845e-01 2.227756753563880920e-02 9.781115651130676270e-01
-1.148249530792236328e+01 -1.136308288574218750e+01 -7.388684749603271484e+00 3.470550756901502609e-03 2.042109817266464233e-01 1.242199447005987167e-02 9.788418412208557129e-01
-1.147583961486816406e+01 -1.138139629364013672e+01 -7.391919612884521484e+00 5.143558140844106674e-03 2.015226334333419800e-01 2.565089846029877663e-03 9.794669747352600098e-01
-1.146875858306884766e+01 -1.140051269531250000e+01 -7.395323276519775391e+00 6.816009990870952606e-03 1.988126188516616821e-01 -7.292080204933881760e-03 9.799866676330566406e-01
-1.146125125885009766e+01 -1.142043209075927734e+01 -7.398895740509033203e+00 8.487756364047527313e-03 1.960812211036682129e-01 -1.714861765503883362e-02 9.804010391235351562e-01
-1.145331478118896484e+01 -1.144115352630615234e+01 -7.402636528015136719e+00 1.015854161232709885e-02 1.933288127183914185e-01 -2.700305730104446411e-02 9.807097911834716797e-01
-1.144494819641113281e+01 -1.146267795562744141e+01 -7.406547069549560547e+00 1.182824932038784027e-02 1.905555278062820435e-01 -3.685467690229415894e-02 9.809129834175109863e-01
-1.143610572814941406e+01 -1.148497200012207031e+01 -7.410671234130859375e+00 1.349671650677919388e-02 1.877617537975311279e-01 -4.670249670743942261e-02 9.810107946395874023e-01
-1.142593479156494141e+01 -1.150741958618164062e+01 -7.415820121765136719e+00 1.516367774456739426e-02 1.849478036165237427e-01 -5.654500052332878113e-02 9.810030460357666016e-01
-1.141529750823974609e+01 -1.153064632415771484e+01 -7.421169281005859375e+00 1.682906597852706909e-02 1.821140050888061523e-01 -6.638172268867492676e-02 9.808897972106933594e-01
-1.140419197082519531e+01 -1.155465030670166016e+01 -7.426721096038818359e+00 1.849261671304702759e-02 1.792605668306350708e-01 -7.621116936206817627e-02 9.806709885597229004e-01
-1.139261531829833984e+01 -1.157943439483642578e+01 -7.432474136352539062e+00 2.015415765345096588e-02 1.763878166675567627e-01 -8.603232353925704956e-02 9.803466796875000000e-01
-1.138052177429199219e+01 -1.160495567321777344e+01 -7.438479423522949219e+00 2.181358262896537781e-02 1.734961271286010742e-01 -9.584447741508483887e-02 9.799168705940246582e-01
-1.136721324920654297e+01 -1.163064575195312500e+01 -7.445419788360595703e+00 2.347061783075332642e-02 1.705857366323471069e-01 -1.056461185216903687e-01 9.793816208839416504e-01
-1.135340785980224609e+01 -1.165709686279296875e+01 -7.452585697174072266e+00 2.512515895068645477e-02 1.676570177078247070e-01 -1.154365390539169312e-01 9.787411093711853027e-01
-1.133910465240478516e+01 -1.168430423736572266e+01 -7.459977149963378906e+00 2.677694521844387054e-02 1.647103279829025269e-01 -1.252142339944839478e-01 9.779953360557556152e-01
-1.132430267333984375e+01 -1.171227264404296875e+01 -7.467595100402832031e+00 2.842589467763900757e-02 1.617458164691925049e-01 -1.349787563085556030e-01 9.771443605422973633e-01
-1.130853271484375000e+01 -1.174058055877685547e+01 -7.475920677185058594e+00 3.007176145911216736e-02 1.587639600038528442e-01 -1.447285860776901245e-01 9.761881828308105469e-01
-1.129212284088134766e+01 -1.176952075958251953e+01 -7.484617233276367188e+00 3.171437978744506836e-02 1.557649672031402588e-01 -1.544627994298934937e-01 9.751269817352294922e-01
-1.127388191223144531e+01 -1.179964542388916016e+01 -7.494206428527832031e+00 3.576411306858062744e-02 1.569553911685943604e-01 -1.582171171903610229e-01 9.741936922073364258e-01
-1.125479793548583984e+01 -1.183063793182373047e+01 -7.504220962524414062e+00 4.049535095691680908e-02 1.592343896627426147e-01 -1.604866832494735718e-01 9.732669591903686523e-01
-1.123458099365234375e+01 -1.186217498779296875e+01 -7.515002727508544922e+00 4.581968486309051514e-02 1.624819338321685791e-01 -1.613929420709609985e-01 9.723438620567321777e-01
-1.121358966827392578e+01 -1.189456844329833984e+01 -7.526160240173339844e+00 5.164826288819313049e-02 1.665768921375274658e-01 -1.610554307699203491e-01 9.714143276214599609e-01
-1.119185543060302734e+01 -1.192780780792236328e+01 -7.537672996520996094e+00 5.789191275835037231e-02 1.713970750570297241e-01 -1.595934331417083740e-01 9.704646468162536621e-01
-1.116936111450195312e+01 -1.196182060241699219e+01 -7.549624443054199219e+00 6.446136534214019775e-02 1.768201440572738647e-01 -1.571267545223236084e-01 9.694795608520507812e-01
-1.114616203308105469e+01 -1.199663257598876953e+01 -7.561928749084472656e+00 7.126715034246444702e-02 1.827237308025360107e-01 -1.537748575210571289e-01 9.684453010559082031e-01
-1.112230110168457031e+01 -1.203225231170654297e+01 -7.574538230895996094e+00 7.821980118751525879e-02 1.889857053756713867e-01 -1.496584415435791016e-01 9.673511981964111328e-01
-1.109811973571777344e+01 -1.206893730163574219e+01 -7.587212562561035156e+00 8.522988110780715942e-02 1.954848766326904297e-01 -1.448981165885925293e-01 9.661915302276611328e-01
-1.107336807250976562e+01 -1.210644721984863281e+01 -7.600123882293701172e+00 9.220847487449645996e-02 2.021008878946304321e-01 -1.396170109510421753e-01 9.649662971496582031e-01
-1.104395771026611328e+01 -1.215261077880859375e+01 -7.614971637725830078e+00 9.906688332557678223e-02 2.087146639823913574e-01 -1.339381933212280273e-01 9.636828303337097168e-01
-1.101006603240966797e+01 -1.220755958557128906e+01 -7.631606101989746094e+00 1.057171598076820374e-01 2.152088880538940430e-01 -1.279861778020858765e-01 9.623557329177856445e-01
-1.097424030303955078e+01 -1.227318572998046875e+01 -7.647864341735839844e+00 1.120720878243446350e-01 2.214676588773727417e-01 -1.218866780400276184e-01 9.610075354576110840e-01
-1.093889236450195312e+01 -1.235065174102783203e+01 -7.661727905273437500e+00 1.180451810359954834e-01 2.273771464824676514e-01 -1.157656013965606689e-01 9.596683382987976074e-01
-1.091128635406494141e+01 -1.244223117828369141e+01 -7.667294025421142578e+00 1.235508918762207031e-01 2.328250706195831299e-01 -1.097501888871192932e-01 9.583749771118164062e-01
-1.089387702941894531e+01 -1.254620552062988281e+01 -7.662805080413818359e+00 1.285045444965362549e-01 2.377007603645324707e-01 -1.039677932858467102e-01 9.571704864501953125e-01
-1.088535976409912109e+01 -1.266050434112548828e+01 -7.649362564086914062e+00 1.328220516443252563e-01 2.418951243162155151e-01 -9.854537248611450195e-02 9.561034440994262695e-01
-1.088059997558593750e+01 -1.278440189361572266e+01 -7.630880355834960938e+00 1.364201158285140991e-01 2.453001141548156738e-01 -9.361094236373901367e-02 9.552248120307922363e-01
-1.087613773345947266e+01 -1.291804695129394531e+01 -7.609954833984375000e+00 1.392156034708023071e-01 2.478080093860626221e-01 -8.929165452718734741e-02 9.545874595642089844e-01
-1.087104129791259766e+01 -1.306154727935791016e+01 -7.587370395660400391e+00 1.411254554986953735e-01 2.493110448122024536e-01 -8.571424335241317749e-02 9.542435407638549805e-01
-1.086549949645996094e+01 -1.321492195129394531e+01 -7.563140869140625000e+00 1.420906782150268555e-01 2.496294826269149780e-01 -8.296513557434082031e-02 9.542599916458129883e-01
-1.085964775085449219e+01 -1.337817859649658203e+01 -7.537308216094970703e+00 1.421610713005065918e-01 2.491267174482345581e-01 -8.107053488492965698e-02 9.545436501502990723e-01
-1.085356044769287109e+01 -1.355133152008056641e+01 -7.509955406188964844e+00 1.414024531841278076e-01 2.475738227367401123e-01 -7.995324581861495972e-02 9.551544189453125000e-01
-1.084733963012695312e+01 -1.373439216613769531e+01 -7.481179714202880859e+00 1.398854851722717285e-01 2.451555579900741577e-01 -7.958522439002990723e-02 9.560319185256958008e-01
-1.084111404418945312e+01 -1.392737770080566406e+01 -7.451115131378173828e+00 1.376787722110748291e-01 2.419518083333969116e-01 -7.992572337388992310e-02 9.571393728256225586e-01
-1.083505344390869141e+01 -1.413031482696533203e+01 -7.419952392578125000e+00 1.348504871129989624e-01 2.380412817001342773e-01 -8.093422651290893555e-02 9.584369063377380371e-01
-1.082941627502441406e+01 -1.434323978424072266e+01 -7.387977123260498047e+00 1.314685493707656860e-01 2.335025370121002197e-01 -8.256930112838745117e-02 9.598827958106994629e-01
-1.082404136657714844e+01 -1.456620693206787109e+01 -7.355696201324462891e+00 1.276008784770965576e-01 2.284142225980758667e-01 -8.478960394859313965e-02 9.614341259002685547e-01
-1.081778526306152344e+01 -1.479932975769042969e+01 -7.324330329895019531e+00 1.233155578374862671e-01 2.228548377752304077e-01 -8.755356818437576294e-02 9.630488753318786621e-01
-1.080910873413085938e+01 -1.504263305664062500e+01 -7.294825077056884766e+00 1.186810731887817383e-01 2.169036418199539185e-01 -9.082034230232238770e-02 9.646860957145690918e-01
-1.079626846313476562e+01 -1.527834701538085938e+01 -7.270857810974121094e+00 1.137661337852478027e-01 2.106404453516006470e-01 -9.454818069934844971e-02 9.663065671920776367e-01
-1.077858257293701172e+01 -1.550620937347412109e+01 -7.252243995666503906e+00 1.086400449275970459e-01 2.041459083557128906e-01 -9.869598597288131714e-02 9.678744077682495117e-01
-1.075475692749023438e+01 -1.572587871551513672e+01 -7.239646911621093750e+00 1.033725887537002563e-01 1.975015103816986084e-01 -1.032228171825408936e-01 9.693566560745239258e-01
-1.072990608215332031e+01 -1.593754482269287109e+01 -7.229771137237548828e+00 9.803405404090881348e-02 1.907895654439926147e-01 -1.080882474780082703e-01 9.707242250442504883e-01
-1.070732402801513672e+01 -1.614148712158203125e+01 -7.220603466033935547e+00 9.269519150257110596e-02 1.840935796499252319e-01 -1.132516339421272278e-01 9.719523191452026367e-01
-1.068924331665039062e+01 -1.633785629272460938e+01 -7.210654258728027344e+00 8.742716163396835327e-02 1.774975806474685669e-01 -1.186730787158012390e-01 9.730199575424194336e-01
-1.067592144012451172e+01 -1.652657508850097656e+01 -7.199452877044677734e+00 8.230158686637878418e-02 1.710865199565887451e-01 -1.243131756782531738e-01 9.739106297492980957e-01
-1.066706180572509766e+01 -1.670752906799316406e+01 -7.186996459960937500e+00 7.739042490720748901e-02 1.649460792541503906e-01 -1.301335245370864868e-01 9.746121764183044434e-01
-1.066296100616455078e+01 -1.688060569763183594e+01 -7.173061847686767578e+00 7.276567816734313965e-02 1.591625511646270752e-01 -1.360950618982315063e-01 9.751157164573669434e-01
-1.066246318817138672e+01 -1.704567909240722656e+01 -7.158156394958496094e+00 6.849967688322067261e-02 1.538224071264266968e-01 -1.421604603528976440e-01 9.754163026809692383e-01
-1.066394901275634766e+01 -1.720276641845703125e+01 -7.143130779266357422e+00 6.465325504541397095e-02 1.489957273006439209e-01 -1.482925713062286377e-01 9.755149483680725098e-01
-1.066794013977050781e+01 -1.735182189941406250e+01 -7.127814292907714844e+00 6.124088168144226074e-02 1.446835398674011230e-01 -1.544551998376846313e-01 9.754280447959899902e-01
-1.067313003540039062e+01 -1.749288749694824219e+01 -7.112856388092041016e+00 5.826535448431968689e-02 1.408697515726089478e-01 -1.606122553348541260e-01 9.751741290092468262e-01
-1.067943572998046875e+01 -1.762597084045410156e+01 -7.098284721374511719e+00 5.572939664125442505e-02 1.375379413366317749e-01 -1.667282283306121826e-01 9.747713804244995117e-01
-1.068649291992187500e+01 -1.775108909606933594e+01 -7.084302902221679688e+00 5.363549292087554932e-02 1.346712857484817505e-01 -1.727668344974517822e-01 9.742373824119567871e-01
-1.069432830810546875e+01 -1.786823844909667969e+01 -7.070898056030273438e+00 5.198611319065093994e-02 1.322534382343292236e-01 -1.786918938159942627e-01 9.735890626907348633e-01
-1.070190620422363281e+01 -1.797750854492187500e+01 -7.058406352996826172e+00 5.078359693288803101e-02 1.302672326564788818e-01 -1.844677627086639404e-01 9.728428125381469727e-01
-1.071066093444824219e+01 -1.807877159118652344e+01 -7.046470165252685547e+00 5.003027617931365967e-02 1.286957561969757080e-01 -1.900585889816284180e-01 9.720143675804138184e-01
-1.071880340576171875e+01 -1.817219734191894531e+01 -7.035531044006347656e+00 4.972835630178451538e-02 1.275219768285751343e-01 -1.954280883073806763e-01 9.711195230484008789e-01
-1.072669506072998047e+01 -1.825774955749511719e+01 -7.025519371032714844e+00 4.988002404570579529e-02 1.267285943031311035e-01 -2.005403339862823486e-01 9.701729416847229004e-01
-1.073508262634277344e+01 -1.833535385131835938e+01 -7.016298294067382812e+00 5.048748850822448730e-02 1.262983977794647217e-01 -2.053597420454025269e-01 9.691888689994812012e-01
-1.074267673492431641e+01 -1.840515518188476562e+01 -7.008103370666503906e+00 5.155286192893981934e-02 1.262142062187194824e-01 -2.098497301340103149e-01 9.681814312934875488e-01
-1.074947452545166016e+01 -1.846715164184570312e+01 -7.000937938690185547e+00 5.307827144861221313e-02 1.264585256576538086e-01 -2.139743566513061523e-01 9.671638011932373047e-01
-1.075587463378906250e+01 -1.852130889892578125e+01 -6.994749069213867188e+00 5.506585538387298584e-02 1.270139813423156738e-01 -2.176977246999740601e-01 9.661485552787780762e-01
-1.076206684112548828e+01 -1.856760025024414062e+01 -6.989513874053955078e+00 5.751766264438629150e-02 1.278627812862396240e-01 -2.209834307432174683e-01 9.651471376419067383e-01
-1.076727008819580078e+01 -1.860612297058105469e+01 -6.985333919525146484e+00 6.043577194213867188e-02 1.289875358343124390e-01 -2.237948328256607056e-01 9.641709327697753906e-01
-1.077147674560546875e+01 -1.863688659667968750e+01 -6.982211112976074219e+00 6.382221728563308716e-02 1.303703486919403076e-01 -2.260952591896057129e-01 9.632295370101928711e-01
-1.077467727661132812e+01 -1.865988922119140625e+01 -6.980148315429687500e+00 6.767901778221130371e-02 1.319932490587234497e-01 -2.278481870889663696e-01 9.623317718505859375e-01
-1.077686977386474609e+01 -1.867513656616210938e+01 -6.979147911071777344e+00 7.200811058282852173e-02 1.338381767272949219e-01 -2.290164828300476074e-01 9.614850878715515137e-01
-1.077804374694824219e+01 -1.868262863159179688e+01 -6.979214191436767578e+00 7.681132107973098755e-02 1.358867883682250977e-01 -2.295625954866409302e-01 9.606955051422119141e-01
-1.077938938140869141e+01 -1.869277763366699219e+01 -6.979085445404052734e+00 8.207944035530090332e-02 1.381215006113052368e-01 -2.294571101665496826e-01 9.599660634994506836e-01
-1.078090667724609375e+01 -1.870557594299316406e+01 -6.978753089904785156e+00 8.775926381349563599e-02 1.405284255743026733e-01 -2.287042587995529175e-01 9.592937231063842773e-01
-1.078259849548339844e+01 -1.872102928161621094e+01 -6.978200435638427734e+00 9.378649294376373291e-02 1.430943459272384644e-01 -2.273166179656982422e-01 9.586737155914306641e-01
-1.078446388244628906e+01 -1.873912811279296875e+01 -6.977414608001708984e+00 1.000967621803283691e-01 1.458064019680023193e-01 -2.253066301345825195e-01 9.581012129783630371e-01
-1.078666877746582031e+01 -1.875985145568847656e+01 -6.976369857788085938e+00 1.066256016492843628e-01 1.486513316631317139e-01 -2.226869314908981323e-01 9.575721025466918945e-01
-1.078949928283691406e+01 -1.878315544128417969e+01 -6.975028991699218750e+00 1.133085861802101135e-01 1.516161113977432251e-01 -2.194710373878479004e-01 9.570820927619934082e-01
-1.079257678985595703e+01 -1.880908966064453125e+01 -6.973409175872802734e+00 1.200812086462974548e-01 1.546877324581146240e-01 -2.156715095043182373e-01 9.566285014152526855e-01
-1.079590320587158203e+01 -1.883765411376953125e+01 -6.971496582031250000e+00 1.268790215253829956e-01 1.578534543514251709e-01 -2.113020718097686768e-01 9.562089443206787109e-01
-1.079947853088378906e+01 -1.886884689331054688e+01 -6.969277381896972656e+00 1.336377710103988647e-01 1.611002981662750244e-01 -2.063770145177841187e-01 9.558222889900207520e-01
-1.080330467224121094e+01 -1.890266990661621094e+01 -6.966738700866699219e+00 1.402932256460189819e-01 1.644157916307449341e-01 -2.009105980396270752e-01 9.554685354232788086e-01
-1.080737972259521484e+01 -1.893911743164062500e+01 -6.963866233825683594e+00 1.467812955379486084e-01 1.677875369787216187e-01 -1.949171721935272217e-01 9.551491737365722656e-01
-1.081170749664306641e+01 -1.897819709777832031e+01 -6.960648059844970703e+00 1.530381143093109131e-01 1.712031960487365723e-01 -1.884119808673858643e-01 9.548662900924682617e-01
-1.081727600097656250e+01 -1.901974296569824219e+01 -6.957031726837158203e+00 1.590001583099365234e-01 1.746506392955780029e-01 -1.814106255769729614e-01 9.546235799789428711e-01
-1.082357788085937500e+01 -1.906384277343750000e+01 -6.953022956848144531e+00 1.646039485931396484e-01 1.781179606914520264e-01 -1.739286035299301147e-01 9.544256925582885742e-01
-1.083021545410156250e+01 -1.911055946350097656e+01 -6.948624610900878906e+00 1.697864234447479248e-01 1.815935224294662476e-01 -1.659819185733795166e-01 9.542779326438903809e-01
-1.083719062805175781e+01 -1.915989303588867188e+01 -6.943821907043457031e+00 1.744846999645233154e-01 1.850654631853103638e-01 -1.575868725776672363e-01 9.541866779327392578e-01
-1.084480285644531250e+01 -1.921179389953613281e+01 -6.938606262207031250e+00 1.786362230777740479e-01 1.885226070880889893e-01 -1.487596780061721802e-01 9.541587233543395996e-01
-1.085437679290771484e+01 -1.926600456237792969e+01 -6.932981967926025391e+00 1.821786761283874512e-01 1.919534057378768921e-01 -1.395167410373687744e-01 9.542012214660644531e-01
-1.086437797546386719e+01 -1.932282638549804688e+01 -6.926913738250732422e+00 1.850499808788299561e-01 1.953464895486831665e-01 -1.298746466636657715e-01 9.543210864067077637e-01
-1.087480163574218750e+01 -1.938225555419921875e+01 -6.920388221740722656e+00 1.871882677078247070e-01 1.986905485391616821e-01 -1.198496371507644653e-01 9.545252919197082520e-01
-1.088696002960205078e+01 -1.944431877136230469e+01 -6.912696838378906250e+00 1.848541498184204102e-01 2.023966461420059204e-01 -1.086831092834472656e-01 9.555378556251525879e-01
-1.090023994445800781e+01 -1.950876235961914062e+01 -6.904739856719970703e+00 1.824213564395904541e-01 2.058811783790588379e-01 -9.732691943645477295e-02 9.564846158027648926e-01
-1.091410255432128906e+01 -1.957569694519042969e+01 -6.896472454071044922e+00 1.799104660749435425e-01 2.091581523418426514e-01 -8.584617078304290771e-02 9.573481678962707520e-01
-1.093072319030761719e+01 -1.964458465576171875e+01 -6.888233661651611328e+00 1.773411333560943604e-01 2.122419625520706177e-01 -7.430392503738403320e-02 9.581139087677001953e-01
-1.094816303253173828e+01 -1.971590614318847656e+01 -6.879714965820312500e+00 1.747324168682098389e-01 2.151466012001037598e-01 -6.276299059391021729e-02 9.587707519531250000e-01
-1.096739578247070312e+01 -1.978939628601074219e+01 -6.871195316314697266e+00 1.721023917198181152e-01 2.178850173950195312e-01 -5.128469318151473999e-02 9.593105316162109375e-01
-1.098836612701416016e+01 -1.986507606506347656e+01 -6.862653732299804688e+00 1.694685816764831543e-01 2.204691916704177856e-01 -3.992965072393417358e-02 9.597287178039550781e-01
-1.101068592071533203e+01 -1.994304847717285156e+01 -6.854091167449951172e+00 1.668478101491928101e-01 2.229096293449401855e-01 -2.875745296478271484e-02 9.600239992141723633e-01
-1.103485774993896484e+01 -2.002318763732910156e+01 -6.845749855041503906e+00 1.642564982175827026e-01 2.252152264118194580e-01 -1.782699488103389740e-02 9.601978659629821777e-01
-1.106017684936523438e+01 -2.010569953918457031e+01 -6.837416648864746094e+00 1.617105901241302490e-01 2.273932546377182007e-01 -7.196091115474700928e-03 9.602552652359008789e-01
-1.108698940277099609e+01 -2.019051170349121094e+01 -6.829462051391601562e+00 1.592258214950561523e-01 2.294488698244094849e-01 3.078240901231765747e-03 9.602034687995910645e-01
-1.111476802825927734e+01 -2.027778053283691406e+01 -6.821577548980712891e+00 1.568180769681930542e-01 2.313851863145828247e-01 1.293979585170745850e-02 9.600529074668884277e-01
-1.114352989196777344e+01 -2.036754035949707031e+01 -6.814135074615478516e+00 1.545029729604721069e-01 2.332034707069396973e-01 2.233321964740753174e-02 9.598156213760375977e-01
-1.117303085327148438e+01 -2.045986366271972656e+01 -6.806813716888427734e+00 1.522965431213378906e-01 2.349030077457427979e-01 3.120388835668563843e-02 9.595063924789428711e-01
-1.120302963256835938e+01 -2.055486106872558594e+01 -6.799941062927246094e+00 1.502149254083633423e-01 2.364810407161712646e-01 3.949798271059989929e-02 9.591413140296936035e-01
-1.123383045196533203e+01 -2.065241432189941406e+01 -6.793145656585693359e+00 1.482745707035064697e-01 2.379333674907684326e-01 4.716227203607559204e-02 9.587377309799194336e-01
-1.126522350311279297e+01 -2.075261878967285156e+01 -6.786707401275634766e+00 1.464922130107879639e-01 2.392537146806716919e-01 5.414430052042007446e-02 9.583141803741455078e-01
-1.129748058319091797e+01 -2.085538291931152344e+01 -6.780300617218017578e+00 1.448848396539688110e-01 2.404349744319915771e-01 6.039195880293846130e-02 9.578894376754760742e-01
-1.132993984222412109e+01 -2.095935058593750000e+01 -6.774270057678222656e+00 1.434696763753890991e-01 2.414683401584625244e-01 6.585368514060974121e-02 9.574825167655944824e-01
-1.136286354064941406e+01 -2.106443595886230469e+01 -6.768298625946044922e+00 1.422638595104217529e-01 2.423443645238876343e-01 7.047820836305618286e-02 9.571117758750915527e-01
-1.139593887329101562e+01 -2.117078018188476562e+01 -6.762430667877197266e+00 1.403246521949768066e-01 2.429824173450469971e-01 7.447670400142669678e-02 9.569334983825683594e-01
-1.142954063415527344e+01 -2.127821922302246094e+01 -6.756606101989746094e+00 1.387830078601837158e-01 2.434731572866439819e-01 7.760869711637496948e-02 9.567847251892089844e-01
-1.146344566345214844e+01 -2.138684082031250000e+01 -6.751081466674804688e+00 1.376078575849533081e-01 2.438305914402008057e-01 7.994504272937774658e-02 9.566710591316223145e-01
-1.149787616729736328e+01 -2.149654769897460938e+01 -6.745551586151123047e+00 1.367677450180053711e-01 2.440678924322128296e-01 8.155634254217147827e-02 9.565950036048889160e-01
-1.153261280059814453e+01 -2.160742187500000000e+01 -6.740261554718017578e+00 1.362306475639343262e-01 2.441976368427276611e-01 8.251312375068664551e-02 9.565564393997192383e-01
-1.156784439086914062e+01 -2.171938514709472656e+01 -6.734950542449951172e+00 1.359644979238510132e-01 2.442318350076675415e-01 8.288560807704925537e-02 9.565534591674804688e-01
-1.160341930389404297e+01 -2.183248519897460938e+01 -6.729780673980712891e+00 1.359368115663528442e-01 2.441820949316024780e-01 8.274403959512710571e-02 9.565823674201965332e-01
-1.163724803924560547e+01 -2.193969726562500000e+01 -6.724912643432617188e+00 1.361150890588760376e-01 2.440598011016845703e-01 8.215850591659545898e-02 9.566386342048645020e-01
-1.166927719116210938e+01 -2.204104042053222656e+01 -6.720389366149902344e+00 1.364666819572448730e-01 2.438763678073883057e-01 8.119893074035644531e-02 9.567173123359680176e-01
-1.169952011108398438e+01 -2.213649559020996094e+01 -6.716165065765380859e+00 1.369588971138000488e-01 2.436427325010299683e-01 7.993549108505249023e-02 9.568127989768981934e-01
-1.172176265716552734e+01 -2.220623207092285156e+01 -6.713100910186767578e+00 1.375591158866882324e-01 2.433703690767288208e-01 7.843805849552154541e-02 9.569199085235595703e-01
