-1.401166152954101562e+01 -8.897531509399414062e+00 -2.515069007873535156e+00 4.207804799079895020e-02 9.708404541015625000e-02 2.661642730236053467e-01 9.581026434898376465e-01
-1.404090881347656250e+01 -8.870819091796875000e+00 -2.392223119735717773e+00 5.232502892613410950e-02 1.021945700049400330e-01 2.668054997920989990e-01 9.568872451782226562e-01
-1.407017803192138672e+01 -8.847434997558593750e+00 -2.265335559844970703e+00 6.256502866744995117e-02 1.072915941476821899e-01 2.674112915992736816e-01 9.555445313453674316e-01
-1.409826278686523438e+01 -8.827215194702148438e+00 -2.134315252304077148e+00 7.279670238494873047e-02 1.123742908239364624e-01 2.679814696311950684e-01 9.540746808052062988e-01
-1.412324523925781250e+01 -8.811247825622558594e+00 -1.998820424079895020e+00 8.301868289709091187e-02 1.174420937895774841e-01 2.685160338878631592e-01 9.524781107902526855e-01
-1.414171600341796875e+01 -8.801129341125488281e+00 -1.858558058738708496e+00 9.322957694530487061e-02 1.224942505359649658e-01 2.690148353576660156e-01 9.507545828819274902e-01
-1.414777469635009766e+01 -8.799333572387695312e+00 -1.713830471038818359e+00 1.034281104803085327e-01 1.275300681591033936e-01 2.694778442382812500e-01 9.489048719406127930e-01
-1.413164806365966797e+01 -8.809583663940429688e+00 -1.567275404930114746e+00 1.136128455400466919e-01 1.325488984584808350e-01 2.699050605297088623e-01 9.469287395477294922e-01
-1.408343029022216797e+01 -8.838690757751464844e+00 -1.426385521888732910e+00 1.206164285540580750e-01 1.356471031904220581e-01 2.686942219734191895e-01 9.459677338600158691e-01
-1.400865459442138672e+01 -8.887136459350585938e+00 -1.298870801925659180e+00 1.264428645372390747e-01 1.382388621568679810e-01 2.671028673648834229e-01 9.452820420265197754e-01
-1.391540241241455078e+01 -8.957563400268554688e+00 -1.190634489059448242e+00 1.311762779951095581e-01 1.403563618659973145e-01 2.652265727519989014e-01 9.448533058166503906e-01
-1.381823921203613281e+01 -9.048770904541015625e+00 -1.097067594528198242e+00 1.349003016948699951e-01 1.420311480760574341e-01 2.631590068340301514e-01 9.446567893028259277e-01
-1.373180484771728516e+01 -9.164278030395507812e+00 -1.014620304107666016e+00 1.376979649066925049e-01 1.432940214872360229e-01 2.609926760196685791e-01 9.446634054183959961e-01
-1.366235446929931641e+01 -9.306579589843750000e+00 -9.523092508316040039e-01 1.378908306360244751e-01 1.436928212642669678e-01 2.590872049331665039e-01 9.450991153717041016e-01
-1.360194396972656250e+01 -9.463845252990722656e+00 -9.098885655403137207e-01 1.380095481872558594e-01 1.439347565174102783e-01 2.571612000465393066e-01 9.455708265304565430e-01
-1.354419326782226562e+01 -9.628180503845214844e+00 -8.780245780944824219e-01 1.381640583276748657e-01 1.440521031618118286e-01 2.552991211414337158e-01 9.460348486900329590e-01
-1.348687553405761719e+01 -9.797346115112304688e+00 -8.532919287681579590e-01 1.383430361747741699e-01 1.440442800521850586e-01 2.536042928695678711e-01 9.464656710624694824e-01
-1.342868614196777344e+01 -9.970054626464843750e+00 -8.316586017608642578e-01 1.385345757007598877e-01 1.439122557640075684e-01 2.521809935569763184e-01 9.468379616737365723e-01
-1.336949634552001953e+01 -1.014604473114013672e+01 -8.114938139915466309e-01 1.387263387441635132e-01 1.436586081981658936e-01 2.511337101459503174e-01 9.471268057823181152e-01
-1.330878543853759766e+01 -1.032534503936767578e+01 -7.945785522460937500e-01 1.382523924112319946e-01 1.431150138378143311e-01 2.506659626960754395e-01 9.474022388458251953e-01
-1.324679946899414062e+01 -1.050769042968750000e+01 -7.771114706993103027e-01 1.365942060947418213e-01 1.421538889408111572e-01 2.509566843509674072e-01 9.477103948593139648e-01
-1.318293190002441406e+01 -1.069301509857177734e+01 -7.619771957397460938e-01 1.347460448741912842e-01 1.410461962223052979e-01 2.519562840461730957e-01 9.478753209114074707e-01
-1.311782646179199219e+01 -1.088130092620849609e+01 -7.466107010841369629e-01 1.327891051769256592e-01 1.398207545280456543e-01 2.537532150745391846e-01 9.478536844253540039e-01
-1.305136775970458984e+01 -1.107256793975830078e+01 -7.320110797882080078e-01 1.308044046163558960e-01 1.385061144828796387e-01 2.564353942871093750e-01 9.476007819175720215e-01
-1.298358345031738281e+01 -1.126678466796875000e+01 -7.178243994712829590e-01 1.288725584745407104e-01 1.371304392814636230e-01 2.600903809070587158e-01 9.470691680908203125e-01
-1.291452980041503906e+01 -1.146390342712402344e+01 -7.035061717033386230e-01 1.270739585161209106e-01 1.357216536998748779e-01 2.648045420646667480e-01 9.462084174156188965e-01
-1.284435272216796875e+01 -1.166402816772460938e+01 -6.900548934936523438e-01 1.254883855581283569e-01 1.343066990375518799e-01 2.706628739833831787e-01 9.449634552001953125e-01
-1.277288341522216797e+01 -1.186700534820556641e+01 -6.764971613883972168e-01 1.241949722170829773e-01 1.329121887683868408e-01 2.777487039566040039e-01 9.432739019393920898e-01
-1.270014858245849609e+01 -1.207265090942382812e+01 -6.634674072265625000e-01 1.244696527719497681e-01 1.328353285789489746e-01 2.871897220611572266e-01 9.404169917106628418e-01
-1.262835311889648438e+01 -1.227661705017089844e+01 -6.509893536567687988e-01 1.247322559356689453e-01 1.327454745769500732e-01 2.966027259826660156e-01 9.374685883522033691e-01
-1.255718612670898438e+01 -1.247876834869384766e+01 -6.386132836341857910e-01 1.249827444553375244e-01 1.326427906751632690e-01 3.059868812561035156e-01 9.344288110733032227e-01
-1.248705387115478516e+01 -1.267925548553466797e+01 -6.265475153923034668e-01 1.252209991216659546e-01 1.325271129608154297e-01 3.153413534164428711e-01 9.312980175018310547e-01
-1.241789150238037109e+01 -1.287805366516113281e+01 -6.147583127021789551e-01 1.254470497369766235e-01 1.323985904455184937e-01 3.246652781963348389e-01 9.280765652656555176e-01
-1.234935474395751953e+01 -1.307503604888916016e+01 -6.030676364898681641e-01 1.256608963012695312e-01 1.322571635246276855e-01 3.339575231075286865e-01 9.247646927833557129e-01
-1.228216171264648438e+01 -1.327045154571533203e+01 -5.915771126747131348e-01 1.258625388145446777e-01 1.321028172969818115e-01 3.432172834873199463e-01 9.213628172874450684e-01
-1.221596145629882812e+01 -1.346417427062988281e+01 -5.802367925643920898e-01 1.260519027709960938e-01 1.319356709718704224e-01 3.524432480335235596e-01 9.178712964057922363e-01
-1.215037918090820312e+01 -1.365608215332031250e+01 -5.689929127693176270e-01 1.262290477752685547e-01 1.317555606365203857e-01 3.616350293159484863e-01 9.142902493476867676e-01
-1.208664989471435547e+01 -1.384657192230224609e+01 -5.577930808067321777e-01 1.263937950134277344e-01 1.315627545118331909e-01 3.707920312881469727e-01 9.106202125549316406e-01
-1.202386188507080078e+01 -1.403535079956054688e+01 -5.466760396957397461e-01 1.265463382005691528e-01 1.313570737838745117e-01 3.799123466014862061e-01 9.068616032600402832e-01
-1.196175003051757812e+01 -1.422233200073242188e+01 -5.356457233428955078e-01 1.266865432262420654e-01 1.311385482549667358e-01 3.889958560466766357e-01 9.030146598815917969e-01
-1.190251064300537109e+01 -1.440818595886230469e+01 -5.243887305259704590e-01 1.268143653869628906e-01 1.309073418378829956e-01 3.980416953563690186e-01 8.990796208381652832e-01
-1.184385490417480469e+01 -1.459221649169921875e+01 -5.132315158843994141e-01 1.269298195838928223e-01 1.306633502244949341e-01 4.070487320423126221e-01 8.950571417808532715e-01
-1.178769874572753906e+01 -1.477496337890625000e+01 -5.017945766448974609e-01 1.270329505205154419e-01 1.304066181182861328e-01 4.160161316394805908e-01 8.909474015235900879e-01
-1.173585319519042969e+01 -1.494976615905761719e+01 -4.905225932598114014e-01 1.271236985921859741e-01 1.301372051239013672e-01 4.249428212642669678e-01 8.867510557174682617e-01
-1.168751335144042969e+01 -1.511636447906494141e+01 -4.794750809669494629e-01 1.272020936012268066e-01 1.298551112413406372e-01 4.338281154632568359e-01 8.824683427810668945e-01
-1.164457702636718750e+01 -1.527523422241210938e+01 -4.680996537208557129e-01 1.272681057453155518e-01 1.295603811740875244e-01 4.426712393760681152e-01 8.780997395515441895e-01
-1.160464096069335938e+01 -1.542574214935302734e+01 -4.570142924785614014e-01 1.273217201232910156e-01 1.292530596256256104e-01 4.514711499214172363e-01 8.736455440521240234e-01
-1.157060146331787109e+01 -1.556849575042724609e+01 -4.450649917125701904e-01 1.273629218339920044e-01 1.289331167936325073e-01 4.602272212505340576e-01 8.691062927246093750e-01
-1.154245090484619141e+01 -1.570728015899658203e+01 -4.322117567062377930e-01 1.232298761606216431e-01 1.304170191287994385e-01 4.508636593818664551e-01 8.743727803230285645e-01
-1.151982402801513672e+01 -1.583803176879882812e+01 -4.181761145591735840e-01 1.190802305936813354e-01 1.318833529949188232e-01 4.414395093917846680e-01 8.795213699340820312e-01
-1.150126171112060547e+01 -1.596034717559814453e+01 -4.033320546150207520e-01 1.149145364761352539e-01 1.333319246768951416e-01 4.319558441638946533e-01 8.845515251159667969e-01
-1.148676395416259766e+01 -1.607422256469726562e+01 -3.876852393150329590e-01 1.107333600521087646e-01 1.347625255584716797e-01 4.224139451980590820e-01 8.894624710083007812e-01
-1.147752666473388672e+01 -1.617934036254882812e+01 -3.694923222064971924e-01 1.065372973680496216e-01 1.361749768257141113e-01 4.128151237964630127e-01 8.942537307739257812e-01
-1.147109699249267578e+01 -1.627555656433105469e+01 -3.505477905273437500e-01 1.023268550634384155e-01 1.375691145658493042e-01 4.031605720520019531e-01 8.989245891571044922e-01
-1.146805858612060547e+01 -1.636261558532714844e+01 -3.297511339187622070e-01 9.810271114110946655e-02 1.389446258544921875e-01 3.934516906738281250e-01 9.034743905067443848e-01
-1.146701622009277344e+01 -1.644014167785644531e+01 -3.071940541267395020e-01 9.386525303125381470e-02 1.403015553951263428e-01 3.836899101734161377e-01 9.079024791717529297e-01
-1.146673107147216797e+01 -1.650872802734375000e+01 -2.854296863079071045e-01 8.961516618728637695e-02 1.416394710540771484e-01 3.738766610622406006e-01 9.122080802917480469e-01
-1.146657657623291016e+01 -1.656779670715332031e+01 -2.630638182163238525e-01 8.535304665565490723e-02 1.429583728313446045e-01 3.640127778053283691e-01 9.163910150527954102e-01
-1.146673202514648438e+01 -1.661846351623535156e+01 -2.434669435024261475e-01 8.107940107583999634e-02 1.442579776048660278e-01 3.541000187397003174e-01 9.204503893852233887e-01
-1.146716022491455078e+01 -1.666005134582519531e+01 -2.249554395675659180e-01 7.679480314254760742e-02 1.455382108688354492e-01 3.441396355628967285e-01 9.243857860565185547e-01
-1.146790981292724609e+01 -1.669353294372558594e+01 -2.099433839321136475e-01 7.249992340803146362e-02 1.467987447977066040e-01 3.341327309608459473e-01 9.281966686248779297e-01
-1.146897888183593750e+01 -1.671890449523925781e+01 -1.984317004680633545e-01 6.819527596235275269e-02 1.480394899845123291e-01 3.240806460380554199e-01 9.318827390670776367e-01
-1.147038269042968750e+01 -1.673589134216308594e+01 -1.898162811994552612e-01 6.388140469789505005e-02 1.492604315280914307e-01 3.139850795269012451e-01 9.354431629180908203e-01
-1.147209548950195312e+01 -1.674488639831542969e+01 -1.849533021450042725e-01 5.955891311168670654e-02 1.504611819982528687e-01 3.038473427295684814e-01 9.388775229454040527e-01
-1.147374248504638672e+01 -1.675671195983886719e+01 -1.786393672227859497e-01 5.522838979959487915e-02 1.516417413949966431e-01 2.936685979366302490e-01 9.421854019165039062e-01
-1.147532081604003906e+01 -1.677136993408203125e+01 -1.708749383687973022e-01 5.089045688509941101e-02 1.528017371892929077e-01 2.834505438804626465e-01 9.453663229942321777e-01
-1.147682952880859375e+01 -1.678885841369628906e+01 -1.616604626178741455e-01 4.654564708471298218e-02 1.539412587881088257e-01 2.731940150260925293e-01 9.484200477600097656e-01
-1.147826766967773438e+01 -1.680917549133300781e+01 -1.509971618652343750e-01 4.219455271959304810e-02 1.550600528717041016e-01 2.629007697105407715e-01 9.513459801673889160e-01
-1.147885608673095703e+01 -1.683203506469726562e+01 -1.375506520271301270e-01 3.360041603446006775e-02 1.514568179845809937e-01 2.549596428871154785e-01 9.544250965118408203e-01
-1.147916984558105469e+01 -1.685712814331054688e+01 -1.217355355620384216e-01 2.462508901953697205e-02 1.471227556467056274e-01 2.482198476791381836e-01 9.571496248245239258e-01
-1.147916030883789062e+01 -1.688485717773437500e+01 -1.043000742793083191e-01 1.532969623804092407e-02 1.421244889497756958e-01 2.425927519798278809e-01 9.595386385917663574e-01
-1.147885704040527344e+01 -1.691523361206054688e+01 -8.526031672954559326e-02 5.775045603513717651e-03 1.365283876657485962e-01 2.379882186651229858e-01 9.616070389747619629e-01
-1.147846126556396484e+01 -1.694784164428710938e+01 -6.385177373886108398e-02 -3.978023305535316467e-03 1.304001659154891968e-01 2.343151718378067017e-01 9.633672237396240234e-01
-1.147789001464843750e+01 -1.698295783996582031e+01 -4.057845845818519592e-02 -1.386875100433826447e-02 1.238055750727653503e-01 2.314818501472473145e-01 9.648295044898986816e-01
-1.147725772857666016e+01 -1.702056312561035156e+01 -1.539978012442588806e-02 -2.383639477193355560e-02 1.168104782700538635e-01 2.293962240219116211e-01 9.660044312477111816e-01
-1.147674179077148438e+01 -1.706049346923828125e+01 1.196487434208393097e-02 -3.382022306323051453e-02 1.094805151224136353e-01 2.279664576053619385e-01 9.669030308723449707e-01
-1.147634887695312500e+01 -1.710297775268554688e+01 4.113830626010894775e-02 -4.375931248068809509e-02 1.018821150064468384e-01 2.271010428667068481e-01 9.675382375717163086e-01
-1.147631072998046875e+01 -1.714795112609863281e+01 7.222442328929901123e-02 -5.359353870153427124e-02 9.408161789178848267e-02 2.267090231180191040e-01 9.679253101348876953e-01
-1.147696971893310547e+01 -1.719568061828613281e+01 1.047866791486740112e-01 -6.326197087764739990e-02 8.614579588174819946e-02 2.267003059387207031e-01 9.680824875831604004e-01
-1.147842597961425781e+01 -1.724633979797363281e+01 1.385218799114227295e-01 -7.270442694425582886e-02 7.814184576272964478e-02 2.269857525825500488e-01 9.680317640304565430e-01
-1.148136806488037109e+01 -1.730026626586914062e+01 1.727880835533142090e-01 -8.186105638742446899e-02 7.013709843158721924e-02 2.274772077798843384e-01 9.677983522415161133e-01
-1.148745346069335938e+01 -1.735767364501953125e+01 2.068309038877487183e-01 -9.067253768444061279e-02 6.219901144504547119e-02 2.280879020690917969e-01 9.674118161201477051e-01
-1.149909114837646484e+01 -1.741847801208496094e+01 2.395782470703125000e-01 -9.907920658588409424e-02 5.439545586705207825e-02 2.287321686744689941e-01 9.669054746627807617e-01
-1.151892566680908203e+01 -1.748196792602539062e+01 2.697229087352752686e-01 -1.070229038596153259e-01 4.679400473833084106e-02 2.293254435062408447e-01 9.663158059120178223e-01
-1.154887866973876953e+01 -1.754671287536621094e+01 2.960717678070068359e-01 -1.144451424479484558e-01 3.946255892515182495e-02 2.297844737768173218e-01 9.656832814216613770e-01
-1.158939838409423828e+01 -1.761110115051269531e+01 3.180195689201354980e-01 -1.212885379791259766e-01 3.246853500604629517e-02 2.300269454717636108e-01 9.650505781173706055e-01
-1.163953685760498047e+01 -1.767406272888183594e+01 3.357543945312500000e-01 -1.274957656860351562e-01 2.587940543889999390e-02 2.299712747335433960e-01 9.644628167152404785e-01
-1.169772148132324219e+01 -1.773535346984863281e+01 3.500169217586517334e-01 -1.330102533102035522e-01 1.976230740547180176e-02 2.295365333557128906e-01 9.639661312103271484e-01
-1.176192474365234375e+01 -1.779581832885742188e+01 3.622589111328125000e-01 -1.377922892570495605e-01 1.416882127523422241e-02 2.286633402109146118e-01 9.636003375053405762e-01
-1.183096504211425781e+01 -1.785612487792968750e+01 3.735851943492889404e-01 -1.418700963258743286e-01 9.090818464756011963e-03 2.273774147033691406e-01 9.633741378784179688e-01
-1.190421199798583984e+01 -1.791666030883789062e+01 3.848571777343750000e-01 -1.452879458665847778e-01 4.504717886447906494e-03 2.257250249385833740e-01 9.632856845855712891e-01
-1.198124885559082031e+01 -1.797764587402343750e+01 3.969909548759460449e-01 -1.480903029441833496e-01 3.867745399475097656e-04 2.237515151500701904e-01 9.633298516273498535e-01
-1.206170177459716797e+01 -1.803920364379882812e+01 4.112556278705596924e-01 -1.503213495016098022e-01 -3.286892548203468323e-03 2.215017527341842651e-01 9.634986519813537598e-01
-1.214210987091064453e+01 -1.809910202026367188e+01 4.294523596763610840e-01 -1.520242393016815186e-01 -6.540190428495407104e-03 2.190199196338653564e-01 9.637821316719055176e-01
-1.222052478790283203e+01 -1.815663337707519531e+01 4.580383300781250000e-01 -1.532428115606307983e-01 -9.397009387612342834e-03 2.163499146699905396e-01 9.641685485839843750e-01
-1.228181838989257812e+01 -1.821358871459960938e+01 5.117555260658264160e-01 -1.540198773145675659e-01 -1.188126206398010254e-02 2.135350406169891357e-01 9.646447300910949707e-01
-1.225526332855224609e+01 -1.826919555664062500e+01 5.844315886497497559e-01 -1.543990522623062134e-01 -1.401712186634540558e-02 2.106187492609024048e-01 9.651965498924255371e-01
-1.218481254577636719e+01 -1.831765556335449219e+01 6.336593627929687500e-01 -1.544226408004760742e-01 -1.582841016352176666e-02 2.076439559459686279e-01 9.658090472221374512e-01
-1.210619926452636719e+01 -1.836560249328613281e+01 6.684417724609375000e-01 -1.541338115930557251e-01 -1.733900979161262512e-02 2.046536952257156372e-01 9.664672613143920898e-01
-1.202612972259521484e+01 -1.841457748413085938e+01 6.966323852539062500e-01 -1.535755842924118042e-01 -1.857328042387962341e-02 2.016908377408981323e-01 9.671558737754821777e-01
-1.194601917266845703e+01 -1.846499252319335938e+01 7.203217148780822754e-01 -1.527905464172363281e-01 -1.955485157668590546e-02 1.987982988357543945e-01 9.678593873977661133e-01
-1.186667728424072266e+01 -1.851715278625488281e+01 7.408074140548706055e-01 -1.518219411373138428e-01 -2.030791714787483215e-02 1.960190832614898682e-01 9.685630202293395996e-01
-1.178829288482666016e+01 -1.857073783874511719e+01 7.591732740402221680e-01 -1.507121473550796509e-01 -2.085615508258342743e-02 1.933962106704711914e-01 9.692516922950744629e-01
-1.171096801757812500e+01 -1.862578964233398438e+01 7.755690813064575195e-01 -1.495044380426406860e-01 -2.122380211949348450e-02 1.909726709127426147e-01 9.699110388755798340e-01
-1.163588714599609375e+01 -1.868395805358886719e+01 7.890039086341857910e-01 -1.482416689395904541e-01 -2.143469825387001038e-02 1.887916773557662964e-01 9.705269932746887207e-01
-1.156242275238037109e+01 -1.874377822875976562e+01 8.008987307548522949e-01 -1.469669640064239502e-01 -2.151280827820301056e-02 1.868964880704879761e-01 9.710857272148132324e-01
-1.149123382568359375e+01 -1.880613899230957031e+01 8.106423020362854004e-01 -1.457233428955078125e-01 -2.148199826478958130e-02 1.853303313255310059e-01 9.715739488601684570e-01
-1.142406940460205078e+01 -1.887256813049316406e+01 8.172953724861145020e-01 -1.445536762475967407e-01 -2.136621810495853424e-02 1.841365545988082886e-01 9.719780683517456055e-01
-1.135992431640625000e+01 -1.894144439697265625e+01 8.219580054283142090e-01 -1.434933543205261230e-01 -2.118627540767192841e-02 1.833452135324478149e-01 9.722887873649597168e-01
-1.130114459991455078e+01 -1.901472091674804688e+01 8.232273459434509277e-01 -1.425463557243347168e-01 -2.095114439725875854e-02 1.829331219196319580e-01 9.725106954574584961e-01
-1.125088024139404297e+01 -1.909331512451171875e+01 8.199507594108581543e-01 -1.417077630758285522e-01 -2.066598273813724518e-02 1.828637421131134033e-01 9.726523756980895996e-01
-1.120722103118896484e+01 -1.917503738403320312e+01 8.136640787124633789e-01 -1.409739404916763306e-01 -2.033673599362373352e-02 1.831004619598388672e-01 9.727214574813842773e-01
-1.117068672180175781e+01 -1.925963973999023438e+01 8.044241070747375488e-01 -1.403404027223587036e-01 -1.996893063187599182e-02 1.836065649986267090e-01 9.727252721786499023e-01
-1.114469814300537109e+01 -1.934715461730957031e+01 7.918946146965026855e-01 -1.398024857044219971e-01 -1.956806518137454987e-02 1.843453198671340942e-01 9.726711511611938477e-01
-1.112500953674316406e+01 -1.943551063537597656e+01 7.781947255134582520e-01 -1.393559724092483521e-01 -1.913988962769508362e-02 1.852799504995346069e-01 9.725661873817443848e-01
-1.111108398437500000e+01 -1.952438735961914062e+01 7.638217806816101074e-01 -1.389962434768676758e-01 -1.868987828493118286e-02 1.863737702369689941e-01 9.724173545837402344e-01
-1.110250186920166016e+01 -1.961349105834960938e+01 7.492763400077819824e-01 -1.387193202972412109e-01 -1.822364330291748047e-02 1.875900030136108398e-01 9.722318649291992188e-01
-1.110016441345214844e+01 -1.970265769958496094e+01 7.358820438385009766e-01 -1.385204046964645386e-01 -1.774672791361808777e-02 1.888918131589889526e-01 9.720170497894287109e-01
-1.110102367401123047e+01 -1.979158592224121094e+01 7.242819070816040039e-01 -1.383956074714660645e-01 -1.726483553647994995e-02 1.902426332235336304e-01 9.717799425125122070e-01
-1.110458374023437500e+01 -1.988024902343750000e+01 7.150999307632446289e-01 -1.383401602506637573e-01 -1.678345724940299988e-02 1.916057467460632324e-01 9.715284705162048340e-01
-1.111027908325195312e+01 -1.996862792968750000e+01 7.091228961944580078e-01 -1.383499652147293091e-01 -1.630835607647895813e-02 1.929445266723632812e-01 9.712702035903930664e-01
-1.111739921569824219e+01 -2.005665779113769531e+01 7.086302042007446289e-01 -1.384207755327224731e-01 -1.584501564502716064e-02 1.942223459482192993e-01 9.710131287574768066e-01
-1.112561035156250000e+01 -2.014403152465820312e+01 7.125700116157531738e-01 -1.385482549667358398e-01 -1.539911888539791107e-02 1.954026669263839722e-01 9.707652330398559570e-01
-1.113459682464599609e+01 -2.023066520690917969e+01 7.198643088340759277e-01 -1.387282311916351318e-01 -1.497621275484561920e-02 1.964489519596099854e-01 9.705348610877990723e-01
-1.114415645599365234e+01 -2.031654548645019531e+01 7.297897338867187500e-01 -1.389566361904144287e-01 -1.458191499114036560e-02 1.973247379064559937e-01 9.703305363655090332e-01
-1.115408515930175781e+01 -2.040172004699707031e+01 7.416008710861206055e-01 -1.392289251089096069e-01 -1.422189641743898392e-02 1.979935020208358765e-01 9.701606631278991699e-01
-1.116450214385986328e+01 -2.048871994018554688e+01 7.550988793373107910e-01 -1.395411342382431030e-01 -1.390181574970483780e-02 1.984187811613082886e-01 9.700335860252380371e-01
-1.117511940002441406e+01 -2.057774353027343750e+01 7.691940069198608398e-01 -1.398888826370239258e-01 -1.362717989832162857e-02 1.985640227794647217e-01 9.699575304985046387e-01
-1.118580341339111328e+01 -2.066890335083007812e+01 7.832459211349487305e-01 -1.402651369571685791e-01 -1.340086851269006729e-02 1.984074860811233521e-01 9.699385166168212891e-01
-1.119645214080810547e+01 -2.076225852966308594e+01 7.968984246253967285e-01 -1.406502276659011841e-01 -1.321465056389570236e-02 1.979860663414001465e-01 9.699713587760925293e-01
-1.120680236816406250e+01 -2.085793876647949219e+01 8.093291521072387695e-01 -1.410220563411712646e-01 -1.305769197642803192e-02 1.973514556884765625e-01 9.700487256050109863e-01
-1.121670341491699219e+01 -2.095598411560058594e+01 8.199602365493774414e-01 -1.413578093051910400e-01 -1.291880197823047638e-02 1.965554207563400269e-01 9.701633453369140625e-01
-1.122640514373779297e+01 -2.105625534057617188e+01 8.294999003410339355e-01 -1.416353881359100342e-01 -1.278727687895298004e-02 1.956495493650436401e-01 9.703077077865600586e-01
-1.123581600189208984e+01 -2.115876960754394531e+01 8.376541137695312500e-01 -1.418320536613464355e-01 -1.265187375247478485e-02 1.946856677532196045e-01 9.704746603965759277e-01
-1.124492931365966797e+01 -2.126350212097167969e+01 8.442482352256774902e-01 -1.419254541397094727e-01 -1.250175293534994125e-02 1.937154531478881836e-01 9.706571102142333984e-01
-1.125392055511474609e+01 -2.137037277221679688e+01 8.498649597167968750e-01 -1.418932825326919556e-01 -1.232587639242410660e-02 1.927907466888427734e-01 9.708481431007385254e-01
-1.126272583007812500e+01 -2.147939109802246094e+01 8.542326688766479492e-01 -1.417132019996643066e-01 -1.211337000131607056e-02 1.919633746147155762e-01 9.710409641265869141e-01
-1.127123355865478516e+01 -2.159055900573730469e+01 8.566518425941467285e-01 -1.413630992174148560e-01 -1.185337267816066742e-02 1.912851780652999878e-01 9.712291359901428223e-01
-1.127956008911132812e+01 -2.170381546020507812e+01 8.574894666671752930e-01 -1.408201307058334351e-01 -1.153461821377277374e-02 1.908080130815505981e-01 9.714057445526123047e-01
-1.128763675689697266e+01 -2.181914329528808594e+01 8.562214970588684082e-01 -1.400621682405471802e-01 -1.114635355770587921e-02 1.905835568904876709e-01 9.715638160705566406e-01
-1.129536914825439453e+01 -2.193647384643554688e+01 8.518952131271362305e-01 -1.390667259693145752e-01 -1.067750155925750732e-02 1.906636357307434082e-01 9.716963768005371094e-01
-1.130257987976074219e+01 -2.205558586120605469e+01 8.424573540687561035e-01 -1.378116160631179810e-01 -1.011728122830390930e-02 1.910998374223709106e-01 9.717954397201538086e-01
-1.131094932556152344e+01 -2.217592811584472656e+01 8.258743286132812500e-01 -1.362737864255905151e-01 -9.454498067498207092e-03 1.919436454772949219e-01 9.718527197837829590e-01
-1.132660484313964844e+01 -2.229716682434082031e+01 8.064365983009338379e-01 -1.344307065010070801e-01 -8.678209036588668823e-03 1.932462900876998901e-01 9.718585014343261719e-01
-1.135100555419921875e+01 -2.241949081420898438e+01 7.902200222015380859e-01 -1.322595626115798950e-01 -7.777472957968711853e-03 1.950587481260299683e-01 9.718019366264343262e-01
-1.138023185729980469e+01 -2.254324150085449219e+01 7.776086330413818359e-01 -1.297368705272674561e-01 -6.741102784872055054e-03 1.974316686391830444e-01 9.716705679893493652e-01
-1.141305065155029297e+01 -2.266845703125000000e+01 7.688248753547668457e-01 -1.268393844366073608e-01 -5.558194592595100403e-03 2.004151940345764160e-01 9.714497923851013184e-01
-1.144744396209716797e+01 -2.279537963867187500e+01 7.619224190711975098e-01 -1.235434710979461670e-01 -4.217742010951042175e-03 2.040589898824691772e-01 9.711226224899291992e-01
-1.148306751251220703e+01 -2.292407226562500000e+01 7.562988400459289551e-01 -1.198365092277526855e-01 -2.714276313781738281e-03 2.083938419818878174e-01 9.706717729568481445e-01
-1.151993370056152344e+01 -2.305449867248535156e+01 7.525277733802795410e-01 -1.157503947615623474e-01 -1.065226271748542786e-03 2.133774906396865845e-01 9.700880646705627441e-01
-1.155757904052734375e+01 -2.318675994873046875e+01 7.494433522224426270e-01 -1.113288551568984985e-01 7.060673087835311890e-04 2.189492285251617432e-01 9.693640470504760742e-01
-1.159591865539550781e+01 -2.332087135314941406e+01 7.470623850822448730e-01 -1.066156923770904541e-01 2.576718106865882874e-03 2.250486016273498535e-01 9.684934616088867188e-01
-1.163515090942382812e+01 -2.345677757263183594e+01 7.460275888442993164e-01 -1.016549915075302124e-01 4.523176699876785278e-03 2.316149175167083740e-01 9.674711227416992188e-01
-1.167489433288574219e+01 -2.359458351135253906e+01 7.449368834495544434e-01 -9.649081528186798096e-02 6.522268056869506836e-03 2.385878711938858032e-01 9.662933349609375000e-01
-1.171519851684570312e+01 -2.373428153991699219e+01 7.444193363189697266e-01 -9.116780757904052734e-02 8.550830185413360596e-03 2.459073513746261597e-01 9.649585485458374023e-01
-1.175608158111572266e+01 -2.387587165832519531e+01 7.445093393325805664e-01 -8.573102951049804688e-02 1.058530807495117188e-02 2.535138130187988281e-01 9.634671211242675781e-01
-1.179752254486083984e+01 -2.401936531066894531e+01 7.445983886718750000e-01 -8.022583276033401489e-02 1.260248571634292603e-02 2.613478899002075195e-01 9.618223905563354492e-01
-1.183944034576416016e+01 -2.416479492187500000e+01 7.449489235877990723e-01 -7.469765096902847290e-02 1.457916386425495148e-02 2.693510651588439941e-01 9.600300788879394531e-01
-1.187856388092041016e+01 -2.430151748657226562e+01 7.456682324409484863e-01 -6.919237971305847168e-02 1.649186760187149048e-02 2.774654626846313477e-01 9.580988287925720215e-01
-1.191511344909667969e+01 -2.442948722839355469e+01 7.462641596794128418e-01 -6.375557929277420044e-02 1.831751316785812378e-02 2.856336832046508789e-01 9.560403823852539062e-01
-1.194909667968750000e+01 -2.454870986938476562e+01 7.467508316040039062e-01 -5.843419581651687622e-02 2.003306895494461060e-02 2.937995493412017822e-01 9.538689851760864258e-01
-1.198029232025146484e+01 -2.465926742553710938e+01 7.473077178001403809e-01 -5.327437818050384521e-02 2.161522582173347473e-02 3.019075989723205566e-01 9.516020417213439941e-01
-1.200873851776123047e+01 -2.476115226745605469e+01 7.479287385940551758e-01 -4.832239449024200439e-02 2.304126694798469543e-02 3.099032044410705566e-01 9.492596387863159180e-01
-1.203469371795654297e+01 -2.485430526733398438e+01 7.484573125839233398e-01 -4.362515732645988464e-02 2.428830973803997040e-02 3.177327513694763184e-01 9.468647241592407227e-01
-1.205816364288330078e+01 -2.493873977661132812e+01 7.489079833030700684e-01 -3.922928869724273682e-02 2.533340826630592346e-02 3.253436088562011719e-01 9.444420337677001953e-01
-1.207915973663330078e+01 -2.501447486877441406e+01 7.492948174476623535e-01 -3.518117591738700867e-02 2.615406736731529236e-02 3.326839804649353027e-01 9.420189261436462402e-01
-1.209769153594970703e+01 -2.508151245117187500e+01 7.496321201324462891e-01 -3.152748569846153259e-02 2.672770433127880096e-02 3.397027850151062012e-01 9.396241903305053711e-01
-1.211351203918457031e+01 -2.513994598388671875e+01 7.499861717224121094e-01 -2.831456065177917480e-02 2.703193947672843933e-02 3.463496267795562744e-01 9.372884035110473633e-01
-1.212677001953125000e+01 -2.518974113464355469e+01 7.503363490104675293e-01 -2.557509019970893860e-02 2.705532312393188477e-02 3.525924682617187500e-01 9.350361227989196777e-01
-1.213762569427490234e+01 -2.523085212707519531e+01 7.506388425827026367e-01 -2.328379452228546143e-02 2.683124691247940063e-02 3.584696054458618164e-01 9.328652024269104004e-01
-1.214606189727783203e+01 -2.526327133178710938e+01 7.508804798126220703e-01 -2.140187099575996399e-02 2.640422619879245758e-02 3.640363514423370361e-01 9.307643175125122070e-01
-1.215206909179687500e+01 -2.528699111938476562e+01 7.510474920272827148e-01 -1.988980546593666077e-02 2.581865340471267700e-02 3.693470358848571777e-01 9.287197589874267578e-01
-1.215563297271728516e+01 -2.530201148986816406e+01 7.511261105537414551e-01 -1.870831847190856934e-02 2.511882223188877106e-02 3.744553625583648682e-01 9.267157912254333496e-01
-1.215674495697021484e+01 -2.530831909179687500e+01 7.511024475097656250e-01 -1.781825348734855652e-02 2.434890158474445343e-02 3.794146478176116943e-01 9.247345924377441406e-01
-1.215827846527099609e+01 -2.531602478027343750e+01 7.511714100837707520e-01 -1.717975176870822906e-02 2.355328761041164398e-02 3.842776119709014893e-01 9.227572679519653320e-01
-1.216022586822509766e+01 -2.532511138916015625e+01 7.513190507888793945e-01 -1.675351522862911224e-02 2.277627401053905487e-02 3.890954554080963135e-01 9.207634329795837402e-01
-1.216257572174072266e+01 -2.533558464050292969e+01 7.515309453010559082e-01 -1.649990305304527283e-02 2.206180058419704437e-02 3.939199745655059814e-01 9.187318086624145508e-01
-1.216531848907470703e+01 -2.534742164611816406e+01 7.517929673194885254e-01 -1.637946814298629761e-02 2.145401388406753540e-02 3.988023400306701660e-01 9.166395664215087891e-01
-1.216533088684082031e+01 -2.534969711303710938e+01 7.518650889396667480e-01 -1.635264605283737183e-02 2.099700830876827240e-02 4.037932157516479492e-01 9.144631028175354004e-01
-1.216514301300048828e+01 -2.535129356384277344e+01 7.519162297248840332e-01 -1.637983880937099457e-02 2.073472738265991211e-02 4.089425504207611084e-01 9.121775627136230469e-01
-1.216474437713623047e+01 -2.535219764709472656e+01 7.519319653511047363e-01 -1.642159931361675262e-02 2.071107178926467896e-02 4.142997860908508301e-01 9.097566008567810059e-01
-1.216412925720214844e+01 -2.535240173339843750e+01 7.518971562385559082e-01 -1.643768325448036194e-02 2.096997760236263275e-02 4.199136197566986084e-01 9.071728587150573730e-01
-1.216329193115234375e+01 -2.535188865661621094e+01 7.517967820167541504e-01 -1.638913340866565704e-02 2.155507169663906097e-02 4.258319437503814697e-01 9.043970704078674316e-01
-1.216222381591796875e+01 -2.535064888000488281e+01 7.516152262687683105e-01 -1.623597554862499237e-02 2.250989153981208801e-02 4.321015477180480957e-01 9.013977050781250000e-01
-1.216210937500000000e+01 -2.535282707214355469e+01 7.514224648475646973e-01 -1.593842543661594391e-02 2.387809567153453827e-02 4.387682676315307617e-01 8.981416225433349609e-01
-1.216294384002685547e+01 -2.535840225219726562e+01 7.512025237083435059e-01 -1.545704435557126999e-02 2.570262551307678223e-02 4.458761513233184814e-01 8.945919871330261230e-01
-1.216472339630126953e+01 -2.536736488342285156e+01 7.509385347366333008e-01 -1.475190930068492889e-02 2.802646160125732422e-02 4.534679353237152100e-01 8.907096385955810547e-01
-1.216744995117187500e+01 -2.537969589233398438e+01 7.506137490272521973e-01 -1.378354709595441818e-02 3.089217282831668854e-02 4.615840315818786621e-01 8.864512443542480469e-01
-1.217113018035888672e+01 -2.539538955688476562e+01 7.502148151397705078e-01 -1.251989044249057770e-02 3.432217985391616821e-02 4.702419042587280273e-01 8.817810416221618652e-01
-1.217578220367431641e+01 -2.541445350646972656e+01 7.497452497482299805e-01 -1.095981709659099579e-02 3.826004266738891602e-02 4.793740510940551758e-01 8.767077922821044922e-01
-1.218142700195312500e+01 -2.543689918518066406e+01 7.492135167121887207e-01 -9.110080078244209290e-03 4.262968152761459351e-02 4.888930022716522217e-01 8.712538480758666992e-01
-1.218808841705322266e+01 -2.546273803710937500e+01 7.486290335655212402e-01 -6.977428682148456573e-03 4.735465720295906067e-02 4.987121224403381348e-01 8.654449582099914551e-01
-1.219578552246093750e+01 -2.549200057983398438e+01 7.480024695396423340e-01 -4.568966105580329895e-03 5.235873907804489136e-02 5.087466239929199219e-01 8.593104481697082520e-01
-1.220453834533691406e+01 -2.552469253540039062e+01 7.473450899124145508e-01 -1.891864463686943054e-03 5.756554752588272095e-02 5.189138650894165039e-01 8.528839349746704102e-01
-1.221436023712158203e+01 -2.556083488464355469e+01 7.466698288917541504e-01 1.046381890773773193e-03 6.289906799793243408e-02 5.291331410408020020e-01 8.462036252021789551e-01
-1.222482490539550781e+01 -2.560056495666503906e+01 7.459925413131713867e-01 4.238290712237358093e-03 6.828324496746063232e-02 5.393268465995788574e-01 8.393127918243408203e-01
-1.223632526397705078e+01 -2.564380836486816406e+01 7.453262805938720703e-01 7.676150649785995483e-03 7.364258170127868652e-02 5.494197607040405273e-01 8.322594165802001953e-01
-1.224889278411865234e+01 -2.569056320190429688e+01 7.446865439414978027e-01 1.135212555527687073e-02 7.890197634696960449e-02 5.593404769897460938e-01 8.250962495803833008e-01
-1.226253128051757812e+01 -2.574086380004882812e+01 7.440897822380065918e-01 1.525843515992164612e-02 8.398683369159698486e-02 5.690200328826904297e-01 8.178811073303222656e-01
-1.227724552154541016e+01 -2.579472160339355469e+01 7.435529828071594238e-01 1.938726752996444702e-02 8.882322162389755249e-02 5.783933401107788086e-01 8.106760978698730469e-01
-1.229303550720214844e+01 -2.585216712951660156e+01 7.430937290191650391e-01 2.373081445693969727e-02 9.333788603544235229e-02 5.873979926109313965e-01 8.035475015640258789e-01
-1.230989742279052734e+01 -2.591321754455566406e+01 7.427293062210083008e-01 2.828147262334823608e-02 9.745828807353973389e-02 5.959748029708862305e-01 7.965652346611022949e-01
-1.232782840728759766e+01 -2.597789573669433594e+01 7.424774765968322754e-01 3.303181007504463196e-02 1.011124998331069946e-01 6.040673255920410156e-01 7.898023724555969238e-01
-1.234611415863037109e+01 -2.604640579223632812e+01 7.422878742218017578e-01 3.797456249594688416e-02 1.042294055223464966e-01 6.116217374801635742e-01 7.833344936370849609e-01
-1.236485671997070312e+01 -2.611874008178710938e+01 7.421878576278686523e-01 4.310294240713119507e-02 1.067381799221038818e-01 6.185861229896545410e-01 7.772388458251953125e-01
-1.238457965850830078e+01 -2.619478416442871094e+01 7.422452569007873535e-01 4.841018468141555786e-02 1.085687726736068726e-01 6.249098181724548340e-01 7.715937495231628418e-01
-1.240527153015136719e+01 -2.627454948425292969e+01 7.424755096435546875e-01 5.389023572206497192e-02 1.096511036157608032e-01 6.305431723594665527e-01 7.664775252342224121e-01
-1.242692279815673828e+01 -2.635806274414062500e+01 7.428934574127197266e-01 5.953726917505264282e-02 1.099151968955993652e-01 6.354365348815917969e-01 7.619674205780029297e-01
-1.244841003417968750e+01 -2.644560432434082031e+01 7.433447837829589844e-01 6.534266471862792969e-02 1.093151718378067017e-01 6.395596861839294434e-01 7.581186294555664062e-01
-1.246905231475830078e+01 -2.653732299804687500e+01 7.437251210212707520e-01 7.128582894802093506e-02 1.079009845852851868e-01 6.429617404937744141e-01 7.549012303352355957e-01
-1.249050521850585938e+01 -2.663279724121093750e+01 7.442722916603088379e-01 7.734283059835433960e-02 1.057461202144622803e-01 6.457085609436035156e-01 7.522607445716857910e-01
-1.251276493072509766e+01 -2.673200798034667969e+01 7.449768185615539551e-01 8.348952233791351318e-02 1.029237061738967896e-01 6.478636264801025391e-01 7.501392960548400879e-01
-1.252949523925781250e+01 -2.683613204956054688e+01 7.447275519371032715e-01 8.970159292221069336e-02 9.950640797615051270e-02 6.494882702827453613e-01 7.484765648841857910e-01
-1.254600048065185547e+01 -2.694414901733398438e+01 7.444379329681396484e-01 9.595442563295364380e-02 9.556710720062255859e-02 6.506428122520446777e-01 7.472106218338012695e-01
-1.255262947082519531e+01 -2.705674171447753906e+01 7.420313954353332520e-01 1.022234186530113220e-01 9.117830544710159302e-02 6.513867974281311035e-01 7.462788820266723633e-01
-1.253963470458984375e+01 -2.717090797424316406e+01 7.350376844406127930e-01 1.084840297698974609e-01 8.641245961189270020e-02 6.517795324325561523e-01 7.456188797950744629e-01
-1.245186233520507812e+01 -2.720542907714843750e+01 7.098255753517150879e-01 1.147115603089332581e-01 8.134242892265319824e-02 6.518812179565429688e-01 7.451681494712829590e-01
-1.235518550872802734e+01 -2.713335800170898438e+01 6.813774108886718750e-01 1.208816468715667725e-01 7.604090124368667603e-02 6.517523527145385742e-01 7.448653578758239746e-01
-1.226895332336425781e+01 -2.704272460937500000e+01 6.527304053306579590e-01 1.269697844982147217e-01 7.058090716600418091e-02 6.514542102813720703e-01 7.446504831314086914e-01
-1.218598937988281250e+01 -2.694501495361328125e+01 6.208850145339965820e-01 1.329518556594848633e-01 6.503549963235855103e-02 6.510503292083740234e-01 7.444646954536437988e-01
-1.210351657867431641e+01 -2.684398460388183594e+01 5.832652449607849121e-01 1.388038992881774902e-01 5.947794765233993530e-02 6.506042480468750000e-01 7.442513108253479004e-01
-1.202087211608886719e+01 -2.674053573608398438e+01 5.396004915237426758e-01 1.445021778345108032e-01 5.398168787360191345e-02 6.501817107200622559e-01 7.439548373222351074e-01
-1.193778514862060547e+01 -2.663468170166015625e+01 4.908705055713653564e-01 1.500232666730880737e-01 4.862006381154060364e-02 6.498497724533081055e-01 7.435216307640075684e-01
-1.185379886627197266e+01 -2.652632331848144531e+01 4.383091628551483154e-01 1.553442329168319702e-01 4.346635565161705017e-02 6.496760249137878418e-01 7.428997159004211426e-01
-1.176822566986083984e+01 -2.641523551940917969e+01 3.835232555866241455e-01 1.604417860507965088e-01 3.859441354870796204e-02 6.497294902801513672e-01 7.420380115509033203e-01
-1.167981624603271484e+01 -2.630098533630371094e+01 3.294009268283843994e-01 1.652936339378356934e-01 3.407709300518035889e-02 6.500796079635620117e-01 7.408868074417114258e-01
-1.158697605133056641e+01 -2.618315887451171875e+01 2.798335254192352295e-01 1.698770523071289062e-01 2.998795360326766968e-02 6.507960557937622070e-01 7.393964529037475586e-01
-1.148790359497070312e+01 -2.606075668334960938e+01 2.434847950935363770e-01 1.741698086261749268e-01 2.639967948198318481e-02 6.519484519958496094e-01 7.375169396400451660e-01
-1.139134597778320312e+01 -2.592758941650390625e+01 2.273947149515151978e-01 1.781557500362396240e-01 2.336782962083816528e-02 6.535865664482116699e-01 7.352136969566345215e-01
-1.131193828582763672e+01 -2.577833747863769531e+01 2.323129177093505859e-01 1.818451732397079468e-01 2.087708562612533569e-02 6.556851863861083984e-01 7.325116991996765137e-01
-1.125594902038574219e+01 -2.562532615661621094e+01 2.482105940580368042e-01 1.852543652057647705e-01 1.889436691999435425e-02 6.581987738609313965e-01 7.294506430625915527e-01
-1.121763324737548828e+01 -2.547303581237792969e+01 2.681417763233184814e-01 1.883992850780487061e-01 1.738696545362472534e-02 6.610806584358215332e-01 7.260686755180358887e-01
-1.119006443023681641e+01 -2.532415962219238281e+01 2.886242568492889404e-01 1.912955790758132935e-01 1.632205396890640259e-02 6.642836332321166992e-01 7.224035859107971191e-01
-1.117131423950195312e+01 -2.518245315551757812e+01 3.081053197383880615e-01 1.939594149589538574e-01 1.566607505083084106e-02 6.677599549293518066e-01 7.184920907020568848e-01
-1.115727138519287109e+01 -2.504867553710937500e+01 3.258386254310607910e-01 1.964061558246612549e-01 1.538652926683425903e-02 6.714619398117065430e-01 7.143716216087341309e-01
-1.114546585083007812e+01 -2.492317771911621094e+01 3.422062695026397705e-01 1.986518204212188721e-01 1.545005291700363159e-02 6.753419637680053711e-01 7.100790143013000488e-01
-1.113748359680175781e+01 -2.480575180053710938e+01 3.561416566371917725e-01 2.007120549678802490e-01 1.582368463277816772e-02 6.793523430824279785e-01 7.056519389152526855e-01
-1.113013172149658203e+01 -2.469684982299804688e+01 3.690185546875000000e-01 2.026030123233795166e-01 1.647435128688812256e-02 6.834466457366943359e-01 7.011286020278930664e-01
-1.112496280670166016e+01 -2.459624671936035156e+01 3.794999718666076660e-01 2.043409496545791626e-01 1.736896485090255737e-02 6.875786185264587402e-01 6.965478062629699707e-01
-1.112054252624511719e+01 -2.450417900085449219e+01 3.888157606124877930e-01 2.059421539306640625e-01 1.847464591264724731e-02 6.917028427124023438e-01 6.919492483139038086e-01
-1.111665248870849609e+01 -2.442069244384765625e+01 3.971029520034790039e-01 2.074234187602996826e-01 1.975828409194946289e-02 6.957749724388122559e-01 6.873734593391418457e-01
-1.111417484283447266e+01 -2.434563446044921875e+01 4.030082523822784424e-01 2.088018208742141724e-01 2.118675410747528076e-02 6.997515559196472168e-01 6.828621029853820801e-01
-1.111202716827392578e+01 -2.427922058105468750e+01 4.081819057464599609e-01 2.100943028926849365e-01 2.272758632898330688e-02 7.035899758338928223e-01 6.784577965736389160e-01
-1.111020851135253906e+01 -2.422146987915039062e+01 4.126237332820892334e-01 2.113184034824371338e-01 2.434776723384857178e-02 7.072488665580749512e-01 6.742036938667297363e-01
-1.110871410369873047e+01 -2.417239189147949219e+01 4.163343608379364014e-01 2.124919146299362183e-01 2.601448446512222290e-02 7.106878757476806641e-01 6.701441407203674316e-01
-1.110786247253417969e+01 -2.413193321228027344e+01 4.184727370738983154e-01 2.136326432228088379e-01 2.769516408443450928e-02 7.138668298721313477e-01 6.663244962692260742e-01
-1.110733127593994141e+01 -2.410017013549804688e+01 4.198638796806335449e-01 2.147586792707443237e-01 2.935725450515747070e-02 7.167471051216125488e-01 6.627900004386901855e-01
-1.110702037811279297e+01 -2.407714462280273438e+01 4.207673668861389160e-01 2.158886194229125977e-01 3.096780180931091309e-02 7.192900180816650391e-01 6.595869064331054688e-01
-1.110679054260253906e+01 -2.406294822692871094e+01 4.215222001075744629e-01 2.160544097423553467e-01 3.142239153385162354e-02 7.215158343315124512e-01 6.570752859115600586e-01
-1.110676860809326172e+01 -2.405749511718750000e+01 4.217964112758636475e-01 2.162269055843353271e-01 3.177509456872940063e-02 7.233918905258178711e-01 6.549353599548339844e-01
-1.110674762725830078e+01 -2.405275344848632812e+01 4.220367372035980225e-01 2.164012491703033447e-01 3.203602135181427002e-02 7.249395251274108887e-01 6.531513929367065430e-01
-1.110672664642333984e+01 -2.404872322082519531e+01 4.222431778907775879e-01 2.165724635124206543e-01 3.221508115530014038e-02 7.261790037155151367e-01 6.517074108123779297e-01
-1.110670757293701172e+01 -2.404538917541503906e+01 4.224156141281127930e-01 2.167353630065917969e-01 3.232221305370330811e-02 7.271298170089721680e-01 6.505867242813110352e-01
-1.110668659210205078e+01 -2.404275894165039062e+01 4.225538671016693115e-01 2.168846875429153442e-01 3.236734122037887573e-02 7.278112769126892090e-01 6.497723460197448730e-01
-1.110666942596435547e+01 -2.404081535339355469e+01 4.226577579975128174e-01 2.170152217149734497e-01 3.236050158739089966e-02 7.282423377037048340e-01 6.492459774017333984e-01
-1.110665130615234375e+01 -2.403955459594726562e+01 4.227270483970642090e-01 2.171223312616348267e-01 3.231098502874374390e-02 7.284411787986755371e-01 6.489894390106201172e-01
-1.110663700103759766e+01 -2.403897666931152344e+01 4.227621257305145264e-01 2.172011435031890869e-01 3.222857415676116943e-02 7.284260392189025879e-01 6.489840745925903320e-01
-1.110652065277099609e+01 -2.403495597839355469e+01 4.229914844036102295e-01 2.172474414110183716e-01 3.212238103151321411e-02 7.282148003578186035e-01 6.492109894752502441e-01
-1.110630226135253906e+01 -2.402749061584472656e+01 4.234150648117065430e-01 2.172568440437316895e-01 3.200168162584304810e-02 7.278248071670532227e-01 6.496508717536926270e-01
-1.110598468780517578e+01 -2.401656913757324219e+01 4.240334928035736084e-01 2.172261476516723633e-01 3.187484294176101685e-02 7.272735834121704102e-01 6.502844691276550293e-01
-1.110557079315185547e+01 -2.400218772888183594e+01 4.248460233211517334e-01 2.171520739793777466e-01 3.175042569637298584e-02 7.265784144401550293e-01 6.510919332504272461e-01
-1.110505962371826172e+01 -2.398434448242187500e+01 4.258528053760528564e-01 2.170314192771911621e-01 3.163687139749526978e-02 7.257563471794128418e-01 6.520538330078125000e-01
-1.110445404052734375e+01 -2.396303749084472656e+01 4.270538091659545898e-01 2.168619781732559204e-01 3.154176473617553711e-02 7.248243689537048340e-01 6.531504392623901367e-01
-1.110375499725341797e+01 -2.393824195861816406e+01 4.284487962722778320e-01 2.166414558887481689e-01 3.147297352552413940e-02 7.237994670867919922e-01 6.543624997138977051e-01
-1.110295963287353516e+01 -2.390996932983398438e+01 4.300379753112792969e-01 2.163676619529724121e-01 3.143803775310516357e-02 7.226984500885009766e-01 6.556703448295593262e-01
-1.110226917266845703e+01 -2.387817382812500000e+01 4.309458732604980469e-01 2.160393595695495605e-01 3.144375979900360107e-02 7.215380072593688965e-01 6.570549011230468750e-01
-1.110158252716064453e+01 -2.384285926818847656e+01 4.316062927246093750e-01 2.156547307968139648e-01 3.149752318859100342e-02 7.203346490859985352e-01 6.584973335266113281e-01
-1.110079956054687500e+01 -2.380406761169433594e+01 4.324287176132202148e-01 2.149279564619064331e-01 3.129580616950988770e-02 7.191185951232910156e-01 6.600719690322875977e-01
-1.109968280792236328e+01 -2.376195335388183594e+01 4.340335130691528320e-01 2.120487391948699951e-01 2.888268977403640747e-02 7.179855704307556152e-01 6.623428463935852051e-01
-1.109847640991210938e+01 -2.371634864807128906e+01 4.358108341693878174e-01 2.088009119033813477e-01 2.620162814855575562e-02 7.168509364128112793e-01 6.647107601165771484e-01
-1.109718704223632812e+01 -2.366725540161132812e+01 4.377494752407073975e-01 2.052288055419921875e-01 2.328544855117797852e-02 7.157149314880371094e-01 6.671514511108398438e-01
-1.109606456756591797e+01 -2.361466979980468750e+01 4.378408789634704590e-01 2.013759613037109375e-01 2.016786485910415649e-02 7.145774364471435547e-01 6.696418523788452148e-01
-1.109497070312500000e+01 -2.355858039855957031e+01 4.372717142105102539e-01 1.972865164279937744e-01 1.688239723443984985e-02 7.134396433830261230e-01 6.721584200859069824e-01
-1.109383678436279297e+01 -2.349897956848144531e+01 4.366552531719207764e-01 1.930049806833267212e-01 1.346251368522644043e-02 7.123031616210937500e-01 6.746791005134582520e-01
-1.109266853332519531e+01 -2.343586349487304688e+01 4.359796047210693359e-01 1.885758936405181885e-01 9.941942989826202393e-03 7.111710309982299805e-01 6.771824359893798828e-01
-1.109167194366455078e+01 -2.336944007873535156e+01 4.317852556705474854e-01 1.840443611145019531e-01 6.354115903377532959e-03 7.100464701652526855e-01 6.796478629112243652e-01
-1.109072875976562500e+01 -2.329957389831542969e+01 4.261794984340667725e-01 1.794556379318237305e-01 2.732820808887481689e-03 7.089344859123229980e-01 6.820557713508605957e-01
-1.108977794647216797e+01 -2.322618103027343750e+01 4.202392399311065674e-01 1.748552620410919189e-01 -8.883774280548095703e-04 7.078406214714050293e-01 6.843876838684082031e-01
-1.108940410614013672e+01 -2.314971351623535156e+01 4.104789495468139648e-01 1.702888607978820801e-01 -4.475586116313934326e-03 7.067717909812927246e-01 6.866258978843688965e-01
-1.108931636810302734e+01 -2.306993675231933594e+01 3.986364603042602539e-01 1.658029109239578247e-01 -7.995583117008209229e-03 7.057358622550964355e-01 6.887541413307189941e-01
-1.108933353424072266e+01 -2.298668670654296875e+01 3.859872221946716309e-01 1.614430844783782959e-01 -1.141413301229476929e-02 7.047416567802429199e-01 6.907567381858825684e-01
-1.109070491790771484e+01 -2.290069770812988281e+01 3.686633110046386719e-01 1.572561562061309814e-01 -1.469791680574417114e-02 7.037990689277648926e-01 6.926192045211791992e-01
-1.109217357635498047e+01 -2.281122016906738281e+01 3.505433499813079834e-01 1.532889008522033691e-01 -1.781363785266876221e-02 7.029185295104980469e-01 6.943276524543762207e-01
-1.109466361999511719e+01 -2.271860313415527344e+01 3.301739394664764404e-01 1.495876908302307129e-01 -2.072738111019134521e-02 7.021113634109497070e-01 6.958689689636230469e-01
-1.109805393218994141e+01 -2.262278556823730469e+01 3.077363371849060059e-01 1.461995095014572144e-01 -2.340586483478546143e-02 7.013895511627197266e-01 6.972306966781616211e-01
-1.110165119171142578e+01 -2.252348899841308594e+01 2.843396067619323730e-01 1.431710422039031982e-01 -2.581555023789405823e-02 7.007653713226318359e-01 6.984007954597473145e-01
-1.110709476470947266e+01 -2.242097854614257812e+01 2.592021226882934570e-01 1.405491232872009277e-01 -2.792313322424888611e-02 7.002511620521545410e-01 6.993672847747802734e-01
-1.111275005340576172e+01 -2.231497955322265625e+01 2.330760210752487183e-01 1.383807659149169922e-01 -2.969539910554885864e-02 6.998593211174011230e-01 7.001184225082397461e-01
-1.111921596527099609e+01 -2.220545768737792969e+01 2.062141299247741699e-01 1.366985887289047241e-01 -3.110890090465545654e-02 6.995987892150878906e-01 7.006477713584899902e-01
-1.112690448760986328e+01 -2.209239959716796875e+01 1.788052320480346680e-01 1.354803889989852905e-01 -3.218108043074607849e-02 6.994632482528686523e-01 7.009712457656860352e-01
-1.113484668731689453e+01 -2.197585868835449219e+01 1.504353284835815430e-01 1.346895396709442139e-01 -3.293896839022636414e-02 6.994421482086181641e-01 7.011093497276306152e-01
-1.114374256134033203e+01 -2.185568237304687500e+01 1.220231577754020691e-01 1.342895925045013428e-01 -3.340997546911239624e-02 6.995241045951843262e-01 7.010820508003234863e-01
-1.115357017517089844e+01 -2.173187446594238281e+01 9.355727583169937134e-02 1.342434734106063843e-01 -3.362104296684265137e-02 6.996967792510986328e-01 7.009084224700927734e-01
-1.116368293762207031e+01 -2.160459709167480469e+01 6.421157717704772949e-02 1.345147937536239624e-01 -3.359974920749664307e-02 6.999475955963134766e-01 7.006069421768188477e-01
-1.117425727844238281e+01 -2.147663497924804688e+01 3.557312116026878357e-02 1.350662261247634888e-01 -3.337288275361061096e-02 7.002634406089782715e-01 7.001959085464477539e-01
-1.118554496765136719e+01 -2.134789466857910156e+01 8.204498328268527985e-03 1.358608901500701904e-01 -3.296764194965362549e-02 7.006313800811767578e-01 6.996932029724121094e-01
-1.119688606262207031e+01 -2.121865272521972656e+01 -1.932479813694953918e-02 1.368620991706848145e-01 -3.241153806447982788e-02 7.010377049446105957e-01 6.991168856620788574e-01
-1.120827579498291016e+01 -2.108890914916992188e+01 -4.700424149632453918e-02 1.380324661731719971e-01 -3.173129260540008545e-02 7.014691233634948730e-01 6.984848976135253906e-01
-1.122031497955322266e+01 -2.095834922790527344e+01 -7.293915003538131714e-02 1.393351405858993530e-01 -3.095410391688346863e-02 7.019128203392028809e-01 6.978151798248291016e-01
-1.123260021209716797e+01 -2.082719230651855469e+01 -9.836959838867187500e-02 1.407333612442016602e-01 -3.010738641023635864e-02 7.023552060127258301e-01 6.971260309219360352e-01
-1.124493503570556641e+01 -2.069555282592773438e+01 -1.239093020558357239e-01 1.421901881694793701e-01 -2.921822294592857361e-02 7.027839422225952148e-01 6.964359283447265625e-01
-1.125731754302978516e+01 -2.056344223022460938e+01 -1.495478749275207520e-01 1.436687260866165161e-01 -2.831372991204261780e-02 7.031862735748291016e-01 6.957634091377258301e-01
-1.127000331878662109e+01 -2.043073844909667969e+01 -1.744543462991714478e-01 1.451320350170135498e-01 -2.742097899317741394e-02 7.035496830940246582e-01 6.951277256011962891e-01
-1.128299617767333984e+01 -2.029744529724121094e+01 -1.986027508974075317e-01 1.465436071157455444e-01 -2.656734734773635864e-02 7.038626670837402344e-01 6.945477724075317383e-01
-1.129603290557861328e+01 -2.016369819641113281e+01 -2.228130996227264404e-01 1.478668153285980225e-01 -2.578015625476837158e-02 7.041128873825073242e-01 6.940432786941528320e-01
-1.130910968780517578e+01 -2.002950477600097656e+01 -2.470747381448745728e-01 1.490648388862609863e-01 -2.508644759654998779e-02 7.042888998985290527e-01 6.936334967613220215e-01
-1.132222366333007812e+01 -1.989487075805664062e+01 -2.713777124881744385e-01 1.501011550426483154e-01 -2.451343089342117310e-02 7.043794393539428711e-01 6.933384537696838379e-01
-1.133567523956298828e+01 -1.975966835021972656e+01 -2.947511076927185059e-01 1.509391069412231445e-01 -2.408837527036666870e-02 7.043729424476623535e-01 6.931780576705932617e-01
-1.134923458099365234e+01 -1.962400436401367188e+01 -3.179075419902801514e-01 1.515502631664276123e-01 -2.383176237344741821e-02 7.042611241340637207e-01 6.931673288345336914e-01
-1.136282920837402344e+01 -1.948790931701660156e+01 -3.410844206809997559e-01 1.519394069910049438e-01 -2.373801171779632568e-02 7.040480971336364746e-01 6.933017373085021973e-01
-1.137646102905273438e+01 -1.935138320922851562e+01 -3.642858862876892090e-01 1.521189510822296143e-01 -2.379436045885086060e-02 7.037407159805297852e-01 6.935724616050720215e-01
-1.139012908935546875e+01 -1.921442031860351562e+01 -3.875161707401275635e-01 1.521015465259552002e-01 -2.398825436830520630e-02 7.033458948135375977e-01 6.939698457717895508e-01
-1.140407943725585938e+01 -1.907691574096679688e+01 -4.099949598312377930e-01 1.518997251987457275e-01 -2.430710196495056152e-02 7.028705477714538574e-01 6.944844722747802734e-01
-1.141811466217041016e+01 -1.893894195556640625e+01 -4.323594570159912109e-01 1.515260934829711914e-01 -2.473840117454528809e-02 7.023211717605590820e-01 6.951063871383666992e-01
-1.143219184875488281e+01 -1.880052757263183594e+01 -4.547613561153411865e-01 1.509933769702911377e-01 -2.526981383562088013e-02 7.017039060592651367e-01 6.958261132240295410e-01
-1.144631099700927734e+01 -1.866165924072265625e+01 -4.772042632102966309e-01 1.503137946128845215e-01 -2.588843181729316711e-02 7.010254859924316406e-01 6.966339349746704102e-01
-1.146047496795654297e+01 -1.852234268188476562e+01 -4.996923804283142090e-01 1.495002359151840210e-01 -2.658208832144737244e-02 7.002922296524047852e-01 6.975197792053222656e-01
-1.147486877441406250e+01 -1.838248825073242188e+01 -5.216302275657653809e-01 1.485649347305297852e-01 -2.733788266777992249e-02 6.995105147361755371e-01 6.984741687774658203e-01
-1.148936271667480469e+01 -1.824215316772460938e+01 -5.434454083442687988e-01 1.475206911563873291e-01 -2.814350649714469910e-02 6.986870169639587402e-01 6.994870305061340332e-01
-1.150390625000000000e+01 -1.810135269165039062e+01 -5.653146505355834961e-01 1.463796347379684448e-01 -2.898600324988365173e-02 6.978282332420349121e-01 7.005487084388732910e-01
-1.151849555969238281e+01 -1.796008491516113281e+01 -5.872421264648437500e-01 1.451549530029296875e-01 -2.985340356826782227e-02 6.969406604766845703e-01 7.016498446464538574e-01
-1.153313541412353516e+01 -1.781834983825683594e+01 -6.092315316200256348e-01 1.438587605953216553e-01 -3.073266521096229553e-02 6.960312128067016602e-01 7.027806639671325684e-01
-1.154798698425292969e+01 -1.767607307434082031e+01 -6.307702660560607910e-01 1.425038725137710571e-01 -3.161146119236946106e-02 6.951065063476562500e-01 7.039319276809692383e-01
-1.156294059753417969e+01 -1.753329849243164062e+01 -6.522113084793090820e-01 1.411032080650329590e-01 -3.247747570276260376e-02 6.941738128662109375e-01 7.050942182540893555e-01
-1.157794857025146484e+01 -1.739004516601562500e+01 -6.737243533134460449e-01 1.396688818931579590e-01 -3.331760689616203308e-02 6.932399272918701172e-01 7.062584161758422852e-01
-1.159300708770751953e+01 -1.724630737304687500e+01 -6.953125000000000000e-01 1.382140666246414185e-01 -3.411980718374252319e-02 6.923121809959411621e-01 7.074154019355773926e-01
-1.160812187194824219e+01 -1.710207939147949219e+01 -7.169805765151977539e-01 1.367512345314025879e-01 -3.487137705087661743e-02 6.913977265357971191e-01 7.085564136505126953e-01
-1.162347507476806641e+01 -1.695728874206542969e+01 -7.381322979927062988e-01 1.352932900190353394e-01 -3.555983304977416992e-02 6.905041933059692383e-01 7.096726298332214355e-01
-1.163889980316162109e+01 -1.681199836730957031e+01 -7.593228220939636230e-01 1.338536441326141357e-01 -3.617492690682411194e-02 6.896392107009887695e-01 7.107548117637634277e-01
-1.165437793731689453e+01 -1.666621017456054688e+01 -7.806015014648437500e-01 1.324482411146163940e-01 -3.671508654952049255e-02 6.888108253479003906e-01 7.117929458618164062e-01
-1.166991329193115234e+01 -1.651991653442382812e+01 -8.019704818725585938e-01 1.310939192771911621e-01 -3.718119114637374878e-02 6.880273818969726562e-01 7.127764225006103516e-01
-1.168558788299560547e+01 -1.637308692932128906e+01 -8.231512308120727539e-01 1.298074722290039062e-01 -3.757398575544357300e-02 6.872974634170532227e-01 7.136949300765991211e-01
-1.170143985748291016e+01 -1.622570228576660156e+01 -8.440386652946472168e-01 1.286056339740753174e-01 -3.789434209465980530e-02 6.866292953491210938e-01 7.145380973815917969e-01
-1.171734619140625000e+01 -1.607780265808105469e+01 -8.650225400924682617e-01 1.275052875280380249e-01 -3.814307227730751038e-02 6.860317587852478027e-01 7.152957916259765625e-01
-1.173330879211425781e+01 -1.592938232421875000e+01 -8.861041069030761719e-01 1.265230774879455566e-01 -3.832081332802772522e-02 6.855132579803466797e-01 7.159575223922729492e-01
-1.174839782714843750e+01 -1.578972244262695312e+01 -9.057232737541198730e-01 1.256760060787200928e-01 -3.842867165803909302e-02 6.850821375846862793e-01 7.165131568908691406e-01
-1.176268005371093750e+01 -1.565879631042480469e+01 -9.236682057380676270e-01 1.249805688858032227e-01 -3.846704959869384766e-02 6.847473382949829102e-01 7.169526815414428711e-01
-1.177600193023681641e+01 -1.553664875030517578e+01 -9.404336214065551758e-01 1.244538426399230957e-01 -3.843711316585540771e-02 6.845172643661499023e-01 7.172655463218688965e-01
-1.178836631774902344e+01 -1.542327880859375000e+01 -9.560226202011108398e-01 1.241123527288436890e-01 -3.833935782313346863e-02 6.844003200531005859e-01 7.174415588378906250e-01
-1.179977130889892578e+01 -1.531868362426757812e+01 -9.704372882843017578e-01 1.239730268716812134e-01 -3.817483037710189819e-02 6.844048500061035156e-01 7.174701690673828125e-01
-1.181046581268310547e+01 -1.522277832031250000e+01 -9.828835725784301758e-01 1.240524724125862122e-01 -3.794417902827262878e-02 6.845389008522033691e-01 7.173407673835754395e-01
-1.182019901275634766e+01 -1.513564014434814453e+01 -9.941729307174682617e-01 1.243674904108047485e-01 -3.764827921986579895e-02 6.848105192184448242e-01 7.170424461364746094e-01
-1.182894992828369141e+01 -1.505727386474609375e+01 -1.004375338554382324e+00 1.249345391988754272e-01 -3.728768974542617798e-02 6.852276921272277832e-01 7.165640592575073242e-01
-1.183671855926513672e+01 -1.498767185211181641e+01 -1.013492465019226074e+00 1.257702708244323730e-01 -3.686326742172241211e-02 6.857975125312805176e-01 7.158942818641662598e-01
-1.184350395202636719e+01 -1.492683219909667969e+01 -1.021527051925659180e+00 1.268913596868515015e-01 -3.637583926320075989e-02 6.865272521972656250e-01 7.150214314460754395e-01
-1.184931278228759766e+01 -1.487475109100341797e+01 -1.028480768203735352e+00 1.283138692378997803e-01 -3.582577779889106750e-02 6.874235868453979492e-01 7.139332294464111328e-01
-1.185423660278320312e+01 -1.483139610290527344e+01 -1.034048438072204590e+00 1.300546675920486450e-01 -3.521420061588287354e-02 6.884929537773132324e-01 7.126170992851257324e-01
-1.185823917388916016e+01 -1.479677677154541016e+01 -1.038366317749023438e+00 1.321295499801635742e-01 -3.454143926501274109e-02 6.897407770156860352e-01 7.110600471496582031e-01
-1.186122608184814453e+01 -1.477091789245605469e+01 -1.041731595993041992e+00 1.345420181751251221e-01 -3.381138294935226440e-02 6.911656856536865234e-01 7.092568874359130859e-01
-1.186319828033447266e+01 -1.475382995605468750e+01 -1.044132709503173828e+00 1.372442096471786499e-01 -3.304120525717735291e-02 6.927371025085449219e-01 7.072394490242004395e-01
-1.186415576934814453e+01 -1.474552917480468750e+01 -1.045556902885437012e+00 1.401754617691040039e-01 -3.225107863545417786e-02 6.944190263748168945e-01 7.050482034683227539e-01
-1.186466503143310547e+01 -1.474116134643554688e+01 -1.046547532081604004e+00 1.432754099369049072e-01 -3.146139159798622131e-02 6.961754560470581055e-01 7.027247548103332520e-01
-1.186605834960937500e+01 -1.472923946380615234e+01 -1.048408746719360352e+00 1.464833617210388184e-01 -3.069211542606353760e-02 6.979714632034301758e-01 7.003117203712463379e-01
-1.186833190917968750e+01 -1.470977020263671875e+01 -1.051127314567565918e+00 1.497395932674407959e-01 -2.996410802006721497e-02 6.997731328010559082e-01 6.978523135185241699e-01
-1.187148761749267578e+01 -1.468277549743652344e+01 -1.054691195487976074e+00 1.529837995767593384e-01 -2.929741516709327698e-02 7.015474438667297363e-01 6.953910589218139648e-01
-1.187552070617675781e+01 -1.464826774597167969e+01 -1.059088110923767090e+00 1.561564207077026367e-01 -2.871267497539520264e-02 7.032627463340759277e-01 6.929734349250793457e-01
-1.188042736053466797e+01 -1.460626411437988281e+01 -1.064306974411010742e+00 1.591979861259460449e-01 -2.823040634393692017e-02 7.048879265785217285e-01 6.906461119651794434e-01
-1.188620185852050781e+01 -1.455678272247314453e+01 -1.070335984230041504e+00 1.620491743087768555e-01 -2.787113934755325317e-02 7.063930034637451172e-01 6.884564757347106934e-01
-1.189284133911132812e+01 -1.449983692169189453e+01 -1.077163696289062500e+00 1.646507978439331055e-01 -2.765521407127380371e-02 7.077490091323852539e-01 6.864523291587829590e-01
-1.190039634704589844e+01 -1.443543148040771484e+01 -1.084601163864135742e+00 1.669442355632781982e-01 -2.760368585586547852e-02 7.089268565177917480e-01 6.846825480461120605e-01
-1.190921020507812500e+01 -1.436351203918457031e+01 -1.091532588005065918e+00 1.688702553510665894e-01 -2.773660421371459961e-02 7.098988890647888184e-01 6.831963062286376953e-01
-1.191892051696777344e+01 -1.428416824340820312e+01 -1.099076151847839355e+00 1.703704148530960083e-01 -2.807498723268508911e-02 7.106364965438842773e-01 6.820421814918518066e-01
-1.192952632904052734e+01 -1.419741535186767578e+01 -1.107221007347106934e+00 1.713858246803283691e-01 -2.863937616348266602e-02 7.111113071441650391e-01 6.812688708305358887e-01
-1.194101905822753906e+01 -1.410327243804931641e+01 -1.115957021713256836e+00 1.718570739030838013e-01 -2.944994717836380005e-02 7.112942337989807129e-01 6.809246540069580078e-01
-1.195416641235351562e+01 -1.400165462493896484e+01 -1.122810363769531250e+00 1.717253625392913818e-01 -3.052779287099838257e-02 7.111545801162719727e-01 6.810562610626220703e-01
-1.196837043762207031e+01 -1.389265632629394531e+01 -1.129669427871704102e+00 1.709309071302413940e-01 -3.189330548048019409e-02 7.106603384017944336e-01 6.817089915275573730e-01
-1.198352432250976562e+01 -1.377630424499511719e+01 -1.136875867843627930e+00 1.694131493568420410e-01 -3.356647491455078125e-02 7.097777128219604492e-01 6.829261779785156250e-01
-1.200094318389892578e+01 -1.365258979797363281e+01 -1.140138506889343262e+00 1.671115756034851074e-01 -3.556795418262481689e-02 7.084693908691406250e-01 6.847478747367858887e-01
-1.201940536499023438e+01 -1.352154922485351562e+01 -1.143432855606079102e+00 1.639925837516784668e-01 -3.790657967329025269e-02 7.067068815231323242e-01 6.871935129165649414e-01
-1.204017448425292969e+01 -1.338329887390136719e+01 -1.142650723457336426e+00 1.601322144269943237e-01 -4.054316878318786621e-02 7.045068144798278809e-01 6.902058124542236328e-01
-1.206250667572021484e+01 -1.323773860931396484e+01 -1.140305399894714355e+00 1.556353867053985596e-01 -4.342814907431602478e-02 7.018968462944030762e-01 6.937091946601867676e-01
-1.208531475067138672e+01 -1.309897327423095703e+01 -1.133092641830444336e+00 1.506065130233764648e-01 -4.651092365384101868e-02 6.989054083824157715e-01 6.976285576820373535e-01
-1.210736942291259766e+01 -1.296666145324707031e+01 -1.125185251235961914e+00 1.451506614685058594e-01 -4.974120110273361206e-02 6.955628395080566406e-01 7.018898725509643555e-01
-1.212961673736572266e+01 -1.284119606018066406e+01 -1.113410353660583496e+00 1.393738538026809692e-01 -5.306892469525337219e-02 6.919016242027282715e-01 7.064211964607238770e-01
-1.215097904205322266e+01 -1.272211360931396484e+01 -1.101501107215881348e+00 1.333824992179870605e-01 -5.644406005740165710e-02 6.879564523696899414e-01 7.111532688140869141e-01
-1.217208862304687500e+01 -1.260967350006103516e+01 -1.088072538375854492e+00 1.272835731506347656e-01 -5.981642380356788635e-02 6.837661266326904297e-01 7.160200476646423340e-01
-1.219254589080810547e+01 -1.250367450714111328e+01 -1.074161052703857422e+00 1.211853623390197754e-01 -6.313673406839370728e-02 6.793722510337829590e-01 7.209584712982177734e-01
-1.221194839477539062e+01 -1.240391349792480469e+01 -1.060874938964843750e+00 1.151960641145706177e-01 -6.635531783103942871e-02 6.748203039169311523e-01 7.259094715118408203e-01
-1.223130989074707031e+01 -1.231078624725341797e+01 -1.046505689620971680e+00 1.094249859452247620e-01 -6.942325830459594727e-02 6.701588630676269531e-01 7.308171987533569336e-01
-1.224946498870849609e+01 -1.222379398345947266e+01 -1.033065438270568848e+00 1.039816811680793762e-01 -7.229189574718475342e-02 6.654400825500488281e-01 7.356297373771667480e-01
-1.226640987396240234e+01 -1.214291191101074219e+01 -1.020581364631652832e+00 9.897617995738983154e-02 -7.491298764944076538e-02 6.607190966606140137e-01 7.402985095977783203e-01
-1.228315448760986328e+01 -1.206848621368408203e+01 -1.008042573928833008e+00 9.451846033334732056e-02 -7.723826915025711060e-02 6.560536026954650879e-01 7.447779774665832520e-01
-1.229860782623291016e+01 -1.200010967254638672e+01 -9.965786337852478027e-01 9.071937203407287598e-02 -7.922070473432540894e-02 6.515029072761535645e-01 7.490246891975402832e-01
-1.231274509429931641e+01 -1.193775081634521484e+01 -9.862390160560607910e-01 8.768875896930694580e-02 -8.081222325563430786e-02 6.471281647682189941e-01 7.529975175857543945e-01
-1.232555294036865234e+01 -1.188139533996582031e+01 -9.770504832267761230e-01 8.553729951381683350e-02 -8.196595311164855957e-02 6.429904699325561523e-01 7.566559314727783203e-01
-1.233778095245361328e+01 -1.183124446868896484e+01 -9.686931967735290527e-01 8.437515795230865479e-02 -8.263453096151351929e-02 6.391509175300598145e-01 7.599595785140991211e-01
-1.234861278533935547e+01 -1.178704166412353516e+01 -9.615651965141296387e-01 8.431239426136016846e-02 -8.277060836553573608e-02 6.356691122055053711e-01 7.628664970397949219e-01
-1.235799789428710938e+01 -1.174874973297119141e+01 -9.557152986526489258e-01 8.545897156000137329e-02 -8.232679963111877441e-02 6.326016783714294434e-01 7.653327584266662598e-01
-1.236592960357666016e+01 -1.171635437011718750e+01 -9.511620998382568359e-01 8.788563311100006104e-02 -8.127009123563766479e-02 6.299901604652404785e-01 7.673224210739135742e-01
-1.237240982055664062e+01 -1.168985939025878906e+01 -9.478847980499267578e-01 9.151035547256469727e-02 -7.963047921657562256e-02 6.278229951858520508e-01 7.688453197479248047e-01
-1.237744522094726562e+01 -1.166927242279052734e+01 -9.458541870117187500e-01 9.621231257915496826e-02 -7.745307683944702148e-02 6.260734200477600098e-01 7.699196338653564453e-01
-1.238104057312011719e+01 -1.165460300445556641e+01 -9.450402855873107910e-01 1.018699631094932556e-01 -7.478228956460952759e-02 6.247127652168273926e-01 7.705609798431396484e-01
-1.238320922851562500e+01 -1.164586162567138672e+01 -9.454119801521301270e-01 1.083617806434631348e-01 -7.166311889886856079e-02 6.237108707427978516e-01 7.707833647727966309e-01
-1.238395214080810547e+01 -1.164305305480957031e+01 -9.469387531280517578e-01 1.155656501650810242e-01 -6.814001500606536865e-02 6.230375766754150391e-01 7.706008553504943848e-01
-1.238490581512451172e+01 -1.163927459716796875e+01 -9.484860301017761230e-01 1.233595460653305054e-01 -6.425797194242477417e-02 6.226632595062255859e-01 7.700284123420715332e-01
-1.238607501983642578e+01 -1.163453388214111328e+01 -9.500228762626647949e-01 1.316214501857757568e-01 -6.006215512752532959e-02 6.225596666336059570e-01 7.690824270248413086e-01
-1.238746547698974609e+01 -1.162884140014648438e+01 -9.515176415443420410e-01 1.402295082807540894e-01 -5.559825524687767029e-02 6.227001547813415527e-01 7.677819132804870605e-01
-1.238908290863037109e+01 -1.162221050262451172e+01 -9.529394507408142090e-01 1.490623056888580322e-01 -5.091221258044242859e-02 6.230608224868774414e-01 7.661485075950622559e-01
-1.239099502563476562e+01 -1.161467170715332031e+01 -9.542565941810607910e-01 1.579985022544860840e-01 -4.605001211166381836e-02 6.236202716827392578e-01 7.642077803611755371e-01
-1.239320755004882812e+01 -1.160623836517333984e+01 -9.554387927055358887e-01 1.669178605079650879e-01 -4.105863720178604126e-02 6.243602037429809570e-01 7.619887590408325195e-01
-1.239566040039062500e+01 -1.159691143035888672e+01 -9.564571976661682129e-01 1.757003068923950195e-01 -3.598434478044509888e-02 6.252655386924743652e-01 7.595245242118835449e-01
-1.239835166931152344e+01 -1.158670997619628906e+01 -9.572836160659790039e-01 1.842274367809295654e-01 -3.087488561868667603e-02 6.263242959976196289e-01 7.568519711494445801e-01
-1.240127182006835938e+01 -1.157564830780029297e+01 -9.578893780708312988e-01 1.923812627792358398e-01 -2.577724307775497437e-02 6.275279521942138672e-01 7.540116906166076660e-01
-1.240441513061523438e+01 -1.156374454498291016e+01 -9.582479596138000488e-01 2.000449001789093018e-01 -2.073863148689270020e-02 6.288708448410034180e-01 7.510482072830200195e-01
-1.240776920318603516e+01 -1.155101871490478516e+01 -9.583340287208557129e-01 2.071026712656021118e-01 -1.580670475959777832e-02 6.303501129150390625e-01 7.480089664459228516e-01
-1.241132068634033203e+01 -1.153748893737792969e+01 -9.581219553947448730e-01 2.134399116039276123e-01 -1.102879643440246582e-02 6.319654583930969238e-01 7.449439167976379395e-01
-1.241505908966064453e+01 -1.152317237854003906e+01 -9.575881958007812500e-01 2.189425230026245117e-01 -6.452009081840515137e-03 6.337184309959411621e-01 7.419052720069885254e-01
-1.241896533966064453e+01 -1.150808715820312500e+01 -9.567098617553710938e-01 2.234972864389419556e-01 -2.123601734638214111e-03 6.356119513511657715e-01 7.389463782310485840e-01
-1.242266941070556641e+01 -1.149266433715820312e+01 -9.543438553810119629e-01 2.233316004276275635e-01 -1.283004879951477051e-03 6.376513838768005371e-01 7.372395396232604980e-01
-1.242658138275146484e+01 -1.147639369964599609e+01 -9.518554210662841797e-01 2.229639440774917603e-01 -1.325011253356933594e-04 6.398596763610839844e-01 7.354364395141601562e-01
-1.243070411682128906e+01 -1.145927429199218750e+01 -9.492431282997131348e-01 2.224325239658355713e-01 1.271039247512817383e-03 6.422303915023803711e-01 7.335273027420043945e-01
-1.243503665924072266e+01 -1.144130420684814453e+01 -9.465047717094421387e-01 2.217755019664764404e-01 2.870522439479827881e-03 6.447553634643554688e-01 7.315037846565246582e-01
-1.243957901000976562e+01 -1.142248153686523438e+01 -9.436389207839965820e-01 2.210319638252258301e-01 4.608869552612304688e-03 6.474251151084899902e-01 7.293587923049926758e-01
-1.244432830810546875e+01 -1.140280246734619141e+01 -9.406436085700988770e-01 2.202410697937011719e-01 6.430268287658691406e-03 6.502299904823303223e-01 7.270855903625488281e-01
-1.244928932189941406e+01 -1.138226509094238281e+01 -9.375177025794982910e-01 2.194436192512512207e-01 8.278429508209228516e-03 6.531605720520019531e-01 7.246773242950439453e-01
-1.245446109771728516e+01 -1.136087131500244141e+01 -9.342592954635620117e-01 2.186816930770874023e-01 1.009780168533325195e-02 6.562076210975646973e-01 7.221273779869079590e-01
-1.246010303497314453e+01 -1.133866691589355469e+01 -9.309573173522949219e-01 2.179985642433166504e-01 1.183366030454635620e-02 6.593629717826843262e-01 7.194281816482543945e-01
-1.246618747711181641e+01 -1.131564903259277344e+01 -9.275991320610046387e-01 2.174396812915802002e-01 1.343118399381637573e-02 6.626194119453430176e-01 7.165717482566833496e-01
-1.247250080108642578e+01 -1.129176521301269531e+01 -9.241107106208801270e-01 2.170516848564147949e-01 1.483669131994247437e-02 6.659703850746154785e-01 7.135488390922546387e-01
-1.247904682159423828e+01 -1.126701545715332031e+01 -9.204897880554199219e-01 2.168835699558258057e-01 1.599663496017456055e-02 6.694102883338928223e-01 7.103489041328430176e-01
-1.248582363128662109e+01 -1.124139118194580078e+01 -9.167342782020568848e-01 2.169863432645797729e-01 1.685779541730880737e-02 6.729342937469482422e-01 7.069597840309143066e-01
-1.249283409118652344e+01 -1.121489143371582031e+01 -9.128432869911193848e-01 2.174122333526611328e-01 1.736817508935928345e-02 6.765376329421997070e-01 7.033683657646179199e-01
-1.250007915496826172e+01 -1.118750858306884766e+01 -9.088143706321716309e-01 2.182162404060363770e-01 1.747547090053558350e-02 6.802154183387756348e-01 6.995591521263122559e-01
-1.250756168365478516e+01 -1.115923786163330078e+01 -9.046450853347778320e-01 2.194545716047286987e-01 1.712865382432937622e-02 6.839625835418701172e-01 6.955151557922363281e-01
-1.251528263092041016e+01 -1.113007545471191406e+01 -9.003332257270812988e-01 2.211860269308090210e-01 1.627643406391143799e-02 6.877722144126892090e-01 6.912172436714172363e-01
-1.252329826354980469e+01 -1.110002517700195312e+01 -8.959084749221801758e-01 2.234705388545989990e-01 1.486847549676895142e-02 6.916354894638061523e-01 6.866440176963806152e-01
-1.253231620788574219e+01 -1.106922435760498047e+01 -8.918127417564392090e-01 2.263699620962142944e-01 1.285484433174133301e-02 6.955412626266479492e-01 6.817725300788879395e-01
-1.254160213470458984e+01 -1.103751945495605469e+01 -8.875771760940551758e-01 2.299476563930511475e-01 1.018578559160232544e-02 6.994738578796386719e-01 6.765770912170410156e-01
-1.255110836029052734e+01 -1.100495910644531250e+01 -8.830550909042358398e-01 2.338154911994934082e-01 6.379276514053344727e-03 7.034156918525695801e-01 6.711899638175964355e-01
-1.256091403961181641e+01 -1.097148799896240234e+01 -8.784512281417846680e-01 2.385633289813995361e-01 2.136655151844024658e-03 7.073220014572143555e-01 6.654160618782043457e-01
-1.257101631164550781e+01 -1.093712234497070312e+01 -8.737536668777465820e-01 2.440958321094512939e-01 -2.498216927051544189e-03 7.111585140228271484e-01 6.592908501625061035e-01
-1.258141422271728516e+01 -1.090187835693359375e+01 -8.689507842063903809e-01 2.503175735473632812e-01 -7.481329143047332764e-03 7.148921489715576172e-01 6.528509855270385742e-01
-1.259220886230468750e+01 -1.086579895019531250e+01 -8.641204833984375000e-01 2.571339607238769531e-01 -1.276881247758865356e-02 7.184911370277404785e-01 6.461343765258789062e-01
-1.260442256927490234e+01 -1.082912826538085938e+01 -8.601394295692443848e-01 2.644499242305755615e-01 -1.831588894128799438e-02 7.219258546829223633e-01 6.391822695732116699e-01
-1.261694812774658203e+01 -1.079164028167724609e+01 -8.560513257980346680e-01 2.721721231937408447e-01 -2.407837659120559692e-02 7.251698374748229980e-01 6.320375204086303711e-01
-1.262977504730224609e+01 -1.075336742401123047e+01 -8.518227934837341309e-01 2.801257967948913574e-01 -3.010693937540054321e-02 7.281953692436218262e-01 6.247836351394653320e-01
-1.264288043975830078e+01 -1.071434020996093750e+01 -8.474224805831909180e-01 2.881405353546142578e-01 -3.645440936088562012e-02 7.309758663177490234e-01 6.175114512443542480e-01
-1.265628623962402344e+01 -1.067455101013183594e+01 -8.429092168807983398e-01 2.963060736656188965e-01 -4.286877810955047607e-02 7.335020303726196289e-01 6.101965308189392090e-01
-1.267101001739501953e+01 -1.063432025909423828e+01 -8.390517830848693848e-01 3.045472502708435059e-01 -4.928865283727645874e-02 7.357636690139770508e-01 6.028876304626464844e-01
-1.268680477142333984e+01 -1.059359264373779297e+01 -8.356753587722778320e-01 3.127868771553039551e-01 -5.565444380044937134e-02 7.377548217773437500e-01 5.956380367279052734e-01
-1.270292186737060547e+01 -1.055215454101562500e+01 -8.322265148162841797e-01 3.209480047225952148e-01 -6.191008538007736206e-02 7.394743561744689941e-01 5.885040760040283203e-01
-1.271935367584228516e+01 -1.051002025604248047e+01 -8.287118077278137207e-01 3.289526104927062988e-01 -6.800204515457153320e-02 7.409249544143676758e-01 5.815463662147521973e-01
-1.273682975769042969e+01 -1.046564388275146484e+01 -8.250872492790222168e-01 3.367227315902709961e-01 -7.387974858283996582e-02 7.421129941940307617e-01 5.748284459114074707e-01
-1.275769424438476562e+01 -1.041996288299560547e+01 -8.229247927665710449e-01 3.441801965236663818e-01 -7.949557900428771973e-02 7.430488467216491699e-01 5.684177279472351074e-01
-1.277962112426757812e+01 -1.037207889556884766e+01 -8.206905722618103027e-01 3.512470424175262451e-01 -8.480487763881683350e-02 7.437451481819152832e-01 5.623848438262939453e-01
-1.280260086059570312e+01 -1.032200336456298828e+01 -8.183926343917846680e-01 3.578453361988067627e-01 -8.976522833108901978e-02 7.442170381546020508e-01 5.568034052848815918e-01
-1.282838439941406250e+01 -1.027062225341796875e+01 -8.170889019966125488e-01 3.638979792594909668e-01 -9.433712810277938843e-02 7.444804906845092773e-01 5.517494678497314453e-01
-1.285699844360351562e+01 -1.021796321868896484e+01 -8.168109059333801270e-01 3.693282604217529297e-01 -9.848245233297348022e-02 7.445533871650695801e-01 5.473008751869201660e-01
-1.288672256469726562e+01 -1.016331863403320312e+01 -8.164690732955932617e-01 3.737180531024932861e-01 -1.026722937822341919e-01 7.443858385086059570e-01 5.437673330307006836e-01
-1.292022323608398438e+01 -1.010818862915039062e+01 -8.175741434097290039e-01 3.774192333221435547e-01 -1.064891964197158813e-01 7.440586090087890625e-01 5.409173369407653809e-01
-1.295661067962646484e+01 -1.005200672149658203e+01 -8.196477890014648438e-01 3.804912567138671875e-01 -1.099460199475288391e-01 7.435976266860961914e-01 5.387029051780700684e-01
-1.299487304687500000e+01 -9.994205474853515625e+00 -8.221133351325988770e-01 3.829925954341888428e-01 -1.130560114979743958e-01 7.430253624916076660e-01 5.370739698410034180e-01
-1.303860473632812500e+01 -9.937427520751953125e+00 -8.266991972923278809e-01 3.849798440933227539e-01 -1.158315092325210571e-01 7.423617243766784668e-01 5.359782576560974121e-01
-1.308386707305908203e+01 -9.878730773925781250e+00 -8.315087556838989258e-01 3.865088522434234619e-01 -1.182848662137985229e-01 7.416247129440307617e-01 5.353618264198303223e-01
-1.313453102111816406e+01 -9.821515083312988281e+00 -8.381530642509460449e-01 3.876346647739410400e-01 -1.204282045364379883e-01 7.408304810523986816e-01 5.351696014404296875e-01
-1.318763923645019531e+01 -9.763140678405761719e+00 -8.453939557075500488e-01 3.884117007255554199e-01 -1.222736388444900513e-01 7.399936318397521973e-01 5.353456139564514160e-01
-1.324540233612060547e+01 -9.706002235412597656e+00 -8.539397716522216797e-01 3.886683285236358643e-01 -1.236152648925781250e-01 7.391930818557739258e-01 5.359569191932678223e-01
-1.330632019042968750e+01 -9.648537635803222656e+00 -8.632903695106506348e-01 3.883369565010070801e-01 -1.243456974625587463e-01 7.384772300720214844e-01 5.370137691497802734e-01
-1.337135314941406250e+01 -9.591979026794433594e+00 -8.734780550003051758e-01 3.880548775196075439e-01 -1.250410676002502441e-01 7.376896739006042480e-01 5.381375551223754883e-01
-1.343981933593750000e+01 -9.535508155822753906e+00 -8.843435645103454590e-01 3.878350257873535156e-01 -1.256750971078872681e-01 7.368540763854980469e-01 5.392919778823852539e-01
-1.351180648803710938e+01 -9.479439735412597656e+00 -8.959176540374755859e-01 3.876902461051940918e-01 -1.262219548225402832e-01 7.359945178031921387e-01 5.404409170150756836e-01
-1.358719730377197266e+01 -9.423610687255859375e+00 -9.081740975379943848e-01 3.876338005065917969e-01 -1.266554892063140869e-01 7.351354360580444336e-01 5.415480732917785645e-01
-1.366572475433349609e+01 -9.367784500122070312e+00 -9.210540652275085449e-01 3.876791894435882568e-01 -1.269499063491821289e-01 7.343009710311889648e-01 5.425777435302734375e-01
-1.374755096435546875e+01 -9.312186241149902344e+00 -9.345989823341369629e-01 3.878402709960937500e-01 -1.270785182714462280e-01 7.335158586502075195e-01 5.434936881065368652e-01
-1.383227729797363281e+01 -9.256301879882812500e+00 -9.487164020538330078e-01 3.881312012672424316e-01 -1.270149350166320801e-01 7.328041791915893555e-01 5.442603826522827148e-01
-1.392014598846435547e+01 -9.200493812561035156e+00 -9.634670615196228027e-01 3.885664641857147217e-01 -1.267319619655609131e-01 7.321899533271789551e-01 5.448420643806457520e-01
-1.401077842712402344e+01 -9.144204139709472656e+00 -9.787603616714477539e-01 3.891605734825134277e-01 -1.262021064758300781e-01 7.316967844963073730e-01 5.452034473419189453e-01
-1.410436153411865234e+01 -9.087724685668945312e+00 -9.946453571319580078e-01 3.899281024932861328e-01 -1.253974437713623047e-01 7.313475608825683594e-01 5.453093051910400391e-01
-1.420027065277099609e+01 -9.030653953552246094e+00 -1.010698556900024414e+00 3.898293077945709229e-01 -1.257043480873107910e-01 7.309180498123168945e-01 5.458848476409912109e-01
-1.429388618469238281e+01 -8.975666999816894531e+00 -1.026393413543701172e+00 3.897586762905120850e-01 -1.259230673313140869e-01 7.306115627288818359e-01 5.462949275970458984e-01
-1.438467884063720703e+01 -8.924463272094726562e+00 -1.047820687294006348e+00 3.897145390510559082e-01 -1.260597109794616699e-01 7.304199934005737305e-01 5.465509891510009766e-01
-1.447263622283935547e+01 -8.877160072326660156e+00 -1.075294137001037598e+00 3.896951079368591309e-01 -1.261198520660400391e-01 7.303356528282165527e-01 5.466637611389160156e-01
-1.455646324157714844e+01 -8.833137512207031250e+00 -1.108819246292114258e+00 3.896986544132232666e-01 -1.261087656021118164e-01 7.303511500358581543e-01 5.466430187225341797e-01
-1.463457584381103516e+01 -8.793493270874023438e+00 -1.149581909179687500e+00 3.897236883640289307e-01 -1.260313838720321655e-01 7.304598689079284668e-01 5.464978814125061035e-01
-1.470022583007812500e+01 -8.763784408569335938e+00 -1.209430217742919922e+00 3.897687196731567383e-01 -1.258920729160308838e-01 7.306550145149230957e-01 5.462368726730346680e-01
-1.474073219299316406e+01 -8.750258445739746094e+00 -1.289496779441833496e+00 3.898321986198425293e-01 -1.256951987743377686e-01 7.309308052062988281e-01 5.458677411079406738e-01
-1.475656795501708984e+01 -8.749621391296386719e+00 -1.376085162162780762e+00 3.899129033088684082e-01 -1.254446506500244141e-01 7.312814593315124512e-01 5.453978776931762695e-01
-1.475839519500732422e+01 -8.754132270812988281e+00 -1.460949063301086426e+00 3.900094032287597656e-01 -1.251444220542907715e-01 7.317011356353759766e-01 5.448347330093383789e-01
-1.475656795501708984e+01 -8.757364273071289062e+00 -1.542756915092468262e+00 3.901202678680419922e-01 -1.247983053326606750e-01 7.321842908859252930e-01 5.441852211952209473e-01
-1.475213432312011719e+01 -8.759628295898437500e+00 -1.621371388435363770e+00 3.902440965175628662e-01 -1.244106143712997437e-01 7.327246665954589844e-01 5.434574484825134277e-01
-1.474609565734863281e+01 -8.761232376098632812e+00 -1.696810245513916016e+00 3.903792202472686768e-01 -1.239859908819198608e-01 7.333154082298278809e-01 5.426599979400634766e-01
-1.473672771453857422e+01 -8.761644363403320312e+00 -1.768799424171447754e+00 3.905237913131713867e-01 -1.235298439860343933e-01 7.339489459991455078e-01 5.418028831481933594e-01
-1.472719478607177734e+01 -8.761834144592285156e+00 -1.837625741958618164e+00 3.906756639480590820e-01 -1.230487227439880371e-01 7.346157431602478027e-01 5.408984422683715820e-01
-1.471551704406738281e+01 -8.761198997497558594e+00 -1.902982711791992188e+00 3.908322453498840332e-01 -1.225504651665687561e-01 7.353047728538513184e-01 5.399612784385681152e-01
-1.470439434051513672e+01 -8.760577201843261719e+00 -1.965289831161499023e+00 3.909904658794403076e-01 -1.220447346568107605e-01 7.360027432441711426e-01 5.390095710754394531e-01
-1.469121170043945312e+01 -8.759608268737792969e+00 -2.023661136627197266e+00 3.898469209671020508e-01 -1.233207806944847107e-01 7.363980412483215332e-01 5.390075445175170898e-01
-1.467797660827636719e+01 -8.759377479553222656e+00 -2.078202962875366211e+00 3.858653903007507324e-01 -1.278070658445358276e-01 7.362532615661621094e-01 5.410216450691223145e-01
-1.466525268554687500e+01 -8.759540557861328125e+00 -2.129629850387573242e+00 3.795935511589050293e-01 -1.317020952701568604e-01 7.363390922546386719e-01 5.443971157073974609e-01
-1.465147781372070312e+01 -8.759858131408691406e+00 -2.177376270294189453e+00 3.708501756191253662e-01 -1.359021067619323730e-01 7.364906072616577148e-01 5.491651892662048340e-01
-1.463852500915527344e+01 -8.760254859924316406e+00 -2.222096920013427734e+00 3.620635569095611572e-01 -1.400863230228424072e-01 7.365560531616210938e-01 5.538690090179443359e-01
-1.462639713287353516e+01 -8.760729789733886719e+00 -2.263791561126708984e+00 3.532347083091735840e-01 -1.442543268203735352e-01 7.365354299545288086e-01 5.585081577301025391e-01
-1.461504745483398438e+01 -8.761278152465820312e+00 -2.302449703216552734e+00 3.443644642829895020e-01 -1.484053432941436768e-01 7.364289164543151855e-01 5.630821585655212402e-01
-1.460371208190917969e+01 -8.761851310729980469e+00 -2.337861776351928711e+00 3.354538679122924805e-01 -1.525389105081558228e-01 7.362362146377563477e-01 5.675903558731079102e-01
-1.459327030181884766e+01 -8.762504577636718750e+00 -2.370269775390625000e+00 3.265042901039123535e-01 -1.566548943519592285e-01 7.359573841094970703e-01 5.720321536064147949e-01
-1.458371829986572266e+01 -8.763236999511718750e+00 -2.399673461914062500e+00 3.175165057182312012e-01 -1.607524454593658447e-01 7.355929017066955566e-01 5.764071941375732422e-01
-1.457506084442138672e+01 -8.764048576354980469e+00 -2.426074504852294922e+00 3.084916174411773682e-01 -1.648312956094741821e-01 7.351421117782592773e-01 5.807148218154907227e-01
-1.456729793548583984e+01 -8.764935493469238281e+00 -2.449473142623901367e+00 2.994305491447448730e-01 -1.688907146453857422e-01 7.346056103706359863e-01 5.849545001983642578e-01
-1.456042766571044922e+01 -8.765901565551757812e+00 -2.469870328903198242e+00 2.903345823287963867e-01 -1.729305386543273926e-01 7.339831590652465820e-01 5.891259908676147461e-01
-1.455440998077392578e+01 -8.766947746276855469e+00 -2.487254619598388672e+00 2.812046706676483154e-01 -1.769500970840454102e-01 7.332751154899597168e-01 5.932285189628601074e-01
-1.454906558990478516e+01 -8.768102645874023438e+00 -2.501574993133544922e+00 2.720419764518737793e-01 -1.809490323066711426e-01 7.324812412261962891e-01 5.972618460655212402e-01
-1.454466438293457031e+01 -8.769326210021972656e+00 -2.512910366058349609e+00 2.628475129604339600e-01 -1.849268078804016113e-01 7.316018342971801758e-01 6.012254357337951660e-01
-1.454120540618896484e+01 -8.770614624023437500e+00 -2.521261453628540039e+00 2.536222040653228760e-01 -1.888828873634338379e-01 7.306370735168457031e-01 6.051186323165893555e-01
-1.453869247436523438e+01 -8.771969795227050781e+00 -2.526629924774169922e+00 2.443673759698867798e-01 -1.928170025348663330e-01 7.295866608619689941e-01 6.089410781860351562e-01
-1.453712081909179688e+01 -8.773389816284179688e+00 -2.529015779495239258e+00 2.350839227437973022e-01 -1.967285275459289551e-01 7.284512519836425781e-01 6.126925945281982422e-01
-1.453649425506591797e+01 -8.774875640869140625e+00 -2.528419733047485352e+00 2.257731854915618896e-01 -2.006170302629470825e-01 7.272306680679321289e-01 6.163722276687622070e-01
-1.453620910644531250e+01 -8.776373863220214844e+00 -2.526839494705200195e+00 2.164358794689178467e-01 -2.044824063777923584e-01 7.259250283241271973e-01 6.199800968170166016e-01
-1.453575420379638672e+01 -8.777844429016113281e+00 -2.525975942611694336e+00 2.070733010768890381e-01 -2.083234041929244995e-01 7.245346307754516602e-01 6.235154867172241211e-01
-1.453512763977050781e+01 -8.779283523559570312e+00 -2.525829076766967773e+00 1.976865530014038086e-01 -2.121404111385345459e-01 7.230595946311950684e-01 6.269779801368713379e-01
-1.453458499908447266e+01 -8.776873588562011719e+00 -2.530439615249633789e+00 2.062766402959823608e-01 -2.052091211080551147e-01 7.271417975425720215e-01 6.217748522758483887e-01
-1.453390312194824219e+01 -8.774448394775390625e+00 -2.535773038864135742e+00 2.148327082395553589e-01 -1.982440799474716187e-01 7.311036586761474609e-01 6.164687275886535645e-01
-1.453308200836181641e+01 -8.772007942199707031e+00 -2.541827440261840820e+00 2.233531475067138672e-01 -1.912461668252944946e-01 7.349445223808288574e-01 6.110604405403137207e-01
-1.453212261199951172e+01 -8.769555091857910156e+00 -2.548602581024169922e+00 2.318365424871444702e-01 -1.842165738344192505e-01 7.386636137962341309e-01 6.055510640144348145e-01
-1.453102111816406250e+01 -8.767090797424316406e+00 -2.556096076965332031e+00 2.402818053960800171e-01 -1.771566420793533325e-01 7.422603964805603027e-01 5.999414324760437012e-01
-1.452978229522705078e+01 -8.764617919921875000e+00 -2.564307212829589844e+00 2.486870586872100830e-01 -1.700672060251235962e-01 7.457342147827148438e-01 5.942324995994567871e-01
-1.452840328216552734e+01 -8.762136459350585938e+00 -2.573234081268310547e+00 2.570510804653167725e-01 -1.629495024681091309e-01 7.490847706794738770e-01 5.884251594543457031e-01
-1.452688121795654297e+01 -8.759648323059082031e+00 -2.582875967025756836e+00 2.653726935386657715e-01 -1.558050513267517090e-01 7.523112297058105469e-01 5.825205445289611816e-01
-1.452521896362304688e+01 -8.757154464721679688e+00 -2.593231439590454102e+00 2.736501991748809814e-01 -1.486345827579498291e-01 7.554129958152770996e-01 5.765193104743957520e-01
-1.452341651916503906e+01 -8.754657745361328125e+00 -2.604298353195190430e+00 2.818825542926788330e-01 -1.414396166801452637e-01 7.583898305892944336e-01 5.704225897789001465e-01
-1.452146911621093750e+01 -8.752158164978027344e+00 -2.616075992584228516e+00 2.900682091712951660e-01 -1.342212259769439697e-01 7.612410187721252441e-01 5.642315149307250977e-01
-1.451937866210937500e+01 -8.749659538269042969e+00 -2.628563165664672852e+00 2.982058525085449219e-01 -1.269806623458862305e-01 7.639660835266113281e-01 5.579470396041870117e-01
-1.451714611053466797e+01 -8.747160911560058594e+00 -2.641758441925048828e+00 3.062941133975982666e-01 -1.197190135717391968e-01 7.665648460388183594e-01 5.515701174736022949e-01
-1.451476669311523438e+01 -8.744664192199707031e+00 -2.655660152435302734e+00 3.143316507339477539e-01 -1.124375760555267334e-01 7.690366506576538086e-01 5.451019406318664551e-01
-1.451224231719970703e+01 -8.742172241210937500e+00 -2.670267581939697266e+00 3.223171532154083252e-01 -1.051375120878219604e-01 7.713810801506042480e-01 5.385434627532958984e-01
-1.450957107543945312e+01 -8.739686012268066406e+00 -2.685579061508178711e+00 3.302492499351501465e-01 -9.782008826732635498e-02 7.735977172851562500e-01 5.318957567214965820e-01
-1.450675487518310547e+01 -8.737205505371093750e+00 -2.701593160629272461e+00 3.381267189979553223e-01 -9.048645198345184326e-02 7.756863832473754883e-01 5.251601338386535645e-01
-1.450378799438476562e+01 -8.734733581542968750e+00 -2.718309164047241211e+00 3.459481298923492432e-01 -8.313776552677154541e-02 7.776466608047485352e-01 5.183375477790832520e-01
-1.450049781799316406e+01 -8.732354164123535156e+00 -2.735673427581787109e+00 3.537122607231140137e-01 -7.577549666166305542e-02 7.794780135154724121e-01 5.114290118217468262e-01
-1.449704837799072266e+01 -8.729989051818847656e+00 -2.753734588623046875e+00 3.614178299903869629e-01 -6.840047240257263184e-02 7.811805009841918945e-01 5.044358372688293457e-01
-1.449269104003906250e+01 -8.728223800659179688e+00 -2.771266937255859375e+00 3.684739172458648682e-01 -6.770186126232147217e-02 7.815358638763427734e-01 4.988437294960021973e-01
-1.448748970031738281e+01 -8.727061271667480469e+00 -2.788664817810058594e+00 3.731816709041595459e-01 -7.078419625759124756e-02 7.813755869865417480e-01 4.951538145542144775e-01
-1.448202896118164062e+01 -8.725949287414550781e+00 -2.806786537170410156e+00 3.778432309627532959e-01 -7.392872869968414307e-02 7.810426354408264160e-01 4.916719496250152588e-01
-1.447630691528320312e+01 -8.724885940551757812e+00 -2.825637102127075195e+00 3.824013173580169678e-01 -7.708178460597991943e-02 7.805693745613098145e-01 4.884046018123626709e-01
-1.447032642364501953e+01 -8.723870277404785156e+00 -2.845220804214477539e+00 3.868006467819213867e-01 -8.019013702869415283e-02 7.799888849258422852e-01 4.853577017784118652e-01
