-5.146449089050292969e+00 2.815124392509460449e-01 -8.115449905395507812e+00 -1.616283953189849854e-01 8.868892490863800049e-02 -7.457676529884338379e-01 6.401882767677307129e-01
-4.926095485687255859e+00 2.700586020946502686e-01 -8.158241271972656250e+00 -1.623915880918502808e-01 8.793699741363525391e-02 -7.453223466873168945e-01 6.406173110008239746e-01
-4.709297180175781250e+00 2.571557462215423584e-01 -8.199371337890625000e+00 -1.635001003742218018e-01 8.690832555294036865e-02 -7.451898455619812012e-01 6.406298279762268066e-01
-4.496319293975830078e+00 2.389623969793319702e-01 -8.236495018005371094e+00 -1.649815142154693604e-01 8.558399975299835205e-02 -7.454049587249755859e-01 6.401780247688293457e-01
-4.287471294403076172e+00 2.030749469995498657e-01 -8.262356758117675781e+00 -1.668621450662612915e-01 8.394888043403625488e-02 -7.460029721260070801e-01 6.392097473144531250e-01
-4.083333969116210938e+00 1.617687940597534180e-01 -8.283556938171386719e+00 -1.691655814647674561e-01 8.199357986450195312e-02 -7.470200657844543457e-01 6.376682519912719727e-01
-3.885954618453979492e+00 1.062560975551605225e-01 -8.295866966247558594e+00 -1.675569415092468262e-01 7.461844384670257568e-02 -7.490059137344360352e-01 6.366687417030334473e-01
-3.693076133728027344e+00 4.855834692716598511e-02 -8.304325103759765625e+00 -1.656867712736129761e-01 6.618355214595794678e-02 -7.513974308967590332e-01 6.352713108062744141e-01
-3.504525661468505859e+00 -1.041625998914241791e-02 -8.309971809387207031e+00 -1.635778248310089111e-01 5.684493854641914368e-02 -7.541044354438781738e-01 6.335120201110839844e-01
-3.321897506713867188e+00 -7.511962950229644775e-02 -8.307426452636718750e+00 -1.612533181905746460e-01 4.675895348191261292e-02 -7.570398449897766113e-01 6.314283609390258789e-01
-3.144349336624145508e+00 -1.470397859811782837e-01 -8.295380592346191406e+00 -1.587382256984710693e-01 3.608272224664688110e-02 -7.601193189620971680e-01 6.290617585182189941e-01
-2.972197532653808594e+00 -2.253662049770355225e-01 -8.273388862609863281e+00 -1.560579240322113037e-01 2.497430145740509033e-02 -7.632645964622497559e-01 6.264578104019165039e-01
-2.806237220764160156e+00 -3.093456923961639404e-01 -8.239911079406738281e+00 -1.532395780086517334e-01 1.359225809574127197e-02 -7.664024829864501953e-01 6.236667633056640625e-01
-2.646845340728759766e+00 -3.961804211139678955e-01 -8.193150520324707031e+00 -1.503113508224487305e-01 2.095714211463928223e-03 -7.694660425186157227e-01 6.207447052001953125e-01
-2.491277933120727539e+00 -4.807983338832855225e-01 -8.136642456054687500e+00 -1.473034918308258057e-01 -9.356319904327392578e-03 -7.723959684371948242e-01 6.177528500556945801e-01
-2.336986303329467773e+00 -5.597814917564392090e-01 -8.073586463928222656e+00 -1.442472487688064575e-01 -2.060375735163688660e-02 -7.751389741897583008e-01 6.147583127021789551e-01
-2.184013605117797852e+00 -6.338915824890136719e-01 -8.005558013916015625e+00 -1.411747336387634277e-01 -3.148804605007171631e-02 -7.776492834091186523e-01 6.118331551551818848e-01
-2.032884359359741211e+00 -7.046728134155273438e-01 -7.933553218841552734e+00 -1.381197571754455566e-01 -4.185039922595024109e-02 -7.798870801925659180e-01 6.090546846389770508e-01
-1.884082913398742676e+00 -7.734826207160949707e-01 -7.858199119567871094e+00 -1.351170837879180908e-01 -5.153287574648857117e-02 -7.818188071250915527e-01 6.065040230751037598e-01
-1.738603472709655762e+00 -8.424072265625000000e-01 -7.779686927795410156e+00 -1.322016566991806030e-01 -6.037824228405952454e-02 -7.834153771400451660e-01 6.042661666870117188e-01
-1.596573472023010254e+00 -9.132226109504699707e-01 -7.699518680572509766e+00 -1.294097900390625000e-01 -6.822979450225830078e-02 -7.846512198448181152e-01 6.024285554885864258e-01
-1.458650469779968262e+00 -9.875170588493347168e-01 -7.618185043334960938e+00 -1.267764568328857422e-01 -7.493183016777038574e-02 -7.855035066604614258e-01 6.010800004005432129e-01
-1.325835108757019043e+00 -1.067305922508239746e+00 -7.536307811737060547e+00 -1.243380904197692871e-01 -8.032903820276260376e-02 -7.859489917755126953e-01 6.003095507621765137e-01
-1.199747323989868164e+00 -1.155292987823486328e+00 -7.454825878143310547e+00 -1.221296414732933044e-01 -8.426609635353088379e-02 -7.859630584716796875e-01 6.002047657966613770e-01
-1.083152413368225098e+00 -1.255073189735412598e+00 -7.375353336334228516e+00 -1.201855018734931946e-01 -8.658797293901443481e-02 -7.855169773101806641e-01 6.008502244949340820e-01
-9.803658723831176758e-01 -1.370399117469787598e+00 -7.300358772277832031e+00 -1.185384467244148254e-01 -8.713886141777038574e-02 -7.845756411552429199e-01 6.023259162902832031e-01
-8.944855928421020508e-01 -1.500198960304260254e+00 -7.230452537536621094e+00 -1.172099485993385315e-01 -8.581167459487915039e-02 -7.831078171730041504e-01 6.046820878982543945e-01
-8.283237814903259277e-01 -1.642305850982666016e+00 -7.166007041931152344e+00 -1.161800026893615723e-01 -8.269693702459335327e-02 -7.811256647109985352e-01 6.078701615333557129e-01
-7.841439843177795410e-01 -1.793656587600708008e+00 -7.107026100158691406e+00 -1.154169589281082153e-01 -7.793414592742919922e-02 -7.786468863487243652e-01 6.118122935295104980e-01
-7.635403275489807129e-01 -1.950572490692138672e+00 -7.053099155426025391e+00 -1.148882880806922913e-01 -7.166191190481185913e-02 -7.756832838058471680e-01 6.164256334304809570e-01
-7.674530148506164551e-01 -2.109000205993652344e+00 -7.003441810607910156e+00 -1.145611330866813660e-01 -6.401909142732620239e-02 -7.722434401512145996e-01 6.216247081756591797e-01
-7.962396144866943359e-01 -2.264655828475952148e+00 -6.956976890563964844e+00 -1.144022643566131592e-01 -5.514505505561828613e-02 -7.683348059654235840e-01 6.273219585418701172e-01
-8.529593944549560547e-01 -2.411699056625366211e+00 -6.912698268890380859e+00 -1.143786385655403137e-01 -4.518024995923042297e-02 -7.639648318290710449e-01 6.334303617477416992e-01
-9.300401210784912109e-01 -2.548115253448486328e+00 -6.870320796966552734e+00 -1.144575849175453186e-01 -3.426603600382804871e-02 -7.591440677642822266e-01 6.398636102676391602e-01
-1.022674679756164551e+00 -2.673237800598144531e+00 -6.829582214355468750e+00 -1.146063804626464844e-01 -2.254420518875122070e-02 -7.538868188858032227e-01 6.465382575988769531e-01
-1.126700758934020996e+00 -2.787492036819458008e+00 -6.789993762969970703e+00 -1.147934272885322571e-01 -1.015817373991012573e-02 -7.482125163078308105e-01 6.533738374710083008e-01
-1.238721251487731934e+00 -2.891931056976318359e+00 -6.750951290130615234e+00 -1.149883121252059937e-01 2.747341990470886230e-03 -7.421464920043945312e-01 6.602944731712341309e-01
-1.356117367744445801e+00 -2.987839937210083008e+00 -6.711821556091308594e+00 -1.151611134409904480e-01 1.602745428681373596e-02 -7.357209324836730957e-01 6.672299504280090332e-01
-1.476914525032043457e+00 -3.076498985290527344e+00 -6.671977996826171875e+00 -1.152834445238113403e-01 2.953693643212318420e-02 -7.289759516716003418e-01 6.741152405738830566e-01
-1.599675536155700684e+00 -3.158982992172241211e+00 -6.630808353424072266e+00 -1.153279468417167664e-01 4.312951490283012390e-02 -7.219588160514831543e-01 6.808925271034240723e-01
-1.724029541015625000e+00 -3.236293315887451172e+00 -6.590224266052246094e+00 -1.152685210108757019e-01 5.666004121303558350e-02 -7.147248387336730957e-01 6.875107884407043457e-01
-1.849725008010864258e+00 -3.309324979782104492e+00 -6.551877498626708984e+00 -1.150814965367317200e-01 6.998339295387268066e-02 -7.073372006416320801e-01 6.939255595207214355e-01
-1.976590275764465332e+00 -3.378781557083129883e+00 -6.517255783081054688e+00 -1.147431656718254089e-01 8.295547962188720703e-02 -6.998657584190368652e-01 7.001001834869384766e-01
-2.104328632354736328e+00 -3.445391654968261719e+00 -6.487579345703125000e+00 -1.142319440841674805e-01 9.543360024690628052e-02 -6.923881173133850098e-01 7.060043215751647949e-01
-2.232511281967163086e+00 -3.509814977645874023e+00 -6.463556766510009766e+00 -1.135273948311805725e-01 1.072764396667480469e-01 -6.849873065948486328e-01 7.116147875785827637e-01
-2.360712766647338867e+00 -3.572526693344116211e+00 -6.445572853088378906e+00 -1.126095503568649292e-01 1.183442696928977966e-01 -6.777520775794982910e-01 7.169141173362731934e-01
-2.488519191741943359e+00 -3.633873701095581055e+00 -6.433646678924560547e+00 -1.114675998687744141e-01 1.285220086574554443e-01 -6.707669496536254883e-01 7.218924760818481445e-01
-2.612865209579467773e+00 -3.692836284637451172e+00 -6.427629947662353516e+00 -1.095392331480979919e-01 1.372566670179367065e-01 -6.641960144042968750e-01 7.266397476196289062e-01
-2.733742952346801758e+00 -3.749522686004638672e+00 -6.428538799285888672e+00 -1.047515869140625000e-01 1.426851153373718262e-01 -6.585120558738708496e-01 7.314572930335998535e-01
-2.850455760955810547e+00 -3.803985595703125000e+00 -6.434375286102294922e+00 -1.003599837422370911e-01 1.477761566638946533e-01 -6.531546711921691895e-01 7.358525395393371582e-01
-2.962938785552978516e+00 -3.856329202651977539e+00 -6.442988872528076172e+00 -9.637757390737533569e-02 1.524911671876907349e-01 -6.481471657752990723e-01 7.398397922515869141e-01
-3.071074247360229492e+00 -3.906519174575805664e+00 -6.455253601074218750e+00 -9.281555563211441040e-02 1.567944288253784180e-01 -6.435161232948303223e-01 7.434297204017639160e-01
-3.174490213394165039e+00 -3.954520225524902344e+00 -6.472234249114990234e+00 -8.968336135149002075e-02 1.606528013944625854e-01 -6.392881870269775391e-01 7.466312050819396973e-01
-3.273063659667968750e+00 -4.000339031219482422e+00 -6.493044853210449219e+00 -8.698879182338714600e-02 1.640359908342361450e-01 -6.354917883872985840e-01 7.494500279426574707e-01
-3.365972280502319336e+00 -4.043774127960205078e+00 -6.520186424255371094e+00 -8.473829180002212524e-02 1.669163107872009277e-01 -6.321566104888916016e-01 7.518885731697082520e-01
-3.447327136993408203e+00 -4.083036422729492188e+00 -6.564346313476562500e+00 -8.293722569942474365e-02 1.692685782909393311e-01 -6.293127536773681641e-01 7.539463043212890625e-01
-3.448384523391723633e+00 -4.089820861816406250e+00 -6.641377925872802734e+00 -8.158984780311584473e-02 1.710705310106277466e-01 -6.269910335540771484e-01 7.556190490722656250e-01
-3.372184991836547852e+00 -4.060927867889404297e+00 -6.684837341308593750e+00 -8.070002496242523193e-02 1.723024249076843262e-01 -6.252226233482360840e-01 7.568989396095275879e-01
-3.295092344284057617e+00 -4.028739929199218750e+00 -6.712272644042968750e+00 -8.027101308107376099e-02 1.729476004838943481e-01 -6.240383386611938477e-01 7.577743530273437500e-01
-3.221770524978637695e+00 -3.997279644012451172e+00 -6.736658573150634766e+00 -8.030615001916885376e-02 1.729920506477355957e-01 -6.234684586524963379e-01 7.582293152809143066e-01
-3.151908159255981445e+00 -3.965372800827026367e+00 -6.755347728729248047e+00 -8.080899715423583984e-02 1.724251210689544678e-01 -6.235426664352416992e-01 7.582440376281738281e-01
-3.086056232452392578e+00 -3.935043811798095703e+00 -6.772963523864746094e+00 -8.178353309631347656e-02 1.712394058704376221e-01 -6.242893338203430176e-01 7.577936649322509766e-01
-3.024453163146972656e+00 -3.904872894287109375e+00 -6.787658691406250000e+00 -8.260193467140197754e-02 1.689078807830810547e-01 -6.258770823478698730e-01 7.569180130958557129e-01
-2.967227935791015625e+00 -3.875586986541748047e+00 -6.801182746887207031e+00 -8.135437965393066406e-02 1.638285517692565918e-01 -6.287410259246826172e-01 7.557953000068664551e-01
-2.914016962051391602e+00 -3.847986459732055664e+00 -6.813938617706298828e+00 -8.030405640602111816e-02 1.578441560268402100e-01 -6.323788762092590332e-01 7.541442513465881348e-01
-2.864811658859252930e+00 -3.822067260742187500e+00 -6.825931072235107422e+00 -7.947093248367309570e-02 1.509494930505752563e-01 -6.367941498756408691e-01 7.519254088401794434e-01
-2.820044517517089844e+00 -3.796426296234130859e+00 -6.835792541503906250e+00 -7.886606454849243164e-02 1.431620121002197266e-01 -6.419678330421447754e-01 7.491075396537780762e-01
-2.779298067092895508e+00 -3.772347927093505859e+00 -6.844750881195068359e+00 -7.846760749816894531e-02 1.345909833908081055e-01 -6.478039026260375977e-01 7.457065582275390625e-01
-2.742457866668701172e+00 -3.750155448913574219e+00 -6.853081703186035156e+00 -7.824583351612091064e-02 1.253697872161865234e-01 -6.541882157325744629e-01 7.417531013488769531e-01
-2.709504604339599609e+00 -3.729881525039672852e+00 -6.860779285430908203e+00 -7.817117124795913696e-02 1.156327500939369202e-01 -6.610097885131835938e-01 7.372817397117614746e-01
-2.680420398712158203e+00 -3.711558103561401367e+00 -6.867833137512207031e+00 -7.821451872587203979e-02 1.055156141519546509e-01 -6.681610345840454102e-01 7.323317527770996094e-01
-2.655189514160156250e+00 -3.695217132568359375e+00 -6.874233722686767578e+00 -7.834726572036743164e-02 9.515541046857833862e-02 -6.755394339561462402e-01 7.269480824470520020e-01
-2.633798122406005859e+00 -3.680891752243041992e+00 -6.879966735839843750e+00 -7.854197174310684204e-02 8.469063788652420044e-02 -6.830472946166992188e-01 7.211830615997314453e-01
-2.616491079330444336e+00 -3.668034553527832031e+00 -6.884610652923583984e+00 -7.877129316329956055e-02 7.426048815250396729e-02 -6.905935406684875488e-01 7.150952219963073730e-01
-2.603015184402465820e+00 -3.657232046127319336e+00 -6.888535022735595703e+00 -7.900936156511306763e-02 6.400538980960845947e-02 -6.980932354927062988e-01 7.087500095367431641e-01
-2.593282938003540039e+00 -3.648699283599853516e+00 -6.891848087310791016e+00 -7.923020422458648682e-02 5.406579375267028809e-02 -7.054684162139892578e-01 7.022206783294677734e-01
-2.587293624877929688e+00 -3.642464399337768555e+00 -6.894525527954101562e+00 -7.940938323736190796e-02 4.458358138799667358e-02 -7.126472592353820801e-01 6.955863237380981445e-01
-2.585048675537109375e+00 -3.638554573059082031e+00 -6.896541595458984375e+00 -7.952317595481872559e-02 3.569965064525604248e-02 -7.195646762847900391e-01 6.889325976371765137e-01
-2.581989049911499023e+00 -3.634306669235229492e+00 -6.898586273193359375e+00 -7.954837381839752197e-02 2.755524218082427979e-02 -7.261621952056884766e-01 6.823496818542480469e-01
-2.578123092651367188e+00 -3.629745960235595703e+00 -6.900629520416259766e+00 -7.946220040321350098e-02 2.029129490256309509e-02 -7.323856353759765625e-01 6.759328842163085938e-01
-2.573458909988403320e+00 -3.624893665313720703e+00 -6.902640819549560547e+00 -7.924313843250274658e-02 1.404878124594688416e-02 -7.381849884986877441e-01 6.697806119918823242e-01
-2.568008422851562500e+00 -3.619773387908935547e+00 -6.904589653015136719e+00 -7.886898517608642578e-02 8.967481553554534912e-03 -7.435141801834106445e-01 6.639925241470336914e-01
-2.561782121658325195e+00 -3.614405393600463867e+00 -6.906444072723388672e+00 -7.831819355487823486e-02 5.187202244997024536e-03 -7.483279705047607422e-01 6.586688756942749023e-01
-2.554793357849121094e+00 -3.608810424804687500e+00 -6.908171176910400391e+00 -7.756929099559783936e-02 2.847578376531600952e-03 -7.525805234909057617e-01 6.539093852043151855e-01
-2.547053813934326172e+00 -3.603013277053833008e+00 -6.909742832183837891e+00 -7.660005986690521240e-02 2.088252454996109009e-03 -7.562242746353149414e-01 6.498099565505981445e-01
-2.538574218750000000e+00 -3.597034931182861328e+00 -6.911128520965576172e+00 -7.538715749979019165e-02 3.048319369554519653e-03 -7.592070102691650391e-01 6.464614272117614746e-01
-2.529362678527832031e+00 -3.590896606445312500e+00 -6.912309646606445312e+00 -7.391414046287536621e-02 5.820184946060180664e-03 -7.614853978157043457e-01 6.439276337623596191e-01
-2.519424915313720703e+00 -3.584592819213867188e+00 -6.913300514221191406e+00 -7.219130545854568481e-02 1.030706986784934998e-02 -7.630755901336669922e-01 6.421821117401123047e-01
-2.508761644363403320e+00 -3.578115224838256836e+00 -6.914130687713623047e+00 -7.023541629314422607e-02 1.636432483792304993e-02 -7.640023827552795410e-01 6.411705017089843750e-01
-2.497370243072509766e+00 -3.571456193923950195e+00 -6.914827346801757812e+00 -6.806306540966033936e-02 2.384768240153789520e-02 -7.642842531204223633e-01 6.408338546752929688e-01
-2.485249042510986328e+00 -3.564608097076416016e+00 -6.915419101715087891e+00 -6.569010764360427856e-02 3.261177241802215576e-02 -7.639366984367370605e-01 6.411099433898925781e-01
-2.472391366958618164e+00 -3.557565927505493164e+00 -6.915940284729003906e+00 -6.313240528106689453e-02 4.251113161444664001e-02 -7.629728317260742188e-01 6.419341564178466797e-01
-2.458793163299560547e+00 -3.550321578979492188e+00 -6.916423320770263672e+00 -6.040634214878082275e-02 5.339936167001724243e-02 -7.614053487777709961e-01 6.432429552078247070e-01
-2.444448709487915039e+00 -3.542866230010986328e+00 -6.916900634765625000e+00 -5.752791836857795715e-02 6.512987613677978516e-02 -7.592497467994689941e-01 6.449717283248901367e-01
-2.429352998733520508e+00 -3.535192251205444336e+00 -6.917404174804687500e+00 -5.451390892267227173e-02 7.755513489246368408e-02 -7.565230727195739746e-01 6.470596790313720703e-01
-2.413499593734741211e+00 -3.527285575866699219e+00 -6.917969226837158203e+00 -5.138161405920982361e-02 9.052729606628417969e-02 -7.532472014427185059e-01 6.494485735893249512e-01
-2.396886587142944336e+00 -3.519134998321533203e+00 -6.918627738952636719e+00 -4.814884066581726074e-02 1.038986518979072571e-01 -7.494488954544067383e-01 6.520836353302001953e-01
-2.379620552062988281e+00 -3.510519266128540039e+00 -6.919299602508544922e+00 -4.483389481902122498e-02 1.175211742520332336e-01 -7.451606988906860352e-01 6.549152731895446777e-01
-2.357531070709228516e+00 -3.498010158538818359e+00 -6.920339584350585938e+00 -4.145564511418342590e-02 1.312477737665176392e-01 -7.404215335845947266e-01 6.578992605209350586e-01
-2.330258846282958984e+00 -3.482246637344360352e+00 -6.922137260437011719e+00 -3.803335502743721008e-02 1.449312865734100342e-01 -7.352767586708068848e-01 6.609965562820434570e-01
-2.297806262969970703e+00 -3.463204383850097656e+00 -6.924715518951416016e+00 -3.458696231245994568e-02 1.584263592958450317e-01 -7.297789454460144043e-01 6.641743779182434082e-01
-2.260177850723266602e+00 -3.440861225128173828e+00 -6.928099155426025391e+00 -3.113681077957153320e-02 1.715887337923049927e-01 -7.239868044853210449e-01 6.674062013626098633e-01
-2.217378377914428711e+00 -3.415189743041992188e+00 -6.932309627532958984e+00 -2.770354598760604858e-02 1.842759847640991211e-01 -7.179659605026245117e-01 6.706710457801818848e-01
-2.169415473937988281e+00 -3.386162757873535156e+00 -6.937363624572753906e+00 -2.430807054042816162e-02 1.963472664356231689e-01 -7.117878198623657227e-01 6.739547252655029297e-01
-2.116985082626342773e+00 -3.352685451507568359e+00 -6.942789077758789062e+00 -2.097132802009582520e-02 2.076640427112579346e-01 -7.055295705795288086e-01 6.772474050521850586e-01
-2.058573961257934570e+00 -3.311446428298950195e+00 -6.948204040527343750e+00 -1.771460473537445068e-02 2.180894017219543457e-01 -6.992718577384948730e-01 6.805453896522521973e-01
-1.993143916130065918e+00 -3.264276027679443359e+00 -6.955632209777832031e+00 -1.148194819688796997e-02 2.243983000516891479e-01 -6.941094994544982910e-01 6.839046478271484375e-01
-1.920280694961547852e+00 -3.211517810821533203e+00 -6.963869571685791016e+00 -5.841933190822601318e-03 2.302812486886978149e-01 -6.889700889587402344e-01 6.872092485427856445e-01
-1.843142986297607422e+00 -3.149071693420410156e+00 -6.971197128295898438e+00 -7.855370640754699707e-04 2.357362508773803711e-01 -6.838833093643188477e-01 6.904572844505310059e-01
-1.760640859603881836e+00 -3.078347206115722656e+00 -6.978206634521484375e+00 3.698572516441345215e-03 2.407605797052383423e-01 -6.788812279701232910e-01 6.936432123184204102e-01
-1.671151399612426758e+00 -3.001445293426513672e+00 -6.985776901245117188e+00 7.623858749866485596e-03 2.453507930040359497e-01 -6.739981770515441895e-01 6.967576146125793457e-01
-1.580962538719177246e+00 -2.911486148834228516e+00 -6.990835189819335938e+00 1.100607216358184814e-02 2.495029419660568237e-01 -6.692712903022766113e-01 6.997878551483154297e-01
-1.484309792518615723e+00 -2.814765453338623047e+00 -6.996198177337646484e+00 1.386351138353347778e-02 2.532129287719726562e-01 -6.647396683692932129e-01 7.027176618576049805e-01
-1.387008905410766602e+00 -2.705852031707763672e+00 -6.999289989471435547e+00 1.621633023023605347e-02 2.564766407012939453e-01 -6.604437828063964844e-01 7.055286765098571777e-01
-1.285082340240478516e+00 -2.588456392288208008e+00 -7.001873493194580078e+00 1.808687299489974976e-02 2.592902183532714844e-01 -6.564261913299560547e-01 7.081990838050842285e-01
-1.184313178062438965e+00 -2.458080291748046875e+00 -7.001673221588134766e+00 1.949939131736755371e-02 2.616504430770874023e-01 -6.527306437492370605e-01 7.107049226760864258e-01
-1.080311536788940430e+00 -2.318417310714721680e+00 -7.000515460968017578e+00 2.047926932573318481e-02 2.635549008846282959e-01 -6.494007706642150879e-01 7.130202651023864746e-01
-9.777653217315673828e-01 -2.166238307952880859e+00 -6.996710777282714844e+00 2.105324715375900269e-02 2.650021612644195557e-01 -6.464817523956298828e-01 7.151166796684265137e-01
-8.753578066825866699e-01 -2.002910137176513672e+00 -6.990929603576660156e+00 2.124880999326705933e-02 2.659923434257507324e-01 -6.440178155899047852e-01 7.169641256332397461e-01
-7.728182673454284668e-01 -1.828690171241760254e+00 -6.983314514160156250e+00 2.109339833259582520e-02 2.665268182754516602e-01 -6.420525908470153809e-01 7.185311317443847656e-01
-6.726890206336975098e-01 -1.642386436462402344e+00 -6.973226070404052734e+00 2.061462402343750000e-02 2.666087746620178223e-01 -6.406292319297790527e-01 7.197839021682739258e-01
-5.749441385269165039e-01 -1.444390892982482910e+00 -6.960935592651367188e+00 1.983892172574996948e-02 2.662430405616760254e-01 -6.397889256477355957e-01 7.206879258155822754e-01
-4.789166152477264404e-01 -1.235224604606628418e+00 -6.946807861328125000e+00 1.879178732633590698e-02 2.654362022876739502e-01 -6.395711302757263184e-01 7.212067842483520508e-01
-3.847006261348724365e-01 -1.014971852302551270e+00 -6.931030273437500000e+00 1.749680936336517334e-02 2.641965746879577637e-01 -6.400124430656433105e-01 7.213029861450195312e-01
-2.915847599506378174e-01 -7.840441465377807617e-01 -6.914072513580322266e+00 1.597563922405242920e-02 2.625343799591064453e-01 -6.411473751068115234e-01 7.209371924400329590e-01
-2.043525576591491699e-01 -5.592052936553955078e-01 -6.897790431976318359e+00 1.424698531627655029e-02 2.604611515998840332e-01 -6.430067420005798340e-01 7.200689911842346191e-01
-1.211469992995262146e-01 -3.410668969154357910e-01 -6.883222579956054688e+00 1.352178305387496948e-02 2.569248676300048828e-01 -6.460239291191101074e-01 7.186513543128967285e-01
-3.938705474138259888e-02 -1.306860297918319702e-01 -6.871021747589111328e+00 1.254705339670181274e-02 2.531032264232635498e-01 -6.496519446372985840e-01 7.167521715164184570e-01
4.306541383266448975e-02 7.103393226861953735e-02 -6.861842632293701172e+00 1.134891062974929810e-02 2.490451037883758545e-01 -6.537877321243286133e-01 7.144293189048767090e-01
1.283330470323562622e-01 2.630151212215423584e-01 -6.856554508209228516e+00 9.953722357749938965e-03 2.447998970746994019e-01 -6.583293676376342773e-01 7.117418646812438965e-01
2.188255190849304199e-01 4.436975121498107910e-01 -6.856247425079345703e+00 8.388213813304901123e-03 2.404172271490097046e-01 -6.631761193275451660e-01 7.087500691413879395e-01
3.173175752162933350e-01 6.106359958648681641e-01 -6.862322807312011719e+00 6.679296493530273438e-03 2.359474599361419678e-01 -6.682294607162475586e-01 7.055165171623229980e-01
4.245356023311614990e-01 7.618225216865539551e-01 -6.875232219696044922e+00 4.853211343288421631e-03 2.314422428607940674e-01 -6.733927130699157715e-01 7.021062374114990234e-01
5.395268797874450684e-01 8.958215117454528809e-01 -6.894588470458984375e+00 2.936869859695434570e-03 2.269540429115295410e-01 -6.785718202590942383e-01 6.985868215560913086e-01
6.607356071472167969e-01 1.011546611785888672e+00 -6.919655799865722656e+00 9.569153189659118652e-04 2.225359678268432617e-01 -6.836751699447631836e-01 6.950287222862243652e-01
7.860898375511169434e-01 1.108515620231628418e+00 -6.949362754821777344e+00 -1.059576869010925293e-03 2.182423621416091919e-01 -6.886141300201416016e-01 6.915054321289062500e-01
9.132205247879028320e-01 1.187037348747253418e+00 -6.982393264770507812e+00 -3.086209297180175781e-03 2.141281962394714355e-01 -6.933026909828186035e-01 6.880922317504882812e-01
1.039745211601257324e+00 1.248223900794982910e+00 -7.017330646514892578e+00 -5.095921456813812256e-03 2.102491259574890137e-01 -6.976568698883056641e-01 6.848679780960083008e-01
1.163531184196472168e+00 1.293842792510986328e+00 -7.052814960479736328e+00 -7.062375545501708984e-03 2.066617757081985474e-01 -7.015954256057739258e-01 6.819127798080444336e-01
1.282856225967407227e+00 1.326074242591857910e+00 -7.087671756744384766e+00 -8.958429098129272461e-03 2.034226655960083008e-01 -7.050388455390930176e-01 6.793079376220703125e-01
1.396330237388610840e+00 1.347558617591857910e+00 -7.121260643005371094e+00 -1.075792312622070312e-02 2.005890011787414551e-01 -7.079087495803833008e-01 6.771362423896789551e-01
1.503003716468811035e+00 1.360949635505676270e+00 -7.153237819671630859e+00 -1.243445277214050293e-02 1.982180625200271606e-01 -7.101267576217651367e-01 6.754813790321350098e-01
1.602352619171142578e+00 1.368492364883422852e+00 -7.183362483978271484e+00 -1.396108418703079224e-02 1.963662803173065186e-01 -7.116149067878723145e-01 6.744253635406494141e-01
1.694068551063537598e+00 1.370733618736267090e+00 -7.211618423461914062e+00 -1.531199365854263306e-02 1.950906813144683838e-01 -7.122932076454162598e-01 6.740500330924987793e-01
1.777995228767395020e+00 1.370452880859375000e+00 -7.237764835357666016e+00 -1.646011322736740112e-02 1.944465041160583496e-01 -7.120803594589233398e-01 6.744339466094970703e-01
1.854178786277770996e+00 1.368748784065246582e+00 -7.261636734008789062e+00 -1.737971603870391846e-02 1.944887638092041016e-01 -7.108901143074035645e-01 6.756533384323120117e-01
1.922511100769042969e+00 1.365273356437683105e+00 -7.283445835113525391e+00 -1.805045455694198608e-02 1.952522099018096924e-01 -7.086617350578308105e-01 6.777530312538146973e-01
1.983171343803405762e+00 1.361704111099243164e+00 -7.302792072296142578e+00 -1.847792416810989380e-02 1.966964602470397949e-01 -7.054478526115417480e-01 6.806703805923461914e-01
2.036060333251953125e+00 1.357734322547912598e+00 -7.319962978363037109e+00 -1.867420226335525513e-02 1.987620890140533447e-01 -7.013277411460876465e-01 6.843130588531494141e-01
2.081326961517333984e+00 1.353850126266479492e+00 -7.334597587585449219e+00 -1.865089684724807739e-02 2.013886868953704834e-01 -6.963784694671630859e-01 6.885867118835449219e-01
2.118938446044921875e+00 1.350208759307861328e+00 -7.346841335296630859e+00 -1.841986924409866333e-02 2.045157253742218018e-01 -6.906774044036865234e-01 6.933966279029846191e-01
2.148915529251098633e+00 1.346809029579162598e+00 -7.356660366058349609e+00 -1.799310743808746338e-02 2.080824375152587891e-01 -6.843014359474182129e-01 6.986482143402099609e-01
2.171308755874633789e+00 1.343533873558044434e+00 -7.363911628723144531e+00 -1.738268136978149414e-02 2.120290398597717285e-01 -6.773303747177124023e-01 7.042478919029235840e-01
2.186122894287109375e+00 1.340419888496398926e+00 -7.368602752685546875e+00 -1.660040020942687988e-02 2.162950038909912109e-01 -6.698457002639770508e-01 7.101039886474609375e-01
2.193360805511474609e+00 1.337499976158142090e+00 -7.370741844177246094e+00 -1.565887033939361572e-02 2.208216041326522827e-01 -6.619319319725036621e-01 7.161276340484619141e-01
2.204092264175415039e+00 1.334359049797058105e+00 -7.374073982238769531e+00 -1.457002013921737671e-02 2.255503833293914795e-01 -6.536774635314941406e-01 7.222331166267395020e-01
2.218315601348876953e+00 1.331033945083618164e+00 -7.378602027893066406e+00 -1.334644109010696411e-02 2.304240465164184570e-01 -6.451740264892578125e-01 7.283385396003723145e-01
2.240925312042236328e+00 1.327742934226989746e+00 -7.386136531829833984e+00 -1.200088113546371460e-02 2.353867590427398682e-01 -6.365177631378173828e-01 7.343664765357971191e-01
2.271918058395385742e+00 1.324482440948486328e+00 -7.396665096282958984e+00 -1.054581999778747559e-02 2.403838485479354858e-01 -6.278088092803955078e-01 7.402434945106506348e-01
2.311298608779907227e+00 1.321138858795166016e+00 -7.410135269165039062e+00 -8.993864059448242188e-03 2.453622072935104370e-01 -6.191513538360595703e-01 7.459008693695068359e-01
2.358989477157592773e+00 1.317886948585510254e+00 -7.426736831665039062e+00 -7.358208298683166504e-03 2.502703070640563965e-01 -6.106528639793395996e-01 7.512746453285217285e-01
2.414853572845458984e+00 1.315026879310607910e+00 -7.446821212768554688e+00 -5.651503801345825195e-03 2.550580501556396484e-01 -6.024248600006103516e-01 7.563052773475646973e-01
2.478837490081787109e+00 1.312113046646118164e+00 -7.470448493957519531e+00 -3.886714577674865723e-03 2.596768140792846680e-01 -5.945813059806823730e-01 7.609375715255737305e-01
2.550718545913696289e+00 1.309031963348388672e+00 -7.498152256011962891e+00 -2.024933695793151855e-03 2.640399336814880371e-01 -5.872572064399719238e-01 7.651193737983703613e-01
2.629493236541748047e+00 1.303430199623107910e+00 -7.532057762145996094e+00 -1.656711101531982422e-04 2.681686282157897949e-01 -5.805414915084838867e-01 7.688022851943969727e-01
2.699246883392333984e+00 1.277957677841186523e+00 -7.581177711486816406e+00 1.630172133445739746e-03 2.720523774623870850e-01 -5.745369791984558105e-01 7.719404101371765137e-01
2.616933822631835938e+00 1.223315358161926270e+00 -7.592454433441162109e+00 3.501921892166137695e-03 2.755449712276458740e-01 -5.693897604942321777e-01 7.745050191879272461e-01
2.513763189315795898e+00 1.181479454040527344e+00 -7.583027839660644531e+00 5.373135209083557129e-03 2.787106037139892578e-01 -5.650570988655090332e-01 7.765321135520935059e-01
2.401296854019165039e+00 1.140444278717041016e+00 -7.569032192230224609e+00 7.235899567604064941e-03 2.815728783607482910e-01 -5.614894032478332520e-01 7.780707478523254395e-01
2.280021667480468750e+00 1.098721861839294434e+00 -7.552186489105224609e+00 9.081885218620300293e-03 2.841545045375823975e-01 -5.586345791816711426e-01 7.791669368743896484e-01
2.150180101394653320e+00 1.055217266082763672e+00 -7.533582210540771484e+00 1.090358197689056396e-02 2.864771485328674316e-01 -5.564391613006591797e-01 7.798637747764587402e-01
2.011806249618530273e+00 1.009769320487976074e+00 -7.513378620147705078e+00 1.269273459911346436e-02 2.885617613792419434e-01 -5.548473596572875977e-01 7.802022099494934082e-01
1.864879369735717773e+00 9.622521996498107910e-01 -7.492021083831787109e+00 1.444117724895477295e-02 2.904287278652191162e-01 -5.538020730018615723e-01 7.802217006683349609e-01
1.709504842758178711e+00 9.121569395065307617e-01 -7.469942569732666016e+00 1.614065468311309814e-02 2.920979261398315430e-01 -5.532450079917907715e-01 7.799603343009948730e-01
1.545699000358581543e+00 8.593578934669494629e-01 -7.447327136993408203e+00 1.778377592563629150e-02 2.935888171195983887e-01 -5.531184077262878418e-01 7.794545888900756836e-01
1.373491525650024414e+00 8.034448027610778809e-01 -7.424980163574218750e+00 1.936213672161102295e-02 2.949203252792358398e-01 -5.533623099327087402e-01 7.787407636642456055e-01
1.192982435226440430e+00 7.437951564788818359e-01 -7.403934955596923828e+00 2.086767554283142090e-02 2.961117923259735107e-01 -5.539175868034362793e-01 7.778545022010803223e-01
1.004299879074096680e+00 6.799206137657165527e-01 -7.385004520416259766e+00 2.229222655296325684e-02 2.971821129322052002e-01 -5.547243952751159668e-01 7.768311500549316406e-01
8.076288700103759766e-01 6.112133860588073730e-01 -7.369101524353027344e+00 2.362813055515289307e-02 2.981500625610351562e-01 -5.557232499122619629e-01 7.757060527801513672e-01
6.032069921493530273e-01 5.372009277343750000e-01 -7.356629848480224609e+00 2.486675977706909180e-02 2.990348339080810547e-01 -5.568541884422302246e-01 7.745147943496704102e-01
3.912794888019561768e-01 4.575097560882568359e-01 -7.347582340240478516e+00 2.600069344043731689e-02 2.998550534248352051e-01 -5.580580830574035645e-01 7.732929587364196777e-01
1.720434576272964478e-01 3.719323575496673584e-01 -7.341498851776123047e+00 2.702125906944274902e-02 3.006302118301391602e-01 -5.592753887176513672e-01 7.720766663551330566e-01
-5.439384281635284424e-02 2.804418802261352539e-01 -7.337525844573974609e+00 2.792073786258697510e-02 3.013795018196105957e-01 -5.604470372200012207e-01 7.709020376205444336e-01
-2.844125330448150635e-01 1.847082525491714478e-01 -7.334599018096923828e+00 2.869090437889099121e-02 3.021221160888671875e-01 -5.615144968032836914e-01 7.698055505752563477e-01
-5.129635334014892578e-01 8.731079101562500000e-02 -7.331609249114990234e+00 2.932390570640563965e-02 3.028773963451385498e-01 -5.624186992645263672e-01 7.688241004943847656e-01
-7.402293086051940918e-01 -1.125488243997097015e-02 -7.327620029449462891e+00 2.981163561344146729e-02 3.036649823188781738e-01 -5.631015300750732422e-01 7.679944038391113281e-01
-9.667190313339233398e-01 -1.098730415105819702e-01 -7.322898387908935547e+00 3.013414144515991211e-02 3.036331534385681152e-01 -5.639168620109558105e-01 7.673959136009216309e-01
-1.192761778831481934e+00 -2.077441364526748657e-01 -7.317687034606933594e+00 3.036460280418395996e-02 3.036101162433624268e-01 -5.644994974136352539e-01 7.669675350189208984e-01
-1.420002818107604980e+00 -3.046472072601318359e-01 -7.312189102172851562e+00 3.051221370697021484e-02 3.035953640937805176e-01 -5.648720860481262207e-01 7.666931152343750000e-01
-1.639374971389770508e+00 -3.959045410156250000e-01 -7.306832790374755859e+00 3.058570623397827148e-02 3.035879731178283691e-01 -5.650576949119567871e-01 7.665563225746154785e-01
-1.851071119308471680e+00 -4.809912145137786865e-01 -7.301787376403808594e+00 3.059405088424682617e-02 3.035871386528015137e-01 -5.650787949562072754e-01 7.665408253669738770e-01
-2.055264949798583984e+00 -5.593786239624023438e-01 -7.297200679779052734e+00 3.054612874984741211e-02 3.035919666290283203e-01 -5.649576783180236816e-01 7.666299939155578613e-01
-2.252417325973510742e+00 -6.296276450157165527e-01 -7.293313980102539062e+00 3.045089542865753174e-02 3.036015629768371582e-01 -5.647171735763549805e-01 7.668072581291198730e-01
-2.442727088928222656e+00 -6.906274557113647461e-01 -7.290355682373046875e+00 3.031714260578155518e-02 3.036148548126220703e-01 -5.643795728683471680e-01 7.670558094978332520e-01
-2.626283407211303711e+00 -7.411083579063415527e-01 -7.288552761077880859e+00 3.015401959419250488e-02 3.036311566829681396e-01 -5.639671683311462402e-01 7.673590183258056641e-01
-2.803001403808593750e+00 -7.797558307647705078e-01 -7.287909984588623047e+00 2.997031807899475098e-02 3.036493659019470215e-01 -5.635028481483459473e-01 7.677000761032104492e-01
-2.972382545471191406e+00 -8.061425685882568359e-01 -7.288252830505371094e+00 2.977491915225982666e-02 3.036685883998870850e-01 -5.630087256431579590e-01 7.680624723434448242e-01
-3.133658409118652344e+00 -8.212035894393920898e-01 -7.289282798767089844e+00 2.957703173160552979e-02 3.036879301071166992e-01 -5.625081062316894531e-01 7.684292197227478027e-01
-3.286106586456298828e+00 -8.271642923355102539e-01 -7.290665626525878906e+00 2.938555181026458740e-02 3.037064373493194580e-01 -5.620236396789550781e-01 7.687836885452270508e-01
-3.429276704788208008e+00 -8.265600204467773438e-01 -7.292152404785156250e+00 2.920965850353240967e-02 3.037234544754028320e-01 -5.615781545639038086e-01 7.691090703010559082e-01
-3.562846660614013672e+00 -8.200500011444091797e-01 -7.293498992919921875e+00 2.905848622322082520e-02 3.037379682064056396e-01 -5.611952543258666992e-01 7.693885564804077148e-01
-3.686886548995971680e+00 -8.122167587280273438e-01 -7.294643402099609375e+00 2.894118428230285645e-02 3.037492036819458008e-01 -5.608981251716613770e-01 7.696052193641662598e-01
-3.801381826400756836e+00 -8.028905987739562988e-01 -7.295564174652099609e+00 2.886711061000823975e-02 3.037562072277069092e-01 -5.607103705406188965e-01 7.697418332099914551e-01
-3.906406879425048828e+00 -7.934594750404357910e-01 -7.296250343322753906e+00 2.884557843208312988e-02 3.037582635879516602e-01 -5.606557726860046387e-01 7.697816491127014160e-01
-4.001971244812011719e+00 -7.839843630790710449e-01 -7.296714305877685547e+00 2.888609468936920166e-02 3.037543892860412598e-01 -5.607584714889526367e-01 7.697068452835083008e-01
-4.088160514831542969e+00 -7.753844857215881348e-01 -7.297132968902587891e+00 2.899830043315887451e-02 3.037437200546264648e-01 -5.610428452491760254e-01 7.694996595382690430e-01
-4.165179729461669922e+00 -7.670007348060607910e-01 -7.297601699829101562e+00 2.966746687889099121e-02 3.014487922191619873e-01 -5.625943541526794434e-01 7.692438960075378418e-01
-4.232848644256591797e+00 -7.594226002693176270e-01 -7.298053264617919922e+00 3.049007058143615723e-02 2.988550066947937012e-01 -5.644503831863403320e-01 7.688637971878051758e-01
-4.291164875030517578e+00 -7.527539134025573730e-01 -7.298539638519287109e+00 3.144896030426025391e-02 2.960116863250732422e-01 -5.665571689605712891e-01 7.683755159378051758e-01
-4.340119361877441406e+00 -7.470055818557739258e-01 -7.299055099487304688e+00 3.252687305212020874e-02 2.929680943489074707e-01 -5.688609480857849121e-01 7.677949070930480957e-01
-4.379703044891357422e+00 -7.421948313713073730e-01 -7.299593925476074219e+00 3.370670974254608154e-02 2.897740006446838379e-01 -5.713081955909729004e-01 7.671387195587158203e-01
-4.409759998321533203e+00 -7.371752858161926270e-01 -7.300142765045166016e+00 3.497153520584106445e-02 2.864792346954345703e-01 -5.738465785980224609e-01 7.664245963096618652e-01
-4.430461406707763672e+00 -7.333813309669494629e-01 -7.300703525543212891e+00 3.630392253398895264e-02 2.831344902515411377e-01 -5.764240026473999023e-01 7.656711339950561523e-01
-4.441818237304687500e+00 -7.309826612472534180e-01 -7.301270961761474609e+00 3.768707066774368286e-02 2.797904312610626221e-01 -5.789893865585327148e-01 7.648975849151611328e-01
-4.443823814392089844e+00 -7.299938797950744629e-01 -7.301839828491210938e+00 3.910373896360397339e-02 2.764981687068939209e-01 -5.814920067787170410e-01 7.641248106956481934e-01
-4.444926261901855469e+00 -7.291662693023681641e-01 -7.302406311035156250e+00 4.053740203380584717e-02 2.733090519905090332e-01 -5.838828086853027344e-01 7.633738517761230469e-01
-4.448759078979492188e+00 -7.279687523841857910e-01 -7.302967548370361328e+00 4.197069257497787476e-02 2.702751159667968750e-01 -5.861122012138366699e-01 7.626678943634033203e-01
-4.455317497253417969e+00 -7.264172434806823730e-01 -7.303514003753662109e+00 4.338713735342025757e-02 2.674484848976135254e-01 -5.881322622299194336e-01 7.620296478271484375e-01
-4.464595794677734375e+00 -7.245275974273681641e-01 -7.304039001464843750e+00 4.476979374885559082e-02 2.648813724517822266e-01 -5.898953080177307129e-01 7.614834308624267578e-01
-4.476587295532226562e+00 -7.223144173622131348e-01 -7.304533004760742188e+00 4.610181599855422974e-02 2.626264095306396484e-01 -5.913538932800292969e-01 7.610536813735961914e-01
-4.491288185119628906e+00 -7.197924852371215820e-01 -7.304988384246826172e+00 4.736661911010742188e-02 2.607360184192657471e-01 -5.924608111381530762e-01 7.607649564743041992e-01
-4.508693218231201172e+00 -7.169775366783142090e-01 -7.305396080017089844e+00 4.854741692543029785e-02 2.592628896236419678e-01 -5.931690931320190430e-01 7.606420516967773438e-01
-4.528796672821044922e+00 -7.138817906379699707e-01 -7.305749416351318359e+00 4.962734133005142212e-02 2.582594454288482666e-01 -5.934310555458068848e-01 7.607093453407287598e-01
-4.551593303680419922e+00 -7.105248570442199707e-01 -7.306039810180664062e+00 5.058981478214263916e-02 2.577777504920959473e-01 -5.931988954544067383e-01 7.609903812408447266e-01
-4.577076911926269531e+00 -7.069189548492431641e-01 -7.306259155273437500e+00 5.141812562942504883e-02 2.578693032264709473e-01 -5.924236774444580078e-01 7.615076303482055664e-01
-4.605240821838378906e+00 -7.030785679817199707e-01 -7.306401252746582031e+00 5.209529399871826172e-02 2.585855424404144287e-01 -5.910553932189941406e-01 7.622815966606140137e-01
-4.636078834533691406e+00 -6.990149021148681641e-01 -7.306462764739990234e+00 5.260583013296127319e-02 2.599538564682006836e-01 -5.890623331069946289e-01 7.633231282234191895e-01
-4.669594764709472656e+00 -6.947082281112670898e-01 -7.306449413299560547e+00 5.294338613748550415e-02 2.619088590145111084e-01 -5.864949226379394531e-01 7.646074295043945312e-01
-4.705616950988769531e+00 -6.891845464706420898e-01 -7.306399822235107422e+00 5.310248583555221558e-02 2.643618583679199219e-01 -5.834223031997680664e-01 7.661014199256896973e-01
-4.743973731994628906e+00 -6.814733743667602539e-01 -7.306351661682128906e+00 5.307794362306594849e-02 2.672241926193237305e-01 -5.799149274826049805e-01 7.677711844444274902e-01
-4.784986495971679688e+00 -6.732519268989562988e-01 -7.306260585784912109e+00 5.286464095115661621e-02 2.704074382781982422e-01 -5.760430097579956055e-01 7.695841193199157715e-01
-4.828665733337402344e+00 -6.644995212554931641e-01 -7.306135654449462891e+00 5.245737731456756592e-02 2.738234102725982666e-01 -5.718778967857360840e-01 7.715080380439758301e-01
-4.875015735626220703e+00 -6.551916599273681641e-01 -7.305983066558837891e+00 5.185192078351974487e-02 2.773843705654144287e-01 -5.674920678138732910e-01 7.735127806663513184e-01
-4.924045085906982422e+00 -6.453100442886352539e-01 -7.305809020996093750e+00 5.104249715805053711e-02 2.810034155845642090e-01 -5.629590749740600586e-01 7.755700349807739258e-01
-4.975762367248535156e+00 -6.348278522491455078e-01 -7.305619239807128906e+00 5.002550035715103149e-02 2.845938801765441895e-01 -5.583548545837402344e-01 7.776527404785156250e-01
-5.029928684234619141e+00 -6.226122975349426270e-01 -7.305397033691406250e+00 4.763464629650115967e-02 2.866773009300231934e-01 -5.542593002319335938e-01 7.799639105796813965e-01
-5.085591316223144531e+00 -6.052892804145812988e-01 -7.305344581604003906e+00 4.468027502298355103e-02 2.881243824958801270e-01 -5.504110455513000488e-01 7.823271751403808594e-01
-5.143900871276855469e+00 -5.870653986930847168e-01 -7.305311203002929688e+00 4.174004495143890381e-02 2.895509302616119385e-01 -5.466365814208984375e-01 7.846059203147888184e-01
-5.204866409301757812e+00 -5.679247975349426270e-01 -7.305303096771240234e+00 3.885724395513534546e-02 2.909376621246337891e-01 -5.429909229278564453e-01 7.867695093154907227e-01
-5.268496990203857422e+00 -5.478540062904357910e-01 -7.305326461791992188e+00 3.607414662837982178e-02 2.922672033309936523e-01 -5.395290255546569824e-01 7.887883186340332031e-01
-5.334805965423583984e+00 -5.268383622169494629e-01 -7.305387973785400391e+00 3.343367576599121094e-02 2.935231029987335205e-01 -5.363064408302307129e-01 7.906336784362792969e-01
-5.396429538726806641e+00 -5.035632252693176270e-01 -7.305623531341552734e+00 3.097857534885406494e-02 2.946901321411132812e-01 -5.333784818649291992e-01 7.922785282135009766e-01
-5.453413009643554688e+00 -4.781005680561065674e-01 -7.306035518646240234e+00 2.875255048274993896e-02 2.957530319690704346e-01 -5.308007001876831055e-01 7.936964035034179688e-01
-5.507170200347900391e+00 -4.540209770202636719e-01 -7.306440353393554688e+00 2.679974585771560669e-02 2.966966629028320312e-01 -5.286283493041992188e-01 7.948616147041320801e-01
-5.557713031768798828e+00 -4.313098192214965820e-01 -7.306844234466552734e+00 2.516618371009826660e-02 2.975054383277893066e-01 -5.269169211387634277e-01 7.957485318183898926e-01
-5.605051517486572266e+00 -4.099572598934173584e-01 -7.307255744934082031e+00 2.389876544475555420e-02 2.981618642807006836e-01 -5.257218480110168457e-01 7.963321208953857422e-01
-5.649307727813720703e+00 -3.896166980266571045e-01 -7.307481288909912109e+00 2.006042003631591797e-02 2.948993742465972900e-01 -5.264680981636047363e-01 7.971595525741577148e-01
-5.690394878387451172e+00 -3.705517351627349854e-01 -7.307678699493408203e+00 1.598477363586425781e-02 2.906788885593414307e-01 -5.280488729476928711e-01 7.977559566497802734e-01
-5.728304862976074219e+00 -3.527709841728210449e-01 -7.307849407196044922e+00 1.169458031654357910e-02 2.855764329433441162e-01 -5.304132699966430664e-01 7.981048226356506348e-01
-5.761296749114990234e+00 -3.330139219760894775e-01 -7.308190822601318359e+00 7.211863994598388672e-03 2.796676158905029297e-01 -5.335083007812500000e-01 7.981872558593750000e-01
-5.790917396545410156e+00 -3.142211735248565674e-01 -7.308532714843750000e+00 2.559393644332885742e-03 2.730279862880706787e-01 -5.372804999351501465e-01 7.979841232299804688e-01
-5.817537307739257812e+00 -2.971228063106536865e-01 -7.308838367462158203e+00 -2.239689230918884277e-03 2.657329142093658447e-01 -5.416766405105590820e-01 7.974756956100463867e-01
-5.841147899627685547e+00 -2.817272841930389404e-01 -7.309110641479492188e+00 -7.162868976593017578e-03 2.578588724136352539e-01 -5.466423630714416504e-01 7.966427206993103027e-01
-5.861738681793212891e+00 -2.680432200431823730e-01 -7.309355258941650391e+00 -1.218654215335845947e-02 2.494821846485137939e-01 -5.521246194839477539e-01 7.954674363136291504e-01
-5.879297733306884766e+00 -2.560827434062957764e-01 -7.309575557708740234e+00 -1.728796213865280151e-02 2.406809628009796143e-01 -5.580711364746093750e-01 7.939334511756896973e-01
-5.893814563751220703e+00 -2.458557039499282837e-01 -7.309773921966552734e+00 -2.244303375482559204e-02 2.315333783626556396e-01 -5.644306540489196777e-01 7.920269370079040527e-01
-5.905278682708740234e+00 -2.373705953359603882e-01 -7.309952735900878906e+00 -2.762893587350845337e-02 2.221195548772811890e-01 -5.711532235145568848e-01 7.897363901138305664e-01
-5.913676738739013672e+00 -2.306384295225143433e-01 -7.310113906860351562e+00 -3.282155841588973999e-02 2.125200331211090088e-01 -5.781906843185424805e-01 7.870537042617797852e-01
-5.918998718261718750e+00 -2.256701588630676270e-01 -7.310256004333496094e+00 -3.799771517515182495e-02 2.028165757656097412e-01 -5.854972004890441895e-01 7.839736342430114746e-01
-5.921233177185058594e+00 -2.224767953157424927e-01 -7.310378074645996094e+00 -4.313338547945022583e-02 1.930922567844390869e-01 -5.930286645889282227e-01 7.804946899414062500e-01
-5.929281711578369141e+00 -2.156420797109603882e-01 -7.310673236846923828e+00 -4.820515960454940796e-02 1.834305226802825928e-01 -6.007440090179443359e-01 7.766184806823730469e-01
-5.943132877349853516e+00 -2.051769942045211792e-01 -7.311136722564697266e+00 -5.318962037563323975e-02 1.739160716533660889e-01 -6.086035370826721191e-01 7.723507285118103027e-01
-5.962776184082031250e+00 -1.910937428474426270e-01 -7.311763286590576172e+00 -5.806368216872215271e-02 1.646342575550079346e-01 -6.165714263916015625e-01 7.677004337310791016e-01
-5.988204956054687500e+00 -1.734021008014678955e-01 -7.312544345855712891e+00 -6.280403584241867065e-02 1.556707322597503662e-01 -6.246134042739868164e-01 7.626797556877136230e-01
-6.019408226013183594e+00 -1.521118134260177612e-01 -7.313471317291259766e+00 -6.738810241222381592e-02 1.471117883920669556e-01 -6.326979398727416992e-01 7.573045492172241211e-01
-6.056378841400146484e+00 -1.272350996732711792e-01 -7.314534187316894531e+00 -7.179339975118637085e-02 1.390439569950103760e-01 -6.407968401908874512e-01 7.515928745269775391e-01
-6.099110126495361328e+00 -9.878417849540710449e-02 -7.315721988677978516e+00 -7.600077986717224121e-02 1.315382421016693115e-01 -6.488785147666931152e-01 7.455724477767944336e-01
-6.146064758300781250e+00 -6.457519531250000000e-02 -7.317172527313232422e+00 -8.000352233648300171e-02 1.246027052402496338e-01 -6.568960547447204590e-01 7.392978072166442871e-01
-6.195938587188720703e+00 -2.276245132088661194e-02 -7.319003582000732422e+00 -8.379837870597839355e-02 1.182297617197036743e-01 -6.647980809211730957e-01 7.328322529792785645e-01
-6.251091957092285156e+00 2.324951067566871643e-02 -7.320996761322021484e+00 -8.738208562135696411e-02 1.124117001891136169e-01 -6.725355386734008789e-01 7.262393832206726074e-01
-6.304483413696289062e+00 6.787841767072677612e-02 -7.322920322418212891e+00 -9.075213223695755005e-02 1.071412265300750732e-01 -6.800607442855834961e-01 7.195846438407897949e-01
-6.356112957000732422e+00 1.111071780323982239e-01 -7.324774742126464844e+00 -9.390570223331451416e-02 1.024101451039314270e-01 -6.873269081115722656e-01 7.129344344139099121e-01
-6.405985355377197266e+00 1.529150307178497314e-01 -7.326553821563720703e+00 -9.684074670076370239e-02 9.821116924285888672e-02 -6.942892074584960938e-01 7.063561677932739258e-01
-6.454103946685791016e+00 1.932824701070785522e-01 -7.328254699707031250e+00 -9.955531358718872070e-02 9.453633427619934082e-02 -7.009035348892211914e-01 6.999185085296630859e-01
-6.500474929809570312e+00 2.321911603212356567e-01 -7.329873561859130859e+00 -1.020476296544075012e-01 9.137830883264541626e-02 -7.071282267570495605e-01 6.936900615692138672e-01
-6.542794227600097656e+00 2.722143530845642090e-01 -7.331583023071289062e+00 -1.043158546090126038e-01 8.872899413108825684e-02 -7.129216790199279785e-01 6.877412199974060059e-01
-6.576510429382324219e+00 3.080126941204071045e-01 -7.333137512207031250e+00 -1.063588410615921021e-01 8.658090233802795410e-02 -7.182433009147644043e-01 6.821421384811401367e-01
-6.603753566741943359e+00 3.371887207031250000e-01 -7.334368705749511719e+00 -1.081751957535743713e-01 8.492654561996459961e-02 -7.230538725852966309e-01 6.769628524780273438e-01
-6.624531745910644531e+00 3.597253262996673584e-01 -7.335271358489990234e+00 -1.097640171647071838e-01 8.375789970159530640e-02 -7.273131608963012695e-01 6.722735762596130371e-01
-6.638853549957275391e+00 3.756054639816284180e-01 -7.335844039916992188e+00 -1.111234426498413086e-01 8.306768536567687988e-02 -7.309823036193847656e-01 6.681439876556396484e-01
-6.646730422973632812e+00 3.848058879375457764e-01 -7.336084842681884766e+00 -1.122527718544006348e-01 8.284759521484375000e-02 -7.340199947357177734e-01 6.646430492401123047e-01
-6.648167133331298828e+00 3.873119950294494629e-01 -7.335990905761718750e+00 -1.131503582000732422e-01 8.309046924114227295e-02 -7.363857626914978027e-01 6.618376970291137695e-01
-6.656397342681884766e+00 3.963244557380676270e-01 -7.336144924163818359e+00 -1.138145774602890015e-01 8.378785848617553711e-02 -7.380359768867492676e-01 6.597943902015686035e-01
-6.671429157257080078e+00 4.118249416351318359e-01 -7.336546897888183594e+00 -1.142432168126106262e-01 8.493191003799438477e-02 -7.389258146286010742e-01 6.585770249366760254e-01
-6.693266868591308594e+00 4.337951540946960449e-01 -7.337197303771972656e+00 -1.144339442253112793e-01 8.651392906904220581e-02 -7.390069365501403809e-01 6.582468748092651367e-01
-6.721913337707519531e+00 4.622143507003784180e-01 -7.338098526000976562e+00 -1.143841296434402466e-01 8.852490037679672241e-02 -7.382277846336364746e-01 6.588619947433471680e-01
-6.757367610931396484e+00 4.970727562904357910e-01 -7.339255809783935547e+00 -1.140967532992362976e-01 9.094677865505218506e-02 -7.365589141845703125e-01 6.604478955268859863e-01
-6.799623966217041016e+00 5.384020805358886719e-01 -7.340677261352539062e+00 -1.136024370789527893e-01 9.372530877590179443e-02 -7.340721487998962402e-01 6.629087924957275391e-01
-6.848672866821289062e+00 5.862426757812500000e-01 -7.342372417449951172e+00 -1.129380837082862854e-01 9.679605066776275635e-02 -7.308641672134399414e-01 6.661179065704345703e-01
-6.904506206512451172e+00 6.406335234642028809e-01 -7.344351768493652344e+00 -1.121404916048049927e-01 1.000960320234298706e-01 -7.270308732986450195e-01 6.699486970901489258e-01
-6.961541175842285156e+00 7.066015601158142090e-01 -7.346993446350097656e+00 -1.112472265958786011e-01 1.035610884428024292e-01 -7.226701378822326660e-01 6.742752194404602051e-01
-7.022968769073486328e+00 7.813256382942199707e-01 -7.350093841552734375e+00 -1.102949678897857666e-01 1.071278303861618042e-01 -7.178813219070434570e-01 6.789734363555908203e-01
-7.090382099151611328e+00 8.634203672409057617e-01 -7.353553771972656250e+00 -1.093225851655006409e-01 1.107330396771430969e-01 -7.127676010131835938e-01 6.839219331741333008e-01
-7.163776874542236328e+00 9.529272317886352539e-01 -7.357380867004394531e+00 -1.083678826689720154e-01 1.143141537904739380e-01 -7.074352502822875977e-01 6.890022158622741699e-01
-7.243150711059570312e+00 1.049890160560607910e+00 -7.361577033996582031e+00 -1.074702590703964233e-01 1.178088411688804626e-01 -7.019945979118347168e-01 6.941000223159790039e-01
-7.327570438385009766e+00 1.155042648315429688e+00 -7.366201400756835938e+00 -1.066693216562271118e-01 1.211559846997261047e-01 -6.965602040290832520e-01 6.991043686866760254e-01
-7.410348892211914062e+00 1.273396015167236328e+00 -7.371643543243408203e+00 -1.060053110122680664e-01 1.242943704128265381e-01 -6.912497282028198242e-01 7.039088010787963867e-01
-7.498553276062011719e+00 1.399748444557189941e+00 -7.377493858337402344e+00 -1.055189296603202820e-01 1.271639615297317505e-01 -6.861855387687683105e-01 7.084097862243652344e-01
-7.592190265655517578e+00 1.534146666526794434e+00 -7.383750438690185547e+00 -1.052513644099235535e-01 1.297051161527633667e-01 -6.814918518066406250e-01 7.125080823898315430e-01
-7.691267967224121094e+00 1.676628351211547852e+00 -7.390412807464599609e+00 -1.052442565560340881e-01 1.318587809801101685e-01 -6.772956252098083496e-01 7.161058187484741211e-01
-7.789726257324218750e+00 1.831184029579162598e+00 -7.397803783416748047e+00 -1.055395007133483887e-01 1.335663199424743652e-01 -6.737251877784729004e-01 7.191077470779418945e-01
-7.891366481781005859e+00 1.995391845703125000e+00 -7.405718326568603516e+00 -1.061787456274032593e-01 1.347689032554626465e-01 -6.709090471267700195e-01 7.214183211326599121e-01
-7.998064517974853516e+00 2.168078660964965820e+00 -7.414054393768310547e+00 -1.072037518024444580e-01 1.354078203439712524e-01 -6.689743995666503906e-01 7.229421138763427734e-01
-8.109592437744140625e+00 2.349426269531250000e+00 -7.422823905944824219e+00 -1.086561232805252075e-01 1.354238390922546387e-01 -6.680463552474975586e-01 7.235802412033081055e-01
-8.219267845153808594e+00 2.543415546417236328e+00 -7.432373523712158203e+00 -1.105766892433166504e-01 1.347568929195404053e-01 -6.682457327842712402e-01 7.232295274734497070e-01
-8.333711624145507812e+00 2.746192455291748047e+00 -7.442366123199462891e+00 -1.130056455731391907e-01 1.333458125591278076e-01 -6.696870923042297363e-01 7.217809557914733887e-01
-8.452982902526855469e+00 2.957787990570068359e+00 -7.452977180480957031e+00 -1.154537349939346313e-01 1.306714117527008057e-01 -6.725274324417114258e-01 7.192372083663940430e-01
-8.569688796997070312e+00 3.175444364547729492e+00 -7.463978290557861328e+00 -1.185112744569778442e-01 1.273643374443054199e-01 -6.765328049659729004e-01 7.155674099922180176e-01
-8.686590194702148438e+00 3.397595167160034180e+00 -7.475229263305664062e+00 -1.221377626061439514e-01 1.235135346651077271e-01 -6.815375089645385742e-01 7.108679413795471191e-01
-8.802799224853515625e+00 3.618823051452636719e+00 -7.486422538757324219e+00 -1.262914389371871948e-01 1.192107498645782471e-01 -6.873754858970642090e-01 7.052333354949951172e-01
-8.915504455566406250e+00 3.840516328811645508e+00 -7.497713565826416016e+00 -1.309274137020111084e-01 1.145488694310188293e-01 -6.938826441764831543e-01 6.987584829330444336e-01
-9.025864601135253906e+00 4.062021255493164062e+00 -7.509038925170898438e+00 -1.359961926937103271e-01 1.096203997731208801e-01 -7.008987665176391602e-01 6.915411949157714844e-01
-9.135512351989746094e+00 4.282436370849609375e+00 -7.520313739776611328e+00 -1.414428949356079102e-01 1.045157313346862793e-01 -7.082697153091430664e-01 6.836843490600585938e-01
-9.242749214172363281e+00 4.502555847167968750e+00 -7.531717777252197266e+00 -1.469971984624862671e-01 9.909974038600921631e-02 -7.158787250518798828e-01 6.753433346748352051e-01
-9.347973823547363281e+00 4.722140789031982422e+00 -7.543376445770263672e+00 -1.521872282028198242e-01 9.299787878990173340e-02 -7.236389517784118652e-01 6.667362451553344727e-01
-9.452510833740234375e+00 4.940464973449707031e+00 -7.555047988891601562e+00 -1.573931723833084106e-01 8.673840016126632690e-02 -7.313463091850280762e-01 6.579030752182006836e-01
-9.555279731750488281e+00 5.157994270324707031e+00 -7.566822528839111328e+00 -1.625602394342422485e-01 8.039887249469757080e-02 -7.388716936111450195e-01 6.489829421043395996e-01
-9.656633377075195312e+00 5.374510288238525391e+00 -7.578656673431396484e+00 -1.676357388496398926e-01 7.405795156955718994e-02 -7.460951209068298340e-01 6.401216387748718262e-01
-9.757328987121582031e+00 5.589605808258056641e+00 -7.590473651885986328e+00 -1.725688427686691284e-01 6.779521703720092773e-02 -7.529046535491943359e-01 6.314731836318969727e-01
-9.857039451599121094e+00 5.803389549255371094e+00 -7.602371692657470703e+00 -1.773107647895812988e-01 6.169038638472557068e-02 -7.591969966888427734e-01 6.231973767280578613e-01
-9.956065177917480469e+00 6.015684604644775391e+00 -7.614235877990722656e+00 -1.818141341209411621e-01 5.582422763109207153e-02 -7.648764252662658691e-01 6.154601573944091797e-01
-1.005282592773437500e+01 6.227187156677246094e+00 -7.626026630401611328e+00 -1.860336065292358398e-01 5.027698725461959839e-02 -7.698539495468139648e-01 6.084312796592712402e-01
-1.014664173126220703e+01 6.438172340393066406e+00 -7.637721538543701172e+00 -1.899249553680419922e-01 4.512961953878402710e-02 -7.740449309349060059e-01 6.022842526435852051e-01
-1.023836326599121094e+01 6.648167610168457031e+00 -7.649259090423583984e+00 -1.934447884559631348e-01 4.046218842267990112e-02 -7.773683667182922363e-01 5.971937179565429688e-01
-1.032293033599853516e+01 6.859302997589111328e+00 -7.660508155822753906e+00 -1.965504884719848633e-01 3.635422140359878540e-02 -7.797437310218811035e-01 5.933347344398498535e-01
-1.040637588500976562e+01 7.068928241729736328e+00 -7.671561241149902344e+00 -1.991993784904479980e-01 3.288554400205612183e-02 -7.810888886451721191e-01 5.908793210983276367e-01
-1.047840023040771484e+01 7.280862808227539062e+00 -7.682076930999755859e+00 -2.013572007417678833e-01 3.011725842952728271e-02 -7.813474535942077637e-01 5.899530053138732910e-01
-1.055007266998291016e+01 7.490995883941650391e+00 -7.692397117614746094e+00 -2.030290216207504272e-01 2.804271131753921509e-02 -7.805805206298828125e-01 5.904971361160278320e-01
-1.060974693298339844e+01 7.702942848205566406e+00 -7.702081203460693359e+00 -2.042273581027984619e-01 2.663784474134445190e-02 -7.788711190223693848e-01 5.924029350280761719e-01
-1.066763687133789062e+01 7.913586139678955078e+00 -7.711528301239013672e+00 -2.049632370471954346e-01 2.587797492742538452e-02 -7.762953639030456543e-01 5.955550670623779297e-01
-1.071871757507324219e+01 8.124083518981933594e+00 -7.720516681671142578e+00 -2.052456140518188477e-01 2.573854476213455200e-02 -7.729231715202331543e-01 5.998346805572509766e-01
-1.076589775085449219e+01 8.344120979309082031e+00 -7.729510784149169922e+00 -2.050831317901611328e-01 2.619469165802001953e-02 -7.688207626342773438e-01 6.051194071769714355e-01
-1.081489467620849609e+01 8.572331428527832031e+00 -7.738778114318847656e+00 -2.044832259416580200e-01 2.722134441137313843e-02 -7.640525102615356445e-01 6.112850904464721680e-01
-1.085464668273925781e+01 8.810834884643554688e+00 -7.747781276702880859e+00 -2.034538835287094116e-01 2.879332005977630615e-02 -7.586822509765625000e-01 6.182060241699218750e-01
-1.089302062988281250e+01 9.041809082031250000e+00 -7.756435871124267578e+00 -2.020022273063659668e-01 3.088552504777908325e-02 -7.527738213539123535e-01 6.257577538490295410e-01
-1.092920303344726562e+01 9.265398025512695312e+00 -7.764711856842041016e+00 -2.001370787620544434e-01 3.347244858741760254e-02 -7.463932037353515625e-01 6.338154077529907227e-01
-1.095757675170898438e+01 9.482450485229492188e+00 -7.772313117980957031e+00 -1.978672295808792114e-01 3.652831912040710449e-02 -7.396088838577270508e-01 6.422562003135681152e-01
-1.098496055603027344e+01 9.692004203796386719e+00 -7.779635429382324219e+00 -1.952028870582580566e-01 4.002813249826431274e-02 -7.324927449226379395e-01 6.509591341018676758e-01
-1.101134777069091797e+01 9.894088745117187500e+00 -7.786689758300781250e+00 -1.921548843383789062e-01 4.394622892141342163e-02 -7.251203060150146484e-01 6.598073244094848633e-01
-1.103513431549072266e+01 1.008892345428466797e+01 -7.793393611907958984e+00 -1.887358725070953369e-01 4.825703054666519165e-02 -7.175718545913696289e-01 6.686857938766479492e-01
-1.105498886108398438e+01 1.027670097351074219e+01 -7.799676418304443359e+00 -1.849593967199325562e-01 5.293513089418411255e-02 -7.099316716194152832e-01 6.774843335151672363e-01
-1.107400989532470703e+01 1.045709896087646484e+01 -7.805737018585205078e+00 -1.808403432369232178e-01 5.795574933290481567e-02 -7.022890448570251465e-01 6.860962510108947754e-01
-1.109220027923583984e+01 1.063014411926269531e+01 -7.811584949493408203e+00 -1.763953715562820435e-01 6.329341232776641846e-02 -6.947371959686279297e-01 6.944197416305541992e-01
-1.110956764221191406e+01 1.079587650299072266e+01 -7.817225933074951172e+00 -1.716412007808685303e-01 6.892392039299011230e-02 -6.873744130134582520e-01 7.023569345474243164e-01
-1.112611865997314453e+01 1.095433044433593750e+01 -7.822663307189941406e+00 -1.665968745946884155e-01 7.482276856899261475e-02 -6.803020238876342773e-01 7.098141312599182129e-01
-1.113968849182128906e+01 1.110576152801513672e+01 -7.827795028686523438e+00 -1.612811386585235596e-01 8.096647262573242188e-02 -6.736249923706054688e-01 7.167022824287414551e-01
-1.115252685546875000e+01 1.124995803833007812e+01 -7.832833290100097656e+00 -1.553886979818344116e-01 8.703016489744186401e-02 -6.674663424491882324e-01 7.230275273323059082e-01
-1.116467475891113281e+01 1.138694095611572266e+01 -7.837627887725830078e+00 -1.493974477052688599e-01 9.341305494308471680e-02 -6.617608666419982910e-01 7.287158370018005371e-01
-1.117614364624023438e+01 1.151668167114257812e+01 -7.842181682586669922e+00 -1.433193683624267578e-01 1.000706553459167480e-01 -6.564675569534301758e-01 7.338227033615112305e-01
-1.118693923950195312e+01 1.163916969299316406e+01 -7.846495151519775391e+00 -1.371665298938751221e-01 1.069602221250534058e-01 -6.515432596206665039e-01 7.384011745452880859e-01
-1.119706726074218750e+01 1.175439453125000000e+01 -7.850568771362304688e+00 -1.309519261121749878e-01 1.140406802296638489e-01 -6.469442248344421387e-01 7.425020933151245117e-01
-1.120653152465820312e+01 1.186233329772949219e+01 -7.854402065277099609e+00 -1.246885061264038086e-01 1.212740615010261536e-01 -6.426259279251098633e-01 7.461751103401184082e-01
-1.121533679962158203e+01 1.196297550201416016e+01 -7.857997894287109375e+00 -1.183909177780151367e-01 1.286236792802810669e-01 -6.385437846183776855e-01 7.494671940803527832e-01
-1.122296619415283203e+01 1.205634498596191406e+01 -7.861340045928955078e+00 -1.120751127600669861e-01 1.360550671815872192e-01 -6.346527934074401855e-01 7.524254918098449707e-01
-1.122957229614257812e+01 1.214242362976074219e+01 -7.864434242248535156e+00 -1.057585626840591431e-01 1.435355991125106812e-01 -6.309076547622680664e-01 7.550947666168212891e-01
-1.123559665679931641e+01 1.222115230560302734e+01 -7.867290496826171875e+00 -9.946051985025405884e-02 1.510346829891204834e-01 -6.272632479667663574e-01 7.575201988220214844e-01
-1.124105072021484375e+01 1.229252624511718750e+01 -7.869945049285888672e+00 -9.308505058288574219e-02 1.584275513887405396e-01 -6.236993670463562012e-01 7.597598433494567871e-01
-1.124718475341796875e+01 1.237268066406250000e+01 -7.872910976409912109e+00 -8.679220825433731079e-02 1.658010780811309814e-01 -6.201444268226623535e-01 7.618386149406433105e-01
-1.125399398803710938e+01 1.246159839630126953e+01 -7.876188755035400391e+00 -8.061382174491882324e-02 1.731352359056472778e-01 -6.165515780448913574e-01 7.637995481491088867e-01
-1.126147842407226562e+01 1.255927944183349609e+01 -7.879775047302246094e+00 -7.457964867353439331e-02 1.804085671901702881e-01 -6.128743290901184082e-01 7.656863927841186523e-01
-1.126962947845458984e+01 1.266569519042968750e+01 -7.883668422698974609e+00 -6.871960312128067017e-02 1.875995099544525146e-01 -6.090664267539978027e-01 7.675428986549377441e-01
-1.127844429016113281e+01 1.278083992004394531e+01 -7.887868881225585938e+00 -6.306296586990356445e-02 1.946867853403091431e-01 -6.050825715065002441e-01 7.694122791290283203e-01
-1.128791713714599609e+01 1.290469741821289062e+01 -7.892375946044921875e+00 -5.763950198888778687e-02 2.016489654779434204e-01 -6.008763313293457031e-01 7.713384032249450684e-01
-1.129804420471191406e+01 1.303725528717041016e+01 -7.897187709808349609e+00 -5.247857421636581421e-02 2.084651887416839600e-01 -5.964022874832153320e-01 7.733644247055053711e-01
-1.130834293365478516e+01 1.317853736877441406e+01 -7.902312278747558594e+00 -4.760875552892684937e-02 2.151137441396713257e-01 -5.916143655776977539e-01 7.755333185195922852e-01
-1.131862068176269531e+01 1.332853984832763672e+01 -7.907753944396972656e+00 -4.305958002805709839e-02 2.215739488601684570e-01 -5.864661931991577148e-01 7.778869271278381348e-01
-1.132947444915771484e+01 1.348721885681152344e+01 -7.913531780242919922e+00 -3.875244408845901489e-02 2.277527749538421631e-01 -5.809550881385803223e-01 7.804601192474365234e-01
-1.134089469909667969e+01 1.365457725524902344e+01 -7.919617176055908203e+00 -3.479187190532684326e-02 2.337275147438049316e-01 -5.750772356986999512e-01 7.832286357879638672e-01
-1.135288047790527344e+01 1.383062934875488281e+01 -7.926008224487304688e+00 -3.117452561855316162e-02 2.395011782646179199e-01 -5.688718557357788086e-01 7.861628532409667969e-01
-1.136543083190917969e+01 1.401538562774658203e+01 -7.932703495025634766e+00 -2.789567410945892334e-02 2.450751960277557373e-01 -5.623780488967895508e-01 7.892342805862426758e-01
-1.137854671478271484e+01 1.420885467529296875e+01 -7.939702987670898438e+00 -2.494825422763824463e-02 2.504498064517974854e-01 -5.556368827819824219e-01 7.924141287803649902e-01
-1.139124202728271484e+01 1.441111755371093750e+01 -7.947079181671142578e+00 -2.232388406991958618e-02 2.556239068508148193e-01 -5.486890673637390137e-01 7.956747412681579590e-01
-1.140423297882080078e+01 1.462214279174804688e+01 -7.954775810241699219e+00 -2.001219242811203003e-02 2.605953514575958252e-01 -5.415776968002319336e-01 7.989888787269592285e-01
-1.141774654388427734e+01 1.484192085266113281e+01 -7.962777137756347656e+00 -1.800134032964706421e-02 2.653610706329345703e-01 -5.343459844589233398e-01 8.023301959037780762e-01
-1.143178844451904297e+01 1.507046604156494141e+01 -7.971080780029296875e+00 -1.627767086029052734e-02 2.699175477027893066e-01 -5.270384550094604492e-01 8.056735396385192871e-01
-1.144636249542236328e+01 1.530779552459716797e+01 -7.979685306549072266e+00 -1.482586562633514404e-02 2.742605507373809814e-01 -5.197015404701232910e-01 8.089942336082458496e-01
-1.146041679382324219e+01 1.555397224426269531e+01 -7.988777160644531250e+00 -1.362858712673187256e-02 2.783849835395812988e-01 -5.123825669288635254e-01 8.122684955596923828e-01
-1.147417449951171875e+01 1.579866409301757812e+01 -7.997869491577148438e+00 -1.255337893962860107e-02 2.822154760360717773e-01 -5.051692724227905273e-01 8.154758214950561523e-01
-1.148782730102539062e+01 1.604186058044433594e+01 -8.006896972656250000e+00 -1.169809699058532715e-02 2.858223617076873779e-01 -4.980714619159698486e-01 8.185923695564270020e-01
-1.150138187408447266e+01 1.628356742858886719e+01 -8.015853881835937500e+00 -1.105231046676635742e-02 2.892066836357116699e-01 -4.911356270313262939e-01 8.215979933738708496e-01
-1.151411247253417969e+01 1.652383232116699219e+01 -8.024985313415527344e+00 -1.060473918914794922e-02 2.923694252967834473e-01 -4.844093918800354004e-01 8.244727253913879395e-01
-1.152634906768798828e+01 1.676264762878417969e+01 -8.034175872802734375e+00 -1.034469902515411377e-02 2.953124046325683594e-01 -4.779406785964965820e-01 8.271978497505187988e-01
-1.153852367401123047e+01 1.700000190734863281e+01 -8.043286323547363281e+00 -1.026195287704467773e-02 2.980374991893768311e-01 -4.717770218849182129e-01 8.297557830810546875e-01
-1.155064392089843750e+01 1.723591041564941406e+01 -8.052309036254882812e+00 -1.034541428089141846e-02 3.005467653274536133e-01 -4.659672975540161133e-01 8.321292996406555176e-01
-1.156166553497314453e+01 1.747039985656738281e+01 -8.061837196350097656e+00 -1.058490574359893799e-02 3.028426170349121094e-01 -4.605593681335449219e-01 8.343016505241394043e-01
-1.157248306274414062e+01 1.770346450805664062e+01 -8.071372032165527344e+00 -1.096954941749572754e-02 3.049275577068328857e-01 -4.556022882461547852e-01 8.362568020820617676e-01
-1.158341121673583984e+01 1.793526649475097656e+01 -8.080790519714355469e+00 -1.233127713203430176e-02 3.048755228519439697e-01 -4.518629312515258789e-01 8.382831811904907227e-01
-1.159305000305175781e+01 1.816562652587890625e+01 -8.091238975524902344e+00 -1.353608071804046631e-02 3.048244118690490723e-01 -4.485464096069335938e-01 8.400624394416809082e-01
-1.160220718383789062e+01 1.839453125000000000e+01 -8.102029800415039062e+00 -1.459264755249023438e-02 3.047756552696228027e-01 -4.456317424774169922e-01 8.416122794151306152e-01
-1.160944557189941406e+01 1.862197685241699219e+01 -8.113847732543945312e+00 -1.550997793674468994e-02 3.047303557395935059e-01 -4.430963099002838135e-01 8.429498076438903809e-01
-1.161355400085449219e+01 1.884792518615722656e+01 -8.127140045166015625e+00 -1.629759371280670166e-02 3.046891987323760986e-01 -4.409162402153015137e-01 8.440923094749450684e-01
-1.157705497741699219e+01 1.890433502197265625e+01 -8.138875007629394531e+00 -1.696473360061645508e-02 3.046527802944183350e-01 -4.390668869018554688e-01 8.450556993484497070e-01
-1.153859996795654297e+01 1.868388938903808594e+01 -8.126810073852539062e+00 -1.752121746540069580e-02 3.046213388442993164e-01 -4.375222623348236084e-01 8.458564281463623047e-01
-1.150497817993164062e+01 1.846457290649414062e+01 -8.109869956970214844e+00 -1.797696948051452637e-02 3.045947849750518799e-01 -4.362562000751495361e-01 8.465100526809692383e-01
-1.147170734405517578e+01 1.824721336364746094e+01 -8.088767051696777344e+00 -1.834180951118469238e-02 3.045730292797088623e-01 -4.352418780326843262e-01 8.470320105552673340e-01
-1.143765068054199219e+01 1.803207778930664062e+01 -8.063516616821289062e+00 -1.862587034702301025e-02 3.045557737350463867e-01 -4.344517290592193604e-01 8.474375605583190918e-01
-1.140282726287841797e+01 1.781916046142578125e+01 -8.034583091735839844e+00 -1.883906126022338867e-02 3.045426011085510254e-01 -4.338585734367370605e-01 8.477414250373840332e-01
-1.136737442016601562e+01 1.760849571228027344e+01 -8.002018928527832031e+00 -1.899120211601257324e-02 3.045331537723541260e-01 -4.334349632263183594e-01 8.479581475257873535e-01
-1.133164501190185547e+01 1.740001678466796875e+01 -7.966398239135742188e+00 -1.909230649471282959e-02 3.045268952846527100e-01 -4.331532418727874756e-01 8.481019735336303711e-01
-1.129603481292724609e+01 1.719340133666992188e+01 -7.929318904876708984e+00 -1.915229856967926025e-02 3.045230805873870850e-01 -4.329864382743835449e-01 8.481872677803039551e-01
-1.126060771942138672e+01 1.698863029479980469e+01 -7.890869617462158203e+00 -1.918084919452667236e-02 3.045213222503662109e-01 -4.329066276550292969e-01 8.482279181480407715e-01
-1.122571277618408203e+01 1.678565216064453125e+01 -7.851061820983886719e+00 -1.918780803680419922e-02 3.045208156108856201e-01 -4.328874349594116211e-01 8.482378125190734863e-01
-1.119136428833007812e+01 1.658423233032226562e+01 -7.811069965362548828e+00 -1.918256282806396484e-02 3.045212626457214355e-01 -4.329018592834472656e-01 8.482303619384765625e-01
-1.115770435333251953e+01 1.638435745239257812e+01 -7.770822048187255859e+00 -1.917468011379241943e-02 3.045217096805572510e-01 -4.329238235950469971e-01 8.482190966606140137e-01
-1.112511444091796875e+01 1.618585968017578125e+01 -7.730825424194335938e+00 -1.917357742786407471e-02 3.045217990875244141e-01 -4.329269528388977051e-01 8.482176065444946289e-01
-1.109317493438720703e+01 1.598877906799316406e+01 -7.691206932067871094e+00 -1.918841898441314697e-02 3.045208752155303955e-01 -4.328855872154235840e-01 8.482387065887451172e-01
-1.106302833557128906e+01 1.579309749603271484e+01 -7.652892112731933594e+00 -1.802761852741241455e-02 3.024197816848754883e-01 -4.338431954383850098e-01 8.485265970230102539e-01
-1.103386974334716797e+01 1.559871578216552734e+01 -7.615532875061035156e+00 -1.661120355129241943e-02 3.001317083835601807e-01 -4.348566234111785889e-01 8.488489985466003418e-01
-1.100595188140869141e+01 1.540555667877197266e+01 -7.579329013824462891e+00 -1.496680825948715210e-02 2.976709306240081787e-01 -4.359325170516967773e-01 8.491942286491394043e-01
-1.097937583923339844e+01 1.521361255645751953e+01 -7.544325828552246094e+00 -1.312200725078582764e-02 2.950510382652282715e-01 -4.370772540569305420e-01 8.495506644248962402e-01
-1.095254898071289062e+01 1.501534652709960938e+01 -7.508687973022460938e+00 -1.110401004552841187e-02 2.922860980033874512e-01 -4.382972419261932373e-01 8.499065041542053223e-01
-1.092649841308593750e+01 1.481049537658691406e+01 -7.473171710968017578e+00 -8.940301835536956787e-03 2.893902063369750977e-01 -4.395992159843444824e-01 8.502504825592041016e-01
-1.090027904510498047e+01 1.459932327270507812e+01 -7.437042713165283203e+00 -6.658531725406646729e-03 2.863774895668029785e-01 -4.409897327423095703e-01 8.505713939666748047e-01
-1.087482166290283203e+01 1.438160324096679688e+01 -7.400968551635742188e+00 -4.286408424377441406e-03 2.832621634006500244e-01 -4.424752891063690186e-01 8.508582711219787598e-01
-1.084996604919433594e+01 1.415740489959716797e+01 -7.364788532257080078e+00 -1.850984990596771240e-03 2.800582945346832275e-01 -4.440634548664093018e-01 8.511001467704772949e-01
-1.082549095153808594e+01 1.392677974700927734e+01 -7.328339099884033203e+00 6.200894713401794434e-04 2.767806649208068848e-01 -4.457609653472900391e-01 8.512867689132690430e-01
-1.080249881744384766e+01 1.368951129913330078e+01 -7.292336940765380859e+00 3.099225461483001709e-03 2.734434306621551514e-01 -4.475747346878051758e-01 8.514081835746765137e-01
-1.078072357177734375e+01 1.344569778442382812e+01 -7.256556034088134766e+00 5.558922886848449707e-03 2.700614929199218750e-01 -4.495125114917755127e-01 8.514543771743774414e-01
-1.076087379455566406e+01 1.320312023162841797e+01 -7.222137451171875000e+00 7.971487939357757568e-03 2.666494846343994141e-01 -4.515815675258636475e-01 8.514155745506286621e-01
-1.074323081970214844e+01 1.296174526214599609e+01 -7.189232826232910156e+00 1.030950248241424561e-02 2.632223367691040039e-01 -4.537896215915679932e-01 8.512830734252929688e-01
-1.072895145416259766e+01 1.272144508361816406e+01 -7.158522605895996094e+00 1.254560053348541260e-02 2.597948908805847168e-01 -4.561443924903869629e-01 8.510473370552062988e-01
-1.071699333190917969e+01 1.248240470886230469e+01 -7.129494667053222656e+00 1.465227454900741577e-02 2.563819289207458496e-01 -4.586538970470428467e-01 8.506997227668762207e-01
-1.070732975006103516e+01 1.224463844299316406e+01 -7.102234840393066406e+00 1.660203188657760620e-02 2.529986500740051270e-01 -4.613258242607116699e-01 8.502320647239685059e-01
-1.069987869262695312e+01 1.200817108154296875e+01 -7.076816082000732422e+00 1.836740225553512573e-02 2.496600747108459473e-01 -4.641682207584381104e-01 8.496354222297668457e-01
-1.069451618194580078e+01 1.177302932739257812e+01 -7.053325653076171875e+00 1.992090046405792236e-02 2.463812828063964844e-01 -4.671891629695892334e-01 8.489015698432922363e-01
-1.069123554229736328e+01 1.153922080993652344e+01 -7.032104492187500000e+00 2.123515307903289795e-02 2.431771904230117798e-01 -4.703963696956634521e-01 8.480219244956970215e-01
-1.068929290771484375e+01 1.130682849884033203e+01 -7.012730121612548828e+00 2.228927612304687500e-02 2.400616556406021118e-01 -4.737912118434906006e-01 8.469920754432678223e-01
-1.068835163116455078e+01 1.107586669921875000e+01 -6.995165348052978516e+00 2.308966964483261108e-02 2.370440214872360229e-01 -4.773468673229217529e-01 8.458232283592224121e-01
-1.068803405761718750e+01 1.084635734558105469e+01 -6.979340076446533203e+00 2.364887297153472900e-02 2.341326177120208740e-01 -4.810300469398498535e-01 8.445311188697814941e-01
-1.068794059753417969e+01 1.061831283569335938e+01 -6.965153217315673828e+00 2.397976815700531006e-02 2.313357293605804443e-01 -4.848076403141021729e-01 8.431311845779418945e-01
-1.068774986267089844e+01 1.039174270629882812e+01 -6.952446937561035156e+00 2.409470081329345703e-02 2.286620736122131348e-01 -4.886459708213806152e-01 8.416401743888854980e-01
-1.068739891052246094e+01 1.016666698455810547e+01 -6.940973281860351562e+00 2.400683611631393433e-02 2.261198610067367554e-01 -4.925126433372497559e-01 8.400742411613464355e-01
-1.068676757812500000e+01 9.943090438842773438e+00 -6.930610656738281250e+00 2.372890710830688477e-02 2.237178683280944824e-01 -4.963751435279846191e-01 8.384503722190856934e-01
-1.068582534790039062e+01 9.721027374267578125e+00 -6.920888900756835938e+00 2.327374368906021118e-02 2.214649021625518799e-01 -5.002009868621826172e-01 8.367859125137329102e-01
-1.068451881408691406e+01 9.500485420227050781e+00 -6.911568641662597656e+00 2.265409380197525024e-02 2.193697392940521240e-01 -5.039579868316650391e-01 8.350988626480102539e-01
-1.068280410766601562e+01 9.281472206115722656e+00 -6.902429103851318359e+00 2.188282459974288940e-02 2.174413800239562988e-01 -5.076142549514770508e-01 8.334075212478637695e-01
-1.068064022064208984e+01 9.063979148864746094e+00 -6.893269062042236328e+00 2.097298204898834229e-02 2.156890332698822021e-01 -5.111386775970458984e-01 8.317306041717529297e-01
-1.067799377441406250e+01 8.848012924194335938e+00 -6.883904457092285156e+00 1.993697136640548706e-02 2.141220271587371826e-01 -5.144995450973510742e-01 8.300869464874267578e-01
-1.067468643188476562e+01 8.633581161499023438e+00 -6.873984813690185547e+00 1.878815889358520508e-02 2.127492129802703857e-01 -5.176665186882019043e-01 8.284963369369506836e-01
-1.067078495025634766e+01 8.420689582824707031e+00 -6.863379478454589844e+00 1.753907650709152222e-02 2.115802764892578125e-01 -5.206083059310913086e-01 8.269783854484558105e-01
-1.066683959960937500e+01 8.209301948547363281e+00 -6.852385520935058594e+00 1.620274037122726440e-02 2.106245309114456177e-01 -5.232941508293151855e-01 8.255532979965209961e-01
-1.066327095031738281e+01 7.999392032623291016e+00 -6.841222286224365234e+00 1.479180902242660522e-02 2.098914384841918945e-01 -5.256937742233276367e-01 8.242408037185668945e-01
-1.066054916381835938e+01 7.790932655334472656e+00 -6.830098628997802734e+00 1.331914961338043213e-02 2.093905359506607056e-01 -5.277768373489379883e-01 8.230613470077514648e-01
-1.065972995758056641e+01 7.583895206451416016e+00 -6.819411277770996094e+00 1.179776340723037720e-02 2.091312110424041748e-01 -5.295124053955078125e-01 8.220350146293640137e-01
-1.066078758239746094e+01 7.378283500671386719e+00 -6.809309005737304688e+00 1.024042814970016479e-02 2.091227471828460693e-01 -5.308704376220703125e-01 8.211817145347595215e-01
-1.066391658782958984e+01 7.174105167388916016e+00 -6.799904823303222656e+00 8.659750223159790039e-03 2.093746662139892578e-01 -5.318201184272766113e-01 8.205208778381347656e-01
-1.066963863372802734e+01 6.971376895904541016e+00 -6.791415691375732422e+00 7.067807018756866455e-03 2.098930776119232178e-01 -5.323396325111389160e-01 8.200666904449462891e-01
-1.067939949035644531e+01 6.770196437835693359e+00 -6.784429073333740234e+00 5.474492907524108887e-03 2.106711566448211670e-01 -5.324469804763793945e-01 8.198096156120300293e-01
-1.069219779968261719e+01 6.570622444152832031e+00 -6.778645515441894531e+00 3.888636827468872070e-03 2.116991281509399414e-01 -5.321683287620544434e-01 8.197348117828369141e-01
-1.070802116394042969e+01 6.372691631317138672e+00 -6.774080276489257812e+00 2.319589257240295410e-03 2.129666209220886230e-01 -5.315306782722473145e-01 8.198261857032775879e-01
-1.072947597503662109e+01 6.171669960021972656e+00 -6.771513462066650391e+00 7.760673761367797852e-04 2.144636213779449463e-01 -5.305598974227905273e-01 8.200677037239074707e-01
-1.075510120391845703e+01 5.967562198638916016e+00 -6.770287990570068359e+00 -7.323622703552246094e-04 2.161796241998672485e-01 -5.292817354202270508e-01 8.204429745674133301e-01
-1.078429985046386719e+01 5.760351657867431641e+00 -6.770135402679443359e+00 -2.197206020355224609e-03 2.181045413017272949e-01 -5.277222394943237305e-01 8.209353685379028320e-01
-1.081712722778320312e+01 5.550095081329345703e+00 -6.771016120910644531e+00 -3.608994185924530029e-03 2.202277928590774536e-01 -5.259069800376892090e-01 8.215280771255493164e-01
-1.085454463958740234e+01 5.337037086486816406e+00 -6.773055076599121094e+00 -4.958890378475189209e-03 2.225390374660491943e-01 -5.238623619079589844e-01 8.222044110298156738e-01
-1.089520263671875000e+01 5.121002197265625000e+00 -6.775695800781250000e+00 -6.237827241420745850e-03 2.250278592109680176e-01 -5.216134190559387207e-01 8.229477405548095703e-01
-1.093901920318603516e+01 4.902006626129150391e+00 -6.778762817382812500e+00 -7.436797022819519043e-03 2.276840507984161377e-01 -5.191865563392639160e-01 8.237414956092834473e-01
-1.098592948913574219e+01 4.680065631866455078e+00 -6.782013893127441406e+00 -8.546508848667144775e-03 2.304969429969787598e-01 -5.166076421737670898e-01 8.245693445205688477e-01
-1.103578567504882812e+01 4.455175876617431641e+00 -6.785082817077636719e+00 -9.557798504829406738e-03 2.334563434123992920e-01 -5.139033794403076172e-01 8.254150748252868652e-01
-1.108832740783691406e+01 4.227295875549316406e+00 -6.787411212921142578e+00 -1.046203821897506714e-02 2.365523725748062134e-01 -5.110994577407836914e-01 8.262631297111511230e-01
-1.114340782165527344e+01 3.996418476104736328e+00 -6.788332462310791016e+00 -1.124990731477737427e-02 2.397745400667190552e-01 -5.082229971885681152e-01 8.270979523658752441e-01
-1.120185565948486328e+01 3.762774467468261719e+00 -6.787668704986572266e+00 -1.191234588623046875e-02 2.431130409240722656e-01 -5.053008198738098145e-01 8.279041647911071777e-01
-1.126468467712402344e+01 3.526686906814575195e+00 -6.785285472869873047e+00 -1.244049519300460815e-02 2.465578019618988037e-01 -5.023598670959472656e-01 8.286670446395874023e-01
-1.133318233489990234e+01 3.288598537445068359e+00 -6.781087398529052734e+00 -1.282498985528945923e-02 2.500989139080047607e-01 -4.994274675846099854e-01 8.293721675872802734e-01
-1.140920257568359375e+01 3.052149534225463867e+00 -6.774873733520507812e+00 -1.305705308914184570e-02 2.537266612052917480e-01 -4.965311884880065918e-01 8.300054073333740234e-01
-1.149281215667724609e+01 2.817610979080200195e+00 -6.767256259918212891e+00 -1.312762498855590820e-02 2.574312686920166016e-01 -4.936984479427337646e-01 8.305532336235046387e-01
-1.158646488189697266e+01 2.586231708526611328e+00 -6.758421421051025391e+00 -1.303326338529586792e-02 2.611965239048004150e-01 -4.909542202949523926e-01 8.310058116912841797e-01
-1.168365859985351562e+01 2.362163066864013672e+00 -6.749165534973144531e+00 -1.279296725988388062e-02 2.649779617786407471e-01 -4.883114993572235107e-01 8.313692212104797363e-01
-1.178653812408447266e+01 2.146634578704833984e+00 -6.739237308502197266e+00 -1.243217289447784424e-02 2.687252759933471680e-01 -4.857800006866455078e-01 8.316549658775329590e-01
-1.189311599731445312e+01 1.938923239707946777e+00 -6.728867053985595703e+00 -1.197507977485656738e-02 2.723875641822814941e-01 -4.833706617355346680e-01 8.318740129470825195e-01
-1.202714443206787109e+01 1.759438395500183105e+00 -6.726948738098144531e+00 -1.144679635763168335e-02 2.759148180484771729e-01 -4.810940623283386230e-01 8.320386409759521484e-01
-1.221979141235351562e+01 1.658040761947631836e+00 -6.746142864227294922e+00 -1.087222993373870850e-02 2.792567312717437744e-01 -4.789617657661437988e-01 8.321616649627685547e-01
-1.242493534088134766e+01 1.592353463172912598e+00 -6.772504806518554688e+00 -1.027609407901763916e-02 2.823635339736938477e-01 -4.769853055477142334e-01 8.322560787200927734e-01
-1.262911510467529297e+01 1.543653488159179688e+00 -6.801041603088378906e+00 -9.683445096015930176e-03 2.851854860782623291e-01 -4.751760363578796387e-01 8.323359489440917969e-01
-1.282821178436279297e+01 1.496243834495544434e+00 -6.828830242156982422e+00 -9.118810296058654785e-03 2.876728177070617676e-01 -4.735465943813323975e-01 8.324150443077087402e-01
-1.302222824096679688e+01 1.450126886367797852e+00 -6.855865955352783203e+00 -8.607447147369384766e-03 2.897763252258300781e-01 -4.721084535121917725e-01 8.325077891349792480e-01
-1.321118545532226562e+01 1.405345439910888672e+00 -6.882081985473632812e+00 -8.173882961273193359e-03 2.914462685585021973e-01 -4.708738327026367188e-01 8.326284289360046387e-01
-1.339506149291992188e+01 1.361853003501892090e+00 -6.907557964324951172e+00 -7.843196392059326172e-03 2.926332652568817139e-01 -4.698551297187805176e-01 8.327906727790832520e-01
-1.357391452789306641e+01 1.319766759872436523e+00 -6.932101726531982422e+00 -7.639899849891662598e-03 2.932875752449035645e-01 -4.690635204315185547e-01 8.330087065696716309e-01
-1.374769973754882812e+01 1.278998970985412598e+00 -6.955866336822509766e+00 -7.589101791381835938e-03 2.933592200279235840e-01 -4.685103595256805420e-01 8.332951068878173828e-01
-1.391646862030029297e+01 1.239648461341857910e+00 -6.978688240051269531e+00 -7.715523242950439453e-03 2.927981913089752197e-01 -4.682067036628723145e-01 8.336619138717651367e-01
-1.408022785186767578e+01 1.201735854148864746e+00 -7.000538349151611328e+00 -8.044093847274780273e-03 2.915534973144531250e-01 -4.681622684001922607e-01 8.341199159622192383e-01
-1.423896312713623047e+01 1.165230631828308105e+00 -7.021471500396728516e+00 -8.599400520324707031e-03 2.895739972591400146e-01 -4.683861136436462402e-01 8.346780538558959961e-01
-1.439278793334960938e+01 1.130388140678405762e+00 -7.041071414947509766e+00 -9.406402707099914551e-03 2.868075966835021973e-01 -4.688861370086669922e-01 8.353434205055236816e-01
-1.454174137115478516e+01 1.097319364547729492e+00 -7.059163093566894531e+00 -1.048974692821502686e-02 2.832015752792358398e-01 -4.696691632270812988e-01 8.361206650733947754e-01
-1.469865608215332031e+01 1.063775658607482910e+00 -7.076532363891601562e+00 -1.187402755022048950e-02 2.787020504474639893e-01 -4.707397520542144775e-01 8.370114564895629883e-01
-1.486447334289550781e+01 1.033144474029541016e+00 -7.089198589324951172e+00 -1.357530802488327026e-02 2.732777595520019531e-01 -4.720952510833740234e-01 8.380102515220642090e-01
-1.496111297607421875e+01 1.095554232597351074e+00 -7.027778148651123047e+00 -1.557264477014541626e-02 2.669877111911773682e-01 -4.737085103988647461e-01 8.390918970108032227e-01
-1.496198081970214844e+01 1.260013341903686523e+00 -6.947646141052246094e+00 -1.783625036478042603e-02 2.599146366119384766e-01 -4.755471050739288330e-01 8.402268886566162109e-01
-1.504391765594482422e+01 1.402144789695739746e+00 -6.860112667083740234e+00 -2.033668756484985352e-02 2.521415352821350098e-01 -4.775775969028472900e-01 8.413861989974975586e-01
-1.515792179107666016e+01 1.454550743103027344e+00 -6.705379962921142578e+00 -2.304343879222869873e-02 2.437519133090972900e-01 -4.797686338424682617e-01 8.425414562225341797e-01
-1.524349308013916016e+01 1.576083898544311523e+00 -6.561003684997558594e+00 -2.592729032039642334e-02 2.348302304744720459e-01 -4.820884168148040771e-01 8.436665534973144531e-01
-1.533200645446777344e+01 1.708642482757568359e+00 -6.417264461517333984e+00 -2.895803004503250122e-02 2.254619598388671875e-01 -4.845070838928222656e-01 8.447374105453491211e-01
