-1.280753135681152344e+01 -7.327408790588378906e+00 -1.914070367813110352e+00 1.779078245162963867e-01 2.950282767415046692e-02 9.472253322601318359e-01 2.650334537029266357e-01
-1.264929008483886719e+01 -7.219640254974365234e+00 -1.890135169029235840e+00 1.796575635671615601e-01 2.601959556341171265e-02 9.475159049034118652e-01 2.631727457046508789e-01
-1.249858093261718750e+01 -7.116827011108398438e+00 -1.868341684341430664e+00 1.814815402030944824e-01 2.225939184427261353e-02 9.477932453155517578e-01 2.612598538398742676e-01
-1.235533905029296875e+01 -7.018619060516357422e+00 -1.851011633872985840e+00 1.833590269088745117e-01 1.828561350703239441e-02 9.480528235435485840e-01 2.593084871768951416e-01
-1.221982288360595703e+01 -6.925218582153320312e+00 -1.835352778434753418e+00 1.852686703205108643e-01 1.416195556521415710e-02 9.482905864715576172e-01 2.573321759700775146e-01
-1.209232521057128906e+01 -6.835975646972656250e+00 -1.822898268699645996e+00 1.871906220912933350e-01 9.951803833246231079e-03 9.485039114952087402e-01 2.553446292877197266e-01
-1.197242736816406250e+01 -6.751867294311523438e+00 -1.811248183250427246e+00 1.891042590141296387e-01 5.718678236007690430e-03 9.486912488937377930e-01 2.533610761165618896e-01
-1.186122798919677734e+01 -6.671121597290039062e+00 -1.802412986755371094e+00 1.909895688295364380e-01 1.526340842247009277e-03 9.488525986671447754e-01 2.513951957225799561e-01
-1.175746917724609375e+01 -6.595768928527832031e+00 -1.794125080108642578e+00 1.928267031908035278e-01 -2.561725676059722900e-03 9.489887952804565430e-01 2.494627237319946289e-01
-1.165782070159912109e+01 -6.520798683166503906e+00 -1.787099003791809082e+00 1.945963650941848755e-01 -6.481967866420745850e-03 9.491023421287536621e-01 2.475785762071609497e-01
-1.156175994873046875e+01 -6.446955204010009766e+00 -1.780910253524780273e+00 1.962791979312896729e-01 -1.017087325453758240e-02 9.491963982582092285e-01 2.457586377859115601e-01
-1.146895980834960938e+01 -6.374758720397949219e+00 -1.775113224983215332e+00 1.978559494018554688e-01 -1.356492191553115845e-02 9.492754936218261719e-01 2.440189719200134277e-01
-1.138155651092529297e+01 -6.301481723785400391e+00 -1.770572781562805176e+00 1.993075758218765259e-01 -1.660058274865150452e-02 9.493445754051208496e-01 2.423751652240753174e-01
-1.129689693450927734e+01 -6.230512142181396484e+00 -1.766247868537902832e+00 2.006156742572784424e-01 -1.921463012695312500e-02 9.494094252586364746e-01 2.408440113067626953e-01
-1.121209526062011719e+01 -6.165588378906250000e+00 -1.761186122894287109e+00 2.017649114131927490e-01 -2.135958336293697357e-02 9.494751095771789551e-01 2.394403368234634399e-01
-1.112908077239990234e+01 -6.104206562042236328e+00 -1.756029605865478516e+00 2.027536779642105103e-01 -2.305227518081665039e-02 9.495428800582885742e-01 2.381761521100997925e-01
-1.104121303558349609e+01 -6.059802055358886719e+00 -1.747697353363037109e+00 2.035846263170242310e-01 -2.432565391063690186e-02 9.496122598648071289e-01 2.370615154504776001e-01
-1.095159721374511719e+01 -6.026401042938232422e+00 -1.737566232681274414e+00 2.042597234249114990e-01 -2.521255239844322205e-02 9.496819972991943359e-01 2.361067086458206177e-01
-1.086877155303955078e+01 -6.061038017272949219e+00 -1.718576669692993164e+00 2.047807127237319946e-01 -2.574578486382961273e-02 9.497504234313964844e-01 2.353216111660003662e-01
-1.081219959259033203e+01 -6.113070964813232422e+00 -1.701412916183471680e+00 2.051492929458618164e-01 -2.595829032361507416e-02 9.498147368431091309e-01 2.347166389226913452e-01
-1.078065013885498047e+01 -6.179214477539062500e+00 -1.686352849006652832e+00 2.053670585155487061e-01 -2.588272467255592346e-02 9.498723149299621582e-01 2.343008518218994141e-01
-1.074682140350341797e+01 -6.250082492828369141e+00 -1.670283794403076172e+00 2.054357528686523438e-01 -2.555203810334205627e-02 9.499198198318481445e-01 2.340844124555587769e-01
-1.072495365142822266e+01 -6.330602169036865234e+00 -1.654800057411193848e+00 2.053567618131637573e-01 -2.499900013208389282e-02 9.499534964561462402e-01 2.340767085552215576e-01
-1.070894622802734375e+01 -6.418668270111083984e+00 -1.639208912849426270e+00 2.051316350698471069e-01 -2.425647713243961334e-02 9.499695897102355957e-01 2.342874854803085327e-01
-1.069195747375488281e+01 -6.511917114257812500e+00 -1.622734665870666504e+00 2.047616243362426758e-01 -2.335705608129501343e-02 9.499637484550476074e-01 2.347254455089569092e-01
-1.067398262023925781e+01 -6.610350608825683594e+00 -1.605370402336120605e+00 2.042482495307922363e-01 -2.233383059501647949e-02 9.499315619468688965e-01 2.354011237621307373e-01
-1.066236019134521484e+01 -6.715076923370361328e+00 -1.588136315345764160e+00 2.035924941301345825e-01 -2.121930569410324097e-02 9.498689770698547363e-01 2.363230437040328979e-01
-1.065411758422851562e+01 -6.825649738311767578e+00 -1.570610046386718750e+00 2.027958333492279053e-01 -2.004640921950340271e-02 9.497710466384887695e-01 2.375009208917617798e-01
-1.064543437957763672e+01 -6.941496849060058594e+00 -1.552248477935791016e+00 2.018594741821289062e-01 -1.884783431887626648e-02 9.496333003044128418e-01 2.389438301324844360e-01
-1.063630580902099609e+01 -7.062621116638183594e+00 -1.533045053482055664e+00 2.007845789194107056e-01 -1.765649393200874329e-02 9.494502544403076172e-01 2.406614124774932861e-01
-1.062673091888427734e+01 -7.189023971557617188e+00 -1.512990713119506836e+00 1.995725780725479126e-01 -1.650508493185043335e-02 9.492172002792358398e-01 2.426622956991195679e-01
-1.062150859832763672e+01 -7.321047306060791016e+00 -1.492800235748291016e+00 1.982244551181793213e-01 -1.542645320296287537e-02 9.489285945892333984e-01 2.449561357498168945e-01
-1.061799335479736328e+01 -7.458505630493164062e+00 -1.472068786621093750e+00 1.967411041259765625e-01 -1.445324346423149109e-02 9.485789537429809570e-01 2.475515156984329224e-01
-1.061428546905517578e+01 -7.601270198822021484e+00 -1.450503230094909668e+00 1.951239705085754395e-01 -1.361840963363647461e-02 9.481624364852905273e-01 2.504577934741973877e-01
-1.061038684844970703e+01 -7.749339580535888672e+00 -1.428098440170288086e+00 1.933685839176177979e-01 -1.294487342238426208e-02 9.476748704910278320e-01 2.536801099777221680e-01
-1.060629940032958984e+01 -7.902715206146240234e+00 -1.404855012893676758e+00 1.914512515068054199e-01 -1.241714134812355042e-02 9.471197724342346191e-01 2.572088837623596191e-01
-1.060233783721923828e+01 -8.061407089233398438e+00 -1.380822777748107910e+00 1.893428862094879150e-01 -1.200985908508300781e-02 9.465029835700988770e-01 2.610308527946472168e-01
-1.060226821899414062e+01 -8.225531578063964844e+00 -1.356582283973693848e+00 1.870144605636596680e-01 -1.169784367084503174e-02 9.458293318748474121e-01 2.651330530643463135e-01
-1.060216331481933594e+01 -8.394965171813964844e+00 -1.331532001495361328e+00 1.844363659620285034e-01 -1.145552471280097961e-02 9.451037645339965820e-01 2.695014774799346924e-01
-1.060202884674072266e+01 -8.569710731506347656e+00 -1.305673837661743164e+00 1.815798282623291016e-01 -1.125786826014518738e-02 9.443297982215881348e-01 2.741227746009826660e-01
-1.060187149047851562e+01 -8.749764442443847656e+00 -1.279009699821472168e+00 1.784153878688812256e-01 -1.107947528362274170e-02 9.435114264488220215e-01 2.789829969406127930e-01
-1.060169124603271484e+01 -8.935126304626464844e+00 -1.251541733741760254e+00 1.749135553836822510e-01 -1.089492812752723694e-02 9.426516294479370117e-01 2.840678393840789795e-01
-1.060149669647216797e+01 -9.125796318054199219e+00 -1.223270893096923828e+00 1.710448861122131348e-01 -1.067893579602241516e-02 9.417530298233032227e-01 2.893632352352142334e-01
-1.060371685028076172e+01 -9.321808815002441406e+00 -1.194631934165954590e+00 1.667800545692443848e-01 -1.040619239211082458e-02 9.408172965049743652e-01 2.948542535305023193e-01
-1.060635089874267578e+01 -9.523134231567382812e+00 -1.165266752243041992e+00 1.620896905660629272e-01 -1.005150377750396729e-02 9.398454427719116211e-01 3.005264699459075928e-01
-1.060905838012695312e+01 -9.729766845703125000e+00 -1.135115027427673340e+00 1.569441407918930054e-01 -9.589456021785736084e-03 9.388383030891418457e-01 3.063643574714660645e-01
-1.061184310913085938e+01 -9.941704750061035156e+00 -1.104176640510559082e+00 1.513140201568603516e-01 -8.994922041893005371e-03 9.377947449684143066e-01 3.123527467250823975e-01
-1.061470890045166016e+01 -1.015894794464111328e+01 -1.072450876235961914e+00 1.451694965362548828e-01 -8.242536336183547974e-03 9.367130398750305176e-01 3.184752762317657471e-01
-1.061765956878662109e+01 -1.038149547576904297e+01 -1.039938688278198242e+00 1.384811103343963623e-01 -7.307197898626327515e-03 9.355903267860412598e-01 3.247156739234924316e-01
-1.062196254730224609e+01 -1.060935401916503906e+01 -1.006914615631103516e+00 1.312191784381866455e-01 -6.163757294416427612e-03 9.344221353530883789e-01 3.310570716857910156e-01
-1.062716388702392578e+01 -1.084251976013183594e+01 -9.732772707939147949e-01 1.233545914292335510e-01 -4.787337034940719604e-03 9.332025647163391113e-01 3.374814689159393311e-01
-1.063250732421875000e+01 -1.108098411560058594e+01 -9.388616681098937988e-01 1.148573905229568481e-01 -3.152851015329360962e-03 9.319238066673278809e-01 3.439707756042480469e-01
-1.063800144195556641e+01 -1.132474422454833984e+01 -9.036657810211181641e-01 1.056985259056091309e-01 -1.235682517290115356e-03 9.305761456489562988e-01 3.505060672760009766e-01
-1.064325141906738281e+01 -1.155975437164306641e+01 -8.697164654731750488e-01 9.584838151931762695e-02 9.889192879199981689e-04 9.291476011276245117e-01 3.570670783519744873e-01
-1.064826297760009766e+01 -1.178600788116455078e+01 -8.370119929313659668e-01 8.530617505311965942e-02 3.534073010087013245e-03 9.276228547096252441e-01 3.636293709278106689e-01
-1.065344047546386719e+01 -1.200350761413574219e+01 -8.056622147560119629e-01 7.418250292539596558e-02 6.368499249219894409e-03 9.259825944900512695e-01 3.701519966125488281e-01
-1.065928363800048828e+01 -1.221224689483642578e+01 -7.758041024208068848e-01 6.261648982763290405e-02 9.449724107980728149e-03 9.242116808891296387e-01 3.765934705734252930e-01
-1.066485309600830078e+01 -1.241221046447753906e+01 -7.471743822097778320e-01 5.074856430292129517e-02 1.273502968251705170e-02 9.223012328147888184e-01 3.829136490821838379e-01
-1.067016124725341797e+01 -1.260338878631591797e+01 -7.197753787040710449e-01 3.871954977512359619e-02 1.618186384439468384e-02 9.202498793601989746e-01 3.890747129917144775e-01
-1.067520809173583984e+01 -1.278577613830566406e+01 -6.936117410659790039e-01 2.667099051177501678e-02 1.974752172827720642e-02 9.180631041526794434e-01 3.950428366661071777e-01
-1.068000507354736328e+01 -1.295936393737792969e+01 -6.686880588531494141e-01 1.474499050527811050e-02 2.338932082056999207e-02 9.157539606094360352e-01 4.007868468761444092e-01
-1.068455410003662109e+01 -1.312414646148681641e+01 -6.450119018554687500e-01 3.082839772105216980e-03 2.706512622535228729e-02 9.133427739143371582e-01 4.062793254852294922e-01
-1.068886089324951172e+01 -1.328011322021484375e+01 -6.225915551185607910e-01 -8.173461072146892548e-03 3.073265403509140015e-02 9.108570218086242676e-01 4.114950001239776611e-01
-1.069292831420898438e+01 -1.342725658416748047e+01 -6.014361381530761719e-01 -1.888291165232658386e-02 3.435018286108970642e-02 9.083303213119506836e-01 4.164126813411712646e-01
-1.069716167449951172e+01 -1.356898307800292969e+01 -5.811770558357238770e-01 -2.890477329492568970e-02 3.787620738148689270e-02 9.058024287223815918e-01 4.210128784179687500e-01
-1.070162773132324219e+01 -1.370528316497802734e+01 -5.618505477905273438e-01 -3.809930011630058289e-02 4.126974195241928101e-02 9.033176302909851074e-01 4.252794086933135986e-01
-1.070595550537109375e+01 -1.383614444732666016e+01 -5.433268547058105469e-01 -4.632714763283729553e-02 4.449006542563438416e-02 9.009236693382263184e-01 4.291980564594268799e-01
-1.071014595031738281e+01 -1.396155929565429688e+01 -5.256185531616210938e-01 -5.344999581575393677e-02 4.749688506126403809e-02 8.986713886260986328e-01 4.327549040317535400e-01
-1.071420288085937500e+01 -1.408152389526367188e+01 -5.087378025054931641e-01 -5.932983011007308960e-02 5.025018006563186646e-02 8.966116309165954590e-01 4.359383881092071533e-01
-1.071822834014892578e+01 -1.419865608215332031e+01 -4.923274219036102295e-01 -6.382909417152404785e-02 5.271008610725402832e-02 8.947952985763549805e-01 4.387354850769042969e-01
-1.072222900390625000e+01 -1.431294918060302734e+01 -4.763995110988616943e-01 -6.681047379970550537e-02 5.483690649271011353e-02 8.932698965072631836e-01 4.411327242851257324e-01
-1.072620582580566406e+01 -1.442439460754394531e+01 -4.609658718109130859e-01 -6.813622266054153442e-02 5.659073591232299805e-02 8.920785784721374512e-01 4.431145191192626953e-01
-1.073016452789306641e+01 -1.453298568725585938e+01 -4.460372924804687500e-01 -6.766837835311889648e-02 5.793161690235137939e-02 8.912576436996459961e-01 4.446624517440795898e-01
-1.073410987854003906e+01 -1.463871574401855469e+01 -4.316236674785614014e-01 -6.526795774698257446e-02 5.881904438138008118e-02 8.908333182334899902e-01 4.457537531852722168e-01
-1.073847293853759766e+01 -1.474104499816894531e+01 -4.181614518165588379e-01 -5.308157205581665039e-02 5.703676864504814148e-02 8.925032019615173340e-01 4.442601799964904785e-01
-1.074274921417236328e+01 -1.484060955047607422e+01 -4.050737023353576660e-01 -4.088687151670455933e-02 5.524557083845138550e-02 8.940331339836120605e-01 4.426971375942230225e-01
-1.074694061279296875e+01 -1.493741703033447266e+01 -3.923594653606414795e-01 -2.868574485182762146e-02 5.344571918249130249e-02 8.954231739044189453e-01 4.410647451877593994e-01
-1.075104713439941406e+01 -1.503145980834960938e+01 -3.800182938575744629e-01 -1.648016273975372314e-02 5.163749679923057556e-02 8.966726660728454590e-01 4.393632709980010986e-01
-1.075514030456542969e+01 -1.512274360656738281e+01 -3.680882155895233154e-01 -4.271978512406349182e-03 4.982117563486099243e-02 8.977818489074707031e-01 4.375928044319152832e-01
-1.075940990447998047e+01 -1.521127605438232422e+01 -3.566685318946838379e-01 7.936792448163032532e-03 4.799707978963851929e-02 8.987502455711364746e-01 4.357536137104034424e-01
-1.076358509063720703e+01 -1.529704761505126953e+01 -3.456146121025085449e-01 2.014442719519138336e-02 4.616542160511016846e-02 8.995777964591979980e-01 4.338464438915252686e-01
-1.076766109466552734e+01 -1.538005828857421875e+01 -3.349258303642272949e-01 3.234871104359626770e-02 4.432661831378936768e-02 9.002643227577209473e-01 4.318712055683135986e-01
-1.077163791656494141e+01 -1.546030807495117188e+01 -3.246017396450042725e-01 4.454825818538665771e-02 4.248072206974029541e-02 9.008098244667053223e-01 4.298284351825714111e-01
-1.077551841735839844e+01 -1.553779888153076172e+01 -3.146418631076812744e-01 5.674069374799728394e-02 4.062821716070175171e-02 9.012141823768615723e-01 4.277181029319763184e-01
-1.077929878234863281e+01 -1.561252975463867188e+01 -3.050454556941986084e-01 6.892424076795578003e-02 3.876934573054313660e-02 9.014773368835449219e-01 4.255406856536865234e-01
-1.078297996520996094e+01 -1.568450164794921875e+01 -2.958120703697204590e-01 8.109662681818008423e-02 3.690458089113235474e-02 9.015993475914001465e-01 4.232966899871826172e-01
-1.078656101226806641e+01 -1.575371456146240234e+01 -2.869412302970886230e-01 9.325677901506423950e-02 3.503379970788955688e-02 9.015798568725585938e-01 4.209864735603332520e-01
-1.079004287719726562e+01 -1.582016658782958984e+01 -2.784324586391448975e-01 1.054021120071411133e-01 3.315763920545578003e-02 9.014191627502441406e-01 4.186101853847503662e-01
-1.079342365264892578e+01 -1.588386154174804688e+01 -2.702850401401519775e-01 1.175310313701629639e-01 3.127621859312057495e-02 9.011172056198120117e-01 4.161681830883026123e-01
-1.079670524597167969e+01 -1.594479846954345703e+01 -2.624987661838531494e-01 1.296414732933044434e-01 2.938993647694587708e-02 9.006741046905517578e-01 4.136610627174377441e-01
-1.079988479614257812e+01 -1.600297737121582031e+01 -2.550730705261230469e-01 1.417316049337387085e-01 2.749904245138168335e-02 9.000898003578186035e-01 4.110892713069915771e-01
-1.080296325683593750e+01 -1.605840110778808594e+01 -2.480075061321258545e-01 1.537995189428329468e-01 2.560386061668395996e-02 8.993645310401916504e-01 4.084527492523193359e-01
-1.080593967437744141e+01 -1.611106491088867188e+01 -2.413015663623809814e-01 1.658431887626647949e-01 2.370469272136688232e-02 8.984982371330261230e-01 4.057525992393493652e-01
-1.080881309509277344e+01 -1.616097450256347656e+01 -2.349548339843750000e-01 1.778611987829208374e-01 2.180169522762298584e-02 8.974911570549011230e-01 4.029885232448577881e-01
-1.081136608123779297e+01 -1.620827674865722656e+01 -2.286758422851562500e-01 1.859964728355407715e-01 2.015510201454162598e-02 8.968175649642944336e-01 4.008955955505371094e-01
-1.081370735168457031e+01 -1.625291252136230469e+01 -2.227073609828948975e-01 1.927219331264495850e-01 1.876787841320037842e-02 8.961881995201110840e-01 3.991902470588684082e-01
-1.081584072113037109e+01 -1.629487609863281250e+01 -2.170581072568893433e-01 1.981320381164550781e-01 1.762519031763076782e-02 8.956233263015747070e-01 3.978590071201324463e-01
-1.081777477264404297e+01 -1.633416748046875000e+01 -2.117356806993484497e-01 2.023203670978546143e-01 1.671171188354492188e-02 8.951362967491149902e-01 3.968855142593383789e-01
-1.081950759887695312e+01 -1.637077903747558594e+01 -2.067469805479049683e-01 2.053789794445037842e-01 1.601202040910720825e-02 8.947334885597229004e-01 3.962509930133819580e-01
-1.082104969024658203e+01 -1.640470504760742188e+01 -2.020976245403289795e-01 2.073990106582641602e-01 1.551079005002975464e-02 8.944169878959655762e-01 3.959332704544067383e-01
-1.082240581512451172e+01 -1.643594169616699219e+01 -1.977922022342681885e-01 2.084707468748092651e-01 1.519222557544708252e-02 8.941838145256042480e-01 3.959095776081085205e-01
-1.082358169555664062e+01 -1.646448135375976562e+01 -1.938354521989822388e-01 2.086835503578186035e-01 1.504081487655639648e-02 8.940282464027404785e-01 3.961545825004577637e-01
-1.082458209991455078e+01 -1.649032402038574219e+01 -1.902307122945785522e-01 2.081264704465866089e-01 1.504074782133102417e-02 8.939417004585266113e-01 3.966425061225891113e-01
-1.082541561126708984e+01 -1.651346206665039062e+01 -1.869818121194839478e-01 2.068881094455718994e-01 1.517624408006668091e-02 8.939141631126403809e-01 3.973469138145446777e-01
-1.082608890533447266e+01 -1.653388786315917969e+01 -1.840916424989700317e-01 2.050564438104629517e-01 1.543170213699340820e-02 8.939343094825744629e-01 3.982399702072143555e-01
-1.082660770416259766e+01 -1.655159950256347656e+01 -1.815637201070785522e-01 2.027196437120437622e-01 1.579132676124572754e-02 8.939905762672424316e-01 3.992946743965148926e-01
-1.082697772979736328e+01 -1.656658744812011719e+01 -1.794009357690811157e-01 1.999662667512893677e-01 1.623917371034622192e-02 8.940708637237548828e-01 4.004835784435272217e-01
-1.082720661163330078e+01 -1.657885169982910156e+01 -1.776068061590194702e-01 1.968841105699539185e-01 1.675969362258911133e-02 8.941640853881835938e-01 4.017791748046875000e-01
-1.082730102539062500e+01 -1.658838272094726562e+01 -1.761849969625473022e-01 1.935617476701736450e-01 1.733711361885070801e-02 8.942593932151794434e-01 4.031543433666229248e-01
-1.082726573944091797e+01 -1.659517860412597656e+01 -1.751388460397720337e-01 1.900880932807922363e-01 1.795547455549240112e-02 8.943471312522888184e-01 4.045830667018890381e-01
-1.082733535766601562e+01 -1.660452651977539062e+01 -1.737373322248458862e-01 1.865516752004623413e-01 1.859930902719497681e-02 8.944187164306640625e-01 4.060390889644622803e-01
-1.082751464843750000e+01 -1.661642074584960938e+01 -1.719850152730941772e-01 1.830422729253768921e-01 1.925274729728698730e-02 8.944671750068664551e-01 4.074964821338653564e-01
-1.082781124114990234e+01 -1.663085365295410156e+01 -1.698858588933944702e-01 1.796489357948303223e-01 1.990021765232086182e-02 8.944861888885498047e-01 4.089310467243194580e-01
-1.082822990417480469e+01 -1.664782524108886719e+01 -1.674450635910034180e-01 1.764613837003707886e-01 2.052616328001022339e-02 8.944714665412902832e-01 4.103179574012756348e-01
-1.082879638671875000e+01 -1.666732788085937500e+01 -1.646824628114700317e-01 1.735545843839645386e-01 2.111702412366867065e-02 8.944206833839416504e-01 4.116363823413848877e-01
-1.082954311370849609e+01 -1.668936538696289062e+01 -1.616206318140029907e-01 1.709437519311904907e-01 2.166774868965148926e-02 8.943393826484680176e-01 4.128749966621398926e-01
-1.083042907714843750e+01 -1.671392822265625000e+01 -1.582272350788116455e-01 1.686291396617889404e-01 2.217523753643035889e-02 8.942343592643737793e-01 4.140258133411407471e-01
-1.083145713806152344e+01 -1.674101829528808594e+01 -1.545016467571258545e-01 1.666104495525360107e-01 2.263679727911949158e-02 8.941124081611633301e-01 4.150801897048950195e-01
-1.083262634277343750e+01 -1.677062988281250000e+01 -1.504435688257217407e-01 1.648875474929809570e-01 2.304941788315773010e-02 8.939797878265380859e-01 4.160300493240356445e-01
-1.083393669128417969e+01 -1.680276679992675781e+01 -1.460520923137664795e-01 1.634607762098312378e-01 2.340995147824287415e-02 8.938425779342651367e-01 4.168668091297149658e-01
-1.083539295196533203e+01 -1.683742141723632812e+01 -1.413265913724899292e-01 1.623300313949584961e-01 2.371551096439361572e-02 8.937071561813354492e-01 4.175810515880584717e-01
-1.083699321746826172e+01 -1.687459373474121094e+01 -1.362664699554443359e-01 1.614945977926254272e-01 2.396333217620849609e-02 8.935791254043579102e-01 4.181646704673767090e-01
-1.083874225616455078e+01 -1.691428184509277344e+01 -1.308706700801849365e-01 1.609546989202499390e-01 2.415019273757934570e-02 8.934636116027832031e-01 4.186083674430847168e-01
-1.084063816070556641e+01 -1.695648574829101562e+01 -1.251385509967803955e-01 1.607100963592529297e-01 2.427313476800918579e-02 8.933660984039306641e-01 4.189031720161437988e-01
-1.084268379211425781e+01 -1.700119781494140625e+01 -1.190689057111740112e-01 1.607601940631866455e-01 2.432927861809730530e-02 8.932915329933166504e-01 4.190399646759033203e-01
-1.084488105773925781e+01 -1.704841995239257812e+01 -1.126611307263374329e-01 1.611045598983764648e-01 2.431569993495941162e-02 8.932442069053649902e-01 4.190091788768768311e-01
-1.084723091125488281e+01 -1.709815216064453125e+01 -1.059136912226676941e-01 1.617430746555328369e-01 2.422913908958435059e-02 8.932285308837890625e-01 4.188017845153808594e-01
-1.084973526000976562e+01 -1.715038871765136719e+01 -9.882552921772003174e-02 1.626750826835632324e-01 2.406669780611991882e-02 8.932483196258544922e-01 4.184077084064483643e-01
-1.085239505767822266e+01 -1.720512580871582031e+01 -9.139541536569595337e-02 1.639000773429870605e-01 2.382533624768257141e-02 8.933073878288269043e-01 4.178170561790466309e-01
-1.085521221160888672e+01 -1.726237106323242188e+01 -8.362167328596115112e-02 1.654172092676162720e-01 2.350215986371040344e-02 8.934087157249450684e-01 4.170200526714324951e-01
-1.085818958282470703e+01 -1.732211112976074219e+01 -7.550277560949325562e-02 1.672259420156478882e-01 2.309395000338554382e-02 8.935551047325134277e-01 4.160063862800598145e-01
-1.086132621765136719e+01 -1.738434982299804688e+01 -6.703720241785049438e-02 1.693254709243774414e-01 2.259770780801773071e-02 8.937490582466125488e-01 4.147660136222839355e-01
-1.086462783813476562e+01 -1.744908714294433594e+01 -5.822280794382095337e-02 1.717150062322616577e-01 2.201034873723983765e-02 8.939926028251647949e-01 4.132877588272094727e-01
-1.086809444427490234e+01 -1.751631736755371094e+01 -4.905777052044868469e-02 1.743930876255035400e-01 2.132891863584518433e-02 8.942869305610656738e-01 4.115616679191589355e-01
-1.087172508239746094e+01 -1.758604240417480469e+01 -3.953994810581207275e-02 1.773484200239181519e-01 2.055428922176361084e-02 8.946298956871032715e-01 4.095880091190338135e-01
-1.087551021575927734e+01 -1.765827369689941406e+01 -2.966888435184955597e-02 1.805252432823181152e-01 1.970440149307250977e-02 8.950054645538330078e-01 4.074157476425170898e-01
-1.087944030761718750e+01 -1.773302650451660156e+01 -1.944488473236560822e-02 1.838573515415191650e-01 1.880122721195220947e-02 8.953952193260192871e-01 4.051055014133453369e-01
-1.088350486755371094e+01 -1.781031227111816406e+01 -8.868255652487277985e-03 1.872790753841400146e-01 1.786668598651885986e-02 8.957815766334533691e-01 4.027191400527954102e-01
-1.088768863677978516e+01 -1.789014434814453125e+01 2.060394268482923508e-03 1.907251328229904175e-01 1.692259311676025391e-02 8.961486220359802246e-01 4.003186523914337158e-01
-1.089198493957519531e+01 -1.797253227233886719e+01 1.333938539028167725e-02 1.941297948360443115e-01 1.599125564098358154e-02 8.964821696281433105e-01 3.979670107364654541e-01
-1.089637660980224609e+01 -1.805749320983886719e+01 2.496673539280891418e-02 1.974280178546905518e-01 1.509479433298110962e-02 8.967687487602233887e-01 3.957270979881286621e-01
-1.090089321136474609e+01 -1.814504051208496094e+01 3.689941391348838806e-02 2.005555033683776855e-01 1.425505429506301880e-02 8.969967961311340332e-01 3.936634063720703125e-01
-1.090573978424072266e+01 -1.823520660400390625e+01 4.890975728631019592e-02 2.034477144479751587e-01 1.349426805973052979e-02 8.971556425094604492e-01 3.918401300907135010e-01
-1.091065311431884766e+01 -1.832798385620117188e+01 6.125228852033615112e-02 2.060403227806091309e-01 1.283444464206695557e-02 8.972352743148803711e-01 3.903224170207977295e-01
-1.091562461853027344e+01 -1.842337799072265625e+01 7.392394542694091797e-02 2.082692980766296387e-01 1.229783147573471069e-02 8.972265720367431641e-01 3.891749083995819092e-01
-1.092063903808593750e+01 -1.852140617370605469e+01 8.692169189453125000e-02 2.100704759359359741e-01 1.190656423568725586e-02 8.971204757690429688e-01 3.884628713130950928e-01
-1.092568588256835938e+01 -1.862207984924316406e+01 1.002424582839012146e-01 2.113803327083587646e-01 1.168246567249298096e-02 8.969074487686157227e-01 3.882511258125305176e-01
-1.093075084686279297e+01 -1.872541236877441406e+01 1.138836666941642761e-01 2.121339589357376099e-01 1.164788007736206055e-02 8.965768814086914062e-01 3.886043727397918701e-01
-1.093582248687744141e+01 -1.883140754699707031e+01 1.278431713581085205e-01 2.122671455144882202e-01 1.182471960783004761e-02 8.961168527603149414e-01 3.895863294601440430e-01
-1.094097423553466797e+01 -1.894177246093750000e+01 1.423426717519760132e-01 2.117142528295516968e-01 1.223526149988174438e-02 8.955128788948059082e-01 3.912595510482788086e-01
-1.094619274139404297e+01 -1.905651283264160156e+01 1.573818922042846680e-01 2.104096710681915283e-01 1.290122419595718384e-02 8.947471976280212402e-01 3.936859369277954102e-01
-1.095147228240966797e+01 -1.917564201354980469e+01 1.729621887207031250e-01 2.082867324352264404e-01 1.384458690881729126e-02 8.937983512878417969e-01 3.969247937202453613e-01
-1.095679664611816406e+01 -1.929918098449707031e+01 1.890856921672821045e-01 2.052774727344512939e-01 1.508714258670806885e-02 8.926395773887634277e-01 4.010336995124816895e-01
-1.096216297149658203e+01 -1.942714500427246094e+01 2.057575881481170654e-01 2.013123780488967896e-01 1.665078103542327881e-02 8.912381529808044434e-01 4.060673415660858154e-01
-1.096792316436767578e+01 -1.955959510803222656e+01 2.224833667278289795e-01 1.963483542203903198e-01 1.854733377695083618e-02 8.895609378814697266e-01 4.120492041110992432e-01
-1.097388744354248047e+01 -1.969648933410644531e+01 2.395707666873931885e-01 1.904482692480087280e-01 2.075071632862091064e-02 8.875968456268310547e-01 4.188921451568603516e-01
-1.097995090484619141e+01 -1.983779907226562500e+01 2.572177052497863770e-01 1.837031096220016479e-01 2.322493493556976318e-02 8.853411078453063965e-01 4.264795780181884766e-01
-1.098614025115966797e+01 -1.998351097106933594e+01 2.754364013671875000e-01 1.762041449546813965e-01 2.593402564525604248e-02 8.827904462814331055e-01 4.346959590911865234e-01
-1.099247646331787109e+01 -2.013360214233398438e+01 2.942390441894531250e-01 1.680433899164199829e-01 2.884209156036376953e-02 8.799447417259216309e-01 4.434261918067932129e-01
-1.099898338317871094e+01 -2.028805541992187500e+01 3.136358559131622314e-01 1.593149006366729736e-01 3.191275894641876221e-02 8.768078088760375977e-01 4.525575339794158936e-01
-1.100568866729736328e+01 -2.044685745239257812e+01 3.336352407932281494e-01 1.501139849424362183e-01 3.510997444391250610e-02 8.733894228935241699e-01 4.619783759117126465e-01
-1.101267337799072266e+01 -2.060998535156250000e+01 3.541508316993713379e-01 1.405375152826309204e-01 3.839758411049842834e-02 8.697051405906677246e-01 4.715801775455474854e-01
-1.102053356170654297e+01 -2.077749061584472656e+01 3.743571341037750244e-01 1.306838095188140869e-01 4.173970967531204224e-02 8.657775521278381348e-01 4.812574982643127441e-01
-1.102866840362548828e+01 -2.094927215576171875e+01 3.951522707939147949e-01 1.206524521112442017e-01 4.510079696774482727e-02 8.616365790367126465e-01 4.909086525440216064e-01
-1.103709602355957031e+01 -2.112530517578125000e+01 4.165345728397369385e-01 1.105445697903633118e-01 4.844542965292930603e-02 8.573195338249206543e-01 5.004359483718872070e-01
-1.104583263397216797e+01 -2.130556297302246094e+01 4.385009706020355225e-01 1.004625707864761353e-01 5.173840373754501343e-02 8.528711795806884766e-01 5.097461342811584473e-01
-1.105488967895507812e+01 -2.149001502990722656e+01 4.610443115234375000e-01 9.050917625427246094e-02 5.494548380374908447e-02 8.483439683914184570e-01 5.187500119209289551e-01
-1.106495094299316406e+01 -2.167871475219726562e+01 4.831495583057403564e-01 8.078797906637191772e-02 5.803259462118148804e-02 8.437970876693725586e-01 5.273631811141967773e-01
-1.107560062408447266e+01 -2.187158584594726562e+01 5.054419040679931641e-01 7.140286266803741455e-02 6.096634268760681152e-02 8.392965793609619141e-01 5.355052947998046875e-01
-1.108661842346191406e+01 -2.206857299804687500e+01 5.282476544380187988e-01 6.245814636349678040e-02 6.371369957923889160e-02 8.349140286445617676e-01 5.431005954742431641e-01
-1.109801197052001953e+01 -2.226964759826660156e+01 5.515519380569458008e-01 5.405792221426963806e-02 6.624225527048110962e-02 8.307256698608398438e-01 5.500766634941101074e-01
-1.111065864562988281e+01 -2.247487449645996094e+01 5.739610195159912109e-01 4.630540683865547180e-02 6.852045655250549316e-02 8.268125653266906738e-01 5.563648343086242676e-01
-1.112391948699951172e+01 -2.268416213989257812e+01 5.964658856391906738e-01 3.930422663688659668e-02 7.051673531532287598e-02 8.232575058937072754e-01 5.618982315063476562e-01
-1.113758850097656250e+01 -2.289745330810546875e+01 6.193826198577880859e-01 3.315734490752220154e-02 7.219986617565155029e-02 8.201455473899841309e-01 5.666118860244750977e-01
-1.115268135070800781e+01 -2.311484336853027344e+01 6.409669518470764160e-01 2.793680690228939056e-02 7.355040311813354492e-02 8.175429105758666992e-01 5.704677700996398926e-01
-1.116838836669921875e+01 -2.333625411987304688e+01 6.625651121139526367e-01 2.359256148338317871e-02 7.459484040737152100e-02 8.154385685920715332e-01 5.735319852828979492e-01
-1.118519401550292969e+01 -2.356176757812500000e+01 6.831719875335693359e-01 2.004374191164970398e-02 7.537066191434860229e-02 8.137965202331542969e-01 5.758928060531616211e-01
-1.120290279388427734e+01 -2.379138374328613281e+01 7.031335234642028809e-01 1.720915175974369049e-02 7.591492682695388794e-02 8.125752210617065430e-01 5.776348710060119629e-01
-1.122172927856445312e+01 -2.402517127990722656e+01 7.215179204940795898e-01 1.500735431909561157e-02 7.626426219940185547e-02 8.117285370826721191e-01 5.788396000862121582e-01
-1.124098110198974609e+01 -2.426313591003417969e+01 7.391973733901977539e-01 1.335692405700683594e-02 7.645493000745773315e-02 8.112066984176635742e-01 5.795859098434448242e-01
-1.125954818725585938e+01 -2.450532722473144531e+01 7.569850683212280273e-01 1.217620819807052612e-02 7.652311772108078003e-02 8.109578490257263184e-01 5.799511671066284180e-01
-1.127653217315673828e+01 -2.475172996520996094e+01 7.760916948318481445e-01 1.138365454971790314e-02 7.650469243526458740e-02 8.109279870986938477e-01 5.800114274024963379e-01
-1.129314804077148438e+01 -2.499786376953125000e+01 7.964292764663696289e-01 1.089742593467235565e-02 7.643559575080871582e-02 8.110624551773071289e-01 5.798417925834655762e-01
-1.131440162658691406e+01 -2.524339485168457031e+01 8.174006938934326172e-01 1.063617877662181854e-02 7.635143399238586426e-02 8.113057017326354980e-01 5.795174837112426758e-01
-1.134766578674316406e+01 -2.548750114440917969e+01 8.373436331748962402e-01 1.051799394190311432e-02 7.628811895847320557e-02 8.116019964218139648e-01 5.791127681732177734e-01
-1.139433670043945312e+01 -2.572948265075683594e+01 8.548585176467895508e-01 1.046141609549522400e-02 7.628128677606582642e-02 8.118958473205566406e-01 5.787028074264526367e-01
-1.145117855072021484e+01 -2.596935462951660156e+01 8.694982528686523438e-01 1.038465835154056549e-02 7.636682689189910889e-02 8.121314644813537598e-01 5.783620476722717285e-01
-1.151859378814697266e+01 -2.620659065246582031e+01 8.802826404571533203e-01 1.020616479218006134e-02 7.658044248819351196e-02 8.122537732124328613e-01 5.781653523445129395e-01
-1.159673595428466797e+01 -2.644058609008789062e+01 8.866090178489685059e-01 9.844183921813964844e-03 7.695794105529785156e-02 8.122066855430603027e-01 5.781877040863037109e-01
-1.168765354156494141e+01 -2.666994476318359375e+01 8.872023820877075195e-01 9.217174723744392395e-03 7.753496617078781128e-02 8.119342923164367676e-01 5.785032510757446289e-01
-1.179717254638671875e+01 -2.689073181152343750e+01 8.788346648216247559e-01 8.243434131145477295e-03 7.834721356630325317e-02 8.113799691200256348e-01 5.791859030723571777e-01
-1.192744159698486328e+01 -2.709897804260253906e+01 8.597398996353149414e-01 6.841275840997695923e-03 7.943010330200195312e-02 8.104850649833679199e-01 5.803086161613464355e-01
-1.209532833099365234e+01 -2.726914405822753906e+01 8.155630826950073242e-01 4.928950220346450806e-03 8.081898093223571777e-02 8.091890811920166016e-01 5.819424986839294434e-01
-1.227982425689697266e+01 -2.722666931152343750e+01 7.142156958580017090e-01 2.424776554107666016e-03 8.254869282245635986e-02 8.074286580085754395e-01 5.841565132141113281e-01
-1.235575294494628906e+01 -2.701437377929687500e+01 6.254281401634216309e-01 -7.266364991664886475e-04 8.463905006647109985e-02 8.051568865776062012e-01 5.869906544685363770e-01
-1.238917446136474609e+01 -2.678372001647949219e+01 5.527136325836181641e-01 -4.474796354770660400e-03 8.705025911331176758e-02 8.024069070816040039e-01 5.903773903846740723e-01
-1.240397453308105469e+01 -2.654843902587890625e+01 4.877862334251403809e-01 -8.742760866880416870e-03 8.972772955894470215e-02 7.992320656776428223e-01 5.942227840423583984e-01
-1.240466690063476562e+01 -2.631148338317871094e+01 4.291222989559173584e-01 -1.345344260334968567e-02 9.261696040630340576e-02 7.956873178482055664e-01 5.984335541725158691e-01
-1.240060520172119141e+01 -2.607410621643066406e+01 3.726177811622619629e-01 -1.852970942854881287e-02 9.566360712051391602e-02 7.918299436569213867e-01 6.029182672500610352e-01
-1.239183902740478516e+01 -2.583663558959960938e+01 3.183120787143707275e-01 -2.389412000775337219e-02 9.881349653005599976e-02 7.877198457717895508e-01 6.075873374938964844e-01
-1.237578678131103516e+01 -2.559888648986816406e+01 2.673740983009338379e-01 -2.946944162249565125e-02 1.020129024982452393e-01 7.834208011627197266e-01 6.123535037040710449e-01
-1.235975456237792969e+01 -2.536127853393554688e+01 2.165072560310363770e-01 -3.517825156450271606e-02 1.052084416151046753e-01 7.790000438690185547e-01 6.171326041221618652e-01
-1.234206771850585938e+01 -2.512373733520507812e+01 1.666033864021301270e-01 -4.094355553388595581e-02 1.083474457263946533e-01 7.745290994644165039e-01 6.218432784080505371e-01
-1.231969833374023438e+01 -2.488613319396972656e+01 1.192689463496208191e-01 -4.668800905346870422e-02 1.113774776458740234e-01 7.700835466384887695e-01 6.264076828956604004e-01
-1.229737186431884766e+01 -2.464858818054199219e+01 7.198867946863174438e-02 -5.233496427536010742e-02 1.142468824982643127e-01 7.657426595687866211e-01 6.307509541511535645e-01
-1.227509212493896484e+01 -2.441107940673828125e+01 2.475448511540889740e-02 -5.780787765979766846e-02 1.169046238064765930e-01 7.615895271301269531e-01 6.348014473915100098e-01
-1.225087738037109375e+01 -2.417351722717285156e+01 -2.114334143698215485e-02 -6.303052604198455811e-02 1.193000972270965576e-01 7.577102184295654297e-01 6.384902596473693848e-01
-1.222473621368408203e+01 -2.393587875366210938e+01 -6.572143733501434326e-02 -6.792703270912170410e-02 1.213832348585128784e-01 7.541934847831726074e-01 6.417508721351623535e-01
-1.219864940643310547e+01 -2.369819259643554688e+01 -1.102845743298530579e-01 -7.242185622453689575e-02 1.231043040752410889e-01 7.511300444602966309e-01 6.445184946060180664e-01
-1.217261409759521484e+01 -2.346042823791503906e+01 -1.548429876565933228e-01 -7.643973827362060547e-02 1.244138851761817932e-01 7.486115097999572754e-01 6.467294096946716309e-01
-1.214596557617187500e+01 -2.322253417968750000e+01 -1.988413929939270020e-01 -7.990566641092300415e-02 1.252626478672027588e-01 7.467296719551086426e-01 6.483201980590820312e-01
-1.211735916137695312e+01 -2.298442268371582031e+01 -2.411495894193649292e-01 -8.274448662996292114e-02 1.256009787321090698e-01 7.455751895904541016e-01 6.492267251014709473e-01
-1.208880996704101562e+01 -2.274616241455078125e+01 -2.834855616092681885e-01 -8.488122373819351196e-02 1.253790706396102905e-01 7.452365756034851074e-01 6.493827104568481445e-01
-1.206031799316406250e+01 -2.250771713256835938e+01 -3.258572220802307129e-01 -8.624045550823211670e-02 1.245462149381637573e-01 7.457982897758483887e-01 6.487185955047607422e-01
-1.203189182281494141e+01 -2.226907348632812500e+01 -3.682708740234375000e-01 -8.676293492317199707e-02 1.230695694684982300e-01 7.473144531250000000e-01 6.471838951110839844e-01
-1.200294971466064453e+01 -2.203540802001953125e+01 -4.083824157714843750e-01 -8.645589649677276611e-02 1.209899336099624634e-01 7.497314810752868652e-01 6.448175311088562012e-01
-1.197408199310302734e+01 -2.180678939819335938e+01 -4.468691945075988770e-01 -8.534248173236846924e-02 1.183657571673393250e-01 7.529653906822204590e-01 6.416770815849304199e-01
-1.194595336914062500e+01 -2.158329772949218750e+01 -4.845057427883148193e-01 -8.344554901123046875e-02 1.152551844716072083e-01 7.569288611412048340e-01 6.378180384635925293e-01
-1.191857147216796875e+01 -2.136495971679687500e+01 -5.212898254394531250e-01 -8.078788965940475464e-02 1.117161437869071960e-01 7.615323066711425781e-01 6.332941055297851562e-01
-1.189194202423095703e+01 -2.115180587768554688e+01 -5.572178363800048828e-01 -7.739228010177612305e-02 1.078064441680908203e-01 7.666847109794616699e-01 6.281582117080688477e-01
-1.186550617218017578e+01 -2.094377326965332031e+01 -5.913506746292114258e-01 -7.328189909458160400e-02 1.035842299461364746e-01 7.722948193550109863e-01 6.224634647369384766e-01
-1.183779239654541016e+01 -2.073047828674316406e+01 -6.251977682113647461e-01 -6.848007440567016602e-02 9.910774976015090942e-02 7.782719731330871582e-01 6.162637472152709961e-01
-1.180948066711425781e+01 -2.051204490661621094e+01 -6.598958969116210938e-01 -6.301070004701614380e-02 9.443572163581848145e-02 7.845263481140136719e-01 6.096145510673522949e-01
-1.178057098388671875e+01 -2.028849411010742188e+01 -6.954427957534790039e-01 -5.689812824130058289e-02 8.962728083133697510e-02 7.909706234931945801e-01 6.025736331939697266e-01
-1.175106525421142578e+01 -2.005985832214355469e+01 -7.318374514579772949e-01 -5.016773194074630737e-02 8.474230766296386719e-02 7.975197434425354004e-01 5.952009558677673340e-01
-1.172073745727539062e+01 -1.982610130310058594e+01 -7.685140967369079590e-01 -4.284490272402763367e-02 7.984080910682678223e-02 8.040916919708251953e-01 5.875597000122070312e-01
-1.168894672393798828e+01 -1.958708190917968750e+01 -8.038384914398193359e-01 -3.495619073510169983e-02 7.498353719711303711e-02 8.106081485748291016e-01 5.797154307365417480e-01
-1.165652465820312500e+01 -1.934304428100585938e+01 -8.399566411972045898e-01 -2.652855217456817627e-02 7.023161649703979492e-02 8.169946670532226562e-01 5.717372298240661621e-01
-1.162392139434814453e+01 -1.909733581542968750e+01 -8.763799667358398438e-01 -1.758929528295993805e-02 6.564644724130630493e-02 8.231807947158813477e-01 5.636971592903137207e-01
-1.159113121032714844e+01 -1.884998512268066406e+01 -9.131155014038085938e-01 -8.166436105966567993e-03 6.128982454538345337e-02 8.291004896163940430e-01 5.556700825691223145e-01
-1.155926990509033203e+01 -1.861211585998535156e+01 -9.466754198074340820e-01 1.711897552013397217e-03 5.722367390990257263e-02 8.346915841102600098e-01 5.477339029312133789e-01
-1.152840423583984375e+01 -1.838379096984863281e+01 -9.774084091186523438e-01 1.201729848980903625e-02 5.351005494594573975e-02 8.398964405059814453e-01 5.399688482284545898e-01
-1.149891376495361328e+01 -1.816520309448242188e+01 -1.006949424743652344e+00 2.272151596844196320e-02 5.021096765995025635e-02 8.446608185768127441e-01 5.324572324752807617e-01
-1.147077941894531250e+01 -1.795637130737304688e+01 -1.035310983657836914e+00 3.379599750041961670e-02 4.738856479525566101e-02 8.489343523979187012e-01 5.252832770347595215e-01
-1.144399642944335938e+01 -1.775730705261230469e+01 -1.062501192092895508e+00 4.520156979560852051e-02 4.509165138006210327e-02 8.526803851127624512e-01 5.185168385505676270e-01
-1.141832160949707031e+01 -1.756781387329101562e+01 -1.086666584014892578e+00 5.685286968946456909e-02 4.331763088703155518e-02 8.559065461158752441e-01 5.121671557426452637e-01
-1.139377498626708984e+01 -1.738790702819824219e+01 -1.107972979545593262e+00 6.865385174751281738e-02 4.205053672194480896e-02 8.586335778236389160e-01 5.062280297279357910e-01
-1.137059688568115234e+01 -1.721777153015136719e+01 -1.128269314765930176e+00 8.050778508186340332e-02 4.127481207251548767e-02 8.608832359313964844e-01 5.006942749023437500e-01
-1.134878063201904297e+01 -1.705740165710449219e+01 -1.147545456886291504e+00 9.231954813003540039e-02 4.097408801317214966e-02 8.626797795295715332e-01 4.955620765686035156e-01
-1.132832717895507812e+01 -1.690679168701171875e+01 -1.165790677070617676e+00 1.039934456348419189e-01 4.113261774182319641e-02 8.640495538711547852e-01 4.908276796340942383e-01
-1.130923461914062500e+01 -1.676594352722167969e+01 -1.182994604110717773e+00 1.154343932867050171e-01 4.173455014824867249e-02 8.650210499763488770e-01 4.864892661571502686e-01
-1.129137802124023438e+01 -1.663476562500000000e+01 -1.198158860206604004e+00 1.265487521886825562e-01 4.276367649435997009e-02 8.656250238418579102e-01 4.825452864170074463e-01
-1.127469539642333984e+01 -1.651321792602539062e+01 -1.210818171501159668e+00 1.372428983449935913e-01 4.420416802167892456e-02 8.658946156501770020e-01 4.789958298206329346e-01
-1.125938892364501953e+01 -1.640143966674804688e+01 -1.222600102424621582e+00 1.474238783121109009e-01 4.604044184088706970e-02 8.658643364906311035e-01 4.758417606353759766e-01
-1.124544906616210938e+01 -1.629942893981933594e+01 -1.233495473861694336e+00 1.569996476173400879e-01 4.825674742460250854e-02 8.655707836151123047e-01 4.730851352214813232e-01
-1.123287296295166016e+01 -1.620718574523925781e+01 -1.243493676185607910e+00 1.658789813518524170e-01 5.083768442273139954e-02 8.650520443916320801e-01 4.707277417182922363e-01
-1.122165393829345703e+01 -1.612471389770507812e+01 -1.252584815025329590e+00 1.739712655544281006e-01 5.376786366105079651e-02 8.643466234207153320e-01 4.687728285789489746e-01
-1.121178531646728516e+01 -1.605200576782226562e+01 -1.260758996009826660e+00 1.811855733394622803e-01 5.703246593475341797e-02 8.634935021400451660e-01 4.672237634658813477e-01
-1.120325946807861328e+01 -1.598907089233398438e+01 -1.268005967140197754e+00 1.874326467514038086e-01 6.061634421348571777e-02 8.625319600105285645e-01 4.660830199718475342e-01
-1.119606685638427734e+01 -1.593590545654296875e+01 -1.274314880371093750e+00 1.926221251487731934e-01 6.450495868921279907e-02 8.614996075630187988e-01 4.653537869453430176e-01
-1.119020080566406250e+01 -1.589251041412353516e+01 -1.279674291610717773e+00 1.966644227504730225e-01 6.868372857570648193e-02 8.604333996772766113e-01 4.650375843048095703e-01
-1.118565273284912109e+01 -1.585889148712158203e+01 -1.284073114395141602e+00 1.994688510894775391e-01 7.313844561576843262e-02 8.593673706054687500e-01 4.651351273059844971e-01
-1.118241024017333984e+01 -1.583504581451416016e+01 -1.287498474121093750e+00 2.009450644254684448e-01 7.785433530807495117e-02 8.583322167396545410e-01 4.656454920768737793e-01
-1.118046855926513672e+01 -1.582097530364990234e+01 -1.289936780929565430e+00 2.010007798671722412e-01 8.281739056110382080e-02 8.573545813560485840e-01 4.665651321411132812e-01
-1.117939949035644531e+01 -1.581671714782714844e+01 -1.290475487709045410e+00 1.977165937423706055e-01 8.460279554128646851e-02 8.567940592765808105e-01 4.686729907989501953e-01
-1.117777538299560547e+01 -1.580902957916259766e+01 -1.291365623474121094e+00 1.933013498783111572e-01 8.709668368101119995e-02 8.562736511230468750e-01 4.710032939910888672e-01
-1.117558097839355469e+01 -1.579789543151855469e+01 -1.292454838752746582e+00 1.878604888916015625e-01 9.023557603359222412e-02 8.557728528976440430e-01 4.735175967216491699e-01
-1.117282104492187500e+01 -1.578330421447753906e+01 -1.293714880943298340e+00 1.814996004104614258e-01 9.395365417003631592e-02 8.552668690681457520e-01 4.761818051338195801e-01
-1.116950893402099609e+01 -1.576525592803955078e+01 -1.295235514640808105e+00 1.743236184120178223e-01 9.818392992019653320e-02 8.547297716140747070e-01 4.789656102657318115e-01
-1.116565036773681641e+01 -1.574374675750732422e+01 -1.297010421752929688e+00 1.664383411407470703e-01 1.028581559658050537e-01 8.541350960731506348e-01 4.818419218063354492e-01
-1.116124725341796875e+01 -1.571876716613769531e+01 -1.299033761024475098e+00 1.579496115446090698e-01 1.079078018665313721e-01 8.534572720527648926e-01 4.847869575023651123e-01
-1.115630435943603516e+01 -1.569031238555908203e+01 -1.301299691200256348e+00 1.489643156528472900e-01 1.132642924785614014e-01 8.526737689971923828e-01 4.877789616584777832e-01
-1.115082359313964844e+01 -1.565837574005126953e+01 -1.303804278373718262e+00 1.395906358957290649e-01 1.188591197133064270e-01 8.517648577690124512e-01 4.907989203929901123e-01
-1.114480972290039062e+01 -1.562295341491699219e+01 -1.306543588638305664e+00 1.299366801977157593e-01 1.246249079704284668e-01 8.507153987884521484e-01 4.938302934169769287e-01
-1.113826656341552734e+01 -1.558403778076171875e+01 -1.309514403343200684e+00 1.201124042272567749e-01 1.304947137832641602e-01 8.495155572891235352e-01 4.968576729297637939e-01
-1.113119888305664062e+01 -1.554162120819091797e+01 -1.312715411186218262e+00 1.102281361818313599e-01 1.364026367664337158e-01 8.481605052947998047e-01 4.998678565025329590e-01
-1.112360668182373047e+01 -1.549569702148437500e+01 -1.316145896911621094e+00 1.003946959972381592e-01 1.422837227582931519e-01 8.466517925262451172e-01 5.028489232063293457e-01
-1.111550140380859375e+01 -1.544625568389892578e+01 -1.319805622100830078e+00 9.072300046682357788e-02 1.480741202831268311e-01 8.449968099594116211e-01 5.057902336120605469e-01
-1.110688209533691406e+01 -1.539329051971435547e+01 -1.323695659637451172e+00 8.132436871528625488e-02 1.537105292081832886e-01 8.432093262672424316e-01 5.086819529533386230e-01
-1.109775829315185547e+01 -1.533679294586181641e+01 -1.327818870544433594e+00 7.230905443429946899e-02 1.591307967901229858e-01 8.413087725639343262e-01 5.115155577659606934e-01
-1.108813476562500000e+01 -1.527675247192382812e+01 -1.332178354263305664e+00 6.378711760044097900e-02 1.642728596925735474e-01 8.393206000328063965e-01 5.142825245857238770e-01
-1.107801342010498047e+01 -1.521316051483154297e+01 -1.336777329444885254e+00 5.586709454655647278e-02 1.690753102302551270e-01 8.372756838798522949e-01 5.169736742973327637e-01
-1.106740188598632812e+01 -1.514600563049316406e+01 -1.341621041297912598e+00 4.865673929452896118e-02 1.734762787818908691e-01 8.352088928222656250e-01 5.195810794830322266e-01
-1.105630588531494141e+01 -1.507527828216552734e+01 -1.346714496612548828e+00 4.226171597838401794e-02 1.774139553308486938e-01 8.331595659255981445e-01 5.220950841903686523e-01
-1.104451274871826172e+01 -1.500079059600830078e+01 -1.350844979286193848e+00 3.558168560266494751e-02 1.789784282445907593e-01 8.315675854682922363e-01 5.245913267135620117e-01
-1.103213977813720703e+01 -1.492267322540283203e+01 -1.354308485984802246e+00 2.974167838692665100e-02 1.800585687160491943e-01 8.300536870956420898e-01 5.269774198532104492e-01
-1.101927852630615234e+01 -1.484097003936767578e+01 -1.357959270477294922e+00 2.467804402112960815e-02 1.806945204734802246e-01 8.286188840866088867e-01 5.292741656303405762e-01
-1.100592231750488281e+01 -1.475568962097167969e+01 -1.361799240112304688e+00 2.032645791769027710e-02 1.809257864952087402e-01 8.272613286972045898e-01 5.314990878105163574e-01
-1.099206924438476562e+01 -1.466684055328369141e+01 -1.365829467773437500e+00 1.662278920412063599e-02 1.807912290096282959e-01 8.259754180908203125e-01 5.336692333221435547e-01
-1.097771453857421875e+01 -1.457442855834960938e+01 -1.370050072669982910e+00 1.350238919258117676e-02 1.803292185068130493e-01 8.247536420822143555e-01 5.357989072799682617e-01
-1.096285533905029297e+01 -1.447846126556396484e+01 -1.374461293220520020e+00 1.090096682310104370e-02 1.795774996280670166e-01 8.235861659049987793e-01 5.379022359848022461e-01
-1.094748497009277344e+01 -1.437894821166992188e+01 -1.379063129425048828e+00 8.753664791584014893e-03 1.785739362239837646e-01 8.224620223045349121e-01 5.399916768074035645e-01
-1.093147850036621094e+01 -1.427586174011230469e+01 -1.382640004158020020e+00 6.995938718318939209e-03 1.773555278778076172e-01 8.213688135147094727e-01 5.420787930488586426e-01
-1.091485691070556641e+01 -1.416921615600585938e+01 -1.385447978973388672e+00 5.563147366046905518e-03 1.759595721960067749e-01 8.202928900718688965e-01 5.441753864288330078e-01
-1.089770984649658203e+01 -1.405904006958007812e+01 -1.388371229171752930e+00 4.390604794025421143e-03 1.744228899478912354e-01 8.192206621170043945e-01 5.462920069694519043e-01
-1.088003158569335938e+01 -1.394534111022949219e+01 -1.391409516334533691e+00 3.413632512092590332e-03 1.727824211120605469e-01 8.181375265121459961e-01 5.484392642974853516e-01
-1.086182117462158203e+01 -1.382812690734863281e+01 -1.394560217857360840e+00 2.567537128925323486e-03 1.710748821496963501e-01 8.170286417007446289e-01 5.506277084350585938e-01
-1.084305667877197266e+01 -1.370739936828613281e+01 -1.397628426551818848e+00 1.787632703781127930e-03 1.693371981382369995e-01 8.158794641494750977e-01 5.528674721717834473e-01
-1.082354927062988281e+01 -1.358315181732177734e+01 -1.398559212684631348e+00 1.009322702884674072e-03 1.676059812307357788e-01 8.146747946739196777e-01 5.551686882972717285e-01
-1.080349540710449219e+01 -1.345540523529052734e+01 -1.399528503417968750e+00 1.679435372352600098e-04 1.659178882837295532e-01 8.133995532989501953e-01 5.575413703918457031e-01
-1.078289318084716797e+01 -1.332416439056396484e+01 -1.400533080101013184e+00 -8.011534810066223145e-04 1.643096953630447388e-01 8.120384812355041504e-01 5.599957704544067383e-01
-1.076173686981201172e+01 -1.318943977355957031e+01 -1.401571035385131836e+00 -1.962587237358093262e-03 1.628180146217346191e-01 8.105761408805847168e-01 5.625411868095397949e-01
-1.073985671997070312e+01 -1.305125045776367188e+01 -1.400335311889648438e+00 -3.380931913852691650e-03 1.614793688058853149e-01 8.089967370033264160e-01 5.651877522468566895e-01
-1.071740245819091797e+01 -1.290959072113037109e+01 -1.398862838745117188e+00 -5.120798945426940918e-03 1.603301763534545898e-01 8.072841167449951172e-01 5.679439306259155273e-01
-1.069438743591308594e+01 -1.276445674896240234e+01 -1.397351980209350586e+00 -7.224224507808685303e-03 1.593975424766540527e-01 8.054301738739013672e-01 5.708087682723999023e-01
-1.067075252532958984e+01 -1.261586856842041016e+01 -1.394281625747680664e+00 -9.642720222473144531e-03 1.586713790893554688e-01 8.034635782241821289e-01 5.737392306327819824e-01
-1.064653873443603516e+01 -1.246379375457763672e+01 -1.390391469001770020e+00 -1.230568438768386841e-02 1.581327915191650391e-01 8.014230132102966309e-01 5.766834020614624023e-01
-1.062179183959960938e+01 -1.230820655822753906e+01 -1.386246562004089355e+00 -1.514195650815963745e-02 1.577628254890441895e-01 7.993481159210205078e-01 5.795896053314208984e-01
-1.059657287597656250e+01 -1.214910984039306641e+01 -1.380635380744934082e+00 -1.808090507984161377e-02 1.575430184602737427e-01 7.972798943519592285e-01 5.824072360992431641e-01
-1.057113265991210938e+01 -1.198810482025146484e+01 -1.374692320823669434e+00 -2.105157822370529175e-02 1.574549376964569092e-01 7.952603101730346680e-01 5.850862264633178711e-01
-1.054579925537109375e+01 -1.182520103454589844e+01 -1.366467833518981934e+00 -2.398314327001571655e-02 1.574804484844207764e-01 7.933328151702880859e-01 5.875779390335083008e-01
-1.052075862884521484e+01 -1.166039180755615234e+01 -1.356123685836791992e+00 -2.680489420890808105e-02 1.576017737388610840e-01 7.915418148040771484e-01 5.898345112800598145e-01
-1.049650478363037109e+01 -1.149371910095214844e+01 -1.342283606529235840e+00 -2.944617718458175659e-02 1.578012406826019287e-01 7.899330258369445801e-01 5.918086767196655273e-01
-1.047443675994873047e+01 -1.132540988922119141e+01 -1.321855783462524414e+00 -3.183623403310775757e-02 1.580613255500793457e-01 7.885527610778808594e-01 5.934538245201110840e-01
-1.045710945129394531e+01 -1.115620708465576172e+01 -1.290563583374023438e+00 -3.390446305274963379e-02 1.583646386861801147e-01 7.874481678009033203e-01 5.947239995002746582e-01
-1.044805431365966797e+01 -1.098768424987792969e+01 -1.244537591934204102e+00 -3.558041900396347046e-02 1.586939543485641479e-01 7.866659760475158691e-01 5.955729484558105469e-01
-1.044837665557861328e+01 -1.082042598724365234e+01 -1.186417460441589355e+00 -3.679336607456207275e-02 1.590317487716674805e-01 7.862527966499328613e-01 5.959543585777282715e-01
-1.044754981994628906e+01 -1.065282440185546875e+01 -1.123339772224426270e+00 -3.747276216745376587e-02 1.593605577945709229e-01 7.862546443939208984e-01 5.958217978477478027e-01
-1.043015861511230469e+01 -1.048579597473144531e+01 -1.055969476699829102e+00 -3.754800558090209961e-02 1.596624851226806641e-01 7.867160439491271973e-01 5.951268076896667480e-01
-1.038651180267333984e+01 -1.032256603240966797e+01 -9.864135384559631348e-01 -3.694827854633331299e-02 1.599192768335342407e-01 7.876791954040527344e-01 5.938199162483215332e-01
-1.031739521026611328e+01 -1.016593074798583984e+01 -9.164657592773437500e-01 -3.560274094343185425e-02 1.601120531558990479e-01 7.891834974288940430e-01 5.918495655059814453e-01
