7.312607288360595703e+00 2.624542427062988281e+01 -5.977730751037597656e+00 -0.000000000000000000e+00 -0.000000000000000000e+00 -1.947225481271743774e-01 9.808583855628967285e-01
7.069316387176513672e+00 2.623487281799316406e+01 -5.936235427856445312e+00 2.430111053399741650e-04 2.232338156318292022e-04 -1.942889243364334106e-01 9.809442758560180664e-01
6.830532073974609375e+00 2.623313903808593750e+01 -5.892187595367431641e+00 -3.910986197297461331e-05 -1.947849959833547473e-04 -1.942267119884490967e-01 9.809566736221313477e-01
6.597238540649414062e+00 2.624567413330078125e+01 -5.843732833862304688e+00 -7.537839701399207115e-04 -1.141266897320747375e-03 -1.944698691368103027e-01 9.809075593948364258e-01
6.370285511016845703e+00 2.627179718017578125e+01 -5.791297435760498047e+00 -1.808317028917372227e-03 -2.502447925508022308e-03 -1.949526816606521606e-01 9.808077216148376465e-01
6.148525238037109375e+00 2.630300712585449219e+01 -5.738024711608886719e+00 -3.109998768195509911e-03 -4.165400285273790359e-03 -1.956093460321426392e-01 9.806681871414184570e-01
5.930043697357177734e+00 2.632993507385253906e+01 -5.687222957611083984e+00 -4.565977491438388824e-03 -6.017140578478574753e-03 -1.963735818862915039e-01 9.805000424385070801e-01
5.714377403259277344e+00 2.634942817687988281e+01 -5.640013217926025391e+00 -6.083895452320575714e-03 -7.944166660308837891e-03 -1.971801519393920898e-01 9.803161621093750000e-01
5.501748085021972656e+00 2.636095619201660156e+01 -5.596612453460693359e+00 -7.570843212306499481e-03 -9.833585470914840698e-03 -1.979635953903198242e-01 9.801308512687683105e-01
5.292500019073486328e+00 2.636472129821777344e+01 -5.556992053985595703e+00 -8.934198878705501556e-03 -1.157187577337026596e-02 -1.986590325832366943e-01 9.799596667289733887e-01
5.087016582489013672e+00 2.636157226562500000e+01 -5.520872592926025391e+00 -1.008124742656946182e-02 -1.304624136537313461e-02 -1.992019116878509521e-01 9.798197746276855469e-01
4.885573387145996094e+00 2.635296821594238281e+01 -5.487886905670166016e+00 -1.091919094324111938e-02 -1.414308138191699982e-02 -1.995277702808380127e-01 9.797292351722717285e-01
4.688327312469482422e+00 2.634013557434082031e+01 -5.457712173461914062e+00 -1.135596819221973419e-02 -1.474973559379577637e-02 -1.995718926191329956e-01 9.797063469886779785e-01
4.495402812957763672e+00 2.632248878479003906e+01 -5.430858135223388672e+00 -1.129811909049749374e-02 -1.475292630493640900e-02 -1.992699503898620605e-01 9.797684550285339355e-01
4.306965351104736328e+00 2.630062484741210938e+01 -5.407264232635498047e+00 -1.065384410321712494e-02 -1.403933297842741013e-02 -1.985566020011901855e-01 9.799309372901916504e-01
4.123046875000000000e+00 2.627602386474609375e+01 -5.386197566986083984e+00 -9.329709224402904510e-03 -1.249596290290355682e-02 -1.973662972450256348e-01 9.802057743072509766e-01
3.943810939788818359e+00 2.624743652343750000e+01 -5.368491172790527344e+00 -7.233303040266036987e-03 -1.000952441245317459e-02 -1.956323981285095215e-01 9.805995225906372070e-01
3.769541025161743164e+00 2.621448135375976562e+01 -5.354589939117431641e+00 -4.271718673408031464e-03 -6.466524675488471985e-03 -1.932864189147949219e-01 9.811117649078369141e-01
3.600046396255493164e+00 2.617935943603515625e+01 -5.343131065368652344e+00 -3.523698833305388689e-04 -1.753838500007987022e-03 -1.902583688497543335e-01 9.817323684692382812e-01
3.436069250106811523e+00 2.613863754272460938e+01 -5.336550235748291016e+00 4.617126192897558212e-03 4.241360351443290710e-03 -1.864760816097259521e-01 9.824394583702087402e-01
3.277619600296020508e+00 2.609423255920410156e+01 -5.333723068237304688e+00 1.072918996214866638e-02 1.163176726549863815e-02 -1.818645149469375610e-01 9.831962585449218750e-01
3.124494552612304688e+00 2.604698753356933594e+01 -5.334072113037109375e+00 1.803284883499145508e-02 2.047725580632686615e-02 -1.763776242733001709e-01 9.839442968368530273e-01
2.978935480117797852e+00 2.599163436889648438e+01 -5.341701507568359375e+00 2.640692144632339478e-02 3.062852658331394196e-02 -1.700922995805740356e-01 9.845980405807495117e-01
2.839067220687866211e+00 2.593431663513183594e+01 -5.352158069610595703e+00 3.568691015243530273e-02 4.188333079218864441e-02 -1.631194502115249634e-01 9.850706458091735840e-01
2.705654144287109375e+00 2.587347602844238281e+01 -5.366708755493164062e+00 4.570724815130233765e-02 5.403799936175346375e-02 -1.555717140436172485e-01 9.852858781814575195e-01
2.578874349594116211e+00 2.580979919433593750e+01 -5.385185241699218750e+00 5.630166456103324890e-02 6.688792258501052856e-02 -1.475654095411300659e-01 9.851804971694946289e-01
2.457297325134277344e+00 2.574589729309082031e+01 -5.405394077301025391e+00 6.730356812477111816e-02 8.022838830947875977e-02 -1.392198950052261353e-01 9.847088456153869629e-01
2.341435432434082031e+00 2.568119621276855469e+01 -5.428096771240234375e+00 7.854663580656051636e-02 9.385456889867782593e-02 -1.306591928005218506e-01 9.838445186614990234e-01
2.230349063873291016e+00 2.561731338500976562e+01 -5.452205657958984375e+00 8.986529707908630371e-02 1.075629815459251404e-01 -1.220089569687843323e-01 9.825824499130249023e-01
2.123259305953979492e+00 2.555526733398437500e+01 -5.476676940917968750e+00 1.010956466197967529e-01 1.211517825722694397e-01 -1.133994907140731812e-01 9.809395670890808105e-01
2.019773006439208984e+00 2.549570655822753906e+01 -5.501349925994873047e+00 1.120758503675460815e-01 1.344217061996459961e-01 -1.049630343914031982e-01 9.789547324180603027e-01
1.918413043022155762e+00 2.544083404541015625e+01 -5.525000095367431641e+00 1.226468086242675781e-01 1.471770852804183960e-01 -9.683375805616378784e-02 9.766882061958312988e-01
1.818581461906433105e+00 2.539173698425292969e+01 -5.546620845794677734e+00 1.326524168252944946e-01 1.592254936695098877e-01 -8.914721757173538208e-02 9.742193222045898438e-01
1.719348073005676270e+00 2.535064315795898438e+01 -5.565002441406250000e+00 1.419399678707122803e-01 1.703786104917526245e-01 -8.204059302806854248e-02 9.716447591781616211e-01
1.615983843803405762e+00 2.532010269165039062e+01 -5.578081130981445312e+00 1.503595411777496338e-01 1.804519742727279663e-01 -7.565036416053771973e-02 9.690748453140258789e-01
1.509716749191284180e+00 2.530047798156738281e+01 -5.581645488739013672e+00 1.577643901109695435e-01 1.892641931772232056e-01 -7.011388242244720459e-02 9.666299819946289062e-01
1.403185963630676270e+00 2.528931999206542969e+01 -5.571245193481445312e+00 1.640094965696334839e-01 1.966366320848464966e-01 -6.556719541549682617e-02 9.644355177879333496e-01
1.299819350242614746e+00 2.528161048889160156e+01 -5.544113636016845703e+00 1.689510345458984375e-01 2.023915797472000122e-01 -6.214631348848342896e-02 9.626168012619018555e-01
1.202734351158142090e+00 2.527168464660644531e+01 -5.500683307647705078e+00 1.724451184272766113e-01 2.063511013984680176e-01 -5.998651683330535889e-02 9.612926244735717773e-01
1.113579034805297852e+00 2.525569343566894531e+01 -5.444301605224609375e+00 1.743365377187728882e-01 2.083359956741333008e-01 -5.921913683414459229e-02 9.605705738067626953e-01
1.032084941864013672e+00 2.523257255554199219e+01 -5.379278659820556641e+00 1.745041012763977051e-01 2.081601023674011230e-01 -5.998296290636062622e-02 9.605309963226318359e-01
9.585790634155273438e-01 2.520132827758789062e+01 -5.308203220367431641e+00 1.728195250034332275e-01 2.057038992643356323e-01 -6.235399469733238220e-02 9.612133502960205078e-01
8.913891315460205078e-01 2.516329574584960938e+01 -5.234418869018554688e+00 1.694009304046630859e-01 2.011141330003738403e-01 -6.621783226728439331e-02 9.625339508056640625e-01
8.267333507537841797e-01 2.512268066406250000e+01 -5.159651756286621094e+00 1.644071340560913086e-01 1.946027725934982300e-01 -7.140779495239257812e-02 9.643656015396118164e-01
7.652343511581420898e-01 2.507885742187500000e+01 -5.084135532379150391e+00 1.579951345920562744e-01 1.863795816898345947e-01 -7.775487005710601807e-02 9.665683507919311523e-01
7.039794921875000000e-01 2.503483390808105469e+01 -5.008728981018066406e+00 1.503223925828933716e-01 1.766550242900848389e-01 -8.508957177400588989e-02 9.689974188804626465e-01
6.444994807243347168e-01 2.499118614196777344e+01 -4.935219764709472656e+00 1.415479630231857300e-01 1.656413674354553223e-01 -9.324105829000473022e-02 9.715107083320617676e-01
5.861620903015136719e-01 2.494888114929199219e+01 -4.863625526428222656e+00 1.318339556455612183e-01 1.535547524690628052e-01 -1.020382195711135864e-01 9.739758372306823730e-01
5.279101729393005371e-01 2.490838241577148438e+01 -4.794621467590332031e+00 1.213462129235267639e-01 1.406154185533523560e-01 -1.113102585077285767e-01 9.762747287750244141e-01
4.711804091930389404e-01 2.486913490295410156e+01 -4.727427959442138672e+00 1.102546378970146179e-01 1.270485520362854004e-01 -1.208873465657234192e-01 9.783092141151428223e-01
4.138403236865997314e-01 2.483252334594726562e+01 -4.663168907165527344e+00 9.873300790786743164e-02 1.130838915705680847e-01 -1.306006610393524170e-01 9.800037145614624023e-01
3.572119176387786865e-01 2.479773902893066406e+01 -4.601240158081054688e+00 8.695905655622482300e-02 9.895530343055725098e-02 -1.402852386236190796e-01 9.813082814216613770e-01
3.022778332233428955e-01 2.476414489746093750e+01 -4.541212081909179688e+00 7.511335611343383789e-02 8.490007370710372925e-02 -1.497781425714492798e-01 9.821997880935668945e-01
2.480505257844924927e-01 2.473245048522949219e+01 -4.483677864074707031e+00 6.337890774011611938e-02 7.115798443555831909e-02 -1.589216440916061401e-01 9.826818108558654785e-01
1.954113692045211792e-01 2.470204544067382812e+01 -4.428214073181152344e+00 5.194000154733657837e-02 5.797021836042404175e-02 -1.675613969564437866e-01 9.827842116355895996e-01
1.446215808391571045e-01 2.467276382446289062e+01 -4.374733924865722656e+00 4.098159074783325195e-02 4.557850956916809082e-02 -1.755483150482177734e-01 9.825608730316162109e-01
9.465209394693374634e-02 2.464534187316894531e+01 -4.323887825012207031e+00 3.068830631673336029e-02 3.422407060861587524e-02 -1.827382743358612061e-01 9.820863604545593262e-01
4.576904326677322388e-02 2.461959838867187500e+01 -4.275566101074218750e+00 2.124387398362159729e-02 2.414709329605102539e-02 -1.889905184507369995e-01 9.814521074295043945e-01
-1.063232426531612873e-03 2.459483909606933594e+01 -4.229259967803955078e+00 1.283067278563976288e-02 1.558644138276576996e-02 -1.941674649715423584e-01 9.807606339454650879e-01
-4.580077901482582092e-02 2.457101440429687500e+01 -4.184988975524902344e+00 5.629515275359153748e-03 8.779510855674743652e-03 -1.981340795755386353e-01 9.801194071769714355e-01
-8.840209990739822388e-02 2.454810523986816406e+01 -4.142769813537597656e+00 -1.804918865673243999e-04 3.962410613894462585e-03 -2.007552832365036011e-01 9.796334505081176758e-01
-1.288366615772247314e-01 2.452608871459960938e+01 -4.102617263793945312e+00 -4.472805187106132507e-03 1.294842106290161610e-03 -2.019428312778472900e-01 9.793862700462341309e-01
-1.671215742826461792e-01 2.450495147705078125e+01 -4.064514160156250000e+00 -7.328209467232227325e-03 6.346590816974639893e-04 -2.018030881881713867e-01 9.793984889984130859e-01
-2.032885700464248657e-01 2.448470687866210938e+01 -4.028434753417968750e+00 -8.878570981323719025e-03 1.763990032486617565e-03 -2.004863917827606201e-01 9.796546697616577148e-01
-2.373718172311782837e-01 2.446536636352539062e+01 -3.994365215301513672e+00 -9.256067685782909393e-03 4.465120378881692886e-03 -1.981390863656997681e-01 9.801200628280639648e-01
-2.772436439990997314e-01 2.445678710937500000e+01 -3.969831466674804688e+00 -8.592374622821807861e-03 8.519969880580902100e-03 -1.949049234390258789e-01 9.807475209236145020e-01
-3.184484839439392090e-01 2.445334434509277344e+01 -3.950496673583984375e+00 -7.019555196166038513e-03 1.371070928871631622e-02 -1.909265071153640747e-01 9.814834594726562500e-01
-3.570104837417602539e-01 2.445004272460937500e+01 -3.932480335235595703e+00 -4.669910296797752380e-03 1.981891505420207977e-02 -1.863464862108230591e-01 9.822730422019958496e-01
-3.929650783538818359e-01 2.444688415527343750e+01 -3.915765285491943359e+00 -1.675480511039495468e-03 2.662592753767967224e-02 -1.813080161809921265e-01 9.830644130706787109e-01
-4.263513088226318359e-01 2.444390106201171875e+01 -3.900333166122436523e+00 1.831387635320425034e-03 3.391329199075698853e-02 -1.759558916091918945e-01 9.838119745254516602e-01
-4.572033584117889404e-01 2.444110870361328125e+01 -3.886162042617797852e+00 5.718086846172809601e-03 4.146199300885200500e-02 -1.704369634389877319e-01 9.844793081283569336e-01
-4.855602979660034180e-01 2.443851089477539062e+01 -3.873228788375854492e+00 9.852282702922821045e-03 4.905359447002410889e-02 -1.649000048637390137e-01 9.850404262542724609e-01
-5.114587545394897461e-01 2.443613624572753906e+01 -3.861507415771484375e+00 1.410132274031639099e-02 5.646981671452522278e-02 -1.594956666231155396e-01 9.854813218116760254e-01
-5.349304080009460449e-01 2.443398857116699219e+01 -3.850971698760986328e+00 1.833314076066017151e-02 6.349336355924606323e-02 -1.543763726949691772e-01 9.857993721961975098e-01
-5.560619831085205078e-01 2.443218231201171875e+01 -3.841683149337768555e+00 2.241591364145278931e-02 6.990733742713928223e-02 -1.496971696615219116e-01 9.860026836395263672e-01
-5.748669505119323730e-01 2.443068313598632812e+01 -3.833574056625366211e+00 2.621820196509361267e-02 7.549574226140975952e-02 -1.456133425235748291e-01 9.861084222793579102e-01
-5.913342237472534180e-01 2.442939949035644531e+01 -3.826533079147338867e+00 2.960905432701110840e-02 8.004376292228698730e-02 -1.422811597585678101e-01 9.861401319503784180e-01
-6.054955720901489258e-01 2.442834472656250000e+01 -3.820527315139770508e+00 3.245781362056732178e-02 8.333633095026016235e-02 -1.398578137159347534e-01 9.861243963241577148e-01
-6.173840165138244629e-01 2.442752456665039062e+01 -3.815526008605957031e+00 3.463398665189743042e-02 8.515898883342742920e-02 -1.384992599487304688e-01 9.860863685607910156e-01
-6.270288228988647461e-01 2.442692756652832031e+01 -3.811495304107666016e+00 3.600702062249183655e-02 8.529665321111679077e-02 -1.383609622716903687e-01 9.860447049140930176e-01
-6.344616413116455078e-01 2.442657089233398438e+01 -3.808410644531250000e+00 3.644599393010139465e-02 8.353323489427566528e-02 -1.395965367555618286e-01 9.860054254531860352e-01
-6.397045850753784180e-01 2.442646026611328125e+01 -3.806249856948852539e+00 3.585423529148101807e-02 7.971599698066711426e-02 -1.423160284757614136e-01 9.859543442726135254e-01
-6.427526473999023438e-01 2.442659187316894531e+01 -3.805035352706909180e+00 3.427440300583839417e-02 7.395096123218536377e-02 -1.464644521474838257e-01 9.858523011207580566e-01
-6.513988971710205078e-01 2.442649269104003906e+01 -3.801251173019409180e+00 3.178381174802780151e-02 6.640863418579101562e-02 -1.519438624382019043e-01 9.856433272361755371e-01
-6.656274199485778809e-01 2.442616081237792969e+01 -3.794929027557373047e+00 2.845960482954978943e-02 5.725941434502601624e-02 -1.586533337831497192e-01 9.852616190910339355e-01
-6.854211091995239258e-01 2.442560577392578125e+01 -3.786099672317504883e+00 2.437935769557952881e-02 4.667439311742782593e-02 -1.664915084838867188e-01 9.846358299255371094e-01
-7.107604742050170898e-01 2.442483329772949219e+01 -3.774790048599243164e+00 1.962116546928882599e-02 3.482610359787940979e-02 -1.753545403480529785e-01 9.836935400962829590e-01
-7.416259646415710449e-01 2.442386245727539062e+01 -3.761034965515136719e+00 1.426395587623119354e-02 2.188879624009132385e-02 -1.851387470960617065e-01 9.823650717735290527e-01
-7.779955863952636719e-01 2.442268943786621094e+01 -3.744860649108886719e+00 8.387594483792781830e-03 8.038819767534732819e-03 -1.957391947507858276e-01 9.805871844291687012e-01
-8.198461532592773438e-01 2.442133331298828125e+01 -3.726300001144409180e+00 2.072896808385848999e-03 -6.545589305460453033e-03 -2.070512920618057251e-01 9.783059954643249512e-01
-8.671594262123107910e-01 2.441981315612792969e+01 -3.705393075942993164e+00 -4.598414525389671326e-03 -2.168434858322143555e-02 -2.189715653657913208e-01 9.754793643951416016e-01
-9.202917218208312988e-01 2.441897392272949219e+01 -3.682921171188354492e+00 -1.154384296387434006e-02 -3.719595074653625488e-02 -2.313974648714065552e-01 9.720793962478637695e-01
-9.788647294044494629e-01 2.441804695129394531e+01 -3.658216476440429688e+00 -1.868045702576637268e-02 -5.289828032255172729e-02 -2.442285418510437012e-01 9.680935740470886230e-01
-1.042851567268371582e+00 2.441702651977539062e+01 -3.631294965744018555e+00 -2.592530287802219391e-02 -6.860861182212829590e-02 -2.573672831058502197e-01 9.635261893272399902e-01
-1.112219214439392090e+00 2.441590690612792969e+01 -3.602172851562500000e+00 -3.319504112005233765e-02 -8.414529263973236084e-02 -2.707189619541168213e-01 9.583991169929504395e-01
-1.186940908432006836e+00 2.441468238830566406e+01 -3.570853233337402344e+00 -4.040750861167907715e-02 -9.932778775691986084e-02 -2.841937541961669922e-01 9.527512788772583008e-01
-1.267824649810791016e+00 2.441536521911621094e+01 -3.539191722869873047e+00 -4.748066142201423645e-02 -1.139776259660720825e-01 -2.977059483528137207e-01 9.466392993927001953e-01
-1.354077100753784180e+00 2.441609764099121094e+01 -3.505497932434082031e+00 -5.433398485183715820e-02 -1.279187500476837158e-01 -3.111744821071624756e-01 9.401355981826782227e-01
-1.445660352706909180e+00 2.441681671142578125e+01 -3.469732522964477539e+00 -6.088841333985328674e-02 -1.409785896539688110e-01 -3.245242238044738770e-01 9.333283305168151855e-01
-1.543007731437683105e+00 2.441878318786621094e+01 -3.433078527450561523e+00 -6.706660985946655273e-02 -1.529877483844757080e-01 -3.376858830451965332e-01 9.263180494308471680e-01
-1.646473407745361328e+00 2.442303085327148438e+01 -3.396489143371582031e+00 -7.279240339994430542e-02 -1.637809872627258301e-01 -3.505944609642028809e-01 9.192173480987548828e-01
-1.755280733108520508e+00 2.442740249633789062e+01 -3.357969999313354492e+00 -7.800899446010589600e-02 -1.732369810342788696e-01 -3.631994426250457764e-01 9.121347069740295410e-01
-1.869852304458618164e+00 2.443330574035644531e+01 -3.318851232528686523e+00 -8.272921293973922729e-02 -1.814036667346954346e-01 -3.754900395870208740e-01 9.051274657249450684e-01
-1.990405201911926270e+00 2.444147872924804688e+01 -3.279807090759277344e+00 -8.698333799839019775e-02 -1.883697062730789185e-01 -3.874635100364685059e-01 8.982331752777099609e-01
-2.116348743438720703e+00 2.444991111755371094e+01 -3.238944053649902344e+00 -9.080115705728530884e-02 -1.942242383956909180e-01 -3.991140127182006836e-01 8.914818763732910156e-01
-2.248456954956054688e+00 2.446174240112304688e+01 -3.199254035949707031e+00 -9.421286731958389282e-02 -1.990557163953781128e-01 -4.104354381561279297e-01 8.848974108695983887e-01
-2.386071681976318359e+00 2.447427749633789062e+01 -3.158157825469970703e+00 -9.724813699722290039e-02 -2.029515653848648071e-01 -4.214195013046264648e-01 8.784981966018676758e-01
-2.529648303985595703e+00 2.448985862731933594e+01 -3.117916107177734375e+00 -9.993650764226913452e-02 -2.059995979070663452e-01 -4.320570230484008789e-01 8.722978830337524414e-01
-2.678840160369873047e+00 2.450672721862792969e+01 -3.076831102371215820e+00 -1.023072749376296997e-01 -2.082865834236145020e-01 -4.423373341560363770e-01 8.663069009780883789e-01
-2.834023475646972656e+00 2.452756690979003906e+01 -3.037490129470825195e+00 -1.043896526098251343e-01 -2.098985165357589722e-01 -4.522500634193420410e-01 8.605321049690246582e-01
-2.994968175888061523e+00 2.455107307434082031e+01 -2.998884201049804688e+00 -1.062128171324729919e-01 -2.109218090772628784e-01 -4.617829024791717529e-01 8.549779057502746582e-01
-3.161812782287597656e+00 2.457838821411132812e+01 -2.962442636489868164e+00 -1.078053936362266541e-01 -2.114412933588027954e-01 -4.709243178367614746e-01 8.496475219726562500e-01
-3.334606885910034180e+00 2.461067390441894531e+01 -2.930060863494873047e+00 -1.091963648796081543e-01 -2.115424722433090210e-01 -4.796614050865173340e-01 8.445419073104858398e-01
-3.516456127166748047e+00 2.464942359924316406e+01 -2.903502225875854492e+00 -1.104141324758529663e-01 -2.113099545240402222e-01 -4.879809617996215820e-01 8.396614789962768555e-01
-3.707137346267700195e+00 2.469479942321777344e+01 -2.884964466094970703e+00 -1.114872768521308899e-01 -2.108280211687088013e-01 -4.958705902099609375e-01 8.350057005882263184e-01
-3.906457424163818359e+00 2.474573135375976562e+01 -2.875548124313354492e+00 -1.124441027641296387e-01 -2.101806402206420898e-01 -5.033169388771057129e-01 8.305735588073730469e-01
-4.114498138427734375e+00 2.479995536804199219e+01 -2.874869346618652344e+00 -1.133130341768264771e-01 -2.094518989324569702e-01 -5.103073120117187500e-01 8.263634443283081055e-01
-4.331591606140136719e+00 2.485484886169433594e+01 -2.881191253662109375e+00 -1.141223609447479248e-01 -2.087253928184509277e-01 -5.168282985687255859e-01 8.223736882209777832e-01
-4.557129859924316406e+00 2.491267013549804688e+01 -2.891005754470825195e+00 -1.149001047015190125e-01 -2.080842852592468262e-01 -5.228667855262756348e-01 8.186019659042358398e-01
-4.790672302246093750e+00 2.497535133361816406e+01 -2.902370452880859375e+00 -1.156745553016662598e-01 -2.076121270656585693e-01 -5.284096002578735352e-01 8.150459527969360352e-01
-5.031817436218261719e+00 2.504449081420898438e+01 -2.913570404052734375e+00 -1.164736747741699219e-01 -2.073916196823120117e-01 -5.334433317184448242e-01 8.117023110389709473e-01
-5.270309925079345703e+00 2.511728858947753906e+01 -2.923170089721679688e+00 -1.173179075121879578e-01 -2.074847370386123657e-01 -5.379594564437866211e-01 8.085704445838928223e-01
-5.506246089935302734e+00 2.519320297241210938e+01 -2.930934906005859375e+00 -1.181978136301040649e-01 -2.078699618577957153e-01 -5.419704914093017578e-01 8.056594729423522949e-01
-5.739473819732666016e+00 2.527249908447265625e+01 -2.936379432678222656e+00 -1.190970912575721741e-01 -2.085054963827133179e-01 -5.454940795898437500e-01 8.029804229736328125e-01
-5.970264911651611328e+00 2.535411643981933594e+01 -2.939919471740722656e+00 -1.199981272220611572e-01 -2.093481868505477905e-01 -5.485465526580810547e-01 8.005438446998596191e-01
-6.198944091796875000e+00 2.543700599670410156e+01 -2.942303419113159180e+00 -1.208842247724533081e-01 -2.103557437658309937e-01 -5.511443018913269043e-01 7.983592748641967773e-01
-6.425605297088623047e+00 2.552087402343750000e+01 -2.943769454956054688e+00 -1.217382401227951050e-01 -2.114853262901306152e-01 -5.533031821250915527e-01 7.964353561401367188e-01
-6.650177955627441406e+00 2.560585784912109375e+01 -2.944473743438720703e+00 -1.225430145859718323e-01 -2.126938998699188232e-01 -5.550390481948852539e-01 7.947806119918823242e-01
-6.873057842254638672e+00 2.569089317321777344e+01 -2.944967031478881836e+00 -1.232812404632568359e-01 -2.139383703470230103e-01 -5.563668608665466309e-01 7.934027314186096191e-01
-7.094118595123291016e+00 2.577628898620605469e+01 -2.945213556289672852e+00 -1.239354386925697327e-01 -2.151754349470138550e-01 -5.573017001152038574e-01 7.923095226287841797e-01
-7.313420295715332031e+00 2.586190795898437500e+01 -2.945511341094970703e+00 -1.244885250926017761e-01 -2.163620293140411377e-01 -5.578582882881164551e-01 7.915076017379760742e-01
-7.531124114990234375e+00 2.594732856750488281e+01 -2.945875167846679688e+00 -1.249227970838546753e-01 -2.174545377492904663e-01 -5.580511689186096191e-01 7.910035848617553711e-01
-7.747059345245361328e+00 2.603298187255859375e+01 -2.946701526641845703e+00 -1.252209097146987915e-01 -2.184096425771713257e-01 -5.578942298889160156e-01 7.908040285110473633e-01
-7.961387634277343750e+00 2.611844635009765625e+01 -2.948096752166748047e+00 -1.253652423620223999e-01 -2.191836386919021606e-01 -5.574014782905578613e-01 7.909144759178161621e-01
-8.174120903015136719e+00 2.620370101928710938e+01 -2.950085401535034180e+00 -1.253382116556167603e-01 -2.197329550981521606e-01 -5.565862655639648438e-01 7.913404107093811035e-01
-8.385133743286132812e+00 2.628900909423828125e+01 -2.953753709793090820e+00 -1.251220256090164185e-01 -2.200135290622711182e-01 -5.554617643356323242e-01 7.920863628387451172e-01
-8.594469070434570312e+00 2.637418365478515625e+01 -2.959654569625854492e+00 -1.246988847851753235e-01 -2.199813276529312134e-01 -5.540407299995422363e-01 7.931564450263977051e-01
-8.802053451538085938e+00 2.645929718017578125e+01 -2.968264102935791016e+00 -1.240507885813713074e-01 -2.195921689271926880e-01 -5.523349642753601074e-01 7.945544719696044922e-01
-9.007773399353027344e+00 2.654442787170410156e+01 -2.980307579040527344e+00 -1.231597885489463806e-01 -2.188013792037963867e-01 -5.503565669059753418e-01 7.962821722030639648e-01
-9.211531639099121094e+00 2.662953948974609375e+01 -2.996411085128784180e+00 -1.220073774456977844e-01 -2.175641506910324097e-01 -5.481156706809997559e-01 7.983416318893432617e-01
-9.413283348083496094e+00 2.671432113647460938e+01 -3.017502307891845703e+00 -1.205752119421958923e-01 -2.158353328704833984e-01 -5.456226468086242676e-01 8.007326126098632812e-01
-9.614072799682617188e+00 2.679711341857910156e+01 -3.039597034454345703e+00 -1.188585758209228516e-01 -2.135929167270660400e-01 -5.428968071937561035e-01 8.034387826919555664e-01
-9.818359375000000000e+00 2.686762619018554688e+01 -3.054044008255004883e+00 -1.169069334864616394e-01 -2.109081298112869263e-01 -5.399970412254333496e-01 8.063831329345703125e-01
-1.003041267395019531e+01 2.689742660522460938e+01 -3.071813821792602539e+00 -1.147842705249786377e-01 -2.078762054443359375e-01 -5.369942784309387207e-01 8.094747066497802734e-01
-1.024230194091796875e+01 2.688871002197265625e+01 -3.099019765853881836e+00 -1.125547811388969421e-01 -2.045933008193969727e-01 -5.339603424072265625e-01 8.126249909400939941e-01
-1.044995594024658203e+01 2.685830497741699219e+01 -3.133134603500366211e+00 -1.102826744318008423e-01 -2.011555284261703491e-01 -5.309692621231079102e-01 8.157486319541931152e-01
-1.065946960449218750e+01 2.681488800048828125e+01 -3.172796487808227539e+00 -1.080334335565567017e-01 -1.976611018180847168e-01 -5.280968546867370605e-01 8.187627792358398438e-01
-1.087352752685546875e+01 2.677040481567382812e+01 -3.214393138885498047e+00 -1.058719977736473083e-01 -1.942073404788970947e-01 -5.254216194152832031e-01 8.215879797935485840e-01
-1.109389972686767578e+01 2.673233413696289062e+01 -3.255425930023193359e+00 -1.038643494248390198e-01 -1.908936649560928345e-01 -5.230226516723632812e-01 8.241474628448486328e-01
-1.132050228118896484e+01 2.670095634460449219e+01 -3.295560121536254883e+00 -1.020764857530593872e-01 -1.878193020820617676e-01 -5.209815502166748047e-01 8.263670802116394043e-01
-1.155376434326171875e+01 2.668031120300292969e+01 -3.333585023880004883e+00 -1.005744710564613342e-01 -1.850836873054504395e-01 -5.193805694580078125e-01 8.281741738319396973e-01
-1.179271602630615234e+01 2.666758728027343750e+01 -3.370080471038818359e+00 -9.942482411861419678e-02 -1.827869862318038940e-01 -5.183028578758239746e-01 8.294972777366638184e-01
-1.203723812103271484e+01 2.666149330139160156e+01 -3.405430793762207031e+00 -9.869354218244552612e-02 -1.810285747051239014e-01 -5.178308486938476562e-01 8.302646875381469727e-01
-1.228700637817382812e+01 2.666396903991699219e+01 -3.438956260681152344e+00 -9.844686090946197510e-02 -1.799082458019256592e-01 -5.180462598800659180e-01 8.304030895233154297e-01
-1.254194164276123047e+01 2.667261123657226562e+01 -3.471396446228027344e+00 -9.875027835369110107e-02 -1.795241832733154297e-01 -5.190292000770568848e-01 8.298361301422119141e-01
-1.280175876617431641e+01 2.668558120727539062e+01 -3.503267765045166016e+00 -9.966900944709777832e-02 -1.799742579460144043e-01 -5.208563208580017090e-01 8.284829854965209961e-01
-1.306635475158691406e+01 2.670846176147460938e+01 -3.532838106155395508e+00 -1.012674421072006226e-01 -1.813546866178512573e-01 -5.236005187034606934e-01 8.262552618980407715e-01
-1.333592033386230469e+01 2.673204612731933594e+01 -3.563004016876220703e+00 -1.036085113883018494e-01 -1.837590932846069336e-01 -5.273286104202270508e-01 8.230567574501037598e-01
-1.360990428924560547e+01 2.676410102844238281e+01 -3.591282844543457031e+00 -1.067539975047111511e-01 -1.872791051864624023e-01 -5.321001410484313965e-01 8.187792897224426270e-01
-1.388853454589843750e+01 2.680143547058105469e+01 -3.618729114532470703e+00 -1.107635051012039185e-01 -1.920021772384643555e-01 -5.379660129547119141e-01 8.133013844490051270e-01
-1.417211151123046875e+01 2.683976936340332031e+01 -3.646756410598754883e+00 -1.156943142414093018e-01 -1.980123519897460938e-01 -5.449649095535278320e-01 8.064857125282287598e-01
-1.445983505249023438e+01 2.688581466674804688e+01 -3.673168897628784180e+00 -1.215637922286987305e-01 -2.053398191928863525e-01 -5.530836582183837891e-01 7.982206940650939941e-01
-1.475192832946777344e+01 2.693721199035644531e+01 -3.698757171630859375e+00 -1.282422989606857300e-01 -2.138242572546005249e-01 -5.621407032012939453e-01 7.885625958442687988e-01
-1.504883384704589844e+01 2.698972129821777344e+01 -3.724920511245727539e+00 -1.355631053447723389e-01 -2.232571542263031006e-01 -5.719169378280639648e-01 7.776181101799011230e-01
-1.535025119781494141e+01 2.704492568969726562e+01 -3.751146078109741211e+00 -1.433601230382919312e-01 -2.334311157464981079e-01 -5.822001099586486816e-01 7.655069231986999512e-01
-1.565543270111083984e+01 2.710738182067871094e+01 -3.775964260101318359e+00 -1.514686197042465210e-01 -2.441420704126358032e-01 -5.927863121032714844e-01 7.523670792579650879e-01
-1.596528244018554688e+01 2.717090225219726562e+01 -3.801330566406250000e+00 -1.597266942262649536e-01 -2.551898360252380371e-01 -6.034861207008361816e-01 7.383562922477722168e-01
-1.627977752685546875e+01 2.723541450500488281e+01 -3.827233791351318359e+00 -1.679756343364715576e-01 -2.663798630237579346e-01 -6.141242384910583496e-01 7.236555218696594238e-01
-1.659817504882812500e+01 2.730481910705566406e+01 -3.852468252182006836e+00 -1.760612130165100098e-01 -2.775247395038604736e-01 -6.245433092117309570e-01 7.084687948226928711e-01
-1.692072868347167969e+01 2.737762641906738281e+01 -3.877441406250000000e+00 -1.838348507881164551e-01 -2.884453535079956055e-01 -6.346046328544616699e-01 6.930230259895324707e-01
-1.724787712097167969e+01 2.745134162902832031e+01 -3.902850151062011719e+00 -1.911532580852508545e-01 -2.989710867404937744e-01 -6.441895961761474609e-01 6.775665879249572754e-01
-1.757963180541992188e+01 2.752589797973632812e+01 -3.928659677505493164e+00 -1.978800892829895020e-01 -3.089414238929748535e-01 -6.531980633735656738e-01 6.623677611351013184e-01
-1.791481971740722656e+01 2.760706901550292969e+01 -3.953233480453491211e+00 -2.038848102092742920e-01 -3.182044625282287598e-01 -6.615492701530456543e-01 6.477108597755432129e-01
-1.825462150573730469e+01 2.768912506103515625e+01 -3.978082180023193359e+00 -2.090426087379455566e-01 -3.266177177429199219e-01 -6.691783666610717773e-01 6.338945627212524414e-01
-1.859908485412597656e+01 2.777196311950683594e+01 -4.003176212310791016e+00 -2.132339030504226685e-01 -3.340457975864410400e-01 -6.760345697402954102e-01 6.212260723114013672e-01
-1.894761276245117188e+01 2.785830497741699219e+01 -4.027934551239013672e+00 -2.146023213863372803e-01 -3.391466736793518066e-01 -6.829572916030883789e-01 6.103234887123107910e-01
-1.930010223388671875e+01 2.794874000549316406e+01 -4.052095890045166016e+00 -2.140278220176696777e-01 -3.426170945167541504e-01 -6.894276738166809082e-01 6.012445688247680664e-01
-1.965736007690429688e+01 2.803983879089355469e+01 -4.076261997222900391e+00 -2.134700864553451538e-01 -3.456828892230987549e-01 -6.943405270576477051e-01 5.939907431602478027e-01
-2.001927566528320312e+01 2.813218688964843750e+01 -4.100230693817138672e+00 -2.129028290510177612e-01 -3.481491804122924805e-01 -6.975862979888916016e-01 5.889293551445007324e-01
-2.038689804077148438e+01 2.823174667358398438e+01 -4.122923374176025391e+00 -2.122840285301208496e-01 -3.498620390892028809e-01 -6.990582942962646484e-01 5.863866209983825684e-01
-2.076171875000000000e+01 2.833252334594726562e+01 -4.145591735839843750e+00 -2.115639150142669678e-01 -3.507266342639923096e-01 -6.986403465270996094e-01 5.866285562515258789e-01
-2.114348983764648438e+01 2.843532180786132812e+01 -4.168525218963623047e+00 -2.057110667228698730e-01 -3.476237654685974121e-01 -6.987949013710021973e-01 5.903611183166503906e-01
-2.153025817871093750e+01 2.854742622375488281e+01 -4.190046310424804688e+00 -1.981785893440246582e-01 -3.426807522773742676e-01 -6.977847814559936523e-01 5.969852209091186523e-01
-2.192409896850585938e+01 2.866106414794921875e+01 -4.211694240570068359e+00 -1.891128718852996826e-01 -3.359941244125366211e-01 -6.956049799919128418e-01 6.061996817588806152e-01
-2.232357406616210938e+01 2.878096199035644531e+01 -4.232702732086181641e+00 -1.786563694477081299e-01 -3.276529312133789062e-01 -6.922345161437988281e-01 6.176866292953491211e-01
-2.272789192199707031e+01 2.890962409973144531e+01 -4.252684116363525391e+00 -1.669531464576721191e-01 -3.177453279495239258e-01 -6.876453161239624023e-01 6.311168074607849121e-01
-2.313795852661132812e+01 2.904349517822265625e+01 -4.272353649139404297e+00 -1.541486084461212158e-01 -3.063612878322601318e-01 -6.818091869354248047e-01 6.461557745933532715e-01
-2.354952049255371094e+01 2.919483757019042969e+01 -4.289793491363525391e+00 -1.403942406177520752e-01 -2.935972213745117188e-01 -6.747047305107116699e-01 6.624677181243896484e-01
-2.396313667297363281e+01 2.935987663269042969e+01 -4.305429458618164062e+00 -1.258468925952911377e-01 -2.795578241348266602e-01 -6.663244366645812988e-01 6.797218918800354004e-01
-2.437590980529785156e+01 2.954504394531250000e+01 -4.318073749542236328e+00 -1.106710806488990784e-01 -2.643597722053527832e-01 -6.566776037216186523e-01 6.975962519645690918e-01
-2.477798080444335938e+01 2.976712799072265625e+01 -4.323929309844970703e+00 -9.503826498985290527e-02 -2.481313645839691162e-01 -6.457958817481994629e-01 7.157836556434631348e-01
-2.514842414855957031e+01 3.004830551147460938e+01 -4.316237926483154297e+00 -7.912705093622207642e-02 -2.310142964124679565e-01 -6.337364315986633301e-01 7.339954972267150879e-01
-2.545661163330078125e+01 3.040307617187500000e+01 -4.286885738372802734e+00 -6.312164664268493652e-02 -2.131628692150115967e-01 -6.205824613571166992e-01 7.519671320915222168e-01
-2.567241477966308594e+01 3.082599449157714844e+01 -4.227022647857666016e+00 -4.721152782440185547e-02 -1.947440505027770996e-01 -6.064448952674865723e-01 7.694610953330993652e-01
-2.587188720703125000e+01 3.126297378540039062e+01 -4.150799274444580078e+00 -3.158939629793167114e-02 -1.759352982044219971e-01 -5.914629101753234863e-01 7.862700223922729492e-01
-2.607515335083007812e+01 3.170475959777832031e+01 -4.066123962402343750e+00 -1.644962280988693237e-02 -1.569233238697052002e-01 -5.758014917373657227e-01 8.022201657295227051e-01
-2.627513313293457031e+01 3.214001083374023438e+01 -3.978663206100463867e+00 -1.986578106880187988e-03 -1.379018276929855347e-01 -5.596502423286437988e-01 8.171723484992980957e-01
-2.646960639953613281e+01 3.257048416137695312e+01 -3.892001867294311523e+00 1.160635054111480713e-02 -1.190696805715560913e-01 -5.432216525077819824e-01 8.310221433639526367e-01
-2.664493179321289062e+01 3.300526428222656250e+01 -3.828221321105957031e+00 2.413901686668395996e-02 -1.006278395652770996e-01 -5.267460942268371582e-01 8.437001109123229980e-01
-2.678348731994628906e+01 3.345025253295898438e+01 -3.852629423141479492e+00 3.542425483465194702e-02 -8.277812600135803223e-02 -5.104697346687316895e-01 8.551687002182006836e-01
-2.691250228881835938e+01 3.389113616943359375e+01 -3.886153459548950195e+00 4.527951031923294067e-02 -6.572001427412033081e-02 -4.946506023406982422e-01 8.654197454452514648e-01
-2.702128410339355469e+01 3.433180618286132812e+01 -3.902043342590332031e+00 5.357212573289871216e-02 -4.961729422211647034e-02 -4.795176684856414795e-01 8.744889497756958008e-01
-2.710417938232421875e+01 3.477183914184570312e+01 -3.895062208175659180e+00 6.035894528031349182e-02 -3.449562191963195801e-02 -4.651551246643066406e-01 8.824950456619262695e-01
-2.715973663330078125e+01 3.520874786376953125e+01 -3.864256620407104492e+00 6.574548780918121338e-02 -2.034210972487926483e-02 -4.515978991985321045e-01 8.895633816719055176e-01
-2.719705009460449219e+01 3.563986587524414062e+01 -3.818181037902832031e+00 6.983828544616699219e-02 -7.139708846807479858e-03 -4.388692975044250488e-01 8.958043456077575684e-01
-2.722306823730468750e+01 3.606433105468750000e+01 -3.763171195983886719e+00 7.274408638477325439e-02 5.131641402840614319e-03 -4.269818663597106934e-01 9.013148546218872070e-01
-2.724160003662109375e+01 3.648193740844726562e+01 -3.702650070190429688e+00 7.456964254379272461e-02 1.649466902017593384e-02 -4.159400761127471924e-01 9.061794877052307129e-01
-2.725480842590332031e+01 3.689237213134765625e+01 -3.639797210693359375e+00 7.542113959789276123e-02 2.697377651929855347e-02 -4.057402014732360840e-01 9.104718565940856934e-01
-2.713406944274902344e+01 3.726830673217773438e+01 -3.528870820999145508e+00 7.540430128574371338e-02 3.659505024552345276e-02 -3.963727951049804688e-01 9.142557382583618164e-01
-2.701537513732910156e+01 3.763825225830078125e+01 -3.419673919677734375e+00 7.462389767169952393e-02 4.538521170616149902e-02 -3.878226578235626221e-01 9.175865054130554199e-01
-2.689817810058593750e+01 3.800192642211914062e+01 -3.311933517456054688e+00 7.318392395973205566e-02 5.337187647819519043e-02 -3.800696730613708496e-01 9.205121994018554688e-01
-2.678257942199707031e+01 3.835938262939453125e+01 -3.205711603164672852e+00 7.118767499923706055e-02 6.058276444673538208e-02 -3.730920553207397461e-01 9.230733513832092285e-01
-2.666846084594726562e+01 3.871055984497070312e+01 -3.100963115692138672e+00 6.873764842748641968e-02 6.704623252153396606e-02 -3.668631315231323242e-01 9.253061413764953613e-01
-2.655545616149902344e+01 3.905526351928710938e+01 -2.997512102127075195e+00 6.593561917543411255e-02 7.279025763273239136e-02 -3.613550364971160889e-01 9.272414445877075195e-01
-2.644311523437500000e+01 3.939326477050781250e+01 -2.895146369934082031e+00 6.288280338048934937e-02 7.784295082092285156e-02 -3.565379083156585693e-01 9.289063215255737305e-01
-2.633062362670898438e+01 3.972415924072265625e+01 -2.793466806411743164e+00 5.967998504638671875e-02 8.223241567611694336e-02 -3.523805141448974609e-01 9.303247928619384766e-01
-2.621635246276855469e+01 4.004708099365234375e+01 -2.691667318344116211e+00 5.642746388912200928e-02 8.598656207323074341e-02 -3.488502204418182373e-01 9.315180182456970215e-01
-2.608899307250976562e+01 4.035881423950195312e+01 -2.593952655792236328e+00 5.322522297501564026e-02 8.913292735815048218e-02 -3.459138572216033936e-01 9.325051307678222656e-01
-2.593014335632324219e+01 4.065359115600585938e+01 -2.516784667968750000e+00 5.017312616109848022e-02 9.169911593198776245e-02 -3.435379564762115479e-01 9.333035349845886230e-01
-2.573837089538574219e+01 4.092735290527343750e+01 -2.473099231719970703e+00 4.737079888582229614e-02 9.371240437030792236e-02 -3.416880369186401367e-01 9.339289665222167969e-01
-2.553604507446289062e+01 4.118780517578125000e+01 -2.450248956680297852e+00 4.491773620247840881e-02 9.519983828067779541e-02 -3.403288424015045166e-01 9.343957304954528809e-01
-2.533355903625488281e+01 4.144034576416015625e+01 -2.437681913375854492e+00 4.289206862449645996e-02 9.619625657796859741e-02 -3.394216597080230713e-01 9.347189068794250488e-01
-2.513206481933593750e+01 4.168518066406250000e+01 -2.428544759750366211e+00 4.128567874431610107e-02 9.676763415336608887e-02 -3.389077186584472656e-01 9.349188208580017090e-01
-2.492963981628417969e+01 4.192414855957031250e+01 -2.420765399932861328e+00 4.006893187761306763e-02 9.698750078678131104e-02 -3.387242555618286133e-01 9.350153803825378418e-01
-2.472532844543457031e+01 4.215627288818359375e+01 -2.413104295730590820e+00 3.921216353774070740e-02 9.692931175231933594e-02 -3.388078212738037109e-01 9.350274801254272461e-01
-2.451876640319824219e+01 4.238100433349609375e+01 -2.404516458511352539e+00 3.868552297353744507e-02 9.666638076305389404e-02 -3.390941321849822998e-01 9.349728822708129883e-01
-2.430984878540039062e+01 4.259799194335937500e+01 -2.394404172897338867e+00 3.845926746726036072e-02 9.627206623554229736e-02 -3.395189344882965088e-01 9.348686933517456055e-01
-2.409805679321289062e+01 4.280641555786132812e+01 -2.382177591323852539e+00 3.850354999303817749e-02 9.581954032182693481e-02 -3.400180339813232422e-01 9.347319602966308594e-01
-2.388257598876953125e+01 4.300505447387695312e+01 -2.367112874984741211e+00 3.878863900899887085e-02 9.538216888904571533e-02 -3.405273854732513428e-01 9.345794916152954102e-01
-2.366089248657226562e+01 4.319028091430664062e+01 -2.347432851791381836e+00 3.928472846746444702e-02 9.503308683633804321e-02 -3.409828543663024902e-01 9.344282746315002441e-01
-2.343079376220703125e+01 4.335723495483398438e+01 -2.320994853973388672e+00 3.996201232075691223e-02 9.484574198722839355e-02 -3.413197398185729980e-01 9.342955350875854492e-01
-2.319398689270019531e+01 4.350594711303710938e+01 -2.288735389709472656e+00 4.079064726829528809e-02 9.489320963621139526e-02 -3.414740860462188721e-01 9.341984987258911133e-01
-2.295121192932128906e+01 4.363504791259765625e+01 -2.251090049743652344e+00 4.174089804291725159e-02 9.524887800216674805e-02 -3.413816690444946289e-01 9.341540336608886719e-01
-2.270368194580078125e+01 4.374379730224609375e+01 -2.208970308303833008e+00 4.278295487165451050e-02 9.598599374294281006e-02 -3.409782052040100098e-01 9.341788887977600098e-01
-2.245291519165039062e+01 4.383238601684570312e+01 -2.163783550262451172e+00 4.388692229986190796e-02 9.717763960361480713e-02 -3.401987254619598389e-01 9.342886209487915039e-01
-2.220048332214355469e+01 4.390208816528320312e+01 -2.117412090301513672e+00 4.502287507057189941e-02 9.889674186706542969e-02 -3.389783203601837158e-01 9.344977140426635742e-01
-2.194746971130371094e+01 4.395392608642578125e+01 -2.072583675384521484e+00 4.616084694862365723e-02 1.012162566184997559e-01 -3.372510373592376709e-01 9.348187446594238281e-01
-2.169528198242187500e+01 4.399322128295898438e+01 -2.032797813415527344e+00 4.727063700556755066e-02 1.042085736989974976e-01 -3.349500596523284912e-01 9.352616667747497559e-01
-2.144455337524414062e+01 4.402225112915039062e+01 -2.000322818756103516e+00 4.832189530134201050e-02 1.079456880688667297e-01 -3.320075571537017822e-01 9.358332157135009766e-01
-2.119545364379882812e+01 4.403559494018554688e+01 -1.975754976272583008e+00 4.928409680724143982e-02 1.124993264675140381e-01 -3.283537328243255615e-01 9.365355372428894043e-01
-2.094924545288085938e+01 4.402861404418945312e+01 -1.958438634872436523e+00 5.012645944952964783e-02 1.179400533437728882e-01 -3.239182531833648682e-01 9.373656511306762695e-01
-2.070829010009765625e+01 4.399822235107421875e+01 -1.946760773658752441e+00 5.082468315958976746e-02 1.243041679263114929e-01 -3.186651766300201416e-01 9.383058547973632812e-01
-2.047549629211425781e+01 4.394259643554687500e+01 -1.938879966735839844e+00 5.138180404901504517e-02 1.314923465251922607e-01 -3.127093911170959473e-01 9.392989873886108398e-01
-2.025248527526855469e+01 4.386639022827148438e+01 -1.932395577430725098e+00 5.180796980857849121e-02 1.393716335296630859e-01 -3.062048256397247314e-01 9.402818679809570312e-01
-2.004019927978515625e+01 4.377291107177734375e+01 -1.926709532737731934e+00 5.211346596479415894e-02 1.478094458580017090e-01 -2.993070483207702637e-01 9.411970376968383789e-01
-1.983641624450683594e+01 4.367040252685546875e+01 -1.921542882919311523e+00 5.230914801359176636e-02 1.566739380359649658e-01 -2.921744883060455322e-01 9.419931769371032715e-01
-1.964000892639160156e+01 4.356225585937500000e+01 -1.916777253150939941e+00 5.240612849593162537e-02 1.658340841531753540e-01 -2.849676907062530518e-01 9.426272511482238770e-01
-1.944985771179199219e+01 4.345106887817382812e+01 -1.912312626838684082e+00 5.241613462567329407e-02 1.751601696014404297e-01 -2.778504490852355957e-01 9.430643916130065918e-01
-1.926494789123535156e+01 4.333891677856445312e+01 -1.908061504364013672e+00 5.235132947564125061e-02 1.845235824584960938e-01 -2.709891498088836670e-01 9.432789683341979980e-01
-1.908500289916992188e+01 4.322658538818359375e+01 -1.903980016708374023e+00 5.222433432936668396e-02 1.937978714704513550e-01 -2.645520567893981934e-01 9.432535171508789062e-01
-1.892704582214355469e+01 4.309109878540039062e+01 -1.900857448577880859e+00 5.204802379012107849e-02 2.028579860925674438e-01 -2.587098777294158936e-01 9.429786801338195801e-01
-1.877224159240722656e+01 4.295829391479492188e+01 -1.897782564163208008e+00 5.183611065149307251e-02 2.115804702043533325e-01 -2.536348402500152588e-01 9.424521923065185547e-01
-1.862063217163085938e+01 4.282819747924804688e+01 -1.894752740859985352e+00 5.160229280591011047e-02 2.198434472084045410e-01 -2.495005726814270020e-01 9.416769742965698242e-01
-1.846341896057128906e+01 4.271247863769531250e+01 -1.885952711105346680e+00 5.136003345251083374e-02 2.275267541408538818e-01 -2.464806288480758667e-01 9.406599402427673340e-01
-1.830715370178222656e+01 4.260255813598632812e+01 -1.875653624534606934e+00 5.112335458397865295e-02 2.345104664564132690e-01 -2.447494864463806152e-01 9.394087791442871094e-01
-1.815068054199218750e+01 4.250096130371093750e+01 -1.862792968750000000e+00 5.090639367699623108e-02 2.406753599643707275e-01 -2.444810122251510620e-01 9.379301071166992188e-01
-1.799741363525390625e+01 4.240242767333984375e+01 -1.849822998046875000e+00 5.072206258773803711e-02 2.459015548229217529e-01 -2.458471506834030151e-01 9.362258911132812500e-01
-1.784267044067382812e+01 4.231567764282226562e+01 -1.832914352416992188e+00 5.058390647172927856e-02 2.500677704811096191e-01 -2.490186244249343872e-01 9.342896938323974609e-01
-1.769071197509765625e+01 4.223306655883789062e+01 -1.815455317497253418e+00 5.050386488437652588e-02 2.530505359172821045e-01 -2.541625797748565674e-01 9.321031570434570312e-01
-1.754038429260253906e+01 4.215774154663085938e+01 -1.796213388442993164e+00 5.049397051334381104e-02 2.547231018543243408e-01 -2.614428997039794922e-01 9.296311140060424805e-01
-1.739365386962890625e+01 4.209194564819335938e+01 -1.775075674057006836e+00 5.056462436914443970e-02 2.549542188644409180e-01 -2.710172235965728760e-01 9.268177747726440430e-01
-1.724811553955078125e+01 4.202684020996093750e+01 -1.754005074501037598e+00 5.072220042347908020e-02 2.536453902721405029e-01 -2.829712033271789551e-01 9.235900044441223145e-01
-1.710142135620117188e+01 4.196896743774414062e+01 -1.730490684509277344e+00 5.096249282360076904e-02 2.508467733860015869e-01 -2.971248626708984375e-01 9.198888540267944336e-01
-1.695429611206054688e+01 4.191606521606445312e+01 -1.705444335937500000e+00 5.127751082181930542e-02 2.466447800397872925e-01 -3.132286071777343750e-01 9.156553745269775391e-01
-1.680817413330078125e+01 4.186382675170898438e+01 -1.680559635162353516e+00 5.165947228670120239e-02 2.411268204450607300e-01 -3.310288786888122559e-01 9.108288288116455078e-01
-1.666213989257812500e+01 4.181537628173828125e+01 -1.654727697372436523e+00 5.210038274526596069e-02 2.343823313713073730e-01 -3.502683937549591064e-01 9.053521156311035156e-01
-1.651515769958496094e+01 4.177427291870117188e+01 -1.626668691635131836e+00 5.259248241782188416e-02 2.265047132968902588e-01 -3.706903755664825439e-01 8.991765379905700684e-01
-1.636895561218261719e+01 4.173377990722656250e+01 -1.598872065544128418e+00 5.312905460596084595e-02 2.175919711589813232e-01 -3.920364677906036377e-01 8.922658562660217285e-01
-1.622346305847167969e+01 4.169385528564453125e+01 -1.571360468864440918e+00 5.370347201824188232e-02 2.077483385801315308e-01 -4.140529036521911621e-01 8.845997452735900879e-01
-1.607776832580566406e+01 4.165869522094726562e+01 -1.542695879936218262e+00 5.431015044450759888e-02 1.970840245485305786e-01 -4.364874660968780518e-01 8.761774897575378418e-01
-1.593339538574218750e+01 4.162873458862304688e+01 -1.513173818588256836e+00 5.494470894336700439e-02 1.857155412435531616e-01 -4.590964615345001221e-01 8.670186400413513184e-01
-1.579115962982177734e+01 4.159957504272460938e+01 -1.484315752983093262e+00 5.560394749045372009e-02 1.737656742334365845e-01 -4.816439151763916016e-01 8.571656346321105957e-01
-1.565101051330566406e+01 4.157114791870117188e+01 -1.456124186515808105e+00 5.628577619791030884e-02 1.613629907369613647e-01 -5.039042830467224121e-01 8.466842770576477051e-01
-1.551290607452392578e+01 4.154339218139648438e+01 -1.428596735000610352e+00 5.698966979980468750e-02 1.486407220363616943e-01 -5.256639122962951660e-01 8.356647491455078125e-01
-1.537636947631835938e+01 4.151914978027343750e+01 -1.400745153427124023e+00 5.771652609109878540e-02 1.357367187738418579e-01 -5.467240810394287109e-01 8.242191076278686523e-01
-1.524178409576416016e+01 4.149571990966796875e+01 -1.373431921005249023e+00 5.846844613552093506e-02 1.227917671203613281e-01 -5.669000744819641113e-01 8.124825954437255859e-01
-1.510920619964599609e+01 4.147269439697265625e+01 -1.346752285957336426e+00 5.924930423498153687e-02 1.099487692117691040e-01 -5.860239267349243164e-01 8.006101846694946289e-01
-1.497863483428955078e+01 4.144998931884765625e+01 -1.320678710937500000e+00 6.006405502557754517e-02 9.735198318958282471e-02 -6.039432883262634277e-01 7.887758016586303711e-01
-1.485009098052978516e+01 4.142751693725585938e+01 -1.295182466506958008e+00 6.091959774494171143e-02 8.514510840177536011e-02 -6.205216646194458008e-01 7.771692276000976562e-01
-1.472325325012207031e+01 4.140805053710937500e+01 -1.269309043884277344e+00 6.182322278618812561e-02 7.347189635038375854e-02 -6.356367468833923340e-01 7.659932374954223633e-01
-1.459824466705322266e+01 4.139078521728515625e+01 -1.243258595466613770e+00 6.278417259454727173e-02 6.247391551733016968e-02 -6.491793394088745117e-01 7.554609775543212891e-01
-1.447536849975585938e+01 4.137347412109375000e+01 -1.217711806297302246e+00 6.380645185708999634e-02 5.227046459913253784e-02 -6.610833406448364258e-01 7.457649707794189453e-01
-1.435467720031738281e+01 4.135612106323242188e+01 -1.192640304565429688e+00 6.487158685922622681e-02 4.289700835943222046e-02 -6.714152097702026367e-01 7.369892001152038574e-01
-1.423621177673339844e+01 4.133872604370117188e+01 -1.168020606040954590e+00 6.595472991466522217e-02 3.436597436666488647e-02 -6.802693605422973633e-01 7.291793227195739746e-01
-1.412000942230224609e+01 4.132129287719726562e+01 -1.143831133842468262e+00 6.703050434589385986e-02 2.668790519237518311e-02 -6.877326369285583496e-01 7.223700284957885742e-01
-1.400610065460205078e+01 4.130384826660156250e+01 -1.120054960250854492e+00 6.807258725166320801e-02 1.987146399915218353e-02 -6.938843727111816406e-01 7.165861129760742188e-01
-1.389451599121093750e+01 4.128638458251953125e+01 -1.096675992012023926e+00 6.905421614646911621e-02 1.392413862049579620e-02 -6.987973451614379883e-01 7.118426561355590820e-01
-1.378527069091796875e+01 4.126892852783203125e+01 -1.073679804801940918e+00 6.994806230068206787e-02 8.852621540427207947e-03 -7.025371789932250977e-01 7.081457972526550293e-01
-1.367838954925537109e+01 4.125149154663085938e+01 -1.051054716110229492e+00 7.072593271732330322e-02 4.662699997425079346e-03 -7.051618099212646484e-01 7.054948806762695312e-01
-1.357388114929199219e+01 4.123409271240234375e+01 -1.028790235519409180e+00 7.135917246341705322e-02 1.359790563583374023e-03 -7.067232728004455566e-01 7.038807868957519531e-01
-1.347175502777099609e+01 4.121672439575195312e+01 -1.006876826286315918e+00 7.181859016418457031e-02 -1.050759106874465942e-03 -7.072665095329284668e-01 7.032886743545532227e-01
-1.337201595306396484e+01 4.119941329956054688e+01 -9.853069782257080078e-01 7.207417488098144531e-02 -2.564057707786560059e-03 -7.068305611610412598e-01 7.036968469619750977e-01
-1.327466678619384766e+01 4.118216705322265625e+01 -9.640716314315795898e-01 7.209546864032745361e-02 -3.175068646669387817e-03 -7.054480314254760742e-01 7.050781846046447754e-01
-1.317978286743164062e+01 4.116531753540039062e+01 -9.427074790000915527e-01 7.185132801532745361e-02 -2.878874540328979492e-03 -7.031466960906982422e-01 7.073994278907775879e-01
-1.308894348144531250e+01 4.115512084960937500e+01 -9.123473763465881348e-01 7.131014019250869751e-02 -1.670464873313903809e-03 -6.999482512474060059e-01 7.106225490570068359e-01
-1.300043106079101562e+01 4.114483642578125000e+01 -8.825542926788330078e-01 7.043953239917755127e-02 4.548653960227966309e-04 -6.958703398704528809e-01 7.147044539451599121e-01
-1.291423034667968750e+01 4.113448715209960938e+01 -8.533233404159545898e-01 6.920683383941650391e-02 3.501977771520614624e-03 -6.909254789352416992e-01 7.195972204208374023e-01
-1.283032703399658203e+01 4.112407684326171875e+01 -8.246502280235290527e-01 6.757889688014984131e-02 7.475368678569793701e-03 -6.851225495338439941e-01 7.252477407455444336e-01
-1.274848651885986328e+01 4.111358261108398438e+01 -7.964593172073364258e-01 6.552211195230484009e-02 1.237918250262737274e-02 -6.784666776657104492e-01 7.315986752510070801e-01
-1.266868591308593750e+01 4.110303115844726562e+01 -7.687469124794006348e-01 6.300264596939086914e-02 1.821712218225002289e-02 -6.709590554237365723e-01 7.385882735252380371e-01
-1.259090137481689453e+01 4.109241104125976562e+01 -7.415112257003784180e-01 5.998653918504714966e-02 2.499221079051494598e-02 -6.625992655754089355e-01 7.461494803428649902e-01
-1.251511001586914062e+01 4.108175659179687500e+01 -7.147576808929443359e-01 5.645740777254104614e-02 3.267814218997955322e-02 -6.533905267715454102e-01 7.542052865028381348e-01
-1.243530941009521484e+01 4.107049179077148438e+01 -6.865447759628295898e-01 5.247010290622711182e-02 4.113401845097541809e-02 -6.433694958686828613e-01 7.626470923423767090e-01
-1.235174083709716797e+01 4.105881118774414062e+01 -6.560986042022705078e-01 4.809794574975967407e-02 5.018986389040946960e-02 -6.325845122337341309e-01 7.713652849197387695e-01
-1.226425361633300781e+01 4.104667282104492188e+01 -6.238671541213989258e-01 4.341537132859230042e-02 5.967514589428901672e-02 -6.210922002792358398e-01 7.802553772926330566e-01
-1.217272472381591797e+01 4.103403854370117188e+01 -5.902581810951232910e-01 3.849746659398078918e-02 6.941953301429748535e-02 -6.089566946029663086e-01 7.892216444015502930e-01
-1.207714557647705078e+01 4.102094268798828125e+01 -5.553143024444580078e-01 3.342077136039733887e-02 7.925218343734741211e-02 -5.962514281272888184e-01 7.981768846511840820e-01
-1.197751903533935547e+01 4.100741577148437500e+01 -5.190783739089965820e-01 2.826223894953727722e-02 8.900359272956848145e-02 -5.830590724945068359e-01 8.070451021194458008e-01
-1.187384986877441406e+01 4.099349975585937500e+01 -4.815887212753295898e-01 2.309894189238548279e-02 9.850537776947021484e-02 -5.694711208343505859e-01 8.157609105110168457e-01
-1.176615619659423828e+01 4.097924041748046875e+01 -4.428845047950744629e-01 1.800905168056488037e-02 1.075904667377471924e-01 -5.555878877639770508e-01 8.242706656455993652e-01
-1.165445613861083984e+01 4.096466827392578125e+01 -4.029986560344696045e-01 1.307066157460212708e-02 1.160938590764999390e-01 -5.415180921554565430e-01 8.325319290161132812e-01
-1.153999519348144531e+01 4.095054626464843750e+01 -3.584356606006622314e-01 8.361194282770156860e-03 1.238530799746513367e-01 -5.273776054382324219e-01 8.405137658119201660e-01
-1.142163276672363281e+01 4.093619918823242188e+01 -3.126122951507568359e-01 3.958627581596374512e-03 1.307078301906585693e-01 -5.132875442504882812e-01 8.481955528259277344e-01
-1.129940414428710938e+01 4.092165756225585938e+01 -2.655706703662872314e-01 -6.018579006195068359e-05 1.365003883838653564e-01 -4.993751645088195801e-01 8.555654287338256836e-01
-1.117334461212158203e+01 4.090694427490234375e+01 -2.173333764076232910e-01 -3.618720918893814087e-03 1.410752236843109131e-01 -4.857695400714874268e-01 8.626196384429931641e-01
-1.104349613189697266e+01 4.089208221435546875e+01 -1.679199188947677612e-01 -6.640985608100891113e-03 1.442787647247314453e-01 -4.726017713546752930e-01 8.693601489067077637e-01
-1.091077899932861328e+01 4.087756729125976562e+01 -1.151348873972892761e-01 -9.051758795976638794e-03 1.459586024284362793e-01 -4.600027799606323242e-01 8.757919669151306152e-01
-1.077643299102783203e+01 4.086406707763671875e+01 -5.596862733364105225e-02 -1.077644899487495422e-02 1.459632664918899536e-01 -4.481005668640136719e-01 8.819209337234497070e-01
-1.063850116729736328e+01 4.085050582885742188e+01 4.531249869614839554e-03 -1.174060255289077759e-02 1.441406309604644775e-01 -4.370193481445312500e-01 8.877497315406799316e-01
-1.049702358245849609e+01 4.083689880371093750e+01 6.634643673896789551e-02 -1.187022775411605835e-02 1.403380036354064941e-01 -4.268767535686492920e-01 8.932752013206481934e-01
-1.035202884674072266e+01 4.082324600219726562e+01 1.294567883014678955e-01 -1.109185442328453064e-02 1.344001144170761108e-01 -4.177812933921813965e-01 8.984833359718322754e-01
-1.020945549011230469e+01 4.081234359741210938e+01 2.059643566608428955e-01 -9.365539997816085815e-03 1.262255162000656128e-01 -4.098128676414489746e-01 9.033453464508056641e-01
-1.006436347961425781e+01 4.080184936523437500e+01 2.858190834522247314e-01 -6.785254925489425659e-03 1.159366443753242493e-01 -4.029679298400878906e-01 9.078157544136047363e-01
-9.915910720825195312e+00 4.079138183593750000e+01 3.673907518386840820e-01 -3.479745239019393921e-03 1.037116348743438721e-01 -3.972190320491790771e-01 9.118381142616271973e-01
-9.768063545227050781e+00 4.078388977050781250e+01 4.572088420391082764e-01 4.228986799716949463e-04 8.972935378551483154e-02 -3.925356864929199219e-01 9.153492450714111328e-01
-9.622071266174316406e+00 4.078032302856445312e+01 5.573803782463073730e-01 4.792986437678337097e-03 7.416979968547821045e-02 -3.888858556747436523e-01 9.182830452919006348e-01
-9.472866058349609375e+00 4.077689743041992188e+01 6.597393751144409180e-01 9.501660242676734924e-03 5.721445381641387939e-02 -3.862374424934387207e-01 9.205742478370666504e-01
-9.327548980712890625e+00 4.078121185302734375e+01 7.732855081558227539e-01 1.441877521574497223e-02 3.904716670513153076e-02 -3.845588266849517822e-01 9.221615791320800781e-01
-9.182966232299804688e+00 4.078990936279296875e+01 8.941100835800170898e-01 1.941469870507717133e-02 1.985374093055725098e-02 -3.838215470314025879e-01 9.229897260665893555e-01
-9.038788795471191406e+00 4.080422592163085938e+01 1.020552992820739746e+00 2.435935474932193756e-02 -1.776767894625663757e-04 -3.839994370937347412e-01 9.230118393898010254e-01
-8.899456977844238281e+00 4.083094024658203125e+01 1.156559467315673828e+00 2.912333421409130096e-02 -2.085711061954498291e-02 -3.850691914558410645e-01 9.221922159194946289e-01
-8.759669303894042969e+00 4.086392593383789062e+01 1.296239018440246582e+00 3.357747942209243774e-02 -4.199398308992385864e-02 -3.870123922824859619e-01 9.205056428909301758e-01
-8.624140739440917969e+00 4.091430664062500000e+01 1.441210865974426270e+00 3.759380802512168884e-02 -6.339636445045471191e-02 -3.898143172264099121e-01 9.179391860961914062e-01
-8.488068580627441406e+00 4.097523498535156250e+01 1.587095856666564941e+00 4.104540497064590454e-02 -8.487282693386077881e-02 -3.934648334980010986e-01 9.144929051399230957e-01
-8.352902412414550781e+00 4.105321121215820312e+01 1.732465744018554688e+00 4.380686581134796143e-02 -1.062324196100234985e-01 -3.979587256908416748e-01 9.101782441139221191e-01
-8.215764999389648438e+00 4.114727783203125000e+01 1.872163653373718262e+00 4.575425386428833008e-02 -1.272862851619720459e-01 -4.032949805259704590e-01 9.050182104110717773e-01
-8.076541900634765625e+00 4.125366973876953125e+01 2.008469820022583008e+00 4.676547273993492126e-02 -1.478474885225296021e-01 -4.094762206077575684e-01 8.990457653999328613e-01
-7.932391166687011719e+00 4.137877655029296875e+01 2.129777193069458008e+00 4.671999067068099976e-02 -1.677322983741760254e-01 -4.165091812610626221e-01 8.923022150993347168e-01
-7.785121917724609375e+00 4.151074218750000000e+01 2.248803615570068359e+00 4.549889266490936279e-02 -1.867600679397583008e-01 -4.244036972522735596e-01 8.848344087600708008e-01
-7.630224227905273438e+00 4.165876007080078125e+01 2.345706701278686523e+00 4.298467189073562622e-02 -2.047537267208099365e-01 -4.331716001033782959e-01 8.766929507255554199e-01
-7.472342491149902344e+00 4.181077957153320312e+01 2.442373037338256836e+00 3.906080871820449829e-02 -2.215398252010345459e-01 -4.428263902664184570e-01 8.679280281066894531e-01
-7.319964408874511719e+00 4.196143341064453125e+01 2.525231838226318359e+00 3.365144133567810059e-02 -2.369868755340576172e-01 -4.533588588237762451e-01 8.585863709449768066e-01
-7.174282073974609375e+00 4.210649871826171875e+01 2.603394746780395508e+00 2.683965861797332764e-02 -2.511218190193176270e-01 -4.646697044372558594e-01 8.487046360969543457e-01
-7.034572601318359375e+00 4.225086212158203125e+01 2.663661479949951172e+00 1.874944567680358887e-02 -2.640094459056854248e-01 -4.766340255737304688e-01 8.383122682571411133e-01
-6.901062965393066406e+00 4.239284133911132812e+01 2.710460186004638672e+00 9.505815804004669189e-03 -2.757145166397094727e-01 -4.891239702701568604e-01 8.274351358413696289e-01
