-6.654559135437011719e+00 4.265658187866210938e+01 2.797560930252075195e+00 -1.193723082542419434e-02 -2.958393990993499756e-01 -5.151621699333190918e-01 8.043286204338073730e-01
-6.541486740112304688e+00 4.277832412719726562e+01 2.837805032730102539e+00 -2.388171851634979248e-02 -3.043926954269409180e-01 -5.284536480903625488e-01 7.921561002731323242e-01
-6.435144901275634766e+00 4.289329528808593750e+01 2.875810384750366211e+00 -3.647048771381378174e-02 -3.120323717594146729e-01 -5.417597889900207520e-01 7.796167135238647461e-01
-6.335505008697509766e+00 4.300146484375000000e+01 2.911551475524902344e+00 -4.957497119903564453e-02 -3.188307583332061768e-01 -5.549594759941101074e-01 7.667524218559265137e-01
-6.242597579956054688e+00 4.310454940795898438e+01 2.939188241958618164e+00 -6.306624412536621094e-02 -3.248630166053771973e-01 -5.679371953010559082e-01 7.536139488220214844e-01
-6.156358718872070312e+00 4.320152282714843750e+01 2.962004423141479492e+00 -7.681617885828018188e-02 -3.302074074745178223e-01 -5.805835723876953125e-01 7.402600646018981934e-01
-6.076730728149414062e+00 4.329140090942382812e+01 2.983127355575561523e+00 -9.069756418466567993e-02 -3.349454998970031738e-01 -5.927969217300415039e-01 7.267580628395080566e-01
-6.003695011138916016e+00 4.337415313720703125e+01 3.002536296844482422e+00 -1.045850738883018494e-01 -3.391626179218292236e-01 -6.044819951057434082e-01 7.131845951080322266e-01
-5.937244892120361328e+00 4.344972991943359375e+01 3.020211458206176758e+00 -1.183546036481857300e-01 -3.429466187953948975e-01 -6.155524253845214844e-01 6.996248960494995117e-01
-5.877371788024902344e+00 4.351808929443359375e+01 3.036134481430053711e+00 -1.318847835063934326e-01 -3.463888168334960938e-01 -6.259301900863647461e-01 6.861724257469177246e-01
-5.824078083038330078e+00 4.357918548583984375e+01 3.050287723541259766e+00 -1.450574398040771484e-01 -3.495837152004241943e-01 -6.355451345443725586e-01 6.729278564453125000e-01
-5.777370452880859375e+00 4.363295745849609375e+01 3.062655925750732422e+00 -1.577567458152770996e-01 -3.526278734207153320e-01 -6.443353891372680664e-01 6.599986553192138672e-01
-5.737261772155761719e+00 4.367937469482421875e+01 3.073223829269409180e+00 -1.698705852031707764e-01 -3.556206226348876953e-01 -6.522458195686340332e-01 6.474977135658264160e-01
-5.703763484954833984e+00 4.371838378906250000e+01 3.081979990005493164e+00 -1.812893450260162354e-01 -3.586625754833221436e-01 -6.592280268669128418e-01 6.355421543121337891e-01
-5.676895618438720703e+00 4.374994659423828125e+01 3.088912487030029297e+00 -1.919074654579162598e-01 -3.618563115596771240e-01 -6.652384400367736816e-01 6.242508888244628906e-01
-5.656710147857666016e+00 4.377510070800781250e+01 3.094055652618408203e+00 -1.974443495273590088e-01 -3.588651418685913086e-01 -6.747509241104125977e-01 6.139565110206604004e-01
-5.643173694610595703e+00 4.379288101196289062e+01 3.097485065460205078e+00 -2.025884836912155151e-01 -3.559864759445190430e-01 -6.835168004035949707e-01 6.041822433471679688e-01
-5.636311054229736328e+00 4.380327224731445312e+01 3.099200010299682617e+00 -2.073359191417694092e-01 -3.532425165176391602e-01 -6.915436387062072754e-01 5.949779152870178223e-01
-5.636139869689941406e+00 4.380625915527343750e+01 3.099200963973999023e+00 -2.116772979497909546e-01 -3.506582379341125488e-01 -6.988300085067749023e-01 5.864026546478271484e-01
-5.634236812591552734e+00 4.381075668334960938e+01 3.099628448486328125e+00 -2.155989706516265869e-01 -3.482607603073120117e-01 -7.053664326667785645e-01 5.785237550735473633e-01
-5.630621433258056641e+00 4.381673812866210938e+01 3.100482702255249023e+00 -2.190829813480377197e-01 -3.460796475410461426e-01 -7.111365795135498047e-01 5.714160203933715820e-01
-5.625316143035888672e+00 4.382418823242187500e+01 3.101763486862182617e+00 -2.221084386110305786e-01 -3.441457748413085938e-01 -7.161184549331665039e-01 5.651599168777465820e-01
-5.618337154388427734e+00 4.383308410644531250e+01 3.103471279144287109e+00 -2.246528565883636475e-01 -3.424902558326721191e-01 -7.202872633934020996e-01 5.598372817039489746e-01
-5.609703063964843750e+00 4.384340667724609375e+01 3.105605602264404297e+00 -2.266928553581237793e-01 -3.411433696746826172e-01 -7.236155867576599121e-01 5.555285215377807617e-01
-5.599429607391357422e+00 4.385514450073242188e+01 3.108166456222534180e+00 -2.282066643238067627e-01 -3.401325941085815430e-01 -7.260771989822387695e-01 5.523073077201843262e-01
-5.587530612945556641e+00 4.386827850341796875e+01 3.111154079437255859e+00 -2.291750311851501465e-01 -3.394808769226074219e-01 -7.276481986045837402e-01 5.502358078956604004e-01
-5.574011325836181641e+00 4.388279342651367188e+01 3.114568471908569336e+00 -2.295837700366973877e-01 -3.392045497894287109e-01 -7.283104658126831055e-01 5.493589043617248535e-01
-5.558880329132080078e+00 4.389868545532226562e+01 3.118409633636474609e+00 -2.294251620769500732e-01 -3.393118977546691895e-01 -7.280535697937011719e-01 5.496994853019714355e-01
-5.542133808135986328e+00 4.391596221923828125e+01 3.122677326202392578e+00 -2.286998629570007324e-01 -3.398011922836303711e-01 -7.268776297569274902e-01 5.512533783912658691e-01
-5.523764610290527344e+00 4.393462371826171875e+01 3.127371788024902344e+00 -2.274184226989746094e-01 -3.406600952148437500e-01 -7.247963547706604004e-01 5.539870858192443848e-01
-5.503762245178222656e+00 4.395468521118164062e+01 3.132493019104003906e+00 -2.256029844284057617e-01 -3.418651223182678223e-01 -7.218390107154846191e-01 5.578349828720092773e-01
-5.482111930847167969e+00 4.397617721557617188e+01 3.138040781021118164e+00 -2.232873141765594482e-01 -3.433820605278015137e-01 -7.180523872375488281e-01 5.627008080482482910e-01
-5.458792686462402344e+00 4.399914550781250000e+01 3.144015550613403320e+00 -2.205177843570709229e-01 -3.451671600341796875e-01 -7.135025262832641602e-01 5.684589147567749023e-01
-5.433786392211914062e+00 4.402360916137695312e+01 3.150416612625122070e+00 -2.173523604869842529e-01 -3.471691012382507324e-01 -7.082747220993041992e-01 5.749593377113342285e-01
-5.407073974609375000e+00 4.404963684082031250e+01 3.157244920730590820e+00 -2.138597220182418823e-01 -3.493314981460571289e-01 -7.024729251861572266e-01 5.820338129997253418e-01
-5.377193450927734375e+00 4.407892608642578125e+01 3.164103031158447266e+00 -2.049118727445602417e-01 -3.365572094917297363e-01 -7.058935165405273438e-01 5.886040329933166504e-01
-5.344835281372070312e+00 4.410935974121093750e+01 3.170803070068359375e+00 -1.950094103813171387e-01 -3.219511806964874268e-01 -7.095661163330078125e-01 5.956800580024719238e-01
-5.310694694519042969e+00 4.414147949218750000e+01 3.177990913391113281e+00 -1.842632442712783813e-01 -3.056457638740539551e-01 -7.133189439773559570e-01 6.031614542007446289e-01
-5.274764060974121094e+00 4.417524337768554688e+01 3.185664415359497070e+00 -1.727866530418395996e-01 -2.877788543701171875e-01 -7.169842123985290527e-01 6.109514236450195312e-01
-5.237040996551513672e+00 4.421061325073242188e+01 3.193818807601928711e+00 -1.606986522674560547e-01 -2.684962749481201172e-01 -7.204011678695678711e-01 6.189569830894470215e-01
-5.197521686553955078e+00 4.424754714965820312e+01 3.202446460723876953e+00 -1.481213420629501343e-01 -2.479511350393295288e-01 -7.234190702438354492e-01 6.270926594734191895e-01
-5.156199932098388672e+00 4.428602981567382812e+01 3.211536169052124023e+00 -1.351821869611740112e-01 -2.263053357601165771e-01 -7.258987426757812500e-01 6.352815628051757812e-01
-5.113066196441650391e+00 4.432601165771484375e+01 3.221072196960449219e+00 -1.220131665468215942e-01 -2.037291377782821655e-01 -7.277157306671142578e-01 6.434570550918579102e-01
-5.068115234375000000e+00 4.436746978759765625e+01 3.231037139892578125e+00 -1.087497025728225708e-01 -1.804003417491912842e-01 -7.287611365318298340e-01 6.515645384788513184e-01
-5.021336555480957031e+00 4.441038131713867188e+01 3.241409540176391602e+00 -9.553112834692001343e-02 -1.565039753913879395e-01 -7.289427518844604492e-01 6.595625281333923340e-01
-4.972693920135498047e+00 4.445468521118164062e+01 3.252154350280761719e+00 -8.249905705451965332e-02 -1.322306990623474121e-01 -7.281863093376159668e-01 6.674230694770812988e-01
-4.919919490814208984e+00 4.449796676635742188e+01 3.262288331985473633e+00 -6.979709118604660034e-02 -1.077755242586135864e-01 -7.264358401298522949e-01 6.751324534416198730e-01
-4.865204811096191406e+00 4.454256820678710938e+01 3.272721290588378906e+00 -5.756964161992073059e-02 -8.333636075258255005e-02 -7.236531376838684082e-01 6.826908588409423828e-01
-4.808542251586914062e+00 4.458845901489257812e+01 3.283428192138671875e+00 -4.596131667494773865e-02 -5.911252647638320923e-02 -7.198165655136108398e-01 6.901139616966247559e-01
-4.749917984008789062e+00 4.463564300537109375e+01 3.294384717941284180e+00 -3.511581569910049438e-02 -3.530274704098701477e-02 -7.149212360382080078e-01 6.974297165870666504e-01
-4.689320087432861328e+00 4.468413162231445312e+01 3.305569648742675781e+00 -2.517534047365188599e-02 -1.210390031337738037e-02 -7.089757919311523438e-01 7.046793699264526367e-01
-4.626738071441650391e+00 4.473391342163085938e+01 3.316963195800781250e+00 -1.628030464053153992e-02 1.029013562947511673e-02 -7.020010352134704590e-01 7.119154334068298340e-01
-4.561074256896972656e+00 4.478359603881835938e+01 3.328014135360717773e+00 -8.568733930587768555e-03 3.169021010398864746e-02 -6.940273046493530273e-01 7.191996574401855469e-01
-4.487187385559082031e+00 4.482650756835937500e+01 3.336161375045776367e+00 -2.175906673073768616e-03 5.191200971603393555e-02 -6.850906014442443848e-01 7.266026139259338379e-01
-4.411064147949218750e+00 4.487047576904296875e+01 3.344383478164672852e+00 2.765186131000518799e-03 7.077756524085998535e-02 -6.752296686172485352e-01 7.341986894607543945e-01
-4.332691669464111328e+00 4.491551971435546875e+01 3.352681398391723633e+00 6.163474172353744507e-03 8.815421164035797119e-02 -6.644926667213439941e-01 7.420514225959777832e-01
-4.252054214477539062e+00 4.496168518066406250e+01 3.361058235168457031e+00 8.086774498224258423e-03 1.040731295943260193e-01 -6.529614329338073730e-01 7.501631379127502441e-01
-4.164328575134277344e+00 4.499981307983398438e+01 3.366536140441894531e+00 8.643388748168945312e-03 1.186066642403602600e-01 -6.407174468040466309e-01 7.585110664367675781e-01
-4.071053504943847656e+00 4.503291320800781250e+01 3.370083332061767578e+00 7.942810654640197754e-03 1.318278014659881592e-01 -6.278327703475952148e-01 7.670620679855346680e-01
-3.975284337997436523e+00 4.506684494018554688e+01 3.373602628707885742e+00 6.095394492149353027e-03 1.438096761703491211e-01 -6.143723130226135254e-01 7.757757902145385742e-01
-3.875624895095825195e+00 4.509699630737304688e+01 3.375860452651977539e+00 3.211751580238342285e-03 1.546259373426437378e-01 -6.003959178924560547e-01 7.846052050590515137e-01
-3.769291877746582031e+00 4.511412811279296875e+01 3.374391317367553711e+00 -5.969479680061340332e-04 1.643503010272979736e-01 -5.859588384628295898e-01 7.934991717338562012e-01
-3.660330772399902344e+00 4.513176727294921875e+01 3.372797727584838867e+00 -5.219519138336181641e-03 1.730567812919616699e-01 -5.711144804954528809e-01 8.024041652679443359e-01
-3.547799110412597656e+00 4.514253234863281250e+01 3.369703054428100586e+00 -1.054421067237854004e-02 1.808194667100906372e-01 -5.559156537055969238e-01 8.112649321556091309e-01
-3.431638002395629883e+00 4.514593124389648438e+01 3.365012168884277344e+00 -1.645941287279129028e-02 1.877127736806869507e-01 -5.404143333435058594e-01 8.200277090072631836e-01
-3.312823295593261719e+00 4.514957046508789062e+01 3.360141754150390625e+00 -2.285373955965042114e-02 1.938117295503616333e-01 -5.246642231941223145e-01 8.286387324333190918e-01
-3.191097259521484375e+00 4.514742660522460938e+01 3.355543136596679688e+00 -2.961579710245132446e-02 1.991917490959167480e-01 -5.087205171585083008e-01 8.370477557182312012e-01
-3.061114549636840820e+00 4.514532089233398438e+01 3.350506782531738281e+00 -3.663486987352371216e-02 2.039287984371185303e-01 -4.926406443119049072e-01 8.452077507972717285e-01
-2.922958850860595703e+00 4.513885116577148438e+01 3.345370292663574219e+00 -4.380048066377639771e-02 2.080994993448257446e-01 -4.764843881130218506e-01 8.530760407447814941e-01
-2.776640653610229492e+00 4.512863159179687500e+01 3.340081930160522461e+00 -5.100335180759429932e-02 2.117810845375061035e-01 -4.603144824504852295e-01 8.606150150299072266e-01
-2.622409582138061523e+00 4.511460876464843750e+01 3.334649801254272461e+00 -5.813528597354888916e-02 2.150514721870422363e-01 -4.441968500614166260e-01 8.677916526794433594e-01
-2.460525989532470703e+00 4.509366607666015625e+01 3.329317808151245117e+00 -6.508841365575790405e-02 2.179888188838958740e-01 -4.281997084617614746e-01 8.745794296264648438e-01
-2.290988683700561523e+00 4.506887435913085938e+01 3.323837280273437500e+00 -7.175686955451965332e-02 2.206719517707824707e-01 -4.123941361904144287e-01 8.809573650360107422e-01
-2.114583730697631836e+00 4.503493499755859375e+01 3.318643093109130859e+00 -7.803640514612197876e-02 2.231803238391876221e-01 -3.968529403209686279e-01 8.869096636772155762e-01
-1.930856943130493164e+00 4.499668884277343750e+01 3.313325166702270508e+00 -8.382388949394226074e-02 2.255931943655014038e-01 -3.816506862640380859e-01 8.924259543418884277e-01
-1.741534352302551270e+00 4.494795227050781250e+01 3.307672023773193359e+00 -8.601624518632888794e-02 2.267426103353500366e-01 -3.676155805587768555e-01 8.978015184402465820e-01
-1.544980406761169434e+00 4.489506149291992188e+01 3.301951885223388672e+00 -8.803872019052505493e-02 2.281512618064880371e-01 -3.538945317268371582e-01 9.027485251426696777e-01
-1.342536568641662598e+00 4.483309555053710938e+01 3.296535253524780273e+00 -8.991423994302749634e-02 2.298018336296081543e-01 -3.404811620712280273e-01 9.072920680046081543e-01
-1.133041977882385254e+00 4.476671218872070312e+01 3.291023492813110352e+00 -9.166299551725387573e-02 2.316782921552658081e-01 -3.273681700229644775e-01 9.114565849304199219e-01
-9.175243973731994629e-01 4.469268798828125000e+01 3.285590410232543945e+00 -9.330293536186218262e-02 2.337655127048492432e-01 -3.145463168621063232e-01 9.152643084526062012e-01
-6.952379941940307617e-01 4.461365509033203125e+01 3.280001640319824219e+00 -9.485033899545669556e-02 2.360494136810302734e-01 -3.020043373107910156e-01 9.187369346618652344e-01
-4.665746986865997314e-01 4.452851104736328125e+01 3.274276018142700195e+00 -9.631934762001037598e-02 2.385173738002777100e-01 -2.897302508354187012e-01 9.218938946723937988e-01
-2.315099984407424927e-01 4.443756103515625000e+01 3.268208026885986328e+00 -9.772304445505142212e-02 2.411577105522155762e-01 -2.777105867862701416e-01 9.247539639472961426e-01
1.044311467558145523e-02 4.434207916259765625e+01 3.261857509613037109e+00 -9.907318651676177979e-02 2.439599037170410156e-01 -2.659303843975067139e-01 9.273343682289123535e-01
2.584374845027923584e-01 4.424008178710937500e+01 3.254678249359130859e+00 -1.003805398941040039e-01 2.469144463539123535e-01 -2.543743550777435303e-01 9.296508431434631348e-01
5.133861899375915527e-01 4.413386535644531250e+01 3.246722221374511719e+00 -1.016550958156585693e-01 2.500128746032714844e-01 -2.430257499217987061e-01 9.317178726196289062e-01
7.751513719558715820e-01 4.402312469482421875e+01 3.237834453582763672e+00 -1.029059588909149170e-01 2.532478570938110352e-01 -2.318678051233291626e-01 9.335486888885498047e-01
1.043791532516479492e+00 4.390799713134765625e+01 3.228086471557617188e+00 -1.041420623660087585e-01 2.566126585006713867e-01 -2.208822667598724365e-01 9.351552724838256836e-01
1.320002436637878418e+00 4.379069900512695312e+01 3.212565422058105469e+00 -1.053716465830802917e-01 2.601015567779541016e-01 -2.100511193275451660e-01 9.365481734275817871e-01
1.604658126831054688e+00 4.367304611206054688e+01 3.194018125534057617e+00 -1.066028028726577759e-01 2.637096345424652100e-01 -1.993556916713714600e-01 9.377368688583374023e-01
1.900075674057006836e+00 4.356164550781250000e+01 3.170335054397583008e+00 -1.078433841466903687e-01 2.674325704574584961e-01 -1.887768357992172241e-01 9.387294054031372070e-01
2.208029747009277344e+00 4.346278381347656250e+01 3.142322301864624023e+00 -1.091012805700302124e-01 2.712666690349578857e-01 -1.782951056957244873e-01 9.395328760147094727e-01
2.529785156250000000e+00 4.338383102416992188e+01 3.111932992935180664e+00 -1.103843003511428833e-01 2.752086818218231201e-01 -1.678909659385681152e-01 9.401532411575317383e-01
2.864235877990722656e+00 4.332541275024414062e+01 3.082099914550781250e+00 -1.117004901170730591e-01 2.792559266090393066e-01 -1.575440913438796997e-01 9.405949711799621582e-01
3.209235668182373047e+00 4.328105545043945312e+01 3.054400920867919922e+00 -1.130578294396400452e-01 2.834061384201049805e-01 -1.472349464893341064e-01 9.408617019653320312e-01
3.562953948974609375e+00 4.324454498291015625e+01 3.031088829040527344e+00 -1.136206537485122681e-01 2.819917201995849609e-01 -1.388422101736068726e-01 9.424933791160583496e-01
3.925329446792602539e+00 4.321000289916992188e+01 3.013617515563964844e+00 -1.140673458576202393e-01 2.805960774421691895e-01 -1.305661201477050781e-01 9.440376162528991699e-01
4.297182559967041016e+00 4.317456054687500000e+01 3.001071691513061523e+00 -1.144036501646041870e-01 2.792357206344604492e-01 -1.224828213453292847e-01 9.454825520515441895e-01
4.678344726562500000e+00 4.313756179809570312e+01 2.992042064666748047e+00 -1.146418154239654541e-01 2.779271304607391357e-01 -1.146731227636337280e-01 9.468177556991577148e-01
5.068608283996582031e+00 4.309739685058593750e+01 2.988457918167114258e+00 -1.148002818226814270e-01 2.766871452331542969e-01 -1.072208210825920105e-01 9.480342268943786621e-01
5.467954158782958984e+00 4.305501937866210938e+01 2.987018346786499023e+00 -1.149035245180130005e-01 2.755331695079803467e-01 -1.002148240804672241e-01 9.491236209869384766e-01
5.876293659210205078e+00 4.300975799560546875e+01 2.988854885101318359e+00 -1.149819046258926392e-01 2.744814455509185791e-01 -9.374640882015228271e-02 9.500793218612670898e-01
6.293601036071777344e+00 4.296195220947265625e+01 2.992899656295776367e+00 -1.150687932968139648e-01 2.735482752323150635e-01 -8.791089057922363281e-02 9.508954286575317383e-01
6.719797134399414062e+00 4.291115188598632812e+01 2.999759435653686523e+00 -1.152010411024093628e-01 2.727492451667785645e-01 -8.280479907989501953e-02 9.515671133995056152e-01
7.155009746551513672e+00 4.285859680175781250e+01 3.007658958435058594e+00 -1.154152303934097290e-01 2.720994055271148682e-01 -7.852586358785629272e-02 9.520896673202514648e-01
7.598886489868164062e+00 4.280207061767578125e+01 3.019167423248291016e+00 -1.157472059130668640e-01 2.716134488582611084e-01 -7.516972720623016357e-02 9.524590969085693359e-01
8.051831245422363281e+00 4.274441146850585938e+01 3.031023740768432617e+00 -1.162274405360221863e-01 2.713057696819305420e-01 -7.283025979995727539e-02 9.526699781417846680e-01
8.513449668884277344e+00 4.268333816528320312e+01 3.045594692230224609e+00 -1.168804764747619629e-01 2.711907923221588135e-01 -7.159470766782760620e-02 9.527164697647094727e-01
8.983888626098632812e+00 4.261984634399414062e+01 3.061861753463745117e+00 -1.177200376987457275e-01 2.712835073471069336e-01 -7.154378294944763184e-02 9.525904655456542969e-01
9.463332176208496094e+00 4.255514907836914062e+01 3.078573942184448242e+00 -1.187473982572555542e-01 2.715989351272583008e-01 -7.274878770112991333e-02 9.522817730903625488e-01
9.951481819152832031e+00 4.248768997192382812e+01 3.097423076629638672e+00 -1.199475526809692383e-01 2.721522450447082520e-01 -7.526934891939163208e-02 9.517773985862731934e-01
1.043412113189697266e+01 4.242062377929687500e+01 3.116599082946777344e+00 -1.212875545024871826e-01 2.729583084583282471e-01 -7.915252447128295898e-02 9.510614871978759766e-01
1.091129875183105469e+01 4.235435485839843750e+01 3.135693073272705078e+00 -1.227134913206100464e-01 2.740309238433837891e-01 -8.443333208560943604e-02 9.501155018806457520e-01
1.138290500640869141e+01 4.228828430175781250e+01 3.155391454696655273e+00 -1.241500824689865112e-01 2.753810882568359375e-01 -9.113366901874542236e-02 9.489187002182006836e-01
1.184898662567138672e+01 4.222276687622070312e+01 3.175269126892089844e+00 -1.254991888999938965e-01 2.770151793956756592e-01 -9.926480054855346680e-02 9.474486708641052246e-01
1.230829334259033203e+01 4.215829086303710938e+01 3.195063114166259766e+00 -1.270248293876647949e-01 2.657954692840576172e-01 -1.123123615980148315e-01 9.490011930465698242e-01
1.276173305511474609e+01 4.209463882446289062e+01 3.214329242706298828e+00 -1.268881559371948242e-01 2.527474761009216309e-01 -1.275881230831146240e-01 9.506520628929138184e-01
1.320967483520507812e+01 4.203187942504882812e+01 3.233616590499877930e+00 -1.271975338459014893e-01 2.382317781448364258e-01 -1.441837847232818604e-01 9.519860744476318359e-01
1.365222644805908203e+01 4.197009658813476562e+01 3.252692699432373047e+00 -1.280597448348999023e-01 2.224239110946655273e-01 -1.617905199527740479e-01 9.528651833534240723e-01
1.408947277069091797e+01 4.190930175781250000e+01 3.271537780761718750e+00 -1.295512020587921143e-01 2.055196017026901245e-01 -1.801215410232543945e-01 9.531706571578979492e-01
1.452152061462402344e+01 4.184974670410156250e+01 3.289985179901123047e+00 -1.317164152860641479e-01 1.877329945564270020e-01 -1.989132463932037354e-01 9.528067111968994141e-01
1.494844913482666016e+01 4.179143524169921875e+01 3.308001995086669922e+00 -1.345690041780471802e-01 1.692928224802017212e-01 -2.179226875305175781e-01 9.517041444778442383e-01
1.537027835845947266e+01 4.173406600952148438e+01 3.325742006301879883e+00 -1.380933821201324463e-01 1.504380106925964355e-01 -2.369260489940643311e-01 9.498234391212463379e-01
1.578706264495849609e+01 4.167763137817382812e+01 3.343194484710693359e+00 -1.422472298145294189e-01 1.314131021499633789e-01 -2.557166218757629395e-01 9.471564888954162598e-01
1.619894409179687500e+01 4.162261962890625000e+01 3.359936475753784180e+00 -1.469642668962478638e-01 1.124629154801368713e-01 -2.741003930568695068e-01 9.437280297279357910e-01
1.660597038269042969e+01 4.156901168823242188e+01 3.375957489013671875e+00 -1.521572619676589966e-01 9.382766485214233398e-02 -2.918950915336608887e-01 9.395966529846191406e-01
1.700809478759765625e+01 4.151618957519531250e+01 3.391694784164428711e+00 -1.577203273773193359e-01 7.573877274990081787e-02 -3.089267015457153320e-01 9.348541498184204102e-01
1.740535163879394531e+01 4.146411132812500000e+01 3.407153606414794922e+00 -1.635321229696273804e-01 5.841382965445518494e-02 -3.250266313552856445e-01 9.296250343322753906e-01
1.779788208007812500e+01 4.141334915161132812e+01 3.421811103820800781e+00 -1.694580316543579102e-01 4.205357283353805542e-02 -3.400293886661529541e-01 9.240645766258239746e-01
1.818579483032226562e+01 4.136427307128906250e+01 3.435329914093017578e+00 -1.753530651330947876e-01 2.683883532881736755e-02 -3.537698090076446533e-01 9.183561205863952637e-01
1.856892204284667969e+01 4.131571197509765625e+01 3.448624134063720703e+00 -1.810639053583145142e-01 1.293031871318817139e-02 -3.660806417465209961e-01 9.127067327499389648e-01
1.894730186462402344e+01 4.126759719848632812e+01 3.461710453033447266e+00 -1.864325553178787231e-01 4.677549004554748535e-04 -3.767914474010467529e-01 9.073427915573120117e-01
1.932103538513183594e+01 4.122039031982421875e+01 3.474138975143432617e+00 -1.912989616394042969e-01 -1.042687892913818359e-02 -3.857260942459106445e-01 9.025027751922607422e-01
1.969037055969238281e+01 4.117545700073242188e+01 3.484726428985595703e+00 -1.955050826072692871e-01 -1.964527368545532227e-02 -3.927026689052581787e-01 8.984299302101135254e-01
2.005502128601074219e+01 4.113069152832031250e+01 3.495183706283569336e+00 -1.988988518714904785e-01 -2.708650380373001099e-02 -3.975293338298797607e-01 8.953635692596435547e-01
2.041493797302246094e+01 4.108581924438476562e+01 3.504983663558959961e+00 -1.992595940828323364e-01 -3.364128619432449341e-02 -3.999966979026794434e-01 8.939611315727233887e-01
2.077024841308593750e+01 4.104166030883789062e+01 3.514333724975585938e+00 -1.991855800151824951e-01 -3.828727453947067261e-02 -4.003104567527770996e-01 8.936502933502197266e-01
2.112127304077148438e+01 4.100090789794921875e+01 3.520979166030883789e+00 -1.987255662679672241e-01 -4.117573052644729614e-02 -3.986765742301940918e-01 8.943543434143066406e-01
2.146752929687500000e+01 4.096036911010742188e+01 3.527671098709106445e+00 -1.979228109121322632e-01 -4.245760291814804077e-02 -3.952894806861877441e-01 8.959743380546569824e-01
2.180895996093750000e+01 4.092009735107421875e+01 3.534392356872558594e+00 -1.968175768852233887e-01 -4.228270053863525391e-02 -3.903369307518005371e-01 8.983941674232482910e-01
2.214572715759277344e+01 4.088157653808593750e+01 3.540069103240966797e+00 -1.954470574855804443e-01 -4.080105200409889221e-02 -3.840022385120391846e-01 9.014865159988403320e-01
2.248382186889648438e+01 4.084598541259765625e+01 3.543485641479492188e+00 -1.938475668430328369e-01 -3.816203773021697998e-02 -3.764660358428955078e-01 9.051187634468078613e-01
2.282284164428710938e+01 4.081014633178710938e+01 3.546972274780273438e+00 -1.920550465583801270e-01 -3.451555594801902771e-02 -3.679089546203613281e-01 9.091570377349853516e-01
2.316274452209472656e+01 4.077411651611328125e+01 3.550507068634033203e+00 -1.901067197322845459e-01 -3.001186251640319824e-02 -3.585134446620941162e-01 9.134695529937744141e-01
2.350398445129394531e+01 4.074311447143554688e+01 3.550817251205444336e+00 -1.880406290292739868e-01 -2.480163797736167908e-02 -3.484656810760498047e-01 9.179310202598571777e-01
2.384613227844238281e+01 4.071298217773437500e+01 3.550522089004516602e+00 -1.858967691659927368e-01 -1.903612911701202393e-02 -3.379551768302917480e-01 9.224241971969604492e-01
2.418904685974121094e+01 4.068280792236328125e+01 3.550213575363159180e+00 -1.837183982133865356e-01 -1.286732777953147888e-02 -3.271766901016235352e-01 9.268426895141601562e-01
2.453312492370605469e+01 4.065920257568359375e+01 3.546334743499755859e+00 -1.815501451492309570e-01 -6.447218358516693115e-03 -3.163294494152069092e-01 9.310927987098693848e-01
2.487797355651855469e+01 4.063713455200195312e+01 3.541615486145019531e+00 -1.794398128986358643e-01 7.214024662971496582e-05 -3.056178689002990723e-01 9.350931048393249512e-01
2.522350502014160156e+01 4.061706924438476562e+01 3.535967588424682617e+00 -1.774379611015319824e-01 6.538480520248413086e-03 -2.952501773834228516e-01 9.387760162353515625e-01
2.556989669799804688e+01 4.060575103759765625e+01 3.526305198669433594e+00 -1.755972355604171753e-01 1.280056685209274292e-02 -2.854393124580383301e-01 9.420860409736633301e-01
2.591680145263671875e+01 4.059458923339843750e+01 3.516601800918579102e+00 -1.739723682403564453e-01 1.870698854327201843e-02 -2.764007449150085449e-01 9.449794888496398926e-01
2.626408195495605469e+01 4.059601593017578125e+01 3.502033948898315430e+00 -1.726192831993103027e-01 2.410775609314441681e-02 -2.683523297309875488e-01 9.474219083786010742e-01
2.661174774169921875e+01 4.059900283813476562e+01 3.486913919448852539e+00 -1.715959161520004272e-01 2.885344065725803375e-02 -2.615139484405517578e-01 9.493854641914367676e-01
2.695884132385253906e+01 4.061876678466796875e+01 3.466427326202392578e+00 -1.709603667259216309e-01 3.279447928071022034e-02 -2.561047673225402832e-01 9.508455991744995117e-01
2.730555152893066406e+01 4.064514541625976562e+01 3.444042205810546875e+00 -1.701709926128387451e-01 3.565865755081176758e-02 -2.523190975189208984e-01 9.518955945968627930e-01
2.765058517456054688e+01 4.068902587890625000e+01 3.417113780975341797e+00 -1.696572452783584595e-01 3.757179901003837585e-02 -2.501249611377716064e-01 9.524925947189331055e-01
2.799204063415527344e+01 4.075392150878906250e+01 3.386020421981811523e+00 -1.693950295448303223e-01 3.856894001364707947e-02 -2.494527399539947510e-01 9.526757001876831055e-01
2.832920265197753906e+01 4.083784103393554688e+01 3.350497007369995117e+00 -1.693689674139022827e-01 3.868603333830833435e-02 -2.502290308475494385e-01 9.524719715118408203e-01
2.866029167175292969e+01 4.094268798828125000e+01 3.308997392654418945e+00 -1.695711165666580200e-01 3.796073049306869507e-02 -2.523773908615112305e-01 9.518982172012329102e-01
2.898444747924804688e+01 4.106613540649414062e+01 3.259902477264404297e+00 -1.699997633695602417e-01 3.643167391419410706e-02 -2.558183073997497559e-01 9.509624838829040527e-01
2.930337905883789062e+01 4.120040512084960938e+01 3.201801061630249023e+00 -1.706581711769104004e-01 3.413940221071243286e-02 -2.604708969593048096e-01 9.496657848358154297e-01
2.962177658081054688e+01 4.133248138427734375e+01 3.133891344070434570e+00 -1.715532988309860229e-01 3.112665936350822449e-02 -2.662530839443206787e-01 9.480030536651611328e-01
2.994552612304687500e+01 4.144580459594726562e+01 3.056615829467773438e+00 -1.726947128772735596e-01 2.743884921073913574e-02 -2.730817794799804688e-01 9.459650516510009766e-01
3.027799224853515625e+01 4.152407073974609375e+01 2.972317934036254883e+00 -1.740933954715728760e-01 2.312470227479934692e-02 -2.808745801448822021e-01 9.435391426086425781e-01
3.061751365661621094e+01 4.155713653564453125e+01 2.885038375854492188e+00 -1.757608950138092041e-01 1.823578774929046631e-02 -2.895492315292358398e-01 9.407107234001159668e-01
3.095939445495605469e+01 4.155346679687500000e+01 2.798616170883178711e+00 -1.777083575725555420e-01 1.282732188701629639e-02 -2.990245819091796875e-01 9.374643564224243164e-01
3.130116081237792969e+01 4.152291488647460938e+01 2.715320348739624023e+00 -1.799453943967819214e-01 6.958790123462677002e-03 -3.092219233512878418e-01 9.337841868400573730e-01
3.164204597473144531e+01 4.147231292724609375e+01 2.636377573013305664e+00 -1.824797391891479492e-01 6.928257644176483154e-04 -3.200631141662597656e-01 9.296559691429138184e-01
3.198193359375000000e+01 4.140632629394531250e+01 2.562464475631713867e+00 -1.853161156177520752e-01 -5.903318524360656738e-03 -3.314739465713500977e-01 9.250665307044982910e-01
3.232093811035156250e+01 4.132815933227539062e+01 2.493966579437255859e+00 -1.884561628103256226e-01 -1.276012137532234192e-02 -3.433815240859985352e-01 9.200057387351989746e-01
3.265922164916992188e+01 4.124008560180664062e+01 2.431101083755493164e+00 -1.918976902961730957e-01 -1.980452239513397217e-02 -3.557158708572387695e-01 9.144667387008666992e-01
3.299658203125000000e+01 4.114118194580078125e+01 2.376885890960693359e+00 -1.956339031457901001e-01 -2.696036547422409058e-02 -3.684096634387969971e-01 9.084463715553283691e-01
3.333359909057617188e+01 4.103568649291992188e+01 2.330027341842651367e+00 -1.996538490056991577e-01 -3.415058553218841553e-02 -3.813979625701904297e-01 9.019464850425720215e-01
3.367045974731445312e+01 4.092489624023437500e+01 2.290328979492187500e+00 -2.039415836334228516e-01 -4.129623621702194214e-02 -3.946191668510437012e-01 8.949738144874572754e-01
3.400718307495117188e+01 4.080903625488281250e+01 2.257035970687866211e+00 -2.049352973699569702e-01 -4.994442313909530640e-02 -4.078169763088226318e-01 8.883650302886962891e-01
3.434312438964843750e+01 4.068673706054687500e+01 2.233364820480346680e+00 -2.056338787078857422e-01 -5.876933783292770386e-02 -4.210294783115386963e-01 8.814731836318969727e-01
3.467872619628906250e+01 4.056077194213867188e+01 2.214702606201171875e+00 -2.060475796461105347e-01 -6.770937889814376831e-02 -4.341861307621002197e-01 8.743239045143127441e-01
3.500707626342773438e+01 4.043393325805664062e+01 2.201009511947631836e+00 -2.061872780323028564e-01 -7.670328021049499512e-02 -4.472177624702453613e-01 8.669485449790954590e-01
3.532791519165039062e+01 4.030586242675781250e+01 2.192562818527221680e+00 -2.060655653476715088e-01 -8.569093048572540283e-02 -4.600589275360107422e-01 8.593834042549133301e-01
3.564100646972656250e+01 4.017636108398437500e+01 2.189069747924804688e+00 -2.056962549686431885e-01 -9.461168944835662842e-02 -4.726462364196777344e-01 8.516708612442016602e-01
3.594673156738281250e+01 4.004663467407226562e+01 2.188645601272583008e+00 -2.050946354866027832e-01 -1.034056842327117920e-01 -4.849204719066619873e-01 8.438575267791748047e-01
3.624504470825195312e+01 3.991658020019531250e+01 2.191148519515991211e+00 -2.042775750160217285e-01 -1.120146363973617554e-01 -4.968247711658477783e-01 8.359955549240112305e-01
3.653547286987304688e+01 3.978533172607421875e+01 2.196864604949951172e+00 -2.032626271247863770e-01 -1.203808635473251343e-01 -5.083050727844238281e-01 8.281416893005371094e-01
3.681771087646484375e+01 3.965242004394531250e+01 2.205256223678588867e+00 -2.020683288574218750e-01 -1.284471452236175537e-01 -5.193113684654235840e-01 8.203568458557128906e-01
3.709156036376953125e+01 3.951761627197265625e+01 2.215620040893554688e+00 -2.007150352001190186e-01 -1.361577063798904419e-01 -5.297964215278625488e-01 8.127055168151855469e-01
3.736423110961914062e+01 3.936183166503906250e+01 2.229483604431152344e+00 -1.992232352495193481e-01 -1.434580683708190918e-01 -5.397154688835144043e-01 8.052559494972229004e-01
3.762160491943359375e+01 3.916744613647460938e+01 2.247628211975097656e+00 -1.976142823696136475e-01 -1.502945721149444580e-01 -5.490270256996154785e-01 7.980786561965942383e-01
3.785060501098632812e+01 3.892791748046875000e+01 2.269301176071166992e+00 -1.959098279476165771e-01 -1.566144227981567383e-01 -5.576915740966796875e-01 7.912467122077941895e-01
3.805067825317382812e+01 3.865218353271484375e+01 2.292881488800048828e+00 -1.941322684288024902e-01 -1.623657047748565674e-01 -5.656719803810119629e-01 7.848345041275024414e-01
3.823115158081054688e+01 3.835203170776367188e+01 2.317355871200561523e+00 -1.923040747642517090e-01 -1.674973219633102417e-01 -5.729324817657470703e-01 7.789173722267150879e-01
3.839999771118164062e+01 3.803413009643554688e+01 2.342467069625854492e+00 -1.904471367597579956e-01 -1.719587892293930054e-01 -5.794377923011779785e-01 7.735708355903625488e-01
3.855335998535156250e+01 3.769818115234375000e+01 2.367656230926513672e+00 -1.885840594768524170e-01 -1.756997406482696533e-01 -5.851540565490722656e-01 7.688696384429931641e-01
3.870763397216796875e+01 3.735237884521484375e+01 2.393511295318603516e+00 -1.867363750934600830e-01 -1.786700487136840820e-01 -5.900458693504333496e-01 7.648872137069702148e-01
3.885366058349609375e+01 3.699279403686523438e+01 2.419417619705200195e+00 -1.849248707294464111e-01 -1.808188855648040771e-01 -5.940773487091064453e-01 7.616950869560241699e-01
3.900318908691406250e+01 3.662451934814453125e+01 2.446168184280395508e+00 -1.831691265106201172e-01 -1.821187436580657959e-01 -5.972314476966857910e-01 7.593395113945007324e-01
3.914730834960937500e+01 3.624403381347656250e+01 2.472856998443603516e+00 -1.814865618944168091e-01 -1.826336085796356201e-01 -5.995727777481079102e-01 7.577732205390930176e-01
3.929447555541992188e+01 3.585473632812500000e+01 2.500319719314575195e+00 -1.798926591873168945e-01 -1.824499666690826416e-01 -6.011824011802673340e-01 7.569216489791870117e-01
3.944222640991210938e+01 3.545571517944335938e+01 2.528287410736083984e+00 -1.784023493528366089e-01 -1.816530227661132812e-01 -6.021387577056884766e-01 7.567058205604553223e-01
3.958965301513671875e+01 3.504667282104492188e+01 2.556650876998901367e+00 -1.770292520523071289e-01 -1.803273260593414307e-01 -6.025169491767883301e-01 7.570442557334899902e-01
3.974020385742187500e+01 3.462892150878906250e+01 2.585743427276611328e+00 -1.757864952087402344e-01 -1.785570383071899414e-01 -6.023917198181152344e-01 7.578526139259338379e-01
3.989049148559570312e+01 3.420127487182617188e+01 2.615198850631713867e+00 -1.746875196695327759e-01 -1.764259487390518188e-01 -6.018358469009399414e-01 7.590465545654296875e-01
4.004227447509765625e+01 3.376437377929687500e+01 2.645178794860839844e+00 -1.737454384565353394e-01 -1.740176081657409668e-01 -6.009229421615600586e-01 7.605406045913696289e-01
4.019707107543945312e+01 3.331880187988281250e+01 2.675825834274291992e+00 -1.729734838008880615e-01 -1.714165657758712769e-01 -5.997262597084045410e-01 7.622500061988830566e-01
4.035102462768554688e+01 3.286325073242187500e+01 2.706715583801269531e+00 -1.723846942186355591e-01 -1.687061190605163574e-01 -5.983196496963500977e-01 7.640911936759948730e-01
4.050732421875000000e+01 3.239884185791015625e+01 2.738167762756347656e+00 -1.719932556152343750e-01 -1.659713089466094971e-01 -5.967786312103271484e-01 7.659811377525329590e-01
4.066614532470703125e+01 3.192567825317382812e+01 2.770184993743896484e+00 -1.718127578496932983e-01 -1.632964313030242920e-01 -5.951789021492004395e-01 7.678388953208923340e-01
4.081793975830078125e+01 3.146055603027343750e+01 2.801174879074096680e+00 -1.718574315309524536e-01 -1.607665121555328369e-01 -5.935979485511779785e-01 7.695847153663635254e-01
4.096665954589843750e+01 3.100484848022460938e+01 2.831548452377319336e+00 -1.721422076225280762e-01 -1.584675610065460205e-01 -5.921137332916259766e-01 7.711396217346191406e-01
4.111122894287109375e+01 3.055822181701660156e+01 2.861171722412109375e+00 -1.726816445589065552e-01 -1.564840227365493774e-01 -5.908057093620300293e-01 7.724263072013854980e-01
4.124951934814453125e+01 3.012001800537109375e+01 2.889800071716308594e+00 -1.734911501407623291e-01 -1.549022644758224487e-01 -5.897527933120727539e-01 7.733677029609680176e-01
4.138481903076171875e+01 2.969133186340332031e+01 2.917776107788085938e+00 -1.745855808258056641e-01 -1.538074612617492676e-01 -5.890348553657531738e-01 7.738869786262512207e-01
4.151549148559570312e+01 2.927168464660644531e+01 2.944905042648315430e+00 -1.759793758392333984e-01 -1.532852351665496826e-01 -5.887302160263061523e-01 7.739067077636718750e-01
4.164000701904296875e+01 2.886060523986816406e+01 2.970999956130981445e+00 -1.776877790689468384e-01 -1.534205973148345947e-01 -5.889170169830322266e-01 7.733472585678100586e-01
4.176161193847656250e+01 2.845915412902832031e+01 2.996405363082885742e+00 -1.797240525484085083e-01 -1.542982310056686401e-01 -5.896705985069274902e-01 7.721269130706787109e-01
4.187757110595703125e+01 2.806652832031250000e+01 3.020801305770874023e+00 -1.820909231901168823e-01 -1.559689640998840332e-01 -5.910362005233764648e-01 7.701901197433471680e-01
4.198739624023437500e+01 2.768254280090332031e+01 3.044137239456176758e+00 -1.847471743822097778e-01 -1.583515703678131104e-01 -5.929458141326904297e-01 7.675991058349609375e-01
4.209447097778320312e+01 2.730819702148437500e+01 3.066804170608520508e+00 -1.876416355371475220e-01 -1.613316535949707031e-01 -5.953035950660705566e-01 7.644450664520263672e-01
4.219239807128906250e+01 2.694166374206542969e+01 3.088083505630493164e+00 -1.907217949628829956e-01 -1.647950708866119385e-01 -5.980132818222045898e-01 7.608205080032348633e-01
4.228543853759765625e+01 2.658410072326660156e+01 3.108472824096679688e+00 -1.939371079206466675e-01 -1.686278879642486572e-01 -6.009807586669921875e-01 7.568190693855285645e-01
4.237213897705078125e+01 2.623517036437988281e+01 3.127846956253051758e+00 -1.972361654043197632e-01 -1.727161854505538940e-01 -6.041138768196105957e-01 7.525380253791809082e-01
4.244963836669921875e+01 2.589414978027343750e+01 3.145916461944580078e+00 -2.005698829889297485e-01 -1.769479066133499146e-01 -6.073226332664489746e-01 7.480778694152832031e-01
4.252057647705078125e+01 2.556181526184082031e+01 3.163013219833374023e+00 -2.038884907960891724e-01 -1.812106072902679443e-01 -6.105208396911621094e-01 7.435432076454162598e-01
4.258055114746093750e+01 2.523721122741699219e+01 3.178724288940429688e+00 -2.071453332901000977e-01 -1.853936612606048584e-01 -6.136256456375122070e-01 7.390423417091369629e-01
4.262823104858398438e+01 2.492054557800292969e+01 3.193036079406738281e+00 -2.102925628423690796e-01 -1.893870830535888672e-01 -6.165568828582763672e-01 7.346885800361633301e-01
4.266343307495117188e+01 2.461206054687500000e+01 3.206007242202758789e+00 -2.132853269577026367e-01 -1.930819004774093628e-01 -6.192381381988525391e-01 7.305976152420043945e-01
4.267918395996093750e+01 2.431163597106933594e+01 3.217235326766967773e+00 -2.160787880420684814e-01 -1.963703632354736328e-01 -6.215954422950744629e-01 7.268891334533691406e-01
4.266852569580078125e+01 2.402071189880371094e+01 3.226701021194458008e+00 -2.186286002397537231e-01 -1.991448104381561279e-01 -6.235569119453430176e-01 7.236847281455993652e-01
4.263286590576171875e+01 2.374148368835449219e+01 3.235623359680175781e+00 -2.208921015262603760e-01 -2.012987881898880005e-01 -6.250520348548889160e-01 7.211071848869323730e-01
4.259103775024414062e+01 2.347288513183593750e+01 3.247024059295654297e+00 -2.228247821331024170e-01 -2.027254849672317505e-01 -6.260098814964294434e-01 7.192795276641845703e-01
4.255116653442382812e+01 2.321391105651855469e+01 3.261738300323486328e+00 -2.243838757276535034e-01 -2.033177018165588379e-01 -6.263592243194580078e-01 7.183229327201843262e-01
4.250759506225585938e+01 2.294864273071289062e+01 3.279584884643554688e+00 -2.255248278379440308e-01 -2.029674798250198364e-01 -6.260257363319396973e-01 7.183553576469421387e-01
4.245558929443359375e+01 2.267788505554199219e+01 3.299267292022705078e+00 -2.262008488178253174e-01 -2.015655338764190674e-01 -6.249300241470336914e-01 7.194907665252685547e-01
4.238724136352539062e+01 2.240353393554687500e+01 3.318102121353149414e+00 -2.263642251491546631e-01 -1.990004777908325195e-01 -6.229872107505798340e-01 7.218343615531921387e-01
4.229540252685546875e+01 2.212849998474121094e+01 3.333576679229736328e+00 -2.259642034769058228e-01 -1.951578259468078613e-01 -6.201037168502807617e-01 7.254825234413146973e-01
4.218345260620117188e+01 2.185328102111816406e+01 3.347502946853637695e+00 -2.249621450901031494e-01 -1.899542212486267090e-01 -6.162032485008239746e-01 7.304813265800476074e-01
4.205991744995117188e+01 2.157539939880371094e+01 3.362509727478027344e+00 -2.233817428350448608e-01 -1.834389269351959229e-01 -6.113117933273315430e-01 7.367147207260131836e-01
4.193196868896484375e+01 2.129198265075683594e+01 3.380077123641967773e+00 -2.212613523006439209e-01 -1.756942719221115112e-01 -6.054790616035461426e-01 7.440227866172790527e-01
4.180447006225585938e+01 2.100095176696777344e+01 3.401220083236694336e+00 -2.186386287212371826e-01 -1.668028980493545532e-01 -5.987533330917358398e-01 7.522422671318054199e-01
4.168316650390625000e+01 2.070021247863769531e+01 3.428317546844482422e+00 -2.155513167381286621e-01 -1.568482965230941772e-01 -5.911836624145507812e-01 7.612084150314331055e-01
4.157462310791015625e+01 2.038813591003417969e+01 3.464112997055053711e+00 -2.120386064052581787e-01 -1.459161788225173950e-01 -5.828210115432739258e-01 7.707579135894775391e-01
4.148962402343750000e+01 2.006329536437988281e+01 3.513219833374023438e+00 -2.081418633460998535e-01 -1.340943425893783569e-01 -5.737219452857971191e-01 7.807297110557556152e-01
4.145679473876953125e+01 1.972684860229492188e+01 3.586908102035522461e+00 -2.039034664630889893e-01 -1.214735209941864014e-01 -5.639477372169494629e-01 7.909681200981140137e-01
4.149665832519531250e+01 1.938471221923828125e+01 3.664580821990966797e+00 -1.993687748908996582e-01 -1.081472635269165039e-01 -5.535665154457092285e-01 8.013241291046142578e-01
4.157437896728515625e+01 1.903648948669433594e+01 3.648446798324584961e+00 -1.945866942405700684e-01 -9.421198070049285889e-02 -5.426548123359680176e-01 8.116562366485595703e-01
4.161549758911132812e+01 1.872051811218261719e+01 3.476518392562866211e+00 -1.896081566810607910e-01 -7.976666837930679321e-02 -5.312960147857666016e-01 8.218336701393127441e-01
4.160230255126953125e+01 1.845718383789062500e+01 3.216191530227661133e+00 -1.844874024391174316e-01 -6.491345912218093872e-02 -5.195831060409545898e-01 8.317356109619140625e-01
4.155612564086914062e+01 1.821366882324218750e+01 2.931152343750000000e+00 -1.792814433574676514e-01 -4.975578188896179199e-02 -5.076166987419128418e-01 8.412535786628723145e-01
4.148448562622070312e+01 1.796981811523437500e+01 2.642802000045776367e+00 -1.740507930517196655e-01 -3.439918160438537598e-02 -4.955056607723236084e-01 8.502923846244812012e-01
4.138230514526367188e+01 1.771311759948730469e+01 2.366295099258422852e+00 -1.688574850559234619e-01 -1.895031332969665527e-02 -4.833671450614929199e-01 8.587690591812133789e-01
4.124290084838867188e+01 1.743218421936035156e+01 2.122732400894165039e+00 -1.637668013572692871e-01 -3.515653312206268311e-03 -4.713248610496520996e-01 8.666146993637084961e-01
4.105973052978515625e+01 1.712081527709960938e+01 1.944080710411071777e+00 -1.588456034660339355e-01 1.179769262671470642e-02 -4.595095813274383545e-01 8.737733364105224609e-01
4.082767868041992188e+01 1.678677940368652344e+01 1.902554869651794434e+00 -1.541629433631896973e-01 2.688388898968696594e-02 -4.480571150779724121e-01 8.802021741867065430e-01
4.057816314697265625e+01 1.645728492736816406e+01 1.959553837776184082e+00 -1.497886180877685547e-01 4.163797199726104736e-02 -4.371086955070495605e-01 8.858699798583984375e-01
4.032499313354492188e+01 1.613644409179687500e+01 2.074470281600952148e+00 -1.457938402891159058e-01 5.595687031745910645e-02 -4.268089532852172852e-01 8.907564878463745117e-01
4.007126235961914062e+01 1.581504821777343750e+01 2.210154294967651367e+00 -1.422338336706161499e-01 6.974741816520690918e-02 -4.172841906547546387e-01 8.948624134063720703e-01
3.981715393066406250e+01 1.548158931732177734e+01 2.336539268493652344e+00 -1.390927582979202271e-01 8.295041322708129883e-02 -4.085765182971954346e-01 8.982414603233337402e-01
3.956848526000976562e+01 1.512021446228027344e+01 2.402208089828491211e+00 -1.363371759653091431e-01 9.551550447940826416e-02 -4.007047116756439209e-01 9.009576439857482910e-01
3.933757781982421875e+01 1.473535156250000000e+01 2.373209714889526367e+00 -1.339332014322280884e-01 1.073937639594078064e-01 -3.936848640441894531e-01 9.030728936195373535e-01
3.913158035278320312e+01 1.434376144409179688e+01 2.258222579956054688e+00 -1.318452060222625732e-01 1.185366809368133545e-01 -3.875317573547363281e-01 9.046463370323181152e-01
3.894620895385742188e+01 1.395489025115966797e+01 2.084818124771118164e+00 -1.300382465124130249e-01 1.288971006870269775e-01 -3.822574019432067871e-01 9.057344198226928711e-01
3.876731872558593750e+01 1.357092952728271484e+01 1.894398808479309082e+00 -1.284755766391754150e-01 1.384277641773223877e-01 -3.778719305992126465e-01 9.063909053802490234e-01
3.857469940185546875e+01 1.318334960937500000e+01 1.725748896598815918e+00 -1.253114789724349976e-01 1.463350951671600342e-01 -3.746771216392517090e-01 9.069178700447082520e-01
3.836678314208984375e+01 1.279076862335205078e+01 1.590533971786499023e+00 -1.222530975937843323e-01 1.533030122518539429e-01 -3.724268376827239990e-01 9.071111679077148438e-01
3.811849975585937500e+01 1.241579341888427734e+01 1.507918000221252441e+00 -1.195142120122909546e-01 1.593822538852691650e-01 -3.710785508155822754e-01 9.069808125495910645e-01
3.766293716430664062e+01 1.240085887908935547e+01 1.568484425544738770e+00 -1.171013191342353821e-01 1.645378470420837402e-01 -3.706178963184356689e-01 9.065632820129394531e-01
3.722701644897460938e+01 1.235686492919921875e+01 1.717743515968322754e+00 -1.150247454643249512e-01 1.687382757663726807e-01 -3.710284531116485596e-01 9.058887958526611328e-01
3.681330108642578125e+01 1.226106452941894531e+01 1.904923677444458008e+00 -1.132989078760147095e-01 1.719549000263214111e-01 -3.722913861274719238e-01 9.049828052520751953e-01
3.639839172363281250e+01 1.216438961029052734e+01 2.089279174804687500e+00 -1.119415462017059326e-01 1.741625368595123291e-01 -3.743861615657806396e-01 9.038647413253784180e-01
3.596903610229492188e+01 1.209279251098632812e+01 2.250261068344116211e+00 -1.109733358025550842e-01 1.753398329019546509e-01 -3.772909045219421387e-01 9.025477170944213867e-01
3.552370071411132812e+01 1.205358409881591797e+01 2.375523567199707031e+00 -1.104171350598335266e-01 1.754693984985351562e-01 -3.809842467308044434e-01 9.010379910469055176e-01
3.506823348999023438e+01 1.202302932739257812e+01 2.461163282394409180e+00 -1.102977767586708069e-01 1.745380163192749023e-01 -3.854444026947021484e-01 8.993350267410278320e-01
3.460772323608398438e+01 1.198582935333251953e+01 2.510905027389526367e+00 -1.106410920619964600e-01 1.725371778011322021e-01 -3.906511068344116211e-01 8.974302411079406738e-01
3.417591857910156250e+01 1.184833717346191406e+01 2.458536863327026367e+00 -1.114732027053833008e-01 1.694636642932891846e-01 -3.965871036052703857e-01 8.953068256378173828e-01
3.379105377197265625e+01 1.163134765625000000e+01 2.340060949325561523e+00 -1.128202080726623535e-01 1.653200238943099976e-01 -4.032371342182159424e-01 8.929392695426940918e-01
3.349723434448242188e+01 1.132142066955566406e+01 2.171579599380493164e+00 -1.105258166790008545e-01 1.582072973251342773e-01 -4.113247990608215332e-01 8.908234834671020508e-01
3.320089721679687500e+01 1.102251911163330078e+01 2.012495756149291992e+00 -1.079311221837997437e-01 1.496784240007400513e-01 -4.201112389564514160e-01 8.885121345520019531e-01
3.276522064208984375e+01 1.098362255096435547e+01 1.914549469947814941e+00 -1.050737798213958740e-01 1.398466825485229492e-01 -4.294720590114593506e-01 8.859775066375732422e-01
3.232666778564453125e+01 1.105287551879882812e+01 1.843102931976318359e+00 -1.019924283027648926e-01 1.288268566131591797e-01 -4.392827749252319336e-01 8.831941485404968262e-01
3.189778327941894531e+01 1.114966773986816406e+01 1.768824458122253418e+00 -9.872600436210632324e-02 1.167355924844741821e-01 -4.494196176528930664e-01 8.801409006118774414e-01
3.147856330871582031e+01 1.125693321228027344e+01 1.679185152053833008e+00 -9.531468152999877930e-02 1.036915555596351624e-01 -4.597614109516143799e-01 8.768025040626525879e-01
3.106756210327148438e+01 1.136135482788085938e+01 1.570051789283752441e+00 -9.179940074682235718e-02 8.981580287218093872e-02 -4.701897203922271729e-01 8.731710314750671387e-01
3.065922355651855469e+01 1.144832515716552734e+01 1.452782511711120605e+00 -8.822265267372131348e-02 7.523147761821746826e-02 -4.805890321731567383e-01 8.692474365234375000e-01
3.024942398071289062e+01 1.150618362426757812e+01 1.338879942893981934e+00 -8.462718874216079712e-02 6.006368994712829590e-02 -4.908496141433715820e-01 8.650416731834411621e-01
2.983758735656738281e+01 1.153150844573974609e+01 1.237747192382812500e+00 -8.105802536010742188e-02 4.443963989615440369e-02 -5.008655190467834473e-01 8.605744242668151855e-01
2.942542839050292969e+01 1.154153537750244141e+01 1.155346035957336426e+00 -7.756020873785018921e-02 2.848708443343639374e-02 -5.105379223823547363e-01 8.558760881423950195e-01
2.901363182067871094e+01 1.155377388000488281e+01 1.098088383674621582e+00 -7.418050616979598999e-02 1.233568228781223297e-02 -5.197729468345642090e-01 8.509883880615234375e-01
2.860418319702148438e+01 1.158536148071289062e+01 1.076287865638732910e+00 -7.096540927886962891e-02 -3.885395824909210205e-03 -5.284841060638427734e-01 8.459630608558654785e-01
2.820471191406250000e+01 1.165562725067138672e+01 1.103324532508850098e+00 -6.796315312385559082e-02 -2.004664950072765350e-02 -5.365906357765197754e-01 8.408623933792114258e-01
2.782115745544433594e+01 1.176189899444580078e+01 1.163314819335937500e+00 -6.522193551063537598e-02 -3.601936250925064087e-02 -5.440195798873901367e-01 8.357580304145812988e-01
2.744779777526855469e+01 1.188881587982177734e+01 1.219381690025329590e+00 -6.279054284095764160e-02 -5.167565122246742249e-02 -5.507030487060546875e-01 8.307304382324218750e-01
2.707520866394042969e+01 1.201568126678466797e+01 1.229393243789672852e+00 -6.071776151657104492e-02 -6.688956171274185181e-02 -5.565801858901977539e-01 8.258678913116455078e-01
2.670649909973144531e+01 1.213348865509033203e+01 1.180736064910888672e+00 -5.905332416296005249e-02 -8.153677731752395630e-02 -5.615943670272827148e-01 8.212649226188659668e-01
2.634796905517578125e+01 1.226042175292968750e+01 1.114544034004211426e+00 -5.784644559025764465e-02 -9.549488872289657593e-02 -5.656943321228027344e-01 8.170216679573059082e-01
2.600148391723632812e+01 1.241322708129882812e+01 1.069143652915954590e+00 -5.714658647775650024e-02 -1.086434796452522278e-01 -5.688309669494628906e-01 8.132417798042297363e-01
2.567318725585937500e+01 1.259790706634521484e+01 1.068994164466857910e+00 -5.699031800031661987e-02 -1.208943054080009460e-01 -5.709851384162902832e-01 8.100078105926513672e-01
2.537189483642578125e+01 1.281347370147705078e+01 1.106168150901794434e+00 -5.736044049263000488e-02 -1.322787106037139893e-01 -5.722438693046569824e-01 8.073098063468933105e-01
2.509641456604003906e+01 1.305259704589843750e+01 1.154993891716003418e+00 -5.822562798857688904e-02 -1.428574621677398682e-01 -5.727162361145019531e-01 8.051072359085083008e-01
2.484741210937500000e+01 1.331350326538085938e+01 1.202957749366760254e+00 -5.955457687377929688e-02 -1.526915282011032104e-01 -5.725067257881164551e-01 8.033521175384521484e-01
2.461967658996582031e+01 1.358885002136230469e+01 1.243236064910888672e+00 -6.131501495838165283e-02 -1.618408113718032837e-01 -5.717156529426574707e-01 8.019907474517822266e-01
2.441137123107910156e+01 1.387528991699218750e+01 1.272631764411926270e+00 -6.347452849149703979e-02 -1.703648865222930908e-01 -5.704404711723327637e-01 8.009647130966186523e-01
2.422042846679687500e+01 1.416955757141113281e+01 1.289825439453125000e+00 -6.600047647953033447e-02 -1.783230751752853394e-01 -5.687754750251770020e-01 8.002120852470397949e-01
2.404330062866210938e+01 1.446790027618408203e+01 1.297745347023010254e+00 -6.885983049869537354e-02 -1.857739984989166260e-01 -5.668135285377502441e-01 7.996679544448852539e-01
2.387725448608398438e+01 1.476791191101074219e+01 1.299146652221679688e+00 -7.201974093914031982e-02 -1.927763670682907104e-01 -5.646457672119140625e-01 7.992655634880065918e-01
2.372067832946777344e+01 1.506829357147216797e+01 1.295668959617614746e+00 -7.544714212417602539e-02 -1.993887424468994141e-01 -5.623620152473449707e-01 7.989372014999389648e-01
2.357259178161621094e+01 1.536829757690429688e+01 1.288338541984558105e+00 -7.910868525505065918e-02 -2.056688070297241211e-01 -5.600520968437194824e-01 7.986137270927429199e-01
2.343248939514160156e+01 1.566751956939697266e+01 1.277821063995361328e+00 -8.297134935855865479e-02 -2.116747647523880005e-01 -5.578046441078186035e-01 7.982252240180969238e-01
2.330181121826171875e+01 1.596638107299804688e+01 1.263983726501464844e+00 -8.700185269117355347e-02 -2.174645662307739258e-01 -5.557078123092651367e-01 7.977021336555480957e-01
2.317929077148437500e+01 1.626416015625000000e+01 1.247960209846496582e+00 -9.116681665182113647e-02 -2.230956703424453735e-01 -5.538498163223266602e-01 7.969738841056823730e-01
2.306583976745605469e+01 1.656105995178222656e+01 1.229905962944030762e+00 -9.543287754058837891e-02 -2.286255359649658203e-01 -5.523181557655334473e-01 7.959694862365722656e-01
2.296343231201171875e+01 1.685755348205566406e+01 1.209887623786926270e+00 -9.976676106452941895e-02 -2.341116964817047119e-01 -5.511994957923889160e-01 7.946177721023559570e-01
2.287284088134765625e+01 1.715358924865722656e+01 1.188079237937927246e+00 -1.041350811719894409e-01 -2.396109998226165771e-01 -5.505800843238830566e-01 7.928455471992492676e-01
2.279211425781250000e+01 1.744827651977539062e+01 1.165071368217468262e+00 -1.085041761398315430e-01 -2.451800107955932617e-01 -5.505440831184387207e-01 7.905787825584411621e-01
2.271623420715332031e+01 1.774020004272460938e+01 1.142224073410034180e+00 -1.128399223089218140e-01 -2.508744597434997559e-01 -5.511739253997802734e-01 7.877413630485534668e-01
2.263435554504394531e+01 1.802657127380371094e+01 1.122087359428405762e+00 -1.171083152294158936e-01 -2.567498087882995605e-01 -5.525498390197753906e-01 7.842536568641662598e-01
2.252956962585449219e+01 1.830130767822265625e+01 1.108764648437500000e+00 -1.212878450751304626e-01 -2.628407478332519531e-01 -5.547367334365844727e-01 7.800456285476684570e-01
2.238932609558105469e+01 1.855550956726074219e+01 1.105604171752929688e+00 -1.254083216190338135e-01 -2.691054344177246094e-01 -5.577452778816223145e-01 7.750969529151916504e-01
2.220317840576171875e+01 1.877246284484863281e+01 1.097288846969604492e+00 -1.295121163129806519e-01 -2.754818499088287354e-01 -5.615714788436889648e-01 7.693983316421508789e-01
2.198881340026855469e+01 1.895432281494140625e+01 1.072298526763916016e+00 -1.336414813995361328e-01 -2.819074094295501709e-01 -5.662098526954650879e-01 7.629381418228149414e-01
2.176229476928710938e+01 1.911155891418457031e+01 1.033485651016235352e+00 -1.378377377986907959e-01 -2.883178293704986572e-01 -5.716530084609985352e-01 7.557026743888854980e-01
2.153112792968750000e+01 1.925176239013671875e+01 9.847826957702636719e-01 -1.421418190002441406e-01 -2.946483194828033447e-01 -5.778909325599670410e-01 7.476765513420104980e-01
2.129832077026367188e+01 1.937668418884277344e+01 9.264086484909057617e-01 -1.465937495231628418e-01 -3.008327186107635498e-01 -5.849111676216125488e-01 7.388429045677185059e-01
2.106058120727539062e+01 1.950078010559082031e+01 8.644995093345642090e-01 -1.512333452701568604e-01 -3.068043589591979980e-01 -5.926992893218994141e-01 7.291825413703918457e-01
2.081630897521972656e+01 1.961699867248535156e+01 7.929357886314392090e-01 -1.560991704463958740e-01 -3.124950230121612549e-01 -6.012377142906188965e-01 7.186744809150695801e-01
2.056812858581542969e+01 1.973533821105957031e+01 7.201910018920898438e-01 -1.612288802862167358e-01 -3.178354799747467041e-01 -6.105060577392578125e-01 7.072963714599609375e-01
2.031471061706542969e+01 1.984738731384277344e+01 6.383929252624511719e-01 -1.666590273380279541e-01 -3.227555155754089355e-01 -6.204804778099060059e-01 6.950234174728393555e-01
2.005738449096679688e+01 1.996129035949707031e+01 5.551776289939880371e-01 -1.724248826503753662e-01 -3.271837830543518066e-01 -6.311332583427429199e-01 6.818293929100036621e-01
1.979599380493164062e+01 2.007426071166992188e+01 4.676409661769866943e-01 -1.785605400800704956e-01 -3.310477733612060547e-01 -6.424326896667480469e-01 6.676853299140930176e-01
1.953051757812500000e+01 2.018567848205566406e+01 3.751513659954071045e-01 -1.850975453853607178e-01 -3.342739343643188477e-01 -6.543421149253845215e-01 6.525612473487854004e-01
1.926123237609863281e+01 2.029901313781738281e+01 2.813195884227752686e-01 -1.920662373304367065e-01 -3.367878794670104980e-01 -6.668197512626647949e-01 6.364243626594543457e-01
1.898815536499023438e+01 2.041218185424804688e+01 1.838745027780532837e-01 -1.994942724704742432e-01 -3.385138511657714844e-01 -6.798182725906372070e-01 6.192393898963928223e-01
1.871133041381835938e+01 2.052529907226562500e+01 8.296020328998565674e-02 -2.074061930179595947e-01 -3.393755853176116943e-01 -6.932834982872009277e-01 6.009699702262878418e-01
1.843080711364746094e+01 2.064027595520019531e+01 -1.931396499276161194e-02 -2.158240377902984619e-01 -3.392960429191589355e-01 -7.071540355682373047e-01 5.815766453742980957e-01
1.814669227600097656e+01 2.075620269775390625e+01 -1.240270957350730896e-01 -2.247662395238876343e-01 -3.381974399089813232e-01 -7.213613390922546387e-01 5.610172152519226074e-01
1.785908317565917969e+01 2.087215805053710938e+01 -2.322766035795211792e-01 -2.342461943626403809e-01 -3.360017836093902588e-01 -7.358275055885314941e-01 5.392488241195678711e-01
1.756801986694335938e+01 2.099088287353515625e+01 -3.412335216999053955e-01 -2.449736893177032471e-01 -3.282626271247863770e-01 -7.528563737869262695e-01 5.152073502540588379e-01
1.727354621887207031e+01 2.111106491088867188e+01 -4.517712295055389404e-01 -2.556676864624023438e-01 -3.200038671493530273e-01 -7.694401741027832031e-01 4.900950789451599121e-01
1.697597312927246094e+01 2.123090744018554688e+01 -5.663708448410034180e-01 -2.662079334259033203e-01 -3.112905621528625488e-01 -7.853721976280212402e-01 4.641358256340026855e-01
1.667495346069335938e+01 2.135204505920410156e+01 -6.824780106544494629e-01 -2.764834165573120117e-01 -3.022009432315826416e-01 -8.004751205444335938e-01 4.375740885734558105e-01
1.638158226013183594e+01 2.147021865844726562e+01 -7.958447337150573730e-01 -2.863932251930236816e-01 -2.928265035152435303e-01 -8.146021962165832520e-01 4.106758236885070801e-01
1.609611320495605469e+01 2.158456993103027344e+01 -9.080346226692199707e-01 -2.958483099937438965e-01 -2.832706272602081299e-01 -8.276401162147521973e-01 3.837229311466217041e-01
1.581818103790283203e+01 2.169552612304687500e+01 -1.018133521080017090e+00 -3.047714829444885254e-01 -2.736472487449645996e-01 -8.395084142684936523e-01 3.570111393928527832e-01
1.554756069183349609e+01 2.180336380004882812e+01 -1.125470519065856934e+00 -3.130977153778076172e-01 -2.640800476074218750e-01 -8.501593470573425293e-01 3.308480978012084961e-01
1.528418445587158203e+01 2.190798759460449219e+01 -1.230203270912170410e+00 -3.207744956016540527e-01 -2.547001838684082031e-01 -8.595765829086303711e-01 3.055479526519775391e-01
1.502842044830322266e+01 2.200897407531738281e+01 -1.333909869194030762e+00 -3.277605473995208740e-01 -2.456450015306472778e-01 -8.677722215652465820e-01 2.814297676086425781e-01
1.476565361022949219e+01 2.211192893981933594e+01 -1.440354585647583008e+00 -3.340250551700592041e-01 -2.370563447475433350e-01 -8.747835755348205566e-01 2.588148713111877441e-01
1.449577140808105469e+01 2.221684455871582031e+01 -1.549536705017089844e+00 -3.395459949970245361e-01 -2.290785014629364014e-01 -8.806681632995605469e-01 2.380230575799942017e-01
1.421903514862060547e+01 2.232374954223632812e+01 -1.662404775619506836e+00 -3.443084955215454102e-01 -2.218560874462127686e-01 -8.854988217353820801e-01 2.193700373172760010e-01
1.393543910980224609e+01 2.243266105651855469e+01 -1.779232144355773926e+00 -3.483017683029174805e-01 -2.155326455831527710e-01 -8.893565535545349121e-01 2.031658291816711426e-01
1.364441108703613281e+01 2.254359817504882812e+01 -1.898849487304687500e+00 -3.515169620513916016e-01 -2.102482020854949951e-01 -8.923232555389404297e-01 1.897120326757431030e-01
1.334624004364013672e+01 2.265679168701171875e+01 -2.022033691406250000e+00 -3.539432883262634277e-01 -2.061373144388198853e-01 -8.944735527038574219e-01 1.793000102043151855e-01
1.304142284393310547e+01 2.277257347106933594e+01 -2.149926662445068359e+00 -3.555651903152465820e-01 -2.033270299434661865e-01 -8.958658576011657715e-01 1.722087264060974121e-01
1.272893047332763672e+01 2.289044380187988281e+01 -2.280668973922729492e+00 -3.563582599163055420e-01 -2.019338309764862061e-01 -8.965330719947814941e-01 1.687009483575820923e-01
1.241675758361816406e+01 2.300904655456542969e+01 -2.413762092590332031e+00 -3.562858998775482178e-01 -2.020613551139831543e-01 -8.964725136756896973e-01 1.690218448638916016e-01
1.210429859161376953e+01 2.312788963317871094e+01 -2.548295736312866211e+00 -3.552958667278289795e-01 -2.037972956895828247e-01 -8.956372737884521484e-01 1.733938306570053101e-01
1.179261970520019531e+01 2.324787139892578125e+01 -2.684495687484741211e+00 -3.506503701210021973e-01 -2.043243497610092163e-01 -8.959498405456542969e-01 1.804715543985366821e-01
1.148202133178710938e+01 2.336933135986328125e+01 -2.823891639709472656e+00 -3.445630967617034912e-01 -2.063289731740951538e-01 -8.955830931663513184e-01 1.914039552211761475e-01
1.117290496826171875e+01 2.349264526367187500e+01 -2.966517210006713867e+00 -3.371244966983795166e-01 -2.096281945705413818e-01 -8.944546580314636230e-01 2.058007717132568359e-01
1.086567401885986328e+01 2.361806106567382812e+01 -3.112741708755493164e+00 -3.284189701080322266e-01 -2.140324115753173828e-01 -8.924601078033447266e-01 2.232621163129806519e-01
1.056400871276855469e+01 2.374910163879394531e+01 -3.266184091567993164e+00 -3.185298442840576172e-01 -2.193487286567687988e-01 -8.894888162612915039e-01 2.433814108371734619e-01
1.026753616333007812e+01 2.388513183593750000e+01 -3.425551652908325195e+00 -3.075465857982635498e-01 -2.253830283880233765e-01 -8.854362964630126953e-01 2.657447159290313721e-01
9.979245185852050781e+00 2.402879905700683594e+01 -3.592998027801513672e+00 -2.955681383609771729e-01 -2.319429516792297363e-01 -8.802157640457153320e-01 2.899345159530639648e-01
9.702577590942382812e+00 2.418285560607910156e+01 -3.770086526870727539e+00 -2.827062606811523438e-01 -2.388402819633483887e-01 -8.737686872482299805e-01 3.155323863029479980e-01
9.439892768859863281e+00 2.434889030456542969e+01 -3.956634521484375000e+00 -2.690881192684173584e-01 -2.458934187889099121e-01 -8.660718798637390137e-01 3.421220183372497559e-01
9.190780639648437500e+00 2.452623939514160156e+01 -4.150399208068847656e+00 -2.548568844795227051e-01 -2.529305815696716309e-01 -8.571432828903198242e-01 3.692958950996398926e-01
8.952192306518554688e+00 2.471243667602539062e+01 -4.348281383514404297e+00 -2.401729971170425415e-01 -2.597912847995758057e-01 -8.470469713211059570e-01 3.966570496559143066e-01
8.722719192504882812e+00 2.490576553344726562e+01 -4.549349308013916016e+00 -2.252116799354553223e-01 -2.663285136222839355e-01 -8.358953595161437988e-01 4.238252043724060059e-01
8.500939369201660156e+00 2.510477447509765625e+01 -4.752847671508789062e+00 -2.101637721061706543e-01 -2.724109590053558350e-01 -8.238481283187866211e-01 4.504416584968566895e-01
8.285036087036132812e+00 2.530795860290527344e+01 -4.958056449890136719e+00 -1.952320337295532227e-01 -2.779232561588287354e-01 -8.111125230789184570e-01 4.761717915534973145e-01
8.073849678039550781e+00 2.551446723937988281e+01 -5.164551734924316406e+00 -1.806296259164810181e-01 -2.827667593955993652e-01 -7.979389429092407227e-01 5.007087588310241699e-01
7.866384029388427734e+00 2.572365570068359375e+01 -5.371998310089111328e+00 -1.665771007537841797e-01 -2.868596911430358887e-01 -7.846161723136901855e-01 5.237759351730346680e-01
7.661752700805664062e+00 2.593501472473144531e+01 -5.580121994018554688e+00 -1.532997637987136841e-01 -2.901346385478973389e-01 -7.714663147926330566e-01 5.451244711875915527e-01
7.463828086853027344e+00 2.614297866821289062e+01 -5.783818244934082031e+00 -1.410264372825622559e-01 -2.925378680229187012e-01 -7.588381767272949219e-01 5.645332336425781250e-01
7.271840572357177734e+00 2.634718132019042969e+01 -5.982874393463134766e+00 -1.299847066402435303e-01 -2.940255999565124512e-01 -7.470977306365966797e-01 5.818057656288146973e-01
7.241591453552246094e+00 2.637522315979003906e+01 -6.014012336730957031e+00 -1.204017773270606995e-01 -2.945611178874969482e-01 -7.366206645965576172e-01 5.967636704444885254e-01
