9.765507507324218750e+01 2.388477325439453125e+01 -5.252524852752685547e+00 2.134154736995697021e-01 -3.490050137042999268e-01 2.010991275310516357e-01 8.900609016418457031e-01
9.745408630371093750e+01 2.367040443420410156e+01 -5.596509456634521484e+00 2.125004380941390991e-01 -3.501599729061126709e-01 1.954364776611328125e-01 8.910869359970092773e-01
9.726367950439453125e+01 2.334691810607910156e+01 -5.818853855133056641e+00 2.099239379167556763e-01 -3.517106473445892334e-01 1.888890862464904785e-01 8.924977779388427734e-01
9.715877532958984375e+01 2.292844009399414062e+01 -5.717320919036865234e+00 2.072441726922988892e-01 -3.532963395118713379e-01 1.820989102125167847e-01 8.939079046249389648e-01
9.707247924804687500e+01 2.252010154724121094e+01 -5.570579528808593750e+00 2.044749408960342407e-01 -3.549062907695770264e-01 1.751026213169097900e-01 8.953047394752502441e-01
9.699439239501953125e+01 2.210969352722167969e+01 -5.436241149902343750e+00 2.016256153583526611e-01 -3.564185500144958496e-01 1.679224371910095215e-01 8.967245817184448242e-01
9.693273925781250000e+01 2.169371986389160156e+01 -5.323916435241699219e+00 1.987136453390121460e-01 -3.578464090824127197e-01 1.605965942144393921e-01 8.981467485427856445e-01
9.689890289306640625e+01 2.127046394348144531e+01 -5.248003959655761719e+00 1.957567930221557617e-01 -3.592518270015716553e-01 1.531698107719421387e-01 8.995312452316284180e-01
9.690679168701171875e+01 2.084420585632324219e+01 -5.226922512054443359e+00 1.927696466445922852e-01 -3.606413304805755615e-01 1.456793844699859619e-01 9.008635878562927246e-01
9.697893524169921875e+01 2.043158721923828125e+01 -5.288621902465820312e+00 1.897662580013275146e-01 -3.620241284370422363e-01 1.381627172231674194e-01 9.021299481391906738e-01
9.710467529296875000e+01 2.004772567749023438e+01 -5.404750347137451172e+00 1.867599785327911377e-01 -3.634136319160461426e-01 1.306571364402770996e-01 9.033160805702209473e-01
9.725657653808593750e+01 1.967943763732910156e+01 -5.527307033538818359e+00 1.837633848190307617e-01 -3.648258447647094727e-01 1.232002675533294678e-01 9.044085144996643066e-01
9.741675567626953125e+01 1.931209945678710938e+01 -5.627954006195068359e+00 1.807881891727447510e-01 -3.662796318531036377e-01 1.158298850059509277e-01 9.053940176963806152e-01
9.757063293457031250e+01 1.893639564514160156e+01 -5.681392669677734375e+00 1.778456121683120728e-01 -3.677963614463806152e-01 1.085844784975051880e-01 9.062594771385192871e-01
9.771294403076171875e+01 1.855615234375000000e+01 -5.693662166595458984e+00 1.749461740255355835e-01 -3.693993985652923584e-01 1.015035808086395264e-01 9.069921374320983887e-01
9.784423828125000000e+01 1.817591667175292969e+01 -5.672255516052246094e+00 1.721002012491226196e-01 -3.711125254631042480e-01 9.462787210941314697e-02 9.075805544853210449e-01
9.796522521972656250e+01 1.779844474792480469e+01 -5.623096942901611328e+00 1.693180352449417114e-01 -3.729609549045562744e-01 8.800011873245239258e-02 9.080128669738769531e-01
9.807500457763671875e+01 1.742457199096679688e+01 -5.549345016479492188e+00 1.579848527908325195e-01 -3.749196231365203857e-01 7.794874906539916992e-02 9.101648330688476562e-01
9.817363739013671875e+01 1.705674171447753906e+01 -5.451227188110351562e+00 1.453408300876617432e-01 -3.767652809619903564e-01 6.753498315811157227e-02 9.123392105102539062e-01
9.825524902343750000e+01 1.669941329956054688e+01 -5.318158626556396484e+00 1.315769851207733154e-01 -3.784501850605010986e-01 5.682172253727912903e-02 9.144583940505981445e-01
9.831526184082031250e+01 1.636000633239746094e+01 -5.143300056457519531e+00 1.168862134218215942e-01 -3.799344599246978760e-01 4.587314650416374207e-02 9.164513349533081055e-01
9.835135650634765625e+01 1.605000495910644531e+01 -4.920475959777832031e+00 1.014641374349594116e-01 -3.811869621276855469e-01 3.475350886583328247e-02 9.182557463645935059e-01
9.837444305419921875e+01 1.577169799804687500e+01 -4.661853313446044922e+00 8.550903201103210449e-02 -3.821852207183837891e-01 2.352604828774929047e-02 9.198201298713684082e-01
9.841065979003906250e+01 1.550637817382812500e+01 -4.396417617797851562e+00 6.922203302383422852e-02 -3.829154670238494873e-01 1.225216314196586609e-02 9.211046695709228516e-01
9.847109985351562500e+01 1.523436355590820312e+01 -4.148391723632812500e+00 5.280676111578941345e-02 -3.833725452423095703e-01 9.905193001031875610e-04 9.220823645591735840e-01
9.854959869384765625e+01 1.494770717620849609e+01 -3.929775953292846680e+00 3.646863251924514771e-02 -3.835595548152923584e-01 -1.020415127277374268e-02 9.227393269538879395e-01
9.863957977294921875e+01 1.464131450653076172e+01 -3.753443002700805664e+00 2.041468024253845215e-02 -3.834875524044036865e-01 -2.128014527261257172e-02 9.230751395225524902e-01
9.873245239257812500e+01 1.431838130950927734e+01 -3.621984243392944336e+00 4.851881414651870728e-03 -3.831749856472015381e-01 -3.219054639339447021e-02 9.231019020080566406e-01
9.882092285156250000e+01 1.398634529113769531e+01 -3.524678945541381836e+00 -1.001285389065742493e-02 -3.826474845409393311e-01 -4.289074987173080444e-02 9.228439927101135254e-01
9.890322113037109375e+01 1.364358139038085938e+01 -3.447368621826171875e+00 -2.397475764155387878e-02 -3.819372951984405518e-01 -5.333963036537170410e-02 9.223361611366271973e-01
9.897790527343750000e+01 1.329269790649414062e+01 -3.381749868392944336e+00 -3.683244064450263977e-02 -3.810831606388092041e-01 -6.349794566631317139e-02 9.216219186782836914e-01
9.904024505615234375e+01 1.293442249298095703e+01 -3.322960138320922852e+00 -4.838804155588150024e-02 -3.801301121711730957e-01 -7.332552969455718994e-02 9.207513332366943359e-01
9.906586456298828125e+01 1.256633186340332031e+01 -3.274065494537353516e+00 -5.845019593834877014e-02 -3.791292011737823486e-01 -8.278152346611022949e-02 9.197780489921569824e-01
9.905484008789062500e+01 1.219228458404541016e+01 -3.234210014343261719e+00 -6.683531403541564941e-02 -3.781376183032989502e-01 -9.182132780551910400e-02 9.187566041946411133e-01
9.901773071289062500e+01 1.181505107879638672e+01 -3.200744628906250000e+00 -7.336737215518951416e-02 -3.772181570529937744e-01 -1.003931909799575806e-01 9.177390336990356445e-01
9.895948791503906250e+01 1.143579196929931641e+01 -3.172486543655395508e+00 -7.788136601448059082e-02 -3.764386475086212158e-01 -1.084360778331756592e-01 9.167714715003967285e-01
9.888392639160156250e+01 1.105538558959960938e+01 -3.148542404174804688e+00 -8.022300899028778076e-02 -3.758713006973266602e-01 -1.158769279718399048e-01 9.158915877342224121e-01
9.880256652832031250e+01 1.067194461822509766e+01 -3.126072883605957031e+00 -7.979826629161834717e-02 -3.704878687858581543e-01 -1.226873472332954407e-01 9.172343015670776367e-01
9.870574188232421875e+01 1.028788757324218750e+01 -3.107438802719116211e+00 -7.708950340747833252e-02 -3.644951581954956055e-01 -1.288889944553375244e-01 9.190148115158081055e-01
9.860593414306640625e+01 9.900491714477539062e+00 -3.089566230773925781e+00 -7.230783253908157349e-02 -3.579723536968231201e-01 -1.345082968473434448e-01 9.211595058441162109e-01
9.849819183349609375e+01 9.511171340942382812e+00 -3.073601722717285156e+00 -6.566338986158370972e-02 -3.509956598281860352e-01 -1.395696103572845459e-01 9.235857129096984863e-01
9.838346099853515625e+01 9.119689941406250000e+00 -3.059272050857543945e+00 -5.736719816923141479e-02 -3.436394929885864258e-01 -1.440976411104202271e-01 9.262055754661560059e-01
9.826783752441406250e+01 8.724460601806640625e+00 -3.045060634613037109e+00 -4.763056337833404541e-02 -3.359785377979278564e-01 -1.481160074472427368e-01 9.289302825927734375e-01
9.814353179931640625e+01 8.327821731567382812e+00 -3.032792568206787109e+00 -3.666550666093826294e-02 -3.280888795852661133e-01 -1.516486555337905884e-01 9.316737651824951172e-01
9.801541900634765625e+01 7.928329467773437500e+00 -3.021249294281005859e+00 -2.468567714095115662e-02 -3.200491666793823242e-01 -1.547211408615112305e-01 9.343556761741638184e-01
9.788623809814453125e+01 7.525184154510498047e+00 -3.009729862213134766e+00 -1.190556958317756653e-02 -3.119414448738098145e-01 -1.573596596717834473e-01 9.369037747383117676e-01
9.775313568115234375e+01 7.119307518005371094e+00 -2.998857975006103516e+00 1.459401100873947144e-03 -3.038515746593475342e-01 -1.595921218395233154e-01 9.392563104629516602e-01
9.761502838134765625e+01 6.711058616638183594e+00 -2.988844871520996094e+00 1.519324630498886108e-02 -2.958697378635406494e-01 -1.614483296871185303e-01 9.413632154464721680e-01
9.747572326660156250e+01 6.299208164215087891e+00 -2.978738546371459961e+00 2.907985448837280273e-02 -2.880905568599700928e-01 -1.629598885774612427e-01 9.431873559951782227e-01
9.733520507812500000e+01 5.883756637573242188e+00 -2.968494176864624023e+00 4.290365055203437805e-02 -2.806125581264495850e-01 -1.641600131988525391e-01 9.447049498558044434e-01
9.718975067138671875e+01 5.465949535369873047e+00 -2.958914518356323242e+00 5.644953250885009766e-02 -2.735389471054077148e-01 -1.650848090648651123e-01 9.459053277969360352e-01
9.704195404052734375e+01 5.044898509979248047e+00 -2.949357271194458008e+00 6.950394064188003540e-02 -2.669759988784790039e-01 -1.657715141773223877e-01 9.467908740043640137e-01
9.689285278320312500e+01 4.620228290557861328e+00 -2.939535856246948242e+00 8.185507357120513916e-02 -2.610333263874053955e-01 -1.662588715553283691e-01 9.473749995231628418e-01
9.674243164062500000e+01 4.191921234130859375e+00 -2.929406404495239258e+00 9.329262375831604004e-02 -2.558229267597198486e-01 -1.665872335433959961e-01 9.476812481880187988e-01
9.658712768554687500e+01 3.761203527450561523e+00 -2.919701099395751953e+00 1.036082804203033447e-01 -2.514586448669433594e-01 -1.667982041835784912e-01 9.477405548095703125e-01
9.643031311035156250e+01 3.326856613159179688e+00 -2.909638404846191406e+00 1.125953495502471924e-01 -2.480552196502685547e-01 -1.669336259365081787e-01 9.475885033607482910e-01
9.627212524414062500e+01 2.888808488845825195e+00 -2.899147272109985352e+00 1.200481802225112915e-01 -2.457281798124313354e-01 -1.670351475477218628e-01 9.472619891166687012e-01
9.611143493652343750e+01 2.446956634521484375e+00 -2.887057542800903320e+00 1.203767359256744385e-01 -2.435958981513977051e-01 -1.685407757759094238e-01 9.475042819976806641e-01
9.594755554199218750e+01 2.004417657852172852e+00 -2.875407934188842773e+00 1.203660368919372559e-01 -2.427946925163269043e-01 -1.697294116020202637e-01 9.474991559982299805e-01
9.578318786621093750e+01 1.560228228569030762e+00 -2.863668441772460938e+00 1.200312823057174683e-01 -2.432285547256469727e-01 -1.706511676311492920e-01 9.472647905349731445e-01
9.561830902099609375e+01 1.114393234252929688e+00 -2.851842164993286133e+00 1.193910837173461914e-01 -2.447974383831024170e-01 -1.713430285453796387e-01 9.468165636062622070e-01
9.545191192626953125e+01 6.672766208648681641e-01 -2.840104103088378906e+00 1.184661537408828735e-01 -2.473990768194198608e-01 -1.718313694000244141e-01 9.461677074432373047e-01
9.528324127197265625e+01 2.191699147224426270e-01 -2.828592538833618164e+00 1.172789335250854492e-01 -2.509294450283050537e-01 -1.721359938383102417e-01 9.453302621841430664e-01
9.511399841308593750e+01 -2.305676192045211792e-01 -2.817004442214965820e+00 1.158533245325088501e-01 -2.552838027477264404e-01 -1.722709238529205322e-01 9.443150758743286133e-01
9.494420623779296875e+01 -6.819347739219665527e-01 -2.805341720581054688e+00 1.142147481441497803e-01 -2.603558301925659180e-01 -1.722470968961715698e-01 9.431334137916564941e-01
9.477187347412109375e+01 -1.134177207946777344e+00 -2.793889045715332031e+00 1.123897284269332886e-01 -2.660394310951232910e-01 -1.720742881298065186e-01 9.417971372604370117e-01
9.459828948974609375e+01 -1.587792992591857910e+00 -2.782461166381835938e+00 1.104057803750038147e-01 -2.722281813621520996e-01 -1.717627197504043579e-01 9.403190016746520996e-01
9.442412567138671875e+01 -2.043024778366088867e+00 -2.770968675613403320e+00 1.082913279533386230e-01 -2.788159847259521484e-01 -1.713239252567291260e-01 9.387133717536926270e-01
9.424813079833984375e+01 -2.499398231506347656e+00 -2.759537220001220703e+00 1.060751080513000488e-01 -2.856972217559814453e-01 -1.707732230424880981e-01 9.369960427284240723e-01
9.406971740722656250e+01 -2.956773519515991211e+00 -2.747943401336669922e+00 1.025261282920837402e-01 -2.925381660461425781e-01 -1.705229878425598145e-01 9.353244304656982422e-01
9.389025115966796875e+01 -3.415799379348754883e+00 -2.735760450363159180e+00 9.641832113265991211e-02 -2.990055680274963379e-01 -1.710289418697357178e-01 9.338352084159851074e-01
9.370833587646484375e+01 -3.875695705413818359e+00 -2.723625659942626953e+00 9.021721780300140381e-02 -3.054396212100982666e-01 -1.715786457061767578e-01 9.322704672813415527e-01
9.352392578125000000e+01 -4.336439132690429688e+00 -2.711567401885986328e+00 8.404169231653213501e-02 -3.117564618587493896e-01 -1.721761524677276611e-01 9.306451678276062012e-01
9.333844757080078125e+01 -4.798576354980468750e+00 -2.699523448944091797e+00 7.801126688718795776e-02 -3.178722262382507324e-01 -1.728270351886749268e-01 9.289791584014892578e-01
9.314698028564453125e+01 -5.260112285614013672e+00 -2.687727928161621094e+00 7.224560528993606567e-02 -3.237056732177734375e-01 -1.735373735427856445e-01 9.272971153259277344e-01
9.295676422119140625e+01 -5.716794490814208984e+00 -2.676144123077392578e+00 6.686446815729141235e-02 -3.291769325733184814e-01 -1.743138134479522705e-01 9.256275296211242676e-01
9.276045989990234375e+01 -6.165507793426513672e+00 -2.665030717849731445e+00 6.198798865079879761e-02 -3.342068195343017578e-01 -1.751638501882553101e-01 9.240026473999023438e-01
9.256092834472656250e+01 -6.607314109802246094e+00 -2.654275417327880859e+00 5.771269649267196655e-02 -3.387314677238464355e-01 -1.760901063680648804e-01 9.224545955657958984e-01
9.235527801513671875e+01 -7.040876388549804688e+00 -2.643942117691040039e+00 5.404127389192581177e-02 -3.427427709102630615e-01 -1.770741641521453857e-01 9.210057854652404785e-01
9.213439178466796875e+01 -7.461318016052246094e+00 -2.634140253067016602e+00 5.095286667346954346e-02 -3.462456166744232178e-01 -1.780921220779418945e-01 9.196744561195373535e-01
9.189373016357421875e+01 -7.864963054656982422e+00 -2.624826908111572266e+00 4.842653870582580566e-02 -3.492442965507507324e-01 -1.791193187236785889e-01 9.184767603874206543e-01
9.162006378173828125e+01 -8.240685462951660156e+00 -2.615963697433471680e+00 4.644101113080978394e-02 -3.517426848411560059e-01 -1.801312714815139771e-01 9.174274206161499023e-01
9.131391143798828125e+01 -8.583871841430664062e+00 -2.607221841812133789e+00 4.497501999139785767e-02 -3.537442386150360107e-01 -1.811025291681289673e-01 9.165392518043518066e-01
9.097660064697265625e+01 -8.888903617858886719e+00 -2.598846435546875000e+00 4.400717467069625854e-02 -3.552512526512145996e-01 -1.820082366466522217e-01 9.158236384391784668e-01
9.060459136962890625e+01 -9.142060279846191406e+00 -2.591856718063354492e+00 4.351598024368286133e-02 -3.562661707401275635e-01 -1.828224211931228638e-01 9.152904748916625977e-01
9.021327972412109375e+01 -9.354536056518554688e+00 -2.586344480514526367e+00 4.347963631153106689e-02 -3.567909896373748779e-01 -1.835195422172546387e-01 9.149482846260070801e-01
8.981233978271484375e+01 -9.536779403686523438e+00 -2.582114696502685547e+00 4.387690126895904541e-02 -3.568258285522460938e-01 -1.840734034776687622e-01 9.148043394088745117e-01
8.940750885009765625e+01 -9.696952819824218750e+00 -2.578943729400634766e+00 4.468575119972229004e-02 -3.563725054264068604e-01 -1.844574809074401855e-01 9.148645401000976562e-01
8.900378417968750000e+01 -9.846115112304687500e+00 -2.576337337493896484e+00 4.588461667299270630e-02 -3.554303944110870361e-01 -1.846453845500946045e-01 9.151338338851928711e-01
8.860094451904296875e+01 -9.983117103576660156e+00 -2.574370622634887695e+00 4.745171219110488892e-02 -3.539994060993194580e-01 -1.846100986003875732e-01 9.156155586242675781e-01
8.820087432861328125e+01 -1.011251449584960938e+01 -2.572836160659790039e+00 4.936508834362030029e-02 -3.520788252353668213e-01 -1.843245476484298706e-01 9.163121581077575684e-01
8.780378723144531250e+01 -1.023489189147949219e+01 -2.571691274642944336e+00 5.160275846719741821e-02 -3.496677279472351074e-01 -1.837614923715591431e-01 9.172248840332031250e-01
8.741089630126953125e+01 -1.035390377044677734e+01 -2.570723772048950195e+00 5.414281040430068970e-02 -3.467640280723571777e-01 -1.828932613134384155e-01 9.183536171913146973e-01
8.702104187011718750e+01 -1.046555614471435547e+01 -2.570204973220825195e+00 5.696298182010650635e-02 -3.433659672737121582e-01 -1.816921234130859375e-01 9.196972846984863281e-01
8.663599395751953125e+01 -1.057587909698486328e+01 -2.569711446762084961e+00 6.004102528095245361e-02 -3.394710421562194824e-01 -1.801302134990692139e-01 9.212532639503479004e-01
8.625516510009765625e+01 -1.068270683288574219e+01 -2.569389581680297852e+00 6.335464864969253540e-02 -3.350763022899627686e-01 -1.781792491674423218e-01 9.230180382728576660e-01
8.587843322753906250e+01 -1.078557872772216797e+01 -2.569267511367797852e+00 6.688109785318374634e-02 -3.301789760589599609e-01 -1.758106648921966553e-01 9.249860644340515137e-01
8.550655364990234375e+01 -1.088717460632324219e+01 -2.569152355194091797e+00 7.059814780950546265e-02 -3.247836232185363770e-01 -1.730057597160339355e-01 9.271464347839355469e-01
8.513935089111328125e+01 -1.098696231842041016e+01 -2.569084167480468750e+00 7.448467612266540527e-02 -3.189302384853363037e-01 -1.697841882705688477e-01 9.294669628143310547e-01
8.477629852294921875e+01 -1.108287811279296875e+01 -2.569214344024658203e+00 7.852000743150711060e-02 -3.126673698425292969e-01 -1.661754399538040161e-01 9.319117069244384766e-01
8.441807556152343750e+01 -1.117754650115966797e+01 -2.569354772567749023e+00 8.268323540687561035e-02 -3.060442507266998291e-01 -1.622099578380584717e-01 9.344454407691955566e-01
8.406468200683593750e+01 -1.127096652984619141e+01 -2.569507360458374023e+00 8.695362508296966553e-02 -2.991104423999786377e-01 -1.579181104898452759e-01 9.370346665382385254e-01
8.371585845947265625e+01 -1.136218929290771484e+01 -2.569744825363159180e+00 9.131045639514923096e-02 -2.919173538684844971e-01 -1.533304154872894287e-01 9.396469593048095703e-01
8.337155914306640625e+01 -1.145100116729736328e+01 -2.570085048675537109e+00 9.573319554328918457e-02 -2.845156192779541016e-01 -1.484786421060562134e-01 9.422526359558105469e-01
8.303206634521484375e+01 -1.153858375549316406e+01 -2.570438861846923828e+00 1.002013385295867920e-01 -2.769580781459808350e-01 -1.433942764997482300e-01 9.448237419128417969e-01
8.269738769531250000e+01 -1.162493133544921875e+01 -2.570806503295898438e+00 1.046946942806243896e-01 -2.692973613739013672e-01 -1.381095647811889648e-01 9.473350644111633301e-01
8.236739349365234375e+01 -1.170958232879638672e+01 -2.571225881576538086e+00 1.091932281851768494e-01 -2.615873515605926514e-01 -1.326573491096496582e-01 9.497635960578918457e-01
8.204193878173828125e+01 -1.179202651977539062e+01 -2.571737289428710938e+00 1.136770993471145630e-01 -2.538832426071166992e-01 -1.270705610513687134e-01 9.520891904830932617e-01
8.172127532958984375e+01 -1.187325191497802734e+01 -2.572259426116943359e+00 1.181268393993377686e-01 -2.462400645017623901e-01 -1.213832721114158630e-01 9.542944431304931641e-01
8.140541076660156250e+01 -1.195325660705566406e+01 -2.572790861129760742e+00 1.225234121084213257e-01 -2.387137264013290405e-01 -1.156288385391235352e-01 9.563648700714111328e-01
8.109430694580078125e+01 -1.203203296661376953e+01 -2.573329448699951172e+00 1.268477737903594971e-01 -2.313616275787353516e-01 -1.098420619964599609e-01 9.582880735397338867e-01
8.078777313232421875e+01 -1.210880374908447266e+01 -2.573945283889770508e+00 1.310817152261734009e-01 -2.242403477430343628e-01 -1.040569990873336792e-01 9.600551724433898926e-01
8.048597717285156250e+01 -1.218419361114501953e+01 -2.574576616287231445e+00 1.352068781852722168e-01 -2.174084335565567017e-01 -9.830872714519500732e-02 9.616590738296508789e-01
8.018821716308593750e+01 -1.225855922698974609e+01 -2.575206041336059570e+00 1.392057240009307861e-01 -2.109232842922210693e-01 -9.263202548027038574e-02 9.630952477455139160e-01
7.989448547363281250e+01 -1.233189678192138672e+01 -2.575828075408935547e+00 1.430608332157135010e-01 -2.048437148332595825e-01 -8.706182241439819336e-02 9.643614292144775391e-01
7.960478210449218750e+01 -1.240419387817382812e+01 -2.576442718505859375e+00 1.467550992965698242e-01 -1.992286592721939087e-01 -8.163301646709442139e-02 9.654568433761596680e-01
7.931894683837890625e+01 -1.247488975524902344e+01 -2.577108144760131836e+00 1.502718031406402588e-01 -1.941364854574203491e-01 -7.638082653284072876e-02 9.663825631141662598e-01
7.903694915771484375e+01 -1.254469203948974609e+01 -2.577364444732666016e+00 1.518882066011428833e-01 -1.894860118627548218e-01 -7.167450338602066040e-02 9.674128293991088867e-01
7.875897979736328125e+01 -1.261348819732666016e+01 -2.577600002288818359e+00 1.533193886280059814e-01 -1.854082494974136353e-01 -6.719462573528289795e-02 9.682983756065368652e-01
7.848501586914062500e+01 -1.268127632141113281e+01 -2.577817678451538086e+00 1.545791178941726685e-01 -1.818756461143493652e-01 -6.297337263822555542e-02 9.690515398979187012e-01
7.821504974365234375e+01 -1.274805164337158203e+01 -2.578019142150878906e+00 1.556793749332427979e-01 -1.788595914840698242e-01 -5.904279649257659912e-02 9.696840047836303711e-01
7.794900512695312500e+01 -1.281353282928466797e+01 -2.578258275985717773e+00 1.566306650638580322e-01 -1.763302534818649292e-01 -5.543521046638488770e-02 9.702068567276000977e-01
7.768695068359375000e+01 -1.287801265716552734e+01 -2.578482389450073242e+00 1.574415713548660278e-01 -1.742576062679290771e-01 -5.218276754021644592e-02 9.706304073333740234e-01
7.742887878417968750e+01 -1.294149112701416016e+01 -2.578693389892578125e+00 1.581192314624786377e-01 -1.726109236478805542e-01 -4.931756481528282166e-02 9.709642529487609863e-01
7.717475128173828125e+01 -1.300397205352783203e+01 -2.578892230987548828e+00 1.586692333221435547e-01 -1.713591516017913818e-01 -4.687141999602317810e-02 9.712172746658325195e-01
7.692460632324218750e+01 -1.306545352935791016e+01 -2.579080104827880859e+00 1.590958237648010254e-01 -1.704708933830261230e-01 -4.487560689449310303e-02 9.713981151580810547e-01
7.667839050292968750e+01 -1.312592029571533203e+01 -2.579298973083496094e+00 1.594016999006271362e-01 -1.699148416519165039e-01 -4.336157441139221191e-02 9.715141654014587402e-01
7.643611907958984375e+01 -1.318538570404052734e+01 -2.579511642456054688e+00 1.595885753631591797e-01 -1.696605384349822998e-01 -4.235934466123580933e-02 9.715721607208251953e-01
7.619778442382812500e+01 -1.324385738372802734e+01 -2.579716205596923828e+00 1.596568971872329712e-01 -1.696771681308746338e-01 -4.189952090382575989e-02 9.715778827667236328e-01
7.596337127685546875e+01 -1.330133056640625000e+01 -2.579912662506103516e+00 1.596062183380126953e-01 -1.699349880218505859e-01 -4.201181232929229736e-02 9.715363979339599609e-01
7.573287963867187500e+01 -1.335780239105224609e+01 -2.580102682113647461e+00 1.594352424144744873e-01 -1.704044789075851440e-01 -4.272590577602386475e-02 9.714511036872863770e-01
7.550509643554687500e+01 -1.340809535980224609e+01 -2.580582141876220703e+00 1.591419726610183716e-01 -1.710575670003890991e-01 -4.407056421041488647e-02 9.713242650032043457e-01
7.528100585937500000e+01 -1.345652580261230469e+01 -2.581105709075927734e+00 1.587237566709518433e-01 -1.718674302101135254e-01 -4.607473686337471008e-02 9.711567759513854980e-01
7.506084442138671875e+01 -1.350405693054199219e+01 -2.581618547439575195e+00 1.581776142120361328e-01 -1.728077530860900879e-01 -4.876651242375373840e-02 9.709475040435791016e-01
7.484459686279296875e+01 -1.355069828033447266e+01 -2.582122087478637695e+00 1.575002074241638184e-01 -1.738544106483459473e-01 -5.217428505420684814e-02 9.706935882568359375e-01
7.463223266601562500e+01 -1.359643745422363281e+01 -2.582616329193115234e+00 1.566880345344543457e-01 -1.749847382307052612e-01 -5.632524192333221436e-02 9.703899621963500977e-01
7.442232513427734375e+01 -1.363350296020507812e+01 -2.583511352539062500e+00 1.557375490665435791e-01 -1.761774867773056030e-01 -6.124661117792129517e-02 9.700288772583007812e-01
7.421525573730468750e+01 -1.366589069366455078e+01 -2.583841562271118164e+00 1.513005644083023071e-01 -1.771916598081588745e-01 -6.755337119102478027e-02 9.701277017593383789e-01
7.401208496093750000e+01 -1.369761180877685547e+01 -2.584049940109252930e+00 1.463079750537872314e-01 -1.782121062278747559e-01 -7.462659478187561035e-02 9.701882600784301758e-01
7.381288146972656250e+01 -1.372865486145019531e+01 -2.584138631820678711e+00 1.407851278781890869e-01 -1.792643368244171143e-01 -8.234853297472000122e-02 9.701868295669555664e-01
7.361764526367187500e+01 -1.375901794433593750e+01 -2.584109067916870117e+00 1.347578018903732300e-01 -1.803749054670333862e-01 -9.060105681419372559e-02 9.701013565063476562e-01
7.342694854736328125e+01 -1.378693580627441406e+01 -2.584043025970458984e+00 1.282523870468139648e-01 -1.815708428621292114e-01 -9.926576167345046997e-02 9.699122309684753418e-01
7.323941040039062500e+01 -1.379984378814697266e+01 -2.584575653076171875e+00 1.212961003184318542e-01 -1.828796267509460449e-01 -1.082239896059036255e-01 9.696030020713806152e-01
7.305670166015625000e+01 -1.381235599517822266e+01 -2.584974050521850586e+00 1.139167994260787964e-01 -1.843287795782089233e-01 -1.173582375049591064e-01 9.691609144210815430e-01
7.287886047363281250e+01 -1.382447719573974609e+01 -2.585242033004760742e+00 1.061432957649230957e-01 -1.859471052885055542e-01 -1.265503764152526855e-01 9.685774445533752441e-01
7.270592498779296875e+01 -1.383620357513427734e+01 -2.585385084152221680e+00 9.800495207309722900e-02 -1.877639293670654297e-01 -1.356827318668365479e-01 9.678481221199035645e-01
7.253789520263671875e+01 -1.384754371643066406e+01 -2.585407257080078125e+00 8.953204751014709473e-02 -1.898089945316314697e-01 -1.446385979652404785e-01 9.669727683067321777e-01
7.237483978271484375e+01 -1.385850048065185547e+01 -2.585315227508544922e+00 8.075517416000366211e-02 -1.921132802963256836e-01 -1.533017158508300781e-01 9.659552574157714844e-01
7.221656799316406250e+01 -1.385805892944335938e+01 -2.585648059844970703e+00 7.170577347278594971e-02 -1.947075426578521729e-01 -1.615564376115798950e-01 9.648039937019348145e-01
7.206324005126953125e+01 -1.385238742828369141e+01 -2.586112976074218750e+00 6.241527944803237915e-02 -1.976240575313568115e-01 -1.692879647016525269e-01 9.635303020477294922e-01
7.190879058837890625e+01 -1.384666442871093750e+01 -2.586545467376708984e+00 5.291555821895599365e-02 -2.008945792913436890e-01 -1.763829290866851807e-01 9.621488451957702637e-01
7.175325775146484375e+01 -1.384089565277099609e+01 -2.586950540542602539e+00 4.323846101760864258e-02 -2.045520991086959839e-01 -1.827278286218643188e-01 9.606764316558837891e-01
7.159664916992187500e+01 -1.383509731292724609e+01 -2.587332010269165039e+00 3.341564163565635681e-02 -2.086294293403625488e-01 -1.882109344005584717e-01 9.591318368911743164e-01
7.143901062011718750e+01 -1.382929134368896484e+01 -2.587693452835083008e+00 2.347865700721740723e-02 -2.131592482328414917e-01 -1.927204728126525879e-01 9.575336575508117676e-01
7.128034210205078125e+01 -1.382348632812500000e+01 -2.588036537170410156e+00 1.345854252576828003e-02 -2.181748598814010620e-01 -1.961449831724166870e-01 9.559004902839660645e-01
7.112105560302734375e+01 -1.381373023986816406e+01 -2.588545560836791992e+00 3.385677933692932129e-03 -2.237086296081542969e-01 -1.983742415904998779e-01 9.542487859725952148e-01
7.096202850341796875e+01 -1.379041194915771484e+01 -2.589668273925781250e+00 -6.709996610879898071e-03 -2.297922819852828979e-01 -1.992971450090408325e-01 9.525918364524841309e-01
7.080205535888671875e+01 -1.376699924468994141e+01 -2.590775489807128906e+00 -1.679524406790733337e-02 -2.364410012960433960e-01 -1.988320648670196533e-01 9.509361982345581055e-01
7.064112091064453125e+01 -1.374348640441894531e+01 -2.591871976852416992e+00 -2.681989036500453949e-02 -2.436054348945617676e-01 -1.970118880271911621e-01 9.492751955986022949e-01
7.047922515869140625e+01 -1.371986770629882812e+01 -2.592963218688964844e+00 -3.672966361045837402e-02 -2.512200474739074707e-01 -1.938992291688919067e-01 9.475983381271362305e-01
7.031633758544921875e+01 -1.369612979888916016e+01 -2.594054698944091797e+00 -4.646969959139823914e-02 -2.592178285121917725e-01 -1.895560622215270996e-01 9.458938837051391602e-01
7.015244293212890625e+01 -1.367226791381835938e+01 -2.595152616500854492e+00 -5.598562955856323242e-02 -2.675322890281677246e-01 -1.840458810329437256e-01 9.441500306129455566e-01
6.998754882812500000e+01 -1.364827346801757812e+01 -2.596262454986572266e+00 -6.522240489721298218e-02 -2.760967910289764404e-01 -1.774319857358932495e-01 9.423558115959167480e-01
6.982363891601562500e+01 -1.361406421661376953e+01 -2.597840547561645508e+00 -7.412555813789367676e-02 -2.848447859287261963e-01 -1.697786599397659302e-01 9.405020475387573242e-01
6.966010284423828125e+01 -1.357269477844238281e+01 -2.599757671356201172e+00 -8.264068514108657837e-02 -2.937098443508148193e-01 -1.611514687538146973e-01 9.385815858840942383e-01
6.949554443359375000e+01 -1.353103733062744141e+01 -2.601713895797729492e+00 -9.071323275566101074e-02 -3.026268482208251953e-01 -1.516165286302566528e-01 9.365897774696350098e-01
6.932996368408203125e+01 -1.348907470703125000e+01 -2.603717803955078125e+00 -9.828945994377136230e-02 -3.115307688713073730e-01 -1.412408649921417236e-01 9.345260262489318848e-01
6.916334533691406250e+01 -1.344679927825927734e+01 -2.605779647827148438e+00 -1.053160876035690308e-01 -3.203588128089904785e-01 -1.300931572914123535e-01 9.323917627334594727e-01
6.899568176269531250e+01 -1.340420341491699219e+01 -2.607910156250000000e+00 -1.117402240633964539e-01 -3.290479779243469238e-01 -1.182420849800109863e-01 9.301937818527221680e-01
6.882697296142578125e+01 -1.336128139495849609e+01 -2.610121726989746094e+00 -1.175096705555915833e-01 -3.375378847122192383e-01 -1.057577133178710938e-01 9.279412627220153809e-01
6.865719604492187500e+01 -1.331802463531494141e+01 -2.612427711486816406e+00 -1.225728169083595276e-01 -3.457688689231872559e-01 -9.271035343408584595e-02 9.256481528282165527e-01
6.848863220214843750e+01 -1.326688957214355469e+01 -2.615166187286376953e+00 -1.268793940544128418e-01 -3.536832034587860107e-01 -7.917082309722900391e-02 9.233319163322448730e-01
6.832124328613281250e+01 -1.320797824859619141e+01 -2.618348360061645508e+00 -1.303793191909790039e-01 -3.612245023250579834e-01 -6.521030515432357788e-02 9.210134744644165039e-01
6.815279388427734375e+01 -1.314861583709716797e+01 -2.621675014495849609e+00 -1.330235302448272705e-01 -3.683380186557769775e-01 -5.090008303523063660e-02 9.187171459197998047e-01
6.798330688476562500e+01 -1.308880138397216797e+01 -2.625164031982421875e+00 -1.347637623548507690e-01 -3.749708533287048340e-01 -3.631095960736274719e-02 9.164699316024780273e-01
6.781275939941406250e+01 -1.302853202819824219e+01 -2.628833770751953125e+00 -1.355526149272918701e-01 -3.810713887214660645e-01 -2.151375263929367065e-02 9.143015742301940918e-01
6.764115142822265625e+01 -1.296780776977539062e+01 -2.632703781127929688e+00 -1.353426128625869751e-01 -3.865887224674224854e-01 -6.578199565410614014e-03 9.122434854507446289e-01
6.746999359130859375e+01 -1.290704345703125000e+01 -2.637905120849609375e+00 -1.274924427270889282e-01 -3.892481625080108643e-01 1.188198477029800415e-02 9.121897816658020020e-01
6.729751586914062500e+01 -1.284566116333007812e+01 -2.643141746520996094e+00 -1.198080480098724365e-01 -3.916816115379333496e-01 2.983000129461288452e-02 9.117794036865234375e-01
6.712371826171875000e+01 -1.278367614746093750e+01 -2.648413419723510742e+00 -1.123262196779251099e-01 -3.938924968242645264e-01 4.719062149524688721e-02 9.110457897186279297e-01
6.695211029052734375e+01 -1.271198940277099609e+01 -2.654098987579345703e+00 -1.050779819488525391e-01 -3.958877325057983398e-01 6.390359997749328613e-02 9.100262522697448730e-01
6.678038787841796875e+01 -1.263649654388427734e+01 -2.659954071044921875e+00 -9.808897972106933594e-02 -3.976770043373107910e-01 7.992179691791534424e-02 9.087595343589782715e-01
6.660729980468750000e+01 -1.256037330627441406e+01 -2.665848255157470703e+00 -9.138027578592300415e-02 -3.992719948291778564e-01 9.520924091339111328e-02 9.072852730751037598e-01
6.643285369873046875e+01 -1.248364448547363281e+01 -2.671780586242675781e+00 -8.496888726949691772e-02 -4.006853699684143066e-01 1.097392439842224121e-01 9.056426882743835449e-01
6.625704193115234375e+01 -1.240633010864257812e+01 -2.677751302719116211e+00 -7.886866480112075806e-02 -4.019306004047393799e-01 1.234923154115676880e-01 9.038700461387634277e-01
6.607984924316406250e+01 -1.232845211029052734e+01 -2.683760643005371094e+00 -7.309084385633468628e-02 -4.030213356018066406e-01 1.364545822143554688e-01 9.020041823387145996e-01
6.590127563476562500e+01 -1.225002861022949219e+01 -2.689808368682861328e+00 -6.764476001262664795e-02 -4.039711058139801025e-01 1.486161798238754272e-01 9.000803232192993164e-01
6.572132110595703125e+01 -1.217107105255126953e+01 -2.695894718170166016e+00 -6.253833323717117310e-02 -4.047930836677551270e-01 1.599698662757873535e-01 8.981319665908813477e-01
6.553998565673828125e+01 -1.209160614013671875e+01 -2.702019691467285156e+00 -5.777838081121444702e-02 -4.054998457431793213e-01 1.705103218555450439e-01 8.961905837059020996e-01
6.535780334472656250e+01 -1.201048278808593750e+01 -2.708232164382934570e+00 -5.337120592594146729e-02 -4.061034321784973145e-01 1.802330166101455688e-01 8.942860364913940430e-01
6.517750549316406250e+01 -1.192171859741210938e+01 -2.714788436889648438e+00 -4.932261258363723755e-02 -4.066150188446044922e-01 1.891336888074874878e-01 8.924460411071777344e-01
6.499584197998046875e+01 -1.183243656158447266e+01 -2.721385240554809570e+00 -4.563827812671661377e-02 -4.070450067520141602e-01 1.972079128026962280e-01 8.906965851783752441e-01
6.481283569335937500e+01 -1.174264335632324219e+01 -2.728022813796997070e+00 -4.232388734817504883e-02 -4.074029624462127686e-01 2.044506818056106567e-01 8.890621066093444824e-01
6.462846374511718750e+01 -1.165235328674316406e+01 -2.734701156616210938e+00 -3.938500583171844482e-02 -4.076975286006927490e-01 2.108563631772994995e-01 8.875646591186523438e-01
6.444274139404296875e+01 -1.156157970428466797e+01 -2.741420269012451172e+00 -3.682745993137359619e-02 -4.079365134239196777e-01 2.164183557033538818e-01 8.862248659133911133e-01
6.425566101074218750e+01 -1.147032642364501953e+01 -2.748179912567138672e+00 -3.465712070465087891e-02 -4.081266522407531738e-01 2.211291193962097168e-01 8.850612044334411621e-01
6.407089233398437500e+01 -1.138036060333251953e+01 -2.754849195480346680e+00 -3.287981450557708740e-02 -4.082736372947692871e-01 2.249805778264999390e-01 8.840900063514709473e-01
6.388875198364257812e+01 -1.129163074493408203e+01 -2.761739730834960938e+00 -2.984096109867095947e-02 -4.079237282276153564e-01 2.287579327821731567e-01 8.833897709846496582e-01
6.370884704589843750e+01 -1.120420646667480469e+01 -2.768472433090209961e+00 -2.752025425434112549e-02 -4.076893925666809082e-01 2.315583080053329468e-01 8.828436136245727539e-01
6.353122329711914062e+01 -1.111807632446289062e+01 -2.775047779083251953e+00 -2.588041126728057861e-02 -4.074879288673400879e-01 2.335098981857299805e-01 8.824719786643981934e-01
6.335855865478515625e+01 -1.102793216705322266e+01 -2.781714677810668945e+00 -2.483589947223663330e-02 -4.073475599288940430e-01 2.347036749124526978e-01 8.822501301765441895e-01
6.318828964233398438e+01 -1.093894004821777344e+01 -2.788244485855102539e+00 -2.431382983922958374e-02 -4.072649776935577393e-01 2.352390587329864502e-01 8.821601867675781250e-01
6.302033233642578125e+01 -1.085129833221435547e+01 -2.794635057449340820e+00 -2.424096316099166870e-02 -4.072345793247222900e-01 2.352155447006225586e-01 8.821825385093688965e-01
6.285471725463867188e+01 -1.076499938964843750e+01 -2.800891399383544922e+00 -2.454449981451034546e-02 -4.072497487068176270e-01 2.347321659326553345e-01 8.822958469390869141e-01
6.269146728515625000e+01 -1.068003368377685547e+01 -2.807021141052246094e+00 -2.515204995870590210e-02 -4.073030948638916016e-01 2.338878512382507324e-01 8.824783563613891602e-01
6.253062438964843750e+01 -1.059638690948486328e+01 -2.813030719757080078e+00 -2.599116414785385132e-02 -4.073869585990905762e-01 2.327815592288970947e-01 8.827077746391296387e-01
6.237220001220703125e+01 -1.051404476165771484e+01 -2.818926095962524414e+00 -2.698920667171478271e-02 -4.074938893318176270e-01 2.315122783184051514e-01 8.829622268676757812e-01
6.221623229980468750e+01 -1.043300247192382812e+01 -2.824713945388793945e+00 -2.807434648275375366e-02 -4.076169729232788086e-01 2.301789075136184692e-01 8.832201957702636719e-01
6.206274795532226562e+01 -1.035324668884277344e+01 -2.830400228500366211e+00 -2.917389571666717529e-02 -4.077496230602264404e-01 2.288807779550552368e-01 8.834607005119323730e-01
6.190220642089843750e+01 -1.026977729797363281e+01 -2.836354494094848633e+00 -3.021588176488876343e-02 -4.078861773014068604e-01 2.277169227600097656e-01 8.836632966995239258e-01
6.173463821411132812e+01 -1.018258285522460938e+01 -2.842583656311035156e+00 -3.112775832414627075e-02 -4.080213904380798340e-01 2.267866432666778564e-01 8.838084340095520020e-01
6.156015396118164062e+01 -1.009150886535644531e+01 -2.849099874496459961e+00 -3.183718025684356689e-02 -4.081503450870513916e-01 2.261892259120941162e-01 8.838768005371093750e-01
6.138090515136718750e+01 -9.992592811584472656e+00 -2.856109142303466797e+00 -3.227136284112930298e-02 -4.082683026790618896e-01 2.260237038135528564e-01 8.838488459587097168e-01
6.119484329223632812e+01 -9.889750480651855469e+00 -2.863450527191162109e+00 -3.219431638717651367e-02 -4.083282947540283203e-01 2.264645397663116455e-01 8.837110400199890137e-01
6.100195693969726562e+01 -9.782982826232910156e+00 -2.871099472045898438e+00 -3.170044720172882080e-02 -4.083669483661651611e-01 2.275331914424896240e-01 8.834365010261535645e-01
6.080223083496093750e+01 -9.672277450561523438e+00 -2.879025697708129883e+00 -3.091257810592651367e-02 -4.084273278713226318e-01 2.292370498180389404e-01 8.829959034919738770e-01
6.059568786621093750e+01 -9.557631492614746094e+00 -2.887228727340698242e+00 -2.979267388582229614e-02 -4.085105359554290771e-01 2.316570878028869629e-01 8.823640942573547363e-01
6.038249206542968750e+01 -9.438977241516113281e+00 -2.895755767822265625e+00 -2.810065448284149170e-02 -4.077089726924896240e-01 2.353559583425521851e-01 8.818113803863525391e-01
6.016255569458007812e+01 -9.316342353820800781e+00 -2.904591560363769531e+00 -2.589625865221023560e-02 -4.067185819149017334e-01 2.399820238351821899e-01 8.810890913009643555e-01
5.993584442138671875e+01 -9.189728736877441406e+00 -2.913727045059204102e+00 -2.324628829956054688e-02 -4.055428802967071533e-01 2.454915046691894531e-01 8.801866769790649414e-01
5.970233154296875000e+01 -9.059133529663085938e+00 -2.923152685165405273e+00 -2.021664381027221680e-02 -4.041844904422760010e-01 2.518402338027954102e-01 8.790920376777648926e-01
5.946339797973632812e+01 -8.922116279602050781e+00 -2.933001279830932617e+00 -1.687411963939666748e-02 -4.026469290256500244e-01 2.589828670024871826e-01 8.777918815612792969e-01
5.921882629394531250e+01 -8.778988838195800781e+00 -2.943245887756347656e+00 -1.328516006469726562e-02 -4.009320735931396484e-01 2.668744921684265137e-01 8.762733340263366699e-01
5.896747970581054688e+01 -8.631735801696777344e+00 -2.953760385513305664e+00 -9.516611695289611816e-03 -3.990433514118194580e-01 2.754690945148468018e-01 8.745231032371520996e-01
5.870933151245117188e+01 -8.480356216430664062e+00 -2.964536428451538086e+00 -5.635231733322143555e-03 -3.969830572605133057e-01 2.847209870815277100e-01 8.725288510322570801e-01
5.844436264038085938e+01 -8.324841499328613281e+00 -2.975564718246459961e+00 -1.707956194877624512e-03 -3.947551548480987549e-01 2.945844531059265137e-01 8.702788949012756348e-01
5.817255783081054688e+01 -8.165192604064941406e+00 -2.986836433410644531e+00 2.198010683059692383e-03 -3.923636674880981445e-01 3.050133883953094482e-01 8.677631020545959473e-01
5.789388656616210938e+01 -8.001410484313964844e+00 -2.998342752456665039e+00 6.016209721565246582e-03 -3.898136019706726074e-01 3.159615397453308105e-01 8.649725317955017090e-01
5.760885620117187500e+01 -7.832600116729736328e+00 -3.010139465332031250e+00 9.679004549980163574e-03 -3.871101438999176025e-01 3.273837268352508545e-01 8.619002699851989746e-01
5.731898880004882812e+01 -7.656167030334472656e+00 -3.022404909133911133e+00 1.311986148357391357e-02 -3.842603266239166260e-01 3.392338454723358154e-01 8.585407733917236328e-01
5.702224349975585938e+01 -7.475500106811523438e+00 -3.034887075424194336e+00 1.627193391323089600e-02 -3.812710940837860107e-01 3.514666557312011719e-01 8.548910617828369141e-01
5.671863174438476562e+01 -7.290597915649414062e+00 -3.047576189041137695e+00 1.906824111938476562e-02 -3.781512379646301270e-01 3.640367388725280762e-01 8.509496450424194336e-01
5.640811538696289062e+01 -7.101471900939941406e+00 -3.060464382171630859e+00 2.144314348697662354e-02 -3.749093711376190186e-01 3.769000172615051270e-01 8.467168807983398438e-01
5.609067916870117188e+01 -6.908117294311523438e+00 -3.073544263839721680e+00 2.332974970340728760e-02 -3.715556859970092773e-01 3.900119066238403320e-01 8.421952128410339355e-01
5.576685333251953125e+01 -6.709662914276123047e+00 -3.086892366409301758e+00 2.466325461864471436e-02 -3.681008517742156982e-01 4.033290147781372070e-01 8.373883962631225586e-01
5.543809127807617188e+01 -6.503676414489746094e+00 -3.100733041763305664e+00 2.537828683853149414e-02 -3.645560145378112793e-01 4.168076217174530029e-01 8.323017954826354980e-01
5.510242080688476562e+01 -6.293403148651123047e+00 -3.114751815795898438e+00 2.541005611419677734e-02 -3.609329462051391602e-01 4.304051995277404785e-01 8.269419670104980469e-01
5.476031494140625000e+01 -6.078530311584472656e+00 -3.129613637924194336e+00 2.766345441341400146e-02 -3.556487858295440674e-01 4.453477561473846436e-01 8.212271332740783691e-01
5.441131210327148438e+01 -5.859345436096191406e+00 -3.144758224487304688e+00 2.952376008033752441e-02 -3.500306904315948486e-01 4.603696465492248535e-01 8.152707815170288086e-01
5.405609893798828125e+01 -5.634721755981445312e+00 -3.160347938537597656e+00 3.095668554306030273e-02 -3.441416919231414795e-01 4.753209352493286133e-01 8.091218471527099609e-01
5.369578933715820312e+01 -5.402888298034667969e+00 -3.176633119583129883e+00 3.194528818130493164e-02 -3.380515277385711670e-01 4.900621473789215088e-01 8.028323054313659668e-01
5.332854843139648438e+01 -5.166781902313232422e+00 -3.193224430084228516e+00 3.248976171016693115e-02 -3.318347036838531494e-01 5.044658780097961426e-01 7.964572906494140625e-01
5.295437240600585938e+01 -4.926437854766845703e+00 -3.210128784179687500e+00 3.260694444179534912e-02 -3.255689740180969238e-01 5.184164643287658691e-01 7.900544404983520508e-01
5.257411575317382812e+01 -4.680551528930664062e+00 -3.227622509002685547e+00 3.232932090759277344e-02 -3.193345665931701660e-01 5.318087935447692871e-01 7.836833596229553223e-01
5.218886947631835938e+01 -4.427471637725830078e+00 -3.246054649353027344e+00 3.170302510261535645e-02 -3.132119476795196533e-01 5.445491075515747070e-01 7.774055600166320801e-01
5.179673385620117188e+01 -4.170185565948486328e+00 -3.264829635620117188e+00 3.078661859035491943e-02 -3.072816133499145508e-01 5.565530657768249512e-01 7.712838053703308105e-01
5.139879608154296875e+01 -3.907093524932861328e+00 -3.284226655960083008e+00 2.964790165424346924e-02 -3.016225397586822510e-01 5.677445530891418457e-01 7.653828263282775879e-01
5.099728012084960938e+01 -3.634914398193359375e+00 -3.304809570312500000e+00 2.836224436759948730e-02 -2.963118553161621094e-01 5.780538916587829590e-01 7.597687244415283203e-01
5.058895492553710938e+01 -3.358517885208129883e+00 -3.325764656066894531e+00 2.700941264629364014e-02 -2.914237678050994873e-01 5.874168872833251953e-01 7.545091509819030762e-01
5.018457412719726562e+01 -3.072368144989013672e+00 -3.348050355911254883e+00 2.567198872566223145e-02 -2.870302200317382812e-01 5.957720875740051270e-01 7.496732473373413086e-01
4.977949523925781250e+01 -2.783244609832763672e+00 -3.370711565017700195e+00 2.443185448646545410e-02 -2.831998765468597412e-01 6.030597686767578125e-01 7.453318834304809570e-01
4.938213348388671875e+01 -2.479835033416748047e+00 -3.394943714141845703e+00 2.336758375167846680e-02 -2.799977958202362061e-01 6.092190146446228027e-01 7.415574789047241211e-01
4.899956512451171875e+01 -2.167617082595825195e+00 -3.419911384582519531e+00 2.255219221115112305e-02 -2.774860560894012451e-01 6.141854524612426758e-01 7.384234070777893066e-01
4.863962173461914062e+01 -1.838690161705017090e+00 -3.445757389068603516e+00 2.204957604408264160e-02 -2.757233381271362305e-01 6.178893446922302246e-01 7.360048890113830566e-01
4.831574249267578125e+01 -1.482504844665527344e+00 -3.471794366836547852e+00 2.191202342510223389e-02 -2.747651040554046631e-01 6.202526688575744629e-01 7.343776226043701172e-01
4.804421615600585938e+01 -1.091981172561645508e+00 -3.494234561920166016e+00 2.217505127191543579e-02 -2.746624052524566650e-01 6.211859583854675293e-01 7.336189150810241699e-01
4.780610275268554688e+01 -6.870117187500000000e-01 -3.510701894760131836e+00 2.285488694906234741e-02 -2.754623889923095703e-01 6.205862164497375488e-01 7.338057756423950195e-01
4.759894943237304688e+01 -2.697241008281707764e-01 -3.523494720458984375e+00 3.131413459777832031e-02 -2.709600925445556641e-01 6.211248636245727539e-01 7.347136139869689941e-01
4.741512680053710938e+01 1.536303609609603882e-01 -3.531826019287109375e+00 4.118385910987854004e-02 -2.664694488048553467e-01 6.204804778099060059e-01 7.364115715026855469e-01
4.724714279174804688e+01 5.788512825965881348e-01 -3.536575794219970703e+00 5.233011394739151001e-02 -2.620026469230651855e-01 6.187282800674438477e-01 7.387769222259521484e-01
4.708480834960937500e+01 1.001594185829162598e+00 -3.538683891296386719e+00 6.461809575557708740e-02 -2.575710713863372803e-01 6.159420609474182129e-01 7.416851520538330078e-01
4.692084503173828125e+01 1.419427514076232910e+00 -3.539755105972290039e+00 7.791209220886230469e-02 -2.531867921352386475e-01 6.121962666511535645e-01 7.450113296508789062e-01
4.675113677978515625e+01 1.830715298652648926e+00 -3.542746543884277344e+00 9.207461774349212646e-02 -2.488632649183273315e-01 6.075677275657653809e-01 7.486325502395629883e-01
4.657501983642578125e+01 2.235062122344970703e+00 -3.549578666687011719e+00 1.069680899381637573e-01 -2.446148693561553955e-01 6.021379232406616211e-01 7.524303197860717773e-01
4.639607620239257812e+01 2.633939266204833984e+00 -3.560088396072387695e+00 1.224540248513221741e-01 -2.404590547084808350e-01 5.959933996200561523e-01 7.562910914421081543e-01
4.621867752075195312e+01 3.029282093048095703e+00 -3.573951959609985352e+00 1.383939534425735474e-01 -2.364147156476974487e-01 5.892274379730224609e-01 7.601092457771301270e-01
4.604631423950195312e+01 3.422609806060791016e+00 -3.591895103454589844e+00 1.546497792005538940e-01 -2.325049042701721191e-01 5.819398164749145508e-01 7.637872695922851562e-01
4.588548660278320312e+01 3.816407442092895508e+00 -3.616718769073486328e+00 1.710840463638305664e-01 -2.287548184394836426e-01 5.742382407188415527e-01 7.672365903854370117e-01
4.572820281982421875e+01 4.206859111785888672e+00 -3.651249408721923828e+00 1.875610947608947754e-01 -2.251926511526107788e-01 5.662377476692199707e-01 7.703790664672851562e-01
4.545450973510742188e+01 4.512282848358154297e+00 -3.669387817382812500e+00 2.039469629526138306e-01 -2.218502312898635864e-01 5.580608844757080078e-01 7.731468677520751953e-01
4.506269454956054688e+01 4.642617225646972656e+00 -3.645463228225708008e+00 2.201102375984191895e-01 -2.187619507312774658e-01 5.498372912406921387e-01 7.754828333854675293e-01
4.466200256347656250e+01 4.731988430023193359e+00 -3.616837739944458008e+00 2.359223961830139160e-01 -2.159648388624191284e-01 5.417032837867736816e-01 7.773399353027343750e-01
4.426620483398437500e+01 4.827578067779541016e+00 -3.593842744827270508e+00 2.512581050395965576e-01 -2.134986221790313721e-01 5.338008403778076172e-01 7.786812186241149902e-01
4.387798690795898438e+01 4.938586235046386719e+00 -3.577908754348754883e+00 2.659957706928253174e-01 -2.114059031009674072e-01 5.262770056724548340e-01 7.794782519340515137e-01
4.350254440307617188e+01 5.063324928283691406e+00 -3.568370342254638672e+00 2.800170779228210449e-01 -2.097303867340087891e-01 5.192832350730895996e-01 7.797105908393859863e-01
4.313942718505859375e+01 5.198195457458496094e+00 -3.563619375228881836e+00 2.932070493698120117e-01 -2.085179090499877930e-01 5.129733085632324219e-01 7.793640494346618652e-01
4.278734588623046875e+01 5.338420391082763672e+00 -3.561772346496582031e+00 3.054537177085876465e-01 -2.078148126602172852e-01 5.075035095214843750e-01 7.784286737442016602e-01
4.244565200805664062e+01 5.479376316070556641e+00 -3.559373617172241211e+00 3.054213523864746094e-01 -2.148891687393188477e-01 4.999434649944305420e-01 7.814070582389831543e-01
4.211390686035156250e+01 5.622238636016845703e+00 -3.558749914169311523e+00 3.056148886680603027e-01 -2.215125262737274170e-01 4.935598969459533691e-01 7.835369706153869629e-01
4.179133224487304688e+01 5.765056133270263672e+00 -3.559156417846679688e+00 3.060402870178222656e-01 -2.277064174413681030e-01 4.882889986038208008e-01 7.848967313766479492e-01
4.147766113281250000e+01 5.907131195068359375e+00 -3.560338020324707031e+00 3.066936731338500977e-01 -2.334768027067184448e-01 4.840649664402008057e-01 7.855625748634338379e-01
4.117301559448242188e+01 6.048673629760742188e+00 -3.562313079833984375e+00 3.075631856918334961e-01 -2.388162612915039062e-01 4.808207154273986816e-01 7.856100797653198242e-01
4.087710952758789062e+01 6.188977718353271484e+00 -3.564782619476318359e+00 3.086290359497070312e-01 -2.437051534652709961e-01 4.784879684448242188e-01 7.851147055625915527e-01
4.058955383300781250e+01 6.327203750610351562e+00 -3.567495584487915039e+00 3.098645806312561035e-01 -2.481140941381454468e-01 4.769968092441558838e-01 7.841538786888122559e-01
4.031049728393554688e+01 6.463632106781005859e+00 -3.570474863052368164e+00 3.112361431121826172e-01 -2.520064711570739746e-01 4.762755036354064941e-01 7.828068137168884277e-01
4.003988265991210938e+01 6.598116397857666016e+00 -3.573559999465942383e+00 3.127029538154602051e-01 -2.553398609161376953e-01 4.762488007545471191e-01 7.811565399169921875e-01
3.977737808227539062e+01 6.729990482330322266e+00 -3.576689958572387695e+00 3.142167329788208008e-01 -2.580693960189819336e-01 4.768371880054473877e-01 7.792909741401672363e-01
3.952307510375976562e+01 6.859413146972656250e+00 -3.579894304275512695e+00 3.157217502593994141e-01 -2.601498961448669434e-01 4.779550433158874512e-01 7.773035168647766113e-01
3.927696990966796875e+01 6.986394405364990234e+00 -3.583318948745727539e+00 3.164916634559631348e-01 -2.600029110908508301e-01 4.795688986778259277e-01 7.760446071624755859e-01
3.903665542602539062e+01 7.111510276794433594e+00 -3.586816310882568359e+00 3.171447217464447021e-01 -2.592058777809143066e-01 4.815195798873901367e-01 7.748356461524963379e-01
3.880213928222656250e+01 7.234758377075195312e+00 -3.590352773666381836e+00 3.178632259368896484e-01 -2.583242952823638916e-01 4.836691915988922119e-01 7.734957337379455566e-01
3.857352828979492188e+01 7.356326580047607422e+00 -3.593976974487304688e+00 3.186033964157104492e-01 -2.574108839035034180e-01 4.858873188495635986e-01 7.721042037010192871e-01
3.835059356689453125e+01 7.475754261016845703e+00 -3.597646474838256836e+00 3.193180263042449951e-01 -2.565238475799560547e-01 4.880327582359313965e-01 7.707499861717224121e-01
3.813323211669921875e+01 7.592845439910888672e+00 -3.601352453231811523e+00 3.199572563171386719e-01 -2.557260692119598389e-01 4.899548292160034180e-01 7.695295214653015137e-01
3.792132186889648438e+01 7.707336425781250000e+00 -3.605206727981567383e+00 3.197904229164123535e-01 -2.535790205001831055e-01 4.915637969970703125e-01 7.692834138870239258e-01
3.771469497680664062e+01 7.818926334381103516e+00 -3.609265565872192383e+00 3.184146881103515625e-01 -2.494020462036132812e-01 4.927265346050262451e-01 7.704746723175048828e-01
3.751324844360351562e+01 7.927381038665771484e+00 -3.613358736038208008e+00 3.162919878959655762e-01 -2.444115579128265381e-01 4.932134151458740234e-01 7.726336717605590820e-01
3.731690597534179688e+01 8.030794143676757812e+00 -3.614389657974243164e+00 3.038651347160339355e-01 -2.446454763412475586e-01 4.899185299873352051e-01 7.796116471290588379e-01
3.712607955932617188e+01 8.131822586059570312e+00 -3.612923622131347656e+00 2.901608943939208984e-01 -2.443788945674896240e-01 4.857345223426818848e-01 7.874944210052490234e-01
3.694112777709960938e+01 8.231052398681640625e+00 -3.607277154922485352e+00 2.753041982650756836e-01 -2.436482012271881104e-01 4.807239174842834473e-01 7.960826754570007324e-01
3.676250457763671875e+01 8.329019546508789062e+00 -3.595731019973754883e+00 2.594237029552459717e-01 -2.424908578395843506e-01 4.749533534049987793e-01 8.051812648773193359e-01
3.659073257446289062e+01 8.426071166992187500e+00 -3.576941967010498047e+00 2.426534593105316162e-01 -2.409483045339584351e-01 4.684951603412628174e-01 8.146014809608459473e-01
3.642626953125000000e+01 8.522246360778808594e+00 -3.550356388092041016e+00 2.251326441764831543e-01 -2.390644550323486328e-01 4.614289402961730957e-01 8.241643309593200684e-01
3.626943969726562500e+01 8.617348670959472656e+00 -3.516102313995361328e+00 2.070063650608062744e-01 -2.368876934051513672e-01 4.538421928882598877e-01 8.337024450302124023e-01
3.611900711059570312e+01 8.710161209106445312e+00 -3.478057146072387695e+00 1.884252429008483887e-01 -2.344707697629928589e-01 4.458313882350921631e-01 8.430622220039367676e-01
3.597407150268554688e+01 8.800037384033203125e+00 -3.438688993453979492e+00 1.695450544357299805e-01 -2.318706959486007690e-01 4.375016689300537109e-01 8.521049618721008301e-01
3.583395385742187500e+01 8.886541366577148438e+00 -3.399623394012451172e+00 1.505260467529296875e-01 -2.291489839553833008e-01 4.289672970771789551e-01 8.607087731361389160e-01
3.569823074340820312e+01 8.969515800476074219e+00 -3.362148284912109375e+00 1.315326094627380371e-01 -2.263722419738769531e-01 4.203510880470275879e-01 8.687690496444702148e-01
3.556687927246093750e+01 9.049015045166015625e+00 -3.326617956161499023e+00 1.127312853932380676e-01 -2.236102968454360962e-01 4.117836952209472656e-01 8.761987090110778809e-01
3.543993759155273438e+01 9.125106811523437500e+00 -3.293129920959472656e+00 9.429097175598144531e-02 -2.209374457597732544e-01 4.034034013748168945e-01 8.829278945922851562e-01
3.531702423095703125e+01 9.197445869445800781e+00 -3.262656211853027344e+00 7.638097554445266724e-02 -2.184311449527740479e-01 3.953547179698944092e-01 8.889029622077941895e-01
3.519899368286132812e+01 9.266790390014648438e+00 -3.233745574951171875e+00 5.917087197303771973e-02 -2.161720395088195801e-01 3.877872526645660400e-01 8.940858244895935059e-01
3.508501052856445312e+01 9.332323074340820312e+00 -3.208277463912963867e+00 4.282924905419349670e-02 -2.142429351806640625e-01 3.808550536632537842e-01 8.984514474868774414e-01
3.497626495361328125e+01 9.395121574401855469e+00 -3.183931112289428711e+00 2.752226591110229492e-02 -2.127279937267303467e-01 3.747149109840393066e-01 9.019855260848999023e-01
3.487184906005859375e+01 9.454238891601562500e+00 -3.162896633148193359e+00 1.341482996940612793e-02 -2.117132395505905151e-01 3.695251345634460449e-01 9.046815037727355957e-01
3.477268218994140625e+01 9.510550498962402344e+00 -3.143210411071777344e+00 6.692558526992797852e-04 -2.112851738929748535e-01 3.654444217681884766e-01 9.065365195274353027e-01
3.467878723144531250e+01 9.563995361328125000e+00 -3.124988317489624023e+00 -1.055527478456497192e-02 -2.115292698144912720e-01 3.626308441162109375e-01 9.075477123260498047e-01
3.458982467651367188e+01 9.614170074462890625e+00 -3.109051465988159180e+00 -2.014584839344024658e-02 -2.125070542097091675e-01 3.611984252929687500e-01 9.077282547950744629e-01
3.450634384155273438e+01 9.661649703979492188e+00 -3.094149351119995117e+00 -2.816748619079589844e-02 -2.141807228326797485e-01 3.610914349555969238e-01 9.071638584136962891e-01
3.442832565307617188e+01 9.706401824951171875e+00 -3.080271244049072266e+00 -3.472921997308731079e-02 -2.164847254753112793e-01 3.622061908245086670e-01 9.059441685676574707e-01
3.435535430908203125e+01 9.747922897338867188e+00 -3.068245172500610352e+00 -3.994045406579971313e-02 -2.193505167961120605e-01 3.644329011440277100e-01 9.041453599929809570e-01
3.428776168823242188e+01 9.786631584167480469e+00 -3.057257890701293945e+00 -4.391074180603027344e-02 -2.227065116167068481e-01 3.676580786705017090e-01 9.018321633338928223e-01
3.422558593750000000e+01 9.822572708129882812e+00 -3.047180175781250000e+00 -4.674895107746124268e-02 -2.264798283576965332e-01 3.717646002769470215e-01 8.990620374679565430e-01
3.416879653930664062e+01 9.855724334716796875e+00 -3.037995815277099609e+00 -4.856367409229278564e-02 -2.305958867073059082e-01 3.766337037086486816e-01 8.958874344825744629e-01
3.411728286743164062e+01 9.885968208312988281e+00 -3.029844522476196289e+00 -4.946458339691162109e-02 -2.349798977375030518e-01 3.821450173854827881e-01 8.923580050468444824e-01
3.407093811035156250e+01 9.913174629211425781e+00 -3.022882223129272461e+00 -4.956007003784179688e-02 -2.395560741424560547e-01 3.881784677505493164e-01 8.885235786437988281e-01
3.402991485595703125e+01 9.937576293945312500e+00 -3.016713142395019531e+00 -4.895954579114913940e-02 -2.442501336336135864e-01 3.946135342121124268e-01 8.844348192214965820e-01
3.399419403076171875e+01 9.959157943725585938e+00 -3.011322975158691406e+00 -4.777163267135620117e-02 -2.489875555038452148e-01 4.013316631317138672e-01 8.801455497741699219e-01
3.396374893188476562e+01 9.977900505065917969e+00 -3.006698608398437500e+00 -4.610573500394821167e-02 -2.536948025226593018e-01 4.082154333591461182e-01 8.757130503654479980e-01
3.393805694580078125e+01 9.994061470031738281e+00 -3.002763509750366211e+00 -4.407117515802383423e-02 -2.582996189594268799e-01 4.151496589183807373e-01 8.712001442909240723e-01
3.391709136962890625e+01 1.000761985778808594e+01 -2.999506711959838867e+00 -4.177758097648620605e-02 -2.627314031124114990e-01 4.220215082168579102e-01 8.666744828224182129e-01
3.390083694458007812e+01 1.001855373382568359e+01 -2.996918916702270508e+00 -3.933435678482055664e-02 -2.669213414192199707e-01 4.287204146385192871e-01 8.622091412544250488e-01
3.388927078247070312e+01 1.002684020996093750e+01 -2.994992017745971680e+00 -3.685088455677032471e-02 -2.708017826080322266e-01 4.351388514041900635e-01 8.578826189041137695e-01
3.388237380981445312e+01 1.003245830535888672e+01 -2.993719100952148438e+00 -3.443689644336700439e-02 -2.743064165115356445e-01 4.411715865135192871e-01 8.537785410881042480e-01
3.388012313842773438e+01 1.003538036346435547e+01 -2.993093490600585938e+00 -3.220125287771224976e-02 -2.773710489273071289e-01 4.467156827449798584e-01 8.499844074249267578e-01
3.387107467651367188e+01 1.004188156127929688e+01 -2.991612195968627930e+00 -3.025347739458084106e-02 -2.799316644668579102e-01 4.516703188419342041e-01 8.465913534164428711e-01
3.385521316528320312e+01 1.005193614959716797e+01 -2.989270448684692383e+00 -2.870251983404159546e-02 -2.819257974624633789e-01 4.559355974197387695e-01 8.436923027038574219e-01
3.383255386352539062e+01 1.006545162200927734e+01 -2.986420154571533203e+00 -2.681750059127807617e-02 -2.828655242919921875e-01 4.597136974334716797e-01 8.413864970207214355e-01
3.380300140380859375e+01 1.008242130279541016e+01 -2.982763290405273438e+00 -2.554200589656829834e-02 -2.833021581172943115e-01 4.627197980880737305e-01 8.396295309066772461e-01
3.376659774780273438e+01 1.010288524627685547e+01 -2.978263854980468750e+00 -2.482995390892028809e-02 -2.832900285720825195e-01 4.650139808654785156e-01 8.383867144584655762e-01
3.372334671020507812e+01 1.012685203552246094e+01 -2.972924232482910156e+00 -2.463211864233016968e-02 -2.828782796859741211e-01 4.666565060615539551e-01 8.376185297966003418e-01
3.367326736450195312e+01 1.015433311462402344e+01 -2.966746568679809570e+00 -2.489635348320007324e-02 -2.821134328842163086e-01 4.677075147628784180e-01 8.372823596000671387e-01
3.361635971069335938e+01 1.018534374237060547e+01 -2.959732294082641602e+00 -2.556905895471572876e-02 -2.810388207435607910e-01 4.682269096374511719e-01 8.373332619667053223e-01
3.355260467529296875e+01 1.021983337402343750e+01 -2.951943874359130859e+00 -2.659521996974945068e-02 -2.796965241432189941e-01 4.682745337486267090e-01 8.377239704132080078e-01
3.348177337646484375e+01 1.025745582580566406e+01 -2.943734407424926758e+00 -2.791975438594818115e-02 -2.781269848346710205e-01 4.679103493690490723e-01 8.384066224098205566e-01
3.340412902832031250e+01 1.029859924316406250e+01 -2.934739828109741211e+00 -2.948737144470214844e-02 -2.763704657554626465e-01 4.671940207481384277e-01 8.393327593803405762e-01
3.331967163085937500e+01 1.034328079223632812e+01 -2.924962997436523438e+00 -3.124319016933441162e-02 -2.744673788547515869e-01 4.661851525306701660e-01 8.404539227485656738e-01
3.322818756103515625e+01 1.039112377166748047e+01 -2.914680719375610352e+00 -3.313311189413070679e-02 -2.724586129188537598e-01 4.649433195590972900e-01 8.417221307754516602e-01
3.312969589233398438e+01 1.044217014312744141e+01 -2.903877258300781250e+00 -3.510416299104690552e-02 -2.703856825828552246e-01 4.635279774665832520e-01 8.430902361869812012e-01
3.302438354492187500e+01 1.049673843383789062e+01 -2.892333984375000000e+00 -3.710414469242095947e-02 -2.682916522026062012e-01 4.619987010955810547e-01 8.445116877555847168e-01
3.291175842285156250e+01 1.055391788482666016e+01 -2.880494594573974609e+00 -3.908256441354751587e-02 -2.662204802036285400e-01 4.604146182537078857e-01 8.459418416023254395e-01
3.279223632812500000e+01 1.061447238922119141e+01 -2.868002653121948242e+00 -4.098989069461822510e-02 -2.642173171043395996e-01 4.588354825973510742e-01 8.473363518714904785e-01
3.266523742675781250e+01 1.067726421356201172e+01 -2.855164766311645508e+00 -4.277796298265457153e-02 -2.623286545276641846e-01 4.573206305503845215e-01 8.486527204513549805e-01
3.253106689453125000e+01 1.074289608001708984e+01 -2.841853380203247070e+00 -4.439990222454071045e-02 -2.606015503406524658e-01 4.559297263622283936e-01 8.498491644859313965e-01
3.238926696777343750e+01 1.081044387817382812e+01 -2.828499794006347656e+00 -4.580916464328765869e-02 -2.590846717357635498e-01 4.547222554683685303e-01 8.508844375610351562e-01
3.223982238769531250e+01 1.087990379333496094e+01 -2.815387487411499023e+00 -4.696033895015716553e-02 -2.578264474868774414e-01 4.537577033042907715e-01 8.517183661460876465e-01
3.208280181884765625e+01 1.095139598846435547e+01 -2.802772760391235352e+00 -4.780768603086471558e-02 -2.568762898445129395e-01 4.530954658985137939e-01 8.523106575012207031e-01
3.191833496093750000e+01 1.102516555786132812e+01 -2.791062593460083008e+00 -4.808561503887176514e-02 -2.561415433883666992e-01 4.528444707393646240e-01 8.526495099067687988e-01
3.174667739868164062e+01 1.110184669494628906e+01 -2.780353307723999023e+00 -4.808589816093444824e-02 -2.557269036769866943e-01 4.528801739215850830e-01 8.527549505233764648e-01
3.156819915771484375e+01 1.118223953247070312e+01 -2.770550489425659180e+00 -4.786089807748794556e-02 -2.555856704711914062e-01 4.531331062316894531e-01 8.526756167411804199e-01
3.138321876525878906e+01 1.126699066162109375e+01 -2.761378049850463867e+00 -4.746358841657638550e-02 -2.556704282760620117e-01 4.535334110260009766e-01 8.524595499038696289e-01
3.119190406799316406e+01 1.135642528533935547e+01 -2.752521991729736328e+00 -4.694643616676330566e-02 -2.559342980384826660e-01 4.540114402770996094e-01 8.521544933319091797e-01
3.099383735656738281e+01 1.144961166381835938e+01 -2.743784666061401367e+00 -4.636237025260925293e-02 -2.563292384147644043e-01 4.544977247714996338e-01 8.518084883689880371e-01
3.080141258239746094e+01 1.153694915771484375e+01 -2.735800981521606445e+00 -4.576391726732254028e-02 -2.568089962005615234e-01 4.549222588539123535e-01 8.514696359634399414e-01
3.061432266235351562e+01 1.161753654479980469e+01 -2.728397846221923828e+00 -4.520370066165924072e-02 -2.573258876800537109e-01 4.552160203456878662e-01 8.511864542961120605e-01
3.043340492248535156e+01 1.169331169128417969e+01 -2.721410512924194336e+00 -4.473487287759780884e-02 -2.578332722187042236e-01 4.553094506263732910e-01 8.510076403617858887e-01
3.025804710388183594e+01 1.176259708404541016e+01 -2.714889526367187500e+00 -4.441007226705551147e-02 -2.582840323448181152e-01 4.551334977149963379e-01 8.509821295738220215e-01
3.008892440795898438e+01 1.182709121704101562e+01 -2.708733081817626953e+00 -4.428173601627349854e-02 -2.586310505867004395e-01 4.546188116073608398e-01 8.511586189270019531e-01
2.992683792114257812e+01 1.188878154754638672e+01 -2.702824354171752930e+00 -4.440280795097351074e-02 -2.588272094726562500e-01 4.536957442760467529e-01 8.515849709510803223e-01
2.977038955688476562e+01 1.194389820098876953e+01 -2.697332620620727539e+00 -4.482575505971908569e-02 -2.588253319263458252e-01 4.522942602634429932e-01 8.523085713386535645e-01
2.962073898315429688e+01 1.199561882019042969e+01 -2.692110300064086914e+00 -4.560366272926330566e-02 -2.585771083831787109e-01 4.503431618213653564e-01 8.533750772476196289e-01
2.947815322875976562e+01 1.204470443725585938e+01 -2.687118768692016602e+00 -4.678833484649658203e-02 -2.580341696739196777e-01 4.477707147598266602e-01 8.548277616500854492e-01
2.934262657165527344e+01 1.209114265441894531e+01 -2.682355403900146484e+00 -4.843242466449737549e-02 -2.571468353271484375e-01 4.445030689239501953e-01 8.567069172859191895e-01
2.921336364746093750e+01 1.213263988494873047e+01 -2.677903413772583008e+00 -5.058757215738296509e-02 -2.558646202087402344e-01 4.404643476009368896e-01 8.590490818023681641e-01
2.909085845947265625e+01 1.217069435119628906e+01 -2.673701047897338867e+00 -5.330595374107360840e-02 -2.541351318359375000e-01 4.355768561363220215e-01 8.618854880332946777e-01
2.897541427612304688e+01 1.220625495910644531e+01 -2.669706583023071289e+00 -5.663816630840301514e-02 -2.519048154354095459e-01 4.297593533992767334e-01 8.652415275573730469e-01
2.886701202392578125e+01 1.223931884765625000e+01 -2.665912628173828125e+00 -6.063515692949295044e-02 -2.491179704666137695e-01 4.229276180267333984e-01 8.691350221633911133e-01
2.876570320129394531e+01 1.226989936828613281e+01 -2.662444114685058594e+00 -6.479460000991821289e-02 -2.454843819141387939e-01 4.151750504970550537e-01 8.735952973365783691e-01
2.867144393920898438e+01 1.229801750183105469e+01 -2.659203529357910156e+00 -6.943143904209136963e-02 -2.412363588809967041e-01 4.064615666866302490e-01 8.785063028335571289e-01
2.858425521850585938e+01 1.232370090484619141e+01 -2.656194210052490234e+00 -7.443796098232269287e-02 -2.364277839660644531e-01 3.968982100486755371e-01 8.837605118751525879e-01
2.850382995605468750e+01 1.234597587585449219e+01 -2.653452634811401367e+00 -7.970960438251495361e-02 -2.311163544654846191e-01 3.865976333618164062e-01 8.892546296119689941e-01
2.843035316467285156e+01 1.236537647247314453e+01 -2.650965452194213867e+00 -8.514742553234100342e-02 -2.253625541925430298e-01 3.756756484508514404e-01 8.948906660079956055e-01
2.835548782348632812e+01 1.238514137268066406e+01 -2.648434400558471680e+00 -9.065853059291839600e-02 -2.192313671112060547e-01 3.642514646053314209e-01 9.005773067474365234e-01
2.827925682067871094e+01 1.240529537200927734e+01 -2.645862340927124023e+00 -9.615762531757354736e-02 -2.127917706966400146e-01 3.524481952190399170e-01 9.062304496765136719e-01
2.820168876647949219e+01 1.242586421966552734e+01 -2.643251657485961914e+00 -1.015685051679611206e-01 -2.061152458190917969e-01 3.403919339179992676e-01 9.117749333381652832e-01
2.812280464172363281e+01 1.244686985015869141e+01 -2.640603780746459961e+00 -1.068233847618103027e-01 -1.992769241333007812e-01 3.282148241996765137e-01 9.171436429023742676e-01
2.804263687133789062e+01 1.246833229064941406e+01 -2.637920856475830078e+00 -1.118642762303352356e-01 -1.923535913228988647e-01 3.160513937473297119e-01 9.222786426544189453e-01
2.796121025085449219e+01 1.249026584625244141e+01 -2.635203838348388672e+00 -1.166424080729484558e-01 -1.854232847690582275e-01 3.040416240692138672e-01 9.271306991577148438e-01
2.787856101989746094e+01 1.251268768310546875e+01 -2.632454156875610352e+00 -1.211177706718444824e-01 -1.785655468702316284e-01 2.923293411731719971e-01 9.316589236259460449e-01
2.779472160339355469e+01 1.253560543060302734e+01 -2.629672527313232422e+00 -1.252592653036117554e-01 -1.718590259552001953e-01 2.810613512992858887e-01 9.358306527137756348e-01
2.770972633361816406e+01 1.255903053283691406e+01 -2.626859188079833984e+00 -1.290431618690490723e-01 -1.653829365968704224e-01 2.703873813152313232e-01 9.396206736564636230e-01
2.762360763549804688e+01 1.258297061920166016e+01 -2.624014616012573242e+00 -1.324521899223327637e-01 -1.592165678739547729e-01 2.604593932628631592e-01 9.430097341537475586e-01
2.753602790832519531e+01 1.260613346099853516e+01 -2.621176719665527344e+00 -1.354744583368301392e-01 -1.534389108419418335e-01 2.514305412769317627e-01 9.459840655326843262e-01
2.744732284545898438e+01 1.262956714630126953e+01 -2.618315935134887695e+00 -1.381017267704010010e-01 -1.481302529573440552e-01 2.434540539979934692e-01 9.485333561897277832e-01
2.735759735107421875e+01 1.265350532531738281e+01 -2.615424394607543945e+00 -1.403278410434722900e-01 -1.433721780776977539e-01 2.366823405027389526e-01 9.506492614746093750e-01
2.726688385009765625e+01 1.267795181274414062e+01 -2.612502574920654297e+00 -1.421468704938888550e-01 -1.392491757869720459e-01 2.312651127576828003e-01 9.523236155509948730e-01
2.717521476745605469e+01 1.270290851593017578e+01 -2.609550952911376953e+00 -1.435506343841552734e-01 -1.358508169651031494e-01 2.273480594158172607e-01 9.535462856292724609e-01
2.708300018310546875e+01 1.272811508178710938e+01 -2.607712268829345703e+00 -1.398152410984039307e-01 -1.321369260549545288e-01 2.256813049316406250e-01 9.550180435180664062e-01
2.698988723754882812e+01 1.275378131866455078e+01 -2.606055498123168945e+00 -1.348378062248229980e-01 -1.290222704410552979e-01 2.256034165620803833e-01 9.561773538589477539e-01
2.689583206176757812e+01 1.277990531921386719e+01 -2.604553699493408203e+00 -1.287675648927688599e-01 -1.264877915382385254e-01 2.269559204578399658e-01 9.570322632789611816e-01
2.680079269409179688e+01 1.280649185180664062e+01 -2.603179931640625000e+00 -1.217530891299247742e-01 -1.245131045579910278e-01 2.295783907175064087e-01 9.575836658477783203e-01
2.670473098754882812e+01 1.283354473114013672e+01 -2.601903915405273438e+00 -1.139433979988098145e-01 -1.230773031711578369e-01 2.333094179630279541e-01 9.578285217285156250e-01
2.660760116577148438e+01 1.286106777191162109e+01 -2.600693702697753906e+00 -1.054865866899490356e-01 -1.221598833799362183e-01 2.379870563745498657e-01 9.577638506889343262e-01
2.650936698913574219e+01 1.288906478881835938e+01 -2.599517107009887695e+00 -9.653206914663314819e-02 -1.217398867011070251e-01 2.434500306844711304e-01 9.573886990547180176e-01
2.640962028503417969e+01 1.291619491577148438e+01 -2.598376035690307617e+00 -8.723001182079315186e-02 -1.217973232269287109e-01 2.495375722646713257e-01 9.567065238952636719e-01
2.630863380432128906e+01 1.294360160827636719e+01 -2.597205162048339844e+00 -7.773140072822570801e-02 -1.223127171397209167e-01 2.560904026031494141e-01 9.557275176048278809e-01
2.620641708374023438e+01 1.297145080566406250e+01 -2.595964670181274414e+00 -6.818836182355880737e-02 -1.232681497931480408e-01 2.629513740539550781e-01 9.544695019721984863e-01
2.610293197631835938e+01 1.299972915649414062e+01 -2.594618797302246094e+00 -5.875414982438087463e-02 -1.246457248926162720e-01 2.699651420116424561e-01 9.529586434364318848e-01
2.599813652038574219e+01 1.302841758728027344e+01 -2.593133449554443359e+00 -4.958166927099227905e-02 -1.264294087886810303e-01 2.769793272018432617e-01 9.512305855751037598e-01
2.589199829101562500e+01 1.305749702453613281e+01 -2.591473579406738281e+00 -4.082573577761650085e-02 -1.286047250032424927e-01 2.838438749313354492e-01 9.493296146392822266e-01
2.578448486328125000e+01 1.308693981170654297e+01 -2.589605569839477539e+00 -3.264071047306060791e-02 -1.311575323343276978e-01 2.904117703437805176e-01 9.473084211349487305e-01
2.567555809020996094e+01 1.311671733856201172e+01 -2.587497234344482422e+00 -2.518104016780853271e-02 -1.340753734111785889e-01 2.965385615825653076e-01 9.452272653579711914e-01
2.556518745422363281e+01 1.314679622650146484e+01 -2.585118293762207031e+00 -1.860113441944122314e-02 -1.373471915721893311e-01 3.020819723606109619e-01 9.431522488594055176e-01
2.545333671569824219e+01 1.317714595794677734e+01 -2.582438707351684570e+00 -1.305536180734634399e-02 -1.409617811441421509e-01 3.069017529487609863e-01 9.411538839340209961e-01
2.533997917175292969e+01 1.320772647857666016e+01 -2.579429864883422852e+00 -8.698146790266036987e-03 -1.449100673198699951e-01 3.108580410480499268e-01 9.393043518066406250e-01
2.522508049011230469e+01 1.323850822448730469e+01 -2.576066493988037109e+00 -5.682844668626785278e-03 -1.491818577051162720e-01 3.138118982315063477e-01 9.376751184463500977e-01
2.510841560363769531e+01 1.326873779296875000e+01 -2.572342157363891602e+00 -4.163201898336410522e-03 -1.537676453590393066e-01 3.156227171421051025e-01 9.363335371017456055e-01
2.499003601074218750e+01 1.329869842529296875e+01 -2.568235397338867188e+00 -4.239410161972045898e-03 -1.586515158414840698e-01 3.161946535110473633e-01 9.353249073028564453e-01
2.486402320861816406e+01 1.333032894134521484e+01 -2.563579082489013672e+00 -5.799993872642517090e-03 -1.637910604476928711e-01 3.156161308288574219e-01 9.346258044242858887e-01
2.473040199279785156e+01 1.336365413665771484e+01 -2.558414936065673828e+00 -8.679766207933425903e-03 -1.691375374794006348e-01 3.140194416046142578e-01 9.341889023780822754e-01
2.458920288085937500e+01 1.339870452880859375e+01 -2.552784442901611328e+00 -1.271361112594604492e-02 -1.746398359537124634e-01 3.115353882312774658e-01 9.339619278907775879e-01
2.444045448303222656e+01 1.343550491333007812e+01 -2.546727657318115234e+00 -1.773676648736000061e-02 -1.802479475736618042e-01 3.082940280437469482e-01 9.338901638984680176e-01
2.428418159484863281e+01 1.347408676147460938e+01 -2.540284395217895508e+00 -2.358330413699150085e-02 -1.859105974435806274e-01 3.044258356094360352e-01 9.339196681976318359e-01
2.412041854858398438e+01 1.351447582244873047e+01 -2.533493280410766602e+00 -3.008798509836196899e-02 -1.915774345397949219e-01 3.000624775886535645e-01 9.339996576309204102e-01
2.394919776916503906e+01 1.355670166015625000e+01 -2.526392698287963867e+00 -3.708453103899955750e-02 -1.971986144781112671e-01 2.953374385833740234e-01 9.340842366218566895e-01
2.377055931091308594e+01 1.360078620910644531e+01 -2.519019365310668945e+00 -4.440794140100479126e-02 -2.027261555194854736e-01 2.903861105442047119e-01 9.341338276863098145e-01
2.358443832397460938e+01 1.364634227752685547e+01 -2.511420488357543945e+00 -5.189215764403343201e-02 -2.081122994422912598e-01 2.853466570377349854e-01 9.341165423393249512e-01
2.339075851440429688e+01 1.369295597076416016e+01 -2.503642797470092773e+00 -5.937232449650764465e-02 -2.133119702339172363e-01 2.803592383861541748e-01 9.340083003044128418e-01
2.318977546691894531e+01 1.374143409729003906e+01 -2.495698213577270508e+00 -6.668388843536376953e-02 -2.182811796665191650e-01 2.755666375160217285e-01 9.337931871414184570e-01
2.298152542114257812e+01 1.379178524017333984e+01 -2.487618684768676758e+00 -7.366251200437545776e-02 -2.229779958724975586e-01 2.711135745048522949e-01 9.334623813629150391e-01
2.276605606079101562e+01 1.384401607513427734e+01 -2.479435920715332031e+00 -8.014512062072753906e-02 -2.273614555597305298e-01 2.671467363834381104e-01 9.330145716667175293e-01
2.254342079162597656e+01 1.389813041687011719e+01 -2.471178531646728516e+00 -8.596941828727722168e-02 -2.313923239707946777e-01 2.638139724731445312e-01 9.324532151222229004e-01
2.231366348266601562e+01 1.395413589477539062e+01 -2.462876319885253906e+00 -9.097348898649215698e-02 -2.350326031446456909e-01 2.612637877464294434e-01 9.317858219146728516e-01
2.207683372497558594e+01 1.401203060150146484e+01 -2.454556941986083984e+00 -9.499587863683700562e-02 -2.382441908121109009e-01 2.596452534198760986e-01 9.310207962989807129e-01
2.183285522460937500e+01 1.407130718231201172e+01 -2.446261644363403320e+00 -9.787509590387344360e-02 -2.409893721342086792e-01 2.591068148612976074e-01 9.301656484603881836e-01
2.158175468444824219e+01 1.413185977935791016e+01 -2.438021898269653320e+00 -9.945006668567657471e-02 -2.432292103767395020e-01 2.597956657409667969e-01 9.292230606079101562e-01
2.132371520996093750e+01 1.419428825378417969e+01 -2.429850101470947266e+00 -9.955853223800659180e-02 -2.449233233928680420e-01 2.618568539619445801e-01 9.281873106956481934e-01
2.105876922607421875e+01 1.425860214233398438e+01 -2.421766519546508789e+00 -9.809178113937377930e-02 -2.460443377494812012e-01 2.653785943984985352e-01 9.270460605621337891e-01
2.078687286376953125e+01 1.432479953765869141e+01 -2.413751125335693359e+00 -9.516011178493499756e-02 -2.466225624084472656e-01 2.702297568321228027e-01 9.257957339286804199e-01
2.052298545837402344e+01 1.438926887512207031e+01 -2.406234741210937500e+00 -9.092739969491958618e-02 -2.467020004987716675e-01 2.762235105037689209e-01 9.244300127029418945e-01
2.026704406738281250e+01 1.445200729370117188e+01 -2.399188518524169922e+00 -8.555775880813598633e-02 -2.463265061378479004e-01 2.831709980964660645e-01 9.229395389556884766e-01
2.001891326904296875e+01 1.451268196105957031e+01 -2.392593860626220703e+00 -7.921563088893890381e-02 -2.455387413501739502e-01 2.908838987350463867e-01 9.213154315948486328e-01
1.977850914001464844e+01 1.457118606567382812e+01 -2.386424303054809570e+00 -7.206653803586959839e-02 -2.443838119506835938e-01 2.991740405559539795e-01 9.195530414581298828e-01
1.954588508605957031e+01 1.462797069549560547e+01 -2.380637645721435547e+00 -6.427658349275588989e-02 -2.429077476263046265e-01 3.078553378582000732e-01 9.176543951034545898e-01
1.932098197937011719e+01 1.468302440643310547e+01 -2.375204324722290039e+00 -5.601327121257781982e-02 -2.411597371101379395e-01 3.167435526847839355e-01 9.156298041343688965e-01
1.910374641418457031e+01 1.473633289337158203e+01 -2.370092153549194336e+00 -4.744479805231094360e-02 -2.391912043094635010e-01 3.256580531597137451e-01 9.135006666183471680e-01
1.889413070678710938e+01 1.478786849975585938e+01 -2.365268707275390625e+00 -3.874078392982482910e-02 -2.370565831661224365e-01 3.344213962554931641e-01 9.112989306449890137e-01
1.869208526611328125e+01 1.483760738372802734e+01 -2.360700607299804688e+00 -3.007075190544128418e-02 -2.348136305809020996e-01 3.428607583045959473e-01 9.090680480003356934e-01
1.849756622314453125e+01 1.488551712036132812e+01 -2.356352806091308594e+00 -2.160523086786270142e-02 -2.325225770473480225e-01 3.508078157901763916e-01 9.068628549575805664e-01
1.831053352355957031e+01 1.493155956268310547e+01 -2.352191209793090820e+00 -1.351418346166610718e-02 -2.302459627389907837e-01 3.580975234508514404e-01 9.047487378120422363e-01
1.813091278076171875e+01 1.497553825378417969e+01 -2.348184108734130859e+00 -5.967751145362854004e-03 -2.280492782592773438e-01 3.645687997341156006e-01 9.027997851371765137e-01
1.795865440368652344e+01 1.501735210418701172e+01 -2.344299077987670898e+00 8.643046021461486816e-04 -2.259990125894546509e-01 3.700645565986633301e-01 9.010970592498779297e-01
1.779378509521484375e+01 1.505718612670898438e+01 -2.340492248535156250e+00 6.813243031501770020e-03 -2.241625487804412842e-01 3.744292855262756348e-01 8.997263908386230469e-01
1.763627052307128906e+01 1.509499454498291016e+01 -2.336729288101196289e+00 1.170998811721801758e-02 -2.226077914237976074e-01 3.775086700916290283e-01 8.987745642662048340e-01
1.748607826232910156e+01 1.513073730468750000e+01 -2.332975387573242188e+00 1.538652926683425903e-02 -2.214017808437347412e-01 3.791476190090179443e-01 8.983271121978759766e-01
1.734317588806152344e+01 1.516436767578125000e+01 -2.329196214675903320e+00 1.767504960298538208e-02 -2.206100821495056152e-01 3.791884183883666992e-01 8.984625339508056641e-01
1.720752716064453125e+01 1.519585037231445312e+01 -2.325355768203735352e+00 1.840769499540328979e-02 -2.202952355146408081e-01 3.774687945842742920e-01 8.992488384246826172e-01
1.707910156250000000e+01 1.522516822814941406e+01 -2.321431636810302734e+00 1.747121661901473999e-02 -2.204999774694442749e-01 3.738764226436614990e-01 9.007169604301452637e-01
1.695791625976562500e+01 1.525235176086425781e+01 -2.317442655563354492e+00 1.497087627649307251e-02 -2.211987972259521484e-01 3.685189187526702881e-01 9.027960896492004395e-01
1.684400177001953125e+01 1.527745246887207031e+01 -2.313419818878173828e+00 1.106630265712738037e-02 -2.223467528820037842e-01 3.615556061267852783e-01 9.053822755813598633e-01
1.673738479614257812e+01 1.530052185058593750e+01 -2.309393167495727539e+00 5.918294191360473633e-03 -2.238969504833221436e-01 3.531433939933776855e-01 9.083637595176696777e-01
1.663809013366699219e+01 1.532161426544189453e+01 -2.305395841598510742e+00 -3.130733966827392578e-04 -2.258018553256988525e-01 3.434402048587799072e-01 9.116261601448059082e-01
1.654614639282226562e+01 1.534078788757324219e+01 -2.301459074020385742e+00 -7.465980947017669678e-03 -2.280141264200210571e-01 3.326041698455810547e-01 9.150564670562744141e-01
1.646158409118652344e+01 1.535809326171875000e+01 -2.297616243362426758e+00 -1.537853479385375977e-02 -2.304873913526535034e-01 3.207967281341552734e-01 9.185470342636108398e-01
1.638443565368652344e+01 1.537357997894287109e+01 -2.293901681900024414e+00 -2.388781309127807617e-02 -2.331773638725280762e-01 3.081842958927154541e-01 9.219979047775268555e-01
1.631474304199218750e+01 1.538729381561279297e+01 -2.290348768234252930e+00 -3.283042460680007935e-02 -2.360417544841766357e-01 2.949380278587341309e-01 9.253205657005310059e-01
1.625254631042480469e+01 1.539927482604980469e+01 -2.286991834640502930e+00 -4.204268008470535278e-02 -2.390416711568832397e-01 2.812343835830688477e-01 9.284388422966003418e-01
1.619790077209472656e+01 1.540955638885498047e+01 -2.283863782882690430e+00 -5.136082321405410767e-02 -2.421421110630035400e-01 2.672550678253173828e-01 9.312915205955505371e-01
1.615084648132324219e+01 1.541815757751464844e+01 -2.280997276306152344e+00 -6.062234938144683838e-02 -2.453112006187438965e-01 2.531870007514953613e-01 9.338328242301940918e-01
1.611143875122070312e+01 1.542506217956542969e+01 -2.278424978256225586e+00 -6.966567784547805786e-02 -2.485217005014419556e-01 2.392214238643646240e-01 9.360324144363403320e-01
1.607974815368652344e+01 1.543033123016357422e+01 -2.276174783706665039e+00 -7.832975685596466064e-02 -2.517500817775726318e-01 2.255541831254959106e-01 9.378761053085327148e-01
1.605583572387695312e+01 1.543397045135498047e+01 -2.274275064468383789e+00 -8.645641058683395386e-02 -2.549770474433898926e-01 2.123836874961853027e-01 9.393641948699951172e-01
1.603976631164550781e+01 1.543597221374511719e+01 -2.272752285003662109e+00 -9.388840943574905396e-02 -2.581869065761566162e-01 1.999112367630004883e-01 9.405105113983154297e-01
1.603160285949707031e+01 1.543633174896240234e+01 -2.271629333496093750e+00 -1.004709005355834961e-01 -2.613670825958251953e-01 1.883393824100494385e-01 9.413401484489440918e-01
1.602598762512207031e+01 1.543629837036132812e+01 -2.270762920379638672e+00 -1.060509160161018372e-01 -2.645084857940673828e-01 1.778709739446640015e-01 9.418866634368896484e-01
1.602298355102539062e+01 1.543585681915283203e+01 -2.270173072814941406e+00 -1.104758828878402710e-01 -2.676030695438385010e-01 1.687091886997222900e-01 9.421893954277038574e-01
1.602013206481933594e+01 1.543557739257812500e+01 -2.269801616668701172e+00 -1.135951876640319824e-01 -2.706439793109893799e-01 1.610558629035949707e-01 9.422891736030578613e-01
1.601765632629394531e+01 1.543540096282958984e+01 -2.269918680191040039e+00 -1.141181662678718567e-01 -2.734240293502807617e-01 1.554097086191177368e-01 9.423715472221374512e-01
1.601523590087890625e+01 1.543538761138916016e+01 -2.270025253295898438e+00 -1.143063455820083618e-01 -2.762723863124847412e-01 1.511100679636001587e-01 9.422172904014587402e-01
1.601285743713378906e+01 1.543552589416503906e+01 -2.270117998123168945e+00 -1.141863167285919189e-01 -2.791131436824798584e-01 1.480964273214340210e-01 9.418729543685913086e-01
1.601070594787597656e+01 1.543576049804687500e+01 -2.270479917526245117e+00 -1.124640256166458130e-01 -2.816718518733978271e-01 1.467019021511077881e-01 9.415367245674133301e-01
1.600877571105957031e+01 1.543608760833740234e+01 -2.271111965179443359e+00 -1.091372072696685791e-01 -2.838809490203857422e-01 1.468833684921264648e-01 9.412363767623901367e-01
1.600698280334472656e+01 1.543652915954589844e+01 -2.271900653839111328e+00 -1.047474816441535950e-01 -2.857526242733001709e-01 1.484307944774627686e-01 9.409259557723999023e-01
1.600530052185058594e+01 1.543709468841552734e+01 -2.272832870483398438e+00 -9.936995059251785278e-02 -2.872229814529418945e-01 1.512712836265563965e-01 9.406090974807739258e-01
1.600370979309082031e+01 1.543779468536376953e+01 -2.273898839950561523e+00 -9.307999908924102783e-02 -2.882273197174072266e-01 1.553303301334381104e-01 9.402837753295898438e-01
1.600218582153320312e+01 1.543864250183105469e+01 -2.275089025497436523e+00 -8.595259487628936768e-02 -2.886992990970611572e-01 1.605327427387237549e-01 9.399437308311462402e-01
1.600070381164550781e+01 1.543965148925781250e+01 -2.276396512985229492e+00 -7.806214690208435059e-02 -2.885716557502746582e-01 1.668026298284530640e-01 9.395794868469238281e-01
1.599923801422119141e+01 1.544083786010742188e+01 -2.277813673019409180e+00 -6.948395073413848877e-02 -2.877765595912933350e-01 1.740631163120269775e-01 9.391798377037048340e-01
1.599775695800781250e+01 1.544221782684326172e+01 -2.279335975646972656e+00 -6.029393151402473450e-02 -2.862465977668762207e-01 1.822364628314971924e-01 9.387317895889282227e-01
1.599623489379882812e+01 1.544380092620849609e+01 -2.280959367752075195e+00 -5.056745186448097229e-02 -2.839139103889465332e-01 1.912445574998855591e-01 9.382224082946777344e-01
1.599463844299316406e+01 1.544560432434082031e+01 -2.282682180404663086e+00 -4.038118571043014526e-02 -2.807115912437438965e-01 2.010083794593811035e-01 9.376385211944580078e-01
1.599293136596679688e+01 1.544763755798339844e+01 -2.284501552581787109e+00 -2.981283515691757202e-02 -2.765732407569885254e-01 2.114482372999191284e-01 9.369674921035766602e-01
1.599108695983886719e+01 1.544990825653076172e+01 -2.286417245864868164e+00 -1.893962919712066650e-02 -2.714331150054931641e-01 2.224842160940170288e-01 9.361977577209472656e-01
1.598906421661376953e+01 1.545242309570312500e+01 -2.288430452346801758e+00 -7.840394973754882812e-03 -2.652276158332824707e-01 2.340353429317474365e-01 9.353182911872863770e-01
1.598682975769042969e+01 1.545518302917480469e+01 -2.290541410446166992e+00 3.406077623367309570e-03 -2.578935027122497559e-01 2.460207492113113403e-01 9.343195557594299316e-01
1.598434638977050781e+01 1.545818901062011719e+01 -2.292752265930175781e+00 1.472052931785583496e-02 -2.493696957826614380e-01 2.583586871623992920e-01 9.331928491592407227e-01
1.598157787322998047e+01 1.546143531799316406e+01 -2.295065879821777344e+00 2.602292969822883606e-02 -2.395963817834854126e-01 2.709671854972839355e-01 9.319298267364501953e-01
1.597848320007324219e+01 1.546491432189941406e+01 -2.297484636306762695e+00 3.723911941051483154e-02 -2.285471707582473755e-01 2.837583422660827637e-01 9.305163621902465820e-01
1.597502613067626953e+01 1.546860885620117188e+01 -2.300005435943603516e+00 4.831642657518386841e-02 -2.163241207599639893e-01 2.966228127479553223e-01 9.289156198501586914e-01
1.597116374969482422e+01 1.547250175476074219e+01 -2.302623748779296875e+00 5.920753255486488342e-02 -2.030649781227111816e-01 3.094474673271179199e-01 9.270929098129272461e-01
1.596685981750488281e+01 1.547656726837158203e+01 -2.305329561233520508e+00 6.986536085605621338e-02 -1.889100968837738037e-01 3.221221864223480225e-01 9.250238537788391113e-01
1.596208572387695312e+01 1.548077964782714844e+01 -2.308109998703002930e+00 8.024346083402633667e-02 -1.740043461322784424e-01 3.345401585102081299e-01 9.226952195167541504e-01
1.595681095123291016e+01 1.548511028289794922e+01 -2.310948371887207031e+00 9.029608219861984253e-02 -1.584956943988800049e-01 3.465984165668487549e-01 9.201060533523559570e-01
1.594307994842529297e+01 1.549138164520263672e+01 -2.313582658767700195e+00 9.997880458831787109e-02 -1.425350159406661987e-01 3.581991791725158691e-01 9.172683954238891602e-01
1.592087364196777344e+01 1.549956130981445312e+01 -2.315989971160888672e+00 1.092484295368194580e-01 -1.262750476598739624e-01 3.692494630813598633e-01 9.142068624496459961e-01
1.589018440246582031e+01 1.550961303710937500e+01 -2.318144559860229492e+00 1.180636733770370483e-01 -1.098706349730491638e-01 3.796620666980743408e-01 9.109588861465454102e-01
1.585100555419921875e+01 1.552150440216064453e+01 -2.320019483566284180e+00 1.263853609561920166e-01 -9.347750246524810791e-02 3.893563449382781982e-01 9.075738787651062012e-01
1.580333709716796875e+01 1.553520202636718750e+01 -2.321585655212402344e+00 1.341759264469146729e-01 -7.725186645984649658e-02 3.982559442520141602e-01 9.041134715080261230e-01
1.574718570709228516e+01 1.555067253112792969e+01 -2.322812795639038086e+00 1.414001584053039551e-01 -6.134931370615959167e-02 4.062911272048950195e-01 9.006496071815490723e-01
1.568256282806396484e+01 1.556787967681884766e+01 -2.323670387268066406e+00 1.480247229337692261e-01 -4.592442512512207031e-02 4.133976101875305176e-01 8.972636461257934570e-01
1.560947990417480469e+01 1.558679676055908203e+01 -2.324128150939941406e+00 1.540182232856750488e-01 -3.113075718283653259e-02 4.195153117179870605e-01 8.940448164939880371e-01
1.552795219421386719e+01 1.560739231109619141e+01 -2.324155569076538086e+00 1.593509763479232788e-01 -1.711986958980560303e-02 4.245879650115966797e-01 8.910887837409973145e-01
1.543800354003906250e+01 1.562964057922363281e+01 -2.323722839355468750e+00 1.639942675828933716e-01 -4.040893167257308960e-03 4.285621345043182373e-01 8.884953856468200684e-01
1.533964729309082031e+01 1.565351486206054688e+01 -2.322801828384399414e+00 1.679208129644393921e-01 7.957920432090759277e-03 4.313861429691314697e-01 8.863663077354431152e-01
1.523290348052978516e+01 1.567899608612060547e+01 -2.321364402770996094e+00 1.711031794548034668e-01 1.873172819614410400e-02 4.330082535743713379e-01 8.848032355308532715e-01
1.511778926849365234e+01 1.570606136322021484e+01 -2.319383382797241211e+00 1.735140085220336914e-01 2.813684567809104919e-02 4.333753287792205811e-01 8.839043974876403809e-01
1.499431705474853516e+01 1.573469448089599609e+01 -2.316834449768066406e+00 1.751250475645065308e-01 3.603130206465721130e-02 4.324310719966888428e-01 8.837624788284301758e-01
1.486269474029541016e+01 1.576464462280273438e+01 -2.312877416610717773e+00 1.728144586086273193e-01 4.080722853541374207e-02 4.302897155284881592e-01 8.850539922714233398e-01
1.472267150878906250e+01 1.579627418518066406e+01 -2.308660507202148438e+00 1.709007769823074341e-01 4.464499652385711670e-02 4.268553853034973145e-01 8.869014382362365723e-01
1.457425403594970703e+01 1.582960700988769531e+01 -2.304186105728149414e+00 1.693673580884933472e-01 4.762373492121696472e-02 4.222112596035003662e-01 8.892604708671569824e-01
1.441744804382324219e+01 1.586466503143310547e+01 -2.299455404281616211e+00 1.681936830282211304e-01 4.981147125363349915e-02 4.164458811283111572e-01 8.920776844024658203e-01
1.425226020812988281e+01 1.590147686004638672e+01 -2.294469594955444336e+00 1.673556119203567505e-01 5.126822367310523987e-02 4.096525609493255615e-01 8.952924013137817383e-01
1.407869243621826172e+01 1.594004726409912109e+01 -2.289230585098266602e+00 1.668258607387542725e-01 5.204824730753898621e-02 4.019288718700408936e-01 8.988399505615234375e-01
1.389673900604248047e+01 1.598032760620117188e+01 -2.283741474151611328e+00 1.665737628936767578e-01 5.220390856266021729e-02 3.933763206005096436e-01 9.026532173156738281e-01
1.370661735534667969e+01 1.602221679687500000e+01 -2.277198076248168945e+00 1.634701341390609741e-01 5.047506093978881836e-02 3.842742145061492920e-01 9.072282314300537109e-01
1.350818538665771484e+01 1.606591224670410156e+01 -2.270211696624755859e+00 1.598165184259414673e-01 4.799581691622734070e-02 3.745822906494140625e-01 9.120544195175170898e-01
1.330143260955810547e+01 1.611145782470703125e+01 -2.262861251831054688e+00 1.558685153722763062e-01 4.497512057423591614e-02 3.643849790096282959e-01 9.170092344284057617e-01
1.308636283874511719e+01 1.615888214111328125e+01 -2.255172729492187500e+00 1.516861021518707275e-01 4.153681173920631409e-02 3.537788391113281250e-01 9.220122694969177246e-01
1.286298465728759766e+01 1.620822143554687500e+01 -2.247172594070434570e+00 1.473303139209747314e-01 3.780559450387954712e-02 3.428640961647033691e-01 9.269890785217285156e-01
1.263130950927734375e+01 1.625949859619140625e+01 -2.238886356353759766e+00 1.428637355566024780e-01 3.390576690435409546e-02 3.317447006702423096e-01 9.318723082542419434e-01
1.239135074615478516e+01 1.631274223327636719e+01 -2.230340480804443359e+00 1.383499950170516968e-01 2.996216155588626862e-02 3.205274641513824463e-01 9.366021752357482910e-01
1.214312839508056641e+01 1.636797523498535156e+01 -2.221560001373291016e+00 1.338543593883514404e-01 2.609909884631633759e-02 3.093224763870239258e-01 9.411277174949645996e-01
1.198558425903320312e+01 1.640218162536621094e+01 -2.215581655502319336e+00 1.294428855180740356e-01 2.244175039231777191e-02 2.982424199581146240e-01 9.454059600830078125e-01
