4.571158599853515625e+01 -4.143474578857421875e+01 -2.085501909255981445e+00 2.788798511028289795e-01 -2.257871031761169434e-01 4.389815032482147217e-01 8.237362504005432129e-01
4.592803192138671875e+01 -4.178845977783203125e+01 -2.090769052505493164e+00 2.781215310096740723e-01 -2.175905108451843262e-01 4.459019303321838379e-01 8.224806189537048340e-01
4.608958435058593750e+01 -4.215818786621093750e+01 -2.099722623825073242e+00 2.773777544498443604e-01 -2.091234326362609863e-01 4.530953168869018555e-01 8.209955692291259766e-01
4.600961685180664062e+01 -4.256833267211914062e+01 -2.123181819915771484e+00 2.766357660293579102e-01 -2.004774659872055054e-01 4.604405164718627930e-01 8.193143010139465332e-01
4.562850952148437500e+01 -4.274048233032226562e+01 -2.150904893875122070e+00 2.758845686912536621e-01 -1.917452216148376465e-01 4.678192138671875000e-01 8.174757361412048340e-01
4.523228073120117188e+01 -4.286466217041015625e+01 -2.177121877670288086e+00 2.751150429248809814e-01 -1.830210089683532715e-01 4.751163423061370850e-01 8.155240416526794434e-01
4.480873489379882812e+01 -4.288096237182617188e+01 -2.199572324752807617e+00 2.743202745914459229e-01 -1.744004637002944946e-01 4.822199046611785889e-01 8.135088682174682617e-01
4.438350296020507812e+01 -4.289738845825195312e+01 -2.222120285034179688e+00 2.734950184822082520e-01 -1.659808158874511719e-01 4.890214204788208008e-01 8.114855885505676270e-01
4.395675277709960938e+01 -4.290318679809570312e+01 -2.244310617446899414e+00 2.726356983184814453e-01 -1.578592956066131592e-01 4.954156279563903809e-01 8.095144033432006836e-01
4.352889633178710938e+01 -4.286931228637695312e+01 -2.264927864074707031e+00 2.717406451702117920e-01 -1.501348912715911865e-01 5.013002753257751465e-01 8.076598644256591797e-01
4.309934616088867188e+01 -4.283545303344726562e+01 -2.285609006881713867e+00 2.708092927932739258e-01 -1.429065167903900146e-01 5.065756440162658691e-01 8.059907555580139160e-01
4.266810607910156250e+01 -4.280163955688476562e+01 -2.306345224380493164e+00 2.698419690132141113e-01 -1.362732648849487305e-01 5.111442208290100098e-01 8.045784831047058105e-01
4.223516082763671875e+01 -4.276790618896484375e+01 -2.327124834060668945e+00 2.688399553298950195e-01 -1.303347945213317871e-01 5.149102210998535156e-01 8.034956455230712891e-01
4.180285644531250000e+01 -4.271156311035156250e+01 -2.347229003906250000e+00 2.678043544292449951e-01 -1.251899749040603638e-01 5.177780389785766602e-01 8.028164505958557129e-01
4.136901855468750000e+01 -4.265390014648437500e+01 -2.367205142974853516e+00 2.663300335407257080e-01 -1.211779415607452393e-01 5.196260213851928711e-01 8.027284145355224609e-01
4.093349456787109375e+01 -4.259623336791992188e+01 -2.387230396270751953e+00 2.649592757225036621e-01 -1.179312318563461304e-01 5.206185579299926758e-01 8.030225038528442383e-01
4.049630737304687500e+01 -4.253852844238281250e+01 -2.407305955886840820e+00 2.637143433094024658e-01 -1.153932884335517883e-01 5.208689570426940918e-01 8.036383390426635742e-01
4.005236816406250000e+01 -4.248008346557617188e+01 -2.427665948867797852e+00 2.626122236251831055e-01 -1.135106086730957031e-01 5.204882025718688965e-01 8.045135736465454102e-01
3.960350418090820312e+01 -4.240871810913085938e+01 -2.448249101638793945e+00 2.616654336452484131e-01 -1.122308373451232910e-01 5.195857882499694824e-01 8.055843114852905273e-01
3.914827728271484375e+01 -4.233405685424804688e+01 -2.469105720520019531e+00 2.608841657638549805e-01 -1.115050241351127625e-01 5.182701349258422852e-01 8.067850470542907715e-01
3.868636703491210938e+01 -4.225835037231445312e+01 -2.490248680114746094e+00 2.602755427360534668e-01 -1.112839803099632263e-01 5.166492462158203125e-01 8.080506920814514160e-01
3.821778106689453125e+01 -4.218155670166015625e+01 -2.511678457260131836e+00 2.598457634449005127e-01 -1.115201413631439209e-01 5.148312449455261230e-01 8.093158602714538574e-01
3.774253082275390625e+01 -4.210366439819335938e+01 -2.533396482467651367e+00 2.596002221107482910e-01 -1.121665611863136292e-01 5.129240155220031738e-01 8.105154633522033691e-01
3.726150131225585938e+01 -4.201970672607421875e+01 -2.555634021759033203e+00 2.595436871051788330e-01 -1.131754964590072632e-01 5.110362768173217773e-01 8.115850090980529785e-01
3.677475357055664062e+01 -4.192942428588867188e+01 -2.578377723693847656e+00 2.595848739147186279e-01 -1.145600378513336182e-01 5.092630386352539062e-01 8.124917745590209961e-01
3.629193496704101562e+01 -4.183979797363281250e+01 -2.600893259048461914e+00 2.597076892852783203e-01 -1.162847876548767090e-01 5.077100992202758789e-01 8.131791353225708008e-01
3.581304550170898438e+01 -4.175078201293945312e+01 -2.623220205307006836e+00 2.600719630718231201e-01 -1.182055845856666565e-01 5.065078139305114746e-01 8.135353326797485352e-01
3.533810806274414062e+01 -4.166232681274414062e+01 -2.645363092422485352e+00 2.607003152370452881e-01 -1.202640533447265625e-01 5.057681798934936523e-01 8.134926557540893555e-01
3.486722946166992188e+01 -4.157390594482421875e+01 -2.667400836944580078e+00 2.616152465343475342e-01 -1.224019005894660950e-01 5.056026577949523926e-01 8.129829764366149902e-01
3.440156173706054688e+01 -4.147981262207031250e+01 -2.690176248550415039e+00 2.628390491008758545e-01 -1.245609745383262634e-01 5.061218738555908203e-01 8.119364976882934570e-01
3.393986511230468750e+01 -4.138624572753906250e+01 -2.712766647338867188e+00 2.643930912017822266e-01 -1.266827136278152466e-01 5.074352025985717773e-01 8.102822303771972656e-01
3.348213958740234375e+01 -4.129318237304687500e+01 -2.735172986984252930e+00 2.662978768348693848e-01 -1.287076622247695923e-01 5.096503496170043945e-01 8.079456686973571777e-01
3.302839660644531250e+01 -4.120059585571289062e+01 -2.757395267486572266e+00 2.685725986957550049e-01 -1.305762529373168945e-01 5.128720998764038086e-01 8.048483729362487793e-01
3.257863616943359375e+01 -4.110843276977539062e+01 -2.779432058334350586e+00 2.712343931198120117e-01 -1.322277188301086426e-01 5.172017812728881836e-01 8.009057044982910156e-01
3.213332366943359375e+01 -4.101470565795898438e+01 -2.801921367645263672e+00 2.739400267601013184e-01 -1.338438689708709717e-01 5.226396322250366211e-01 7.961723804473876953e-01
3.169252777099609375e+01 -4.091889190673828125e+01 -2.825108289718627930e+00 2.769720256328582764e-01 -1.352370977401733398e-01 5.291422605514526367e-01 7.905731201171875000e-01
3.125565910339355469e+01 -4.082357406616210938e+01 -2.848078250885009766e+00 2.803162634372711182e-01 -1.364165097475051880e-01 5.365810394287109375e-01 7.841519117355346680e-01
3.082267189025878906e+01 -4.072878265380859375e+01 -2.870831012725830078e+00 2.839570939540863037e-01 -1.373907923698425293e-01 5.448267459869384766e-01 7.769529819488525391e-01
3.039355468750000000e+01 -4.063454437255859375e+01 -2.893366575241088867e+00 2.878769636154174805e-01 -1.381683051586151123e-01 5.537503361701965332e-01 7.690233588218688965e-01
2.996826553344726562e+01 -4.054088211059570312e+01 -2.915686368942260742e+00 2.920567989349365234e-01 -1.387583017349243164e-01 5.632244348526000977e-01 7.604125738143920898e-01
2.954752349853515625e+01 -4.044505691528320312e+01 -2.940143108367919922e+00 2.964754998683929443e-01 -1.391703188419342041e-01 5.731226205825805664e-01 7.511752843856811523e-01
2.913065910339355469e+01 -4.034953689575195312e+01 -2.964671611785888672e+00 3.011103272438049316e-01 -1.394159942865371704e-01 5.833211541175842285e-01 7.413718104362487793e-01
2.871755790710449219e+01 -4.025472259521484375e+01 -2.988960504531860352e+00 3.059368431568145752e-01 -1.395084559917449951e-01 5.936996340751647949e-01 7.310682535171508789e-01
2.830820083618164062e+01 -4.016063690185546875e+01 -3.013009786605834961e+00 3.109287023544311523e-01 -1.394633054733276367e-01 6.041406393051147461e-01 7.203382849693298340e-01
2.790258216857910156e+01 -4.006734466552734375e+01 -3.036821126937866211e+00 3.160582780838012695e-01 -1.392996609210968018e-01 6.145312786102294922e-01 7.092630863189697266e-01
2.750124931335449219e+01 -3.997338867187500000e+01 -3.063957691192626953e+00 3.212964534759521484e-01 -1.390406638383865356e-01 6.247622966766357422e-01 6.979314088821411133e-01
2.710382270812988281e+01 -3.987981414794921875e+01 -3.092017412185668945e+00 3.266132473945617676e-01 -1.387134194374084473e-01 6.347302198410034180e-01 6.864401102066040039e-01
2.671012115478515625e+01 -3.978714752197265625e+01 -3.119795083999633789e+00 3.319776058197021484e-01 -1.383504569530487061e-01 6.443354487419128418e-01 6.748939752578735352e-01
2.632014846801757812e+01 -3.969543457031250000e+01 -3.147291898727416992e+00 3.373582065105438232e-01 -1.379902213811874390e-01 6.534837484359741211e-01 6.634055972099304199e-01
2.593443107604980469e+01 -3.960346603393554688e+01 -3.177388906478881836e+00 3.427231311798095703e-01 -1.376764774322509766e-01 6.620859503746032715e-01 6.520951986312866211e-01
2.555306434631347656e+01 -3.951108932495117188e+01 -3.210500478744506836e+00 3.480402231216430664e-01 -1.374595463275909424e-01 6.700571179389953613e-01 6.410899162292480469e-01
2.517546844482421875e+01 -3.941982269287109375e+01 -3.243270874023437500e+00 3.532771468162536621e-01 -1.373962014913558960e-01 6.773163080215454102e-01 6.305236816406250000e-01
2.480166053771972656e+01 -3.932969665527343750e+01 -3.275701284408569336e+00 3.584015965461730957e-01 -1.375503093004226685e-01 6.837859749794006348e-01 6.205360293388366699e-01
2.443338775634765625e+01 -3.923699188232421875e+01 -3.315930604934692383e+00 3.633798360824584961e-01 -1.379908770322799683e-01 6.893912553787231445e-01 6.112717390060424805e-01
2.406899833679199219e+01 -3.914553070068359375e+01 -3.355811595916748047e+00 3.679867088794708252e-01 -1.389961242675781250e-01 6.940351128578186035e-01 6.029769182205200195e-01
2.370912361145019531e+01 -3.905399322509765625e+01 -3.397960186004638672e+00 3.724605143070220947e-01 -1.402443051338195801e-01 6.978104710578918457e-01 5.955378413200378418e-01
2.335522460937500000e+01 -3.895954132080078125e+01 -3.448124408721923828e+00 3.767558336257934570e-01 -1.417081058025360107e-01 7.007666826248168945e-01 5.889821648597717285e-01
2.300573730468750000e+01 -3.886541366577148438e+01 -3.499621391296386719e+00 3.808261752128601074e-01 -1.433598399162292480e-01 7.029507756233215332e-01 5.833347439765930176e-01
2.266403198242187500e+01 -3.876599121093750000e+01 -3.563335418701171875e+00 3.834277093410491943e-01 -1.438531428575515747e-01 7.047261595726013184e-01 5.793534517288208008e-01
2.232961082458496094e+01 -3.866296386718750000e+01 -3.635302543640136719e+00 3.839408755302429199e-01 -1.426809430122375488e-01 7.062727212905883789e-01 5.774168968200683594e-01
2.200414466857910156e+01 -3.855387115478515625e+01 -3.718293428421020508e+00 3.841377496719360352e-01 -1.421501189470291138e-01 7.070701122283935547e-01 5.764402151107788086e-01
2.168426513671875000e+01 -3.843619155883789062e+01 -3.812005519866943359e+00 3.841622769832611084e-01 -1.420838534832000732e-01 7.071695327758789062e-01 5.763182044029235840e-01
2.136508750915527344e+01 -3.831475830078125000e+01 -3.904160737991333008e+00 3.840188384056091309e-01 -1.424710005521774292e-01 7.065883278846740723e-01 5.770307183265686035e-01
2.104236221313476562e+01 -3.819463348388671875e+01 -3.986202239990234375e+00 3.837109804153442383e-01 -1.432980746030807495e-01 7.053434848785400391e-01 5.785517692565917969e-01
2.071757698059082031e+01 -3.807483673095703125e+01 -4.061550617218017578e+00 3.832417130470275879e-01 -1.445484161376953125e-01 7.034531831741333008e-01 5.808485746383666992e-01
2.039153861999511719e+01 -3.795452880859375000e+01 -4.131799697875976562e+00 3.826138079166412354e-01 -1.462023705244064331e-01 7.009379267692565918e-01 5.838814377784729004e-01
2.006498527526855469e+01 -3.783280563354492188e+01 -4.198541164398193359e+00 3.818301260471343994e-01 -1.482369601726531982e-01 6.978198289871215820e-01 5.876044034957885742e-01
1.973847389221191406e+01 -3.770897674560546875e+01 -4.263161659240722656e+00 3.808937966823577881e-01 -1.506266593933105469e-01 6.941241621971130371e-01 5.919653773307800293e-01
1.941256523132324219e+01 -3.758203887939453125e+01 -4.326434612274169922e+00 3.798083364963531494e-01 -1.533430218696594238e-01 6.898787617683410645e-01 5.969075560569763184e-01
1.908811187744140625e+01 -3.745039367675781250e+01 -4.389251708984375000e+00 3.785779476165771484e-01 -1.563559621572494507e-01 6.851143836975097656e-01 6.023700833320617676e-01
1.876672363281250000e+01 -3.731110382080078125e+01 -4.452961444854736328e+00 3.772073984146118164e-01 -1.596340835094451904e-01 6.798632740974426270e-01 6.082905530929565430e-01
1.845213317871093750e+01 -3.715805053710937500e+01 -4.520147800445556641e+00 3.757018744945526123e-01 -1.631458550691604614e-01 6.741594672203063965e-01 6.146060824394226074e-01
1.815766716003417969e+01 -3.696997833251953125e+01 -4.586966514587402344e+00 3.740668296813964844e-01 -1.668605953454971313e-01 6.680361628532409668e-01 6.212559342384338379e-01
1.791129302978515625e+01 -3.671842193603515625e+01 -4.632316589355468750e+00 3.723077476024627686e-01 -1.707495152950286865e-01 6.615262031555175781e-01 6.281835436820983887e-01
1.773403358459472656e+01 -3.641096496582031250e+01 -4.632596969604492188e+00 3.641152381896972656e-01 -1.708378493785858154e-01 6.552100181579589844e-01 6.394797563552856445e-01
1.759141731262207031e+01 -3.608667755126953125e+01 -4.603130340576171875e+00 3.548049330711364746e-01 -1.705671250820159912e-01 6.485120654106140137e-01 6.515000462532043457e-01
1.746367073059082031e+01 -3.575798416137695312e+01 -4.554715633392333984e+00 3.445120453834533691e-01 -1.699551343917846680e-01 6.414703726768493652e-01 6.640350818634033203e-01
1.733918952941894531e+01 -3.542940902709960938e+01 -4.495544910430908203e+00 3.333771824836730957e-01 -1.690216660499572754e-01 6.341313123703002930e-01 6.768817305564880371e-01
1.721616744995117188e+01 -3.510093307495117188e+01 -4.430624485015869141e+00 3.215474486351013184e-01 -1.677899360656738281e-01 6.265511512756347656e-01 6.898459196090698242e-01
1.709403038024902344e+01 -3.477242660522460938e+01 -4.361755847930908203e+00 3.091761171817779541e-01 -1.662851423025131226e-01 6.187977790832519531e-01 7.027437090873718262e-01
1.697251510620117188e+01 -3.444376754760742188e+01 -4.289777755737304688e+00 2.964228689670562744e-01 -1.645362973213195801e-01 6.109495759010314941e-01 7.154032588005065918e-01
1.685053825378417969e+01 -3.411096572875976562e+01 -4.212318420410156250e+00 2.834536731243133545e-01 -1.625756472349166870e-01 6.030969619750976562e-01 7.276656031608581543e-01
1.672755432128906250e+01 -3.377379989624023438e+01 -4.131166934967041016e+00 2.704395055770874023e-01 -1.604382693767547607e-01 5.953413844108581543e-01 7.393851876258850098e-01
1.660361671447753906e+01 -3.343223571777343750e+01 -4.046196937561035156e+00 2.575565874576568604e-01 -1.581622213125228882e-01 5.877955555915832520e-01 7.504302859306335449e-01
1.647916984558105469e+01 -3.308648681640625000e+01 -3.955909252166748047e+00 2.449844330549240112e-01 -1.557880640029907227e-01 5.805813074111938477e-01 7.606825828552246094e-01
1.635445976257324219e+01 -3.273672866821289062e+01 -3.859487771987915039e+00 2.329055964946746826e-01 -1.533585488796234131e-01 5.738291740417480469e-01 7.700363993644714355e-01
1.622989654541015625e+01 -3.238322830200195312e+01 -3.755620718002319336e+00 2.215048670768737793e-01 -1.509185731410980225e-01 5.676767230033874512e-01 7.783972620964050293e-01
1.610692787170410156e+01 -3.202715682983398438e+01 -3.639438390731811523e+00 2.109674513339996338e-01 -1.485136747360229492e-01 5.622667074203491211e-01 7.856796383857727051e-01
1.598645114898681641e+01 -3.167408180236816406e+01 -3.496916532516479492e+00 2.014789581298828125e-01 -1.461904644966125488e-01 5.577455759048461914e-01 7.918045520782470703e-01
1.587220668792724609e+01 -3.149488258361816406e+01 -3.249136924743652344e+00 1.932240426540374756e-01 -1.439955532550811768e-01 5.542604923248291016e-01 7.966963648796081543e-01
1.585267066955566406e+01 -3.189457511901855469e+01 -3.163685321807861328e+00 1.863853931427001953e-01 -1.419744342565536499e-01 5.519576072692871094e-01 8.002789616584777832e-01
1.583899593353271484e+01 -3.231058120727539062e+01 -3.144410371780395508e+00 1.811436116695404053e-01 -1.401714384555816650e-01 5.509796142578125000e-01 8.024713993072509766e-01
1.583093357086181641e+01 -3.273158645629882812e+01 -3.146704673767089844e+00 1.776762753725051880e-01 -1.386294215917587280e-01 5.514620542526245117e-01 8.031828403472900391e-01
1.583188819885253906e+01 -3.315663909912109375e+01 -3.164114952087402344e+00 1.761561483144760132e-01 -1.373870968818664551e-01 5.535303950309753418e-01 8.023077249526977539e-01
1.584955978393554688e+01 -3.358462905883789062e+01 -3.197402954101562500e+00 1.766959726810455322e-01 -1.364703178405761719e-01 5.572537183761596680e-01 7.997640967369079590e-01
1.590371894836425781e+01 -3.401095581054687500e+01 -3.256752252578735352e+00 1.791788786649703979e-01 -1.358598768711090088e-01 5.625110268592834473e-01 7.956245541572570801e-01
1.602485466003417969e+01 -3.441856765747070312e+01 -3.361251831054687500e+00 1.834282875061035156e-01 -1.355238556861877441e-01 5.691254138946533203e-01 7.899897098541259766e-01
1.626803016662597656e+01 -3.474624252319335938e+01 -3.518750429153442383e+00 1.892647296190261841e-01 -1.354285031557083130e-01 5.769122242927551270e-01 7.829496860504150391e-01
1.660471343994140625e+01 -3.497912216186523438e+01 -3.704784393310546875e+00 1.965062916278839111e-01 -1.355386972427368164e-01 5.856820940971374512e-01 7.745909094810485840e-01
1.695635795593261719e+01 -3.519709777832031250e+01 -3.893410444259643555e+00 2.049702405929565430e-01 -1.358198523521423340e-01 5.952438712120056152e-01 7.649999260902404785e-01
1.731961250305175781e+01 -3.540714263916015625e+01 -4.080745220184326172e+00 2.144728600978851318e-01 -1.362371891736984253e-01 6.054081320762634277e-01 7.542689442634582520e-01
1.769500732421875000e+01 -3.560920715332031250e+01 -4.264807701110839844e+00 2.248312383890151978e-01 -1.367576718330383301e-01 6.159895658493041992e-01 7.424992918968200684e-01
1.808544540405273438e+01 -3.579964447021484375e+01 -4.442059993743896484e+00 2.358638197183609009e-01 -1.373497545719146729e-01 6.268096566200256348e-01 7.298033237457275391e-01
1.849316787719726562e+01 -3.597467041015625000e+01 -4.608798027038574219e+00 2.473915070295333862e-01 -1.379845142364501953e-01 6.376988887786865234e-01 7.163084149360656738e-01
1.891947174072265625e+01 -3.613238143920898438e+01 -4.759756565093994141e+00 2.592383027076721191e-01 -1.386348009109497070e-01 6.484992504119873047e-01 7.021571397781372070e-01
1.936277961730957031e+01 -3.627777099609375000e+01 -4.887697696685791016e+00 2.712330818176269531e-01 -1.392770707607269287e-01 6.590653061866760254e-01 6.875081658363342285e-01
1.982003211975097656e+01 -3.642532730102539062e+01 -4.973963737487792969e+00 2.832103967666625977e-01 -1.398912519216537476e-01 6.692656874656677246e-01 6.725367903709411621e-01
2.027595520019531250e+01 -3.659437942504882812e+01 -4.918182373046875000e+00 2.950107455253601074e-01 -1.404599845409393311e-01 6.789842844009399414e-01 6.574343442916870117e-01
2.075071907043457031e+01 -3.664368438720703125e+01 -4.831460952758789062e+00 3.064815402030944824e-01 -1.409692764282226562e-01 6.881206631660461426e-01 6.424068808555603027e-01
2.122945785522460938e+01 -3.663987350463867188e+01 -4.796278476715087891e+00 3.174780607223510742e-01 -1.414089798927307129e-01 6.965892314910888672e-01 6.276739835739135742e-01
2.170106124877929688e+01 -3.661993408203125000e+01 -4.765527248382568359e+00 3.278625607490539551e-01 -1.417714655399322510e-01 7.043190598487854004e-01 6.134669184684753418e-01
2.216409111022949219e+01 -3.659045410156250000e+01 -4.723638057708740234e+00 3.375040590763092041e-01 -1.420516669750213623e-01 7.112525701522827148e-01 6.000266671180725098e-01
2.261652946472167969e+01 -3.655264663696289062e+01 -4.658304214477539062e+00 3.462787270545959473e-01 -1.422472596168518066e-01 7.173435688018798828e-01 5.876011252403259277e-01
2.305302429199218750e+01 -3.650610351562500000e+01 -4.552104949951171875e+00 3.540675044059753418e-01 -1.423571854829788208e-01 7.225540876388549805e-01 5.764428377151489258e-01
2.347654914855957031e+01 -3.646067428588867188e+01 -4.424626827239990234e+00 3.607888817787170410e-01 -1.423842757940292358e-01 7.268749475479125977e-01 5.667548179626464844e-01
2.389654541015625000e+01 -3.642823028564453125e+01 -4.306958675384521484e+00 3.664940893650054932e-01 -1.423391997814178467e-01 7.303863167762756348e-01 5.585316419601440430e-01
2.431817245483398438e+01 -3.641593551635742188e+01 -4.223626136779785156e+00 3.712635338306427002e-01 -1.422333121299743652e-01 7.331806421279907227e-01 5.517058372497558594e-01
2.473874855041503906e+01 -3.642265701293945312e+01 -4.179692268371582031e+00 3.751722872257232666e-01 -1.420755684375762939e-01 7.353395819664001465e-01 5.462014675140380859e-01
2.515404510498046875e+01 -3.644464874267578125e+01 -4.167766094207763672e+00 3.762982487678527832e-01 -1.399955749511718750e-01 7.375535368919372559e-01 5.429693460464477539e-01
2.556200218200683594e+01 -3.647430419921875000e+01 -4.170347213745117188e+00 3.771584331989288330e-01 -1.383210718631744385e-01 7.391330599784851074e-01 5.406486988067626953e-01
2.596234130859375000e+01 -3.650943374633789062e+01 -4.181419372558593750e+00 3.778481781482696533e-01 -1.370719671249389648e-01 7.401218414306640625e-01 5.391303300857543945e-01
2.635662078857421875e+01 -3.654916000366210938e+01 -4.196424007415771484e+00 3.783890008926391602e-01 -1.362062990665435791e-01 7.405831217765808105e-01 5.383362770080566406e-01
2.674505233764648438e+01 -3.659243011474609375e+01 -4.209922790527343750e+00 3.787978887557983398e-01 -1.356846392154693604e-01 7.405789494514465332e-01 5.381863713264465332e-01
2.712780952453613281e+01 -3.663843536376953125e+01 -4.215578556060791016e+00 3.790885210037231445e-01 -1.354690343141555786e-01 7.401701211929321289e-01 5.385984182357788086e-01
2.750475692749023438e+01 -3.668611907958984375e+01 -4.207292556762695312e+00 3.792721927165985107e-01 -1.355226486921310425e-01 7.394171953201293945e-01 5.394889116287231445e-01
2.787611770629882812e+01 -3.673029708862304688e+01 -4.187275409698486328e+00 3.793590664863586426e-01 -1.358091086149215698e-01 7.383801341056823730e-01 5.407744646072387695e-01
2.824299049377441406e+01 -3.676032257080078125e+01 -4.162767887115478516e+00 3.793588876724243164e-01 -1.362916827201843262e-01 7.371190786361694336e-01 5.423715710639953613e-01
2.860596466064453125e+01 -3.676364135742187500e+01 -4.149580001831054688e+00 3.792813420295715332e-01 -1.369331777095794678e-01 7.356932759284973145e-01 5.441967844963073730e-01
2.896264839172363281e+01 -3.673761749267578125e+01 -4.146981239318847656e+00 3.791370987892150879e-01 -1.376956999301910400e-01 7.341626882553100586e-01 5.461684465408325195e-01
2.930977630615234375e+01 -3.667969131469726562e+01 -4.142859935760498047e+00 3.781018555164337158e-01 -1.377303898334503174e-01 7.328364849090576172e-01 5.486527681350708008e-01
2.964094734191894531e+01 -3.658227157592773438e+01 -4.120507717132568359e+00 3.764441907405853271e-01 -1.372320950031280518e-01 7.316929697990417480e-01 5.514367818832397461e-01
2.994296264648437500e+01 -3.643481063842773438e+01 -4.068490982055664062e+00 3.747606277465820312e-01 -1.367216855287551880e-01 7.306174635887145996e-01 5.541297197341918945e-01
3.021600532531738281e+01 -3.625400924682617188e+01 -3.998500347137451172e+00 3.731098771095275879e-01 -1.362015306949615479e-01 7.296584844589233398e-01 5.566296577453613281e-01
3.047249031066894531e+01 -3.606148910522460938e+01 -3.923318386077880859e+00 3.715516626834869385e-01 -1.356747150421142578e-01 7.288658022880554199e-01 5.588349103927612305e-01
3.071605110168457031e+01 -3.586130905151367188e+01 -3.849598407745361328e+00 3.701374232769012451e-01 -1.351435631513595581e-01 7.282779216766357422e-01 5.606654286384582520e-01
3.093981170654296875e+01 -3.564506149291992188e+01 -3.783466100692749023e+00 3.688892722129821777e-01 -1.346106827259063721e-01 7.278867363929748535e-01 5.621223449707031250e-01
3.113798713684082031e+01 -3.540974426269531250e+01 -3.728510141372680664e+00 3.678206801414489746e-01 -1.340779364109039307e-01 7.276717424392700195e-01 5.632270574569702148e-01
3.131095314025878906e+01 -3.515999603271484375e+01 -3.684744834899902344e+00 3.669450879096984863e-01 -1.335470378398895264e-01 7.276122570037841797e-01 5.640007257461547852e-01
3.145947837829589844e+01 -3.489964675903320312e+01 -3.651744842529296875e+00 3.662754893302917480e-01 -1.330198645591735840e-01 7.276870012283325195e-01 5.644640326499938965e-01
3.158077812194824219e+01 -3.463037872314453125e+01 -3.630644559860229492e+00 3.658249974250793457e-01 -1.324981749057769775e-01 7.278739809989929199e-01 5.646376013755798340e-01
3.167950057983398438e+01 -3.435764694213867188e+01 -3.619122743606567383e+00 3.656066358089447021e-01 -1.319836378097534180e-01 7.281517386436462402e-01 5.645414590835571289e-01
3.176226234436035156e+01 -3.408527374267578125e+01 -3.614114999771118164e+00 3.656329512596130371e-01 -1.314779669046401978e-01 7.284978032112121582e-01 5.641958117485046387e-01
3.182716751098632812e+01 -3.381342697143554688e+01 -3.616410493850708008e+00 3.659168481826782227e-01 -1.309828311204910278e-01 7.288898229598999023e-01 5.636203885078430176e-01
3.187938690185546875e+01 -3.354471588134765625e+01 -3.623445987701416016e+00 3.664705455303192139e-01 -1.304995417594909668e-01 7.293052077293395996e-01 5.628349781036376953e-01
3.192494964599609375e+01 -3.328127288818359375e+01 -3.632599353790283203e+00 3.673067688941955566e-01 -1.300299465656280518e-01 7.297208905220031738e-01 5.618587136268615723e-01
3.196069908142089844e+01 -3.301651382446289062e+01 -3.645602941513061523e+00 3.684375286102294922e-01 -1.295752972364425659e-01 7.301140427589416504e-01 5.607115626335144043e-01
3.199411392211914062e+01 -3.275144577026367188e+01 -3.659534931182861328e+00 3.698750138282775879e-01 -1.291368454694747925e-01 7.304614186286926270e-01 5.594124197959899902e-01
3.201965713500976562e+01 -3.248569107055664062e+01 -3.676256656646728516e+00 3.716314435005187988e-01 -1.287163794040679932e-01 7.307393550872802734e-01 5.579802989959716797e-01
3.204376983642578125e+01 -3.221982192993164062e+01 -3.693504571914672852e+00 3.737186789512634277e-01 -1.283150613307952881e-01 7.309242486953735352e-01 5.564343333244323730e-01
3.206149673461914062e+01 -3.195360374450683594e+01 -3.712655544281005859e+00 3.761487007141113281e-01 -1.279343068599700928e-01 7.309922575950622559e-01 5.547930002212524414e-01
3.207822036743164062e+01 -3.168734741210937500e+01 -3.732130765914916992e+00 3.789331912994384766e-01 -1.275754272937774658e-01 7.309188842773437500e-01 5.530747771263122559e-01
3.208929443359375000e+01 -3.142090797424316406e+01 -3.752773284912109375e+00 3.820833265781402588e-01 -1.272394359111785889e-01 7.306797504425048828e-01 5.512980222702026367e-01
3.209939193725585938e+01 -3.115447235107421875e+01 -3.773569822311401367e+00 3.856106996536254883e-01 -1.269276440143585205e-01 7.302498221397399902e-01 5.494804978370666504e-01
3.210477066040039062e+01 -3.088794326782226562e+01 -3.794626474380493164e+00 3.895260691642761230e-01 -1.266409456729888916e-01 7.296038866043090820e-01 5.476400852203369141e-01
3.210845947265625000e+01 -3.062224578857421875e+01 -3.814775228500366211e+00 3.893409073352813721e-01 -1.272089779376983643e-01 7.288044095039367676e-01 5.487036108970642090e-01
3.210936355590820312e+01 -3.035659027099609375e+01 -3.834223508834838867e+00 3.891016840934753418e-01 -1.279388517141342163e-01 7.277740836143493652e-01 5.500693321228027344e-01
3.210545349121093750e+01 -3.009087371826171875e+01 -3.850391149520874023e+00 3.888139128684997559e-01 -1.288107633590698242e-01 7.265393137931823730e-01 5.516994595527648926e-01
3.209167098999023438e+01 -2.982537078857421875e+01 -3.860615253448486328e+00 3.884840011596679688e-01 -1.298023760318756104e-01 7.251292467117309570e-01 5.535513162612915039e-01
3.205253601074218750e+01 -2.956263542175292969e+01 -3.856849908828735352e+00 3.881193995475769043e-01 -1.308885216712951660e-01 7.235779762268066406e-01 5.555774569511413574e-01
3.196910285949707031e+01 -2.931228446960449219e+01 -3.830690860748291016e+00 3.877287507057189941e-01 -1.320411264896392822e-01 7.219240069389343262e-01 5.577249526977539062e-01
3.185692024230957031e+01 -2.907438850402832031e+01 -3.792374134063720703e+00 3.873222172260284424e-01 -1.332290172576904297e-01 7.202110290527343750e-01 5.599352717399597168e-01
3.174365425109863281e+01 -2.883669281005859375e+01 -3.756161451339721680e+00 3.869111239910125732e-01 -1.344182491302490234e-01 7.184875607490539551e-01 5.621451139450073242e-01
3.163470458984375000e+01 -2.859649848937988281e+01 -3.723432540893554688e+00 3.865081369876861572e-01 -1.355725675821304321e-01 7.168062925338745117e-01 5.642872452735900879e-01
3.152830696105957031e+01 -2.835491561889648438e+01 -3.692474365234375000e+00 3.861269950866699219e-01 -1.366543471813201904e-01 7.152234315872192383e-01 5.662922263145446777e-01
3.142377853393554688e+01 -2.811235809326171875e+01 -3.662584781646728516e+00 3.857819437980651855e-01 -1.376254409551620483e-01 7.137963175773620605e-01 5.680900812149047852e-01
3.132082176208496094e+01 -2.786898422241210938e+01 -3.633418560028076172e+00 3.854873180389404297e-01 -1.384485065937042236e-01 7.125821113586425781e-01 5.696122050285339355e-01
3.121970939636230469e+01 -2.762468719482421875e+01 -3.604835033416748047e+00 3.852567374706268311e-01 -1.390888988971710205e-01 7.116345763206481934e-01 5.707955956459045410e-01
3.112037467956542969e+01 -2.737952041625976562e+01 -3.576557636260986328e+00 3.851023912429809570e-01 -1.395156979560852051e-01 7.110017538070678711e-01 5.715837478637695312e-01
3.102307510375976562e+01 -2.713341331481933594e+01 -3.548426389694213867e+00 3.850339949131011963e-01 -1.397042423486709595e-01 7.107217907905578613e-01 5.719318389892578125e-01
3.092864227294921875e+01 -2.688607788085937500e+01 -3.520263671875000000e+00 3.850581645965576172e-01 -1.396375894546508789e-01 7.108208537101745605e-01 5.718086957931518555e-01
3.083906936645507812e+01 -2.663685989379882812e+01 -3.491705894470214844e+00 3.851774334907531738e-01 -1.393083035945892334e-01 7.113094329833984375e-01 5.712007284164428711e-01
3.075918960571289062e+01 -2.638434028625488281e+01 -3.462581157684326172e+00 3.853897452354431152e-01 -1.387199014425277710e-01 7.121808528900146484e-01 5.701138377189636230e-01
3.069771385192871094e+01 -2.612662506103515625e+01 -3.433843851089477539e+00 3.856879770755767822e-01 -1.378884315490722656e-01 7.134087085723876953e-01 5.685765743255615234e-01
3.065770721435546875e+01 -2.586420822143554688e+01 -3.408608913421630859e+00 3.860602974891662598e-01 -1.368426084518432617e-01 7.149471044540405273e-01 5.666409730911254883e-01
3.062145996093750000e+01 -2.560372924804687500e+01 -3.386086940765380859e+00 3.721403479576110840e-01 -1.386857628822326660e-01 7.165910005569458008e-01 5.733891725540161133e-01
3.058114242553710938e+01 -2.534390068054199219e+01 -3.365726947784423828e+00 3.562170565128326416e-01 -1.406443566083908081e-01 7.184238433837890625e-01 5.806856751441955566e-01
3.054484748840332031e+01 -2.508352470397949219e+01 -3.347310066223144531e+00 3.384761214256286621e-01 -1.426853388547897339e-01 7.203374505043029785e-01 5.883780717849731445e-01
3.051569557189941406e+01 -2.482228660583496094e+01 -3.330427169799804688e+00 3.191099464893341064e-01 -1.447770148515701294e-01 7.222290635108947754e-01 5.963166356086730957e-01
3.049590682983398438e+01 -2.456016349792480469e+01 -3.315155029296875000e+00 2.983185350894927979e-01 -1.468886584043502808e-01 7.240040898323059082e-01 6.043574213981628418e-01
3.048739433288574219e+01 -2.429737663269042969e+01 -3.301628351211547852e+00 2.763101160526275635e-01 -1.489916145801544189e-01 7.255782485008239746e-01 6.123645901679992676e-01
3.049189567565917969e+01 -2.403441047668457031e+01 -3.290021896362304688e+00 2.533021569252014160e-01 -1.510599404573440552e-01 7.268806695938110352e-01 6.202121973037719727e-01
3.051108741760253906e+01 -2.377200126647949219e+01 -3.280541896820068359e+00 2.295202314853668213e-01 -1.530700027942657471e-01 7.278558015823364258e-01 6.277865767478942871e-01
3.054350280761718750e+01 -2.351075363159179688e+01 -3.272780179977416992e+00 2.051982134580612183e-01 -1.550017893314361572e-01 7.284637689590454102e-01 6.349871754646301270e-01
3.058711433410644531e+01 -2.325101470947265625e+01 -3.266176700592041016e+00 1.805763542652130127e-01 -1.568385213613510132e-01 7.286823987960815430e-01 6.417288780212402344e-01
3.064075088500976562e+01 -2.299303436279296875e+01 -3.260263681411743164e+00 1.559012681245803833e-01 -1.585674434900283813e-01 7.285078167915344238e-01 6.479409933090209961e-01
3.070392417907714844e+01 -2.273709869384765625e+01 -3.254569053649902344e+00 1.314232498407363892e-01 -1.601798236370086670e-01 7.279534339904785156e-01 6.535701751708984375e-01
3.077685737609863281e+01 -2.248364639282226562e+01 -3.248509407043457031e+00 1.073951870203018188e-01 -1.616700589656829834e-01 7.270513772964477539e-01 6.585782766342163086e-01
3.086150169372558594e+01 -2.223376083374023438e+01 -3.241023540496826172e+00 8.407133072614669800e-02 -1.630371510982513428e-01 7.258490920066833496e-01 6.629434823989868164e-01
3.096444511413574219e+01 -2.199091529846191406e+01 -3.229167461395263672e+00 6.170498952269554138e-02 -1.642833054065704346e-01 7.244108915328979492e-01 6.666575670242309570e-01
3.109691810607910156e+01 -2.176392745971679688e+01 -3.204123497009277344e+00 4.054800420999526978e-02 -1.654137074947357178e-01 7.228139638900756836e-01 6.697267889976501465e-01
3.125516700744628906e+01 -2.155992126464843750e+01 -3.145863533020019531e+00 2.084945142269134521e-02 -1.664366424083709717e-01 7.211477756500244141e-01 6.721681952476501465e-01
3.139253616333007812e+01 -2.134891128540039062e+01 -3.063059091567993164e+00 2.855099737644195557e-03 -1.673627495765686035e-01 7.195100784301757812e-01 6.740079522132873535e-01
3.149796295166015625e+01 -2.112038040161132812e+01 -2.978923797607421875e+00 -1.319243758916854858e-02 -1.682040989398956299e-01 7.180056571960449219e-01 6.752787232398986816e-01
3.159111976623535156e+01 -2.088515853881835938e+01 -2.898697376251220703e+00 -2.705480903387069702e-02 -1.689737290143966675e-01 7.167413234710693359e-01 6.760160326957702637e-01
3.167787742614746094e+01 -2.064576339721679688e+01 -2.823807954788208008e+00 -3.855801373720169067e-02 -1.696878373622894287e-01 7.158093452453613281e-01 6.762664914131164551e-01
3.175908088684082031e+01 -2.041192626953125000e+01 -2.756936788558959961e+00 -4.777674376964569092e-02 -1.703726649284362793e-01 7.152338027954101562e-01 6.761147379875183105e-01
3.183653068542480469e+01 -2.018432807922363281e+01 -2.698594331741333008e+00 -5.484797433018684387e-02 -1.710533201694488525e-01 7.150099277496337891e-01 6.756429076194763184e-01
3.191149520874023438e+01 -1.996347045898437500e+01 -2.649384975433349609e+00 -5.990898609161376953e-02 -1.717525720596313477e-01 7.151184678077697754e-01 6.749203801155090332e-01
3.198496437072753906e+01 -1.974979019165039062e+01 -2.610098123550415039e+00 -6.309641897678375244e-02 -1.724903881549835205e-01 7.155295014381408691e-01 6.740055680274963379e-01
3.205668640136718750e+01 -1.954372024536132812e+01 -2.579442977905273438e+00 -6.454643607139587402e-02 -1.732837259769439697e-01 7.162032127380371094e-01 6.729483604431152344e-01
3.212625885009765625e+01 -1.934555435180664062e+01 -2.555937528610229492e+00 -6.439447402954101562e-02 -1.741487383842468262e-01 7.170929312705993652e-01 6.717911958694458008e-01
3.219334030151367188e+01 -1.915548515319824219e+01 -2.538331270217895508e+00 -6.277580559253692627e-02 -1.750999242067337036e-01 7.181457877159118652e-01 6.705712676048278809e-01
3.225763320922851562e+01 -1.897362327575683594e+01 -2.525617599487304688e+00 -5.982527136802673340e-02 -1.761505603790283203e-01 7.193051576614379883e-01 6.693220734596252441e-01
3.231967544555664062e+01 -1.879764938354492188e+01 -2.516717672348022461e+00 -5.567694827914237976e-02 -1.773135066032409668e-01 7.205115556716918945e-01 6.680742502212524414e-01
3.237911605834960938e+01 -1.862755393981933594e+01 -2.510807991027832031e+00 -5.046585574746131897e-02 -1.786011755466461182e-01 7.217037081718444824e-01 6.668571829795837402e-01
3.243545913696289062e+01 -1.846323776245117188e+01 -2.506979227066040039e+00 -4.432632774114608765e-02 -1.800258159637451172e-01 7.228203415870666504e-01 6.657001376152038574e-01
3.248904418945312500e+01 -1.830487251281738281e+01 -2.504755258560180664e+00 -3.739316016435623169e-02 -1.815997660160064697e-01 7.238000631332397461e-01 6.646325588226318359e-01
3.254287338256835938e+01 -1.815352058410644531e+01 -2.504909276962280273e+00 -2.980144321918487549e-02 -1.833359301090240479e-01 7.245836257934570312e-01 6.636853814125061035e-01
3.260062026977539062e+01 -1.801070594787597656e+01 -2.507815599441528320e+00 -2.168679982423782349e-02 -1.852469444274902344e-01 7.251129150390625000e-01 6.628909111022949219e-01
3.266398239135742188e+01 -1.787760543823242188e+01 -2.513017177581787109e+00 -1.318462193012237549e-02 -1.873464286327362061e-01 7.253323793411254883e-01 6.622842550277709961e-01
3.273264312744140625e+01 -1.775469779968261719e+01 -2.519770383834838867e+00 -4.430942237377166748e-03 -1.896490156650543213e-01 7.251890897750854492e-01 6.619021892547607422e-01
3.280336761474609375e+01 -1.764068412780761719e+01 -2.527050971984863281e+00 4.438146948814392090e-03 -1.921688467264175415e-01 7.246329784393310547e-01 6.617844700813293457e-01
3.287833404541015625e+01 -1.752818107604980469e+01 -2.534835815429687500e+00 1.328673958778381348e-02 -1.949212551116943359e-01 7.236164212226867676e-01 6.619731187820434570e-01
3.295615386962890625e+01 -1.741640663146972656e+01 -2.543054819107055664e+00 2.197864651679992676e-02 -1.979225277900695801e-01 7.220948338508605957e-01 6.625123023986816406e-01
3.303618240356445312e+01 -1.730498504638671875e+01 -2.551732540130615234e+00 3.040711581707000732e-02 -2.011778801679611206e-01 7.200473546981811523e-01 6.634263992309570312e-01
3.311780548095703125e+01 -1.719349479675292969e+01 -2.560924530029296875e+00 3.858248889446258545e-02 -2.046483755111694336e-01 7.175412774085998535e-01 6.646538972854614258e-01
3.320050811767578125e+01 -1.708153533935546875e+01 -2.570602416992187500e+00 4.654467850923538208e-02 -2.082840800285339355e-01 7.146661281585693359e-01 6.661108732223510742e-01
3.328404617309570312e+01 -1.696889686584472656e+01 -2.580807447433471680e+00 5.433274805545806885e-02 -2.120349109172821045e-01 7.115107178688049316e-01 6.677138209342956543e-01
3.336822128295898438e+01 -1.685540199279785156e+01 -2.591596364974975586e+00 6.198672205209732056e-02 -2.158507704734802246e-01 7.081648707389831543e-01 6.693791747093200684e-01
3.345256805419921875e+01 -1.674072074890136719e+01 -2.603277444839477539e+00 6.954651325941085815e-02 -2.196824401617050171e-01 7.047189474105834961e-01 6.710245609283447266e-01
3.353676223754882812e+01 -1.662458610534667969e+01 -2.615852355957031250e+00 7.705131173133850098e-02 -2.234802544116973877e-01 7.012642025947570801e-01 6.725683808326721191e-01
3.362044525146484375e+01 -1.650673866271972656e+01 -2.629459381103515625e+00 8.454119414091110229e-02 -2.271952033042907715e-01 6.978925466537475586e-01 6.739295721054077148e-01
3.370330429077148438e+01 -1.638694572448730469e+01 -2.644070386886596680e+00 9.205632656812667847e-02 -2.307786047458648682e-01 6.946967840194702148e-01 6.750283837318420410e-01
3.378520202636718750e+01 -1.626506996154785156e+01 -2.659385919570922852e+00 9.963628649711608887e-02 -2.341817617416381836e-01 6.917700767517089844e-01 6.757851243019104004e-01
3.386608505249023438e+01 -1.614102554321289062e+01 -2.675006151199340820e+00 1.073212921619415283e-01 -2.373564392328262329e-01 6.892054677009582520e-01 6.761211752891540527e-01
3.394598388671875000e+01 -1.601477241516113281e+01 -2.690491914749145508e+00 1.151510253548622131e-01 -2.402542233467102051e-01 6.870955228805541992e-01 6.759570240974426270e-01
3.402482604980468750e+01 -1.588620090484619141e+01 -2.705248117446899414e+00 1.231653019785881042e-01 -2.428262978792190552e-01 6.855317354202270508e-01 6.752125024795532227e-01
3.410302352905273438e+01 -1.575552940368652344e+01 -2.718977928161621094e+00 1.314040720462799072e-01 -2.450239956378936768e-01 6.846032142639160156e-01 6.738060712814331055e-01
3.418079376220703125e+01 -1.562285614013671875e+01 -2.731471538543701172e+00 1.399066001176834106e-01 -2.467974722385406494e-01 6.843965649604797363e-01 6.716534495353698730e-01
3.425835037231445312e+01 -1.548829555511474609e+01 -2.742650747299194336e+00 1.487119495868682861e-01 -2.480958104133605957e-01 6.849941611289978027e-01 6.686673760414123535e-01
3.433586120605468750e+01 -1.535193538665771484e+01 -2.752548217773437500e+00 1.578581929206848145e-01 -2.488666772842407227e-01 6.864733099937438965e-01 6.647559404373168945e-01
3.441333770751953125e+01 -1.521374988555908203e+01 -2.760708570480346680e+00 1.673826277256011963e-01 -2.490564584732055664e-01 6.889044046401977539e-01 6.598216295242309570e-01
3.449039459228515625e+01 -1.507604694366455078e+01 -2.767239093780517578e+00 1.773215532302856445e-01 -2.486086189746856689e-01 6.923500299453735352e-01 6.537600755691528320e-01
3.456711959838867188e+01 -1.493890380859375000e+01 -2.772607564926147461e+00 1.877092421054840088e-01 -2.474644184112548828e-01 6.968622207641601562e-01 6.464591622352600098e-01
3.464388275146484375e+01 -1.480251407623291016e+01 -2.776201486587524414e+00 1.985548436641693115e-01 -2.455788850784301758e-01 7.024473547935485840e-01 6.378359198570251465e-01
3.472103118896484375e+01 -1.466718673706054688e+01 -2.778000831604003906e+00 2.097714245319366455e-01 -2.429705411195755005e-01 7.089664936065673828e-01 6.279551982879638672e-01
3.479813385009765625e+01 -1.453276538848876953e+01 -2.778743028640747070e+00 2.212492078542709351e-01 -2.396758347749710083e-01 7.162470221519470215e-01 6.169233918190002441e-01
3.487646865844726562e+01 -1.440014839172363281e+01 -2.776763439178466797e+00 2.328774034976959229e-01 -2.357334941625595093e-01 7.241207957267761230e-01 6.048527359962463379e-01
3.495532989501953125e+01 -1.426903820037841797e+01 -2.773225545883178711e+00 2.445477247238159180e-01 -2.311855405569076538e-01 7.324254512786865234e-01 5.918635725975036621e-01
3.503493499755859375e+01 -1.413966274261474609e+01 -2.767823934555053711e+00 2.561533749103546143e-01 -2.260776311159133911e-01 7.410072684288024902e-01 5.780852437019348145e-01
3.511668014526367188e+01 -1.401324653625488281e+01 -2.759075641632080078e+00 2.675905823707580566e-01 -2.204594165086746216e-01 7.497224807739257812e-01 5.636569857597351074e-01
3.519920349121093750e+01 -1.388893318176269531e+01 -2.748556137084960938e+00 2.787585854530334473e-01 -2.143850773572921753e-01 7.584388852119445801e-01 5.487285852432250977e-01
3.528432464599609375e+01 -1.376836395263671875e+01 -2.734288930892944336e+00 2.895622849464416504e-01 -2.079128324985504150e-01 7.670370936393737793e-01 5.334603786468505859e-01
3.537224197387695312e+01 -1.365222167968750000e+01 -2.716065645217895508e+00 2.999103665351867676e-01 -2.011053115129470825e-01 7.754114270210266113e-01 5.180226564407348633e-01
3.546203231811523438e+01 -1.353978443145751953e+01 -2.695012092590332031e+00 3.097178637981414795e-01 -1.940287202596664429e-01 7.834702134132385254e-01 5.025952458381652832e-01
3.555513000488281250e+01 -1.343290042877197266e+01 -2.669869899749755859e+00 3.189045488834381104e-01 -1.867527961730957031e-01 7.911365032196044922e-01 4.873666763305664062e-01
3.565085983276367188e+01 -1.333123493194580078e+01 -2.641852140426635742e+00 3.273970782756805420e-01 -1.793504953384399414e-01 7.983466982841491699e-01 4.725325107574462891e-01
3.574838638305664062e+01 -1.323386001586914062e+01 -2.612041234970092773e+00 3.351263701915740967e-01 -1.718965917825698853e-01 8.050510287284851074e-01 4.582953155040740967e-01
3.584780502319335938e+01 -1.314098358154296875e+01 -2.580653429031372070e+00 3.420297801494598389e-01 -1.644681841135025024e-01 8.112111687660217285e-01 4.448621869087219238e-01
3.594995880126953125e+01 -1.305371570587158203e+01 -2.548218011856079102e+00 3.480484187602996826e-01 -1.571426987648010254e-01 8.167994022369384766e-01 4.324432611465454102e-01
3.605334472656250000e+01 -1.296992683410644531e+01 -2.516075372695922852e+00 3.531275987625122070e-01 -1.499985456466674805e-01 8.217958807945251465e-01 4.212513566017150879e-01
3.615787887573242188e+01 -1.288934516906738281e+01 -2.484605073928833008e+00 3.566819727420806885e-01 -1.428250819444656372e-01 8.263980150222778320e-01 4.116374552249908447e-01
3.626375961303710938e+01 -1.281197452545166016e+01 -2.454608917236328125e+00 3.596405088901519775e-01 -1.362336426973342896e-01 8.302035927772521973e-01 4.035603106021881104e-01
3.637073516845703125e+01 -1.273706054687500000e+01 -2.427292823791503906e+00 3.622057139873504639e-01 -1.304231137037277222e-01 8.331014513969421387e-01 3.971634805202484131e-01
3.647811508178710938e+01 -1.266374492645263672e+01 -2.402426958084106445e+00 3.630337715148925781e-01 -1.247551739215850830e-01 8.356139659881591797e-01 3.929274082183837891e-01
3.658266830444335938e+01 -1.259383773803710938e+01 -2.380864620208740234e+00 3.628357946872711182e-01 -1.195778399705886841e-01 8.375677466392517090e-01 3.905529081821441650e-01
3.668467712402343750e+01 -1.252769756317138672e+01 -2.363303661346435547e+00 3.617292642593383789e-01 -1.148964315652847290e-01 8.390392065048217773e-01 3.898254930973052979e-01
3.678337478637695312e+01 -1.246484375000000000e+01 -2.347576856613159180e+00 3.598273098468780518e-01 -1.107148453593254089e-01 8.400931954383850098e-01 3.905253708362579346e-01
3.687902069091796875e+01 -1.240552997589111328e+01 -2.334438085556030273e+00 3.572392761707305908e-01 -1.070354729890823364e-01 8.407871127128601074e-01 3.924289345741271973e-01
3.697134017944335938e+01 -1.234960174560546875e+01 -2.323082447052001953e+00 3.540732562541961670e-01 -1.038604676723480225e-01 8.411743044853210449e-01 3.953111469745635986e-01
3.706016921997070312e+01 -1.229687976837158203e+01 -2.313210964202880859e+00 3.504361212253570557e-01 -1.011914238333702087e-01 8.413066267967224121e-01 3.989459276199340820e-01
3.714553833007812500e+01 -1.224750709533691406e+01 -2.304819822311401367e+00 3.464358448982238770e-01 -9.903039038181304932e-02 8.412368893623352051e-01 4.031074643135070801e-01
3.722719573974609375e+01 -1.220114517211914062e+01 -2.297454595565795898e+00 3.421807289123535156e-01 -9.737940877676010132e-02 8.410202860832214355e-01 4.075713455677032471e-01
3.730506896972656250e+01 -1.215777301788330078e+01 -2.290940761566162109e+00 3.377812802791595459e-01 -9.624132513999938965e-02 8.407157063484191895e-01 4.121145904064178467e-01
3.737921142578125000e+01 -1.211748790740966797e+01 -2.285434007644653320e+00 3.333491086959838867e-01 -9.561935812234878540e-02 8.403861522674560547e-01 4.165171384811401367e-01
3.744911193847656250e+01 -1.207952594757080078e+01 -2.280104398727416992e+00 3.289983570575714111e-01 -9.551759064197540283e-02 8.400985598564147949e-01 4.205600321292877197e-01
3.751535034179687500e+01 -1.204485321044921875e+01 -2.275819063186645508e+00 3.248441219329833984e-01 -9.594020992517471313e-02 8.399245142936706543e-01 4.240267574787139893e-01
3.757729339599609375e+01 -1.201245117187500000e+01 -2.271732330322265625e+00 3.210024833679199219e-01 -9.689221531152725220e-02 8.399371504783630371e-01 4.267023801803588867e-01
3.763485336303710938e+01 -1.198215293884277344e+01 -2.267745018005371094e+00 3.175902068614959717e-01 -9.837849438190460205e-02 8.402115106582641602e-01 4.283723831176757812e-01
3.768844604492187500e+01 -1.195475292205810547e+01 -2.264380455017089844e+00 3.147229850292205811e-01 -1.004037708044052124e-01 8.408213853836059570e-01 4.288215637207031250e-01
3.773761749267578125e+01 -1.192944049835205078e+01 -2.261147737503051758e+00 3.125153779983520508e-01 -1.029727160930633545e-01 8.418368101119995117e-01 4.278334379196166992e-01
3.778224182128906250e+01 -1.190601825714111328e+01 -2.257946729660034180e+00 3.110792040824890137e-01 -1.060891151428222656e-01 8.433209061622619629e-01 4.251878559589385986e-01
3.782228088378906250e+01 -1.188444805145263672e+01 -2.254767656326293945e+00 3.105219900608062744e-01 -1.097548902034759521e-01 8.453263640403747559e-01 4.206580519676208496e-01
3.785795974731445312e+01 -1.186522388458251953e+01 -2.251828908920288086e+00 3.109445869922637939e-01 -1.139700412750244141e-01 8.478908538818359375e-01 4.140114784240722656e-01
3.788902664184570312e+01 -1.184792709350585938e+01 -2.248937845230102539e+00 3.124041259288787842e-01 -1.187116205692291260e-01 8.510140180587768555e-01 4.050756096839904785e-01
3.791537475585937500e+01 -1.183239936828613281e+01 -2.246018409729003906e+00 3.148051500320434570e-01 -1.238749623298645020e-01 8.546061515808105469e-01 3.939557373523712158e-01
3.793700408935546875e+01 -1.181871032714843750e+01 -2.243086576461791992e+00 3.180131316184997559e-01 -1.293340474367141724e-01 8.585520982742309570e-01 3.808260858058929443e-01
3.795393753051757812e+01 -1.180691909790039062e+01 -2.240161418914794922e+00 3.218924701213836670e-01 -1.349625140428543091e-01 8.627361059188842773e-01 3.658644855022430420e-01
3.796617126464843750e+01 -1.179709911346435547e+01 -2.237262248992919922e+00 3.263082802295684814e-01 -1.406330913305282593e-01 8.670461773872375488e-01 3.492508530616760254e-01
3.797371673583984375e+01 -1.178930664062500000e+01 -2.234412193298339844e+00 3.311279416084289551e-01 -1.462199985980987549e-01 8.713771104812622070e-01 3.311732709407806396e-01
3.797659683227539062e+01 -1.178360366821289062e+01 -2.231637716293334961e+00 3.362230360507965088e-01 -1.515986919403076172e-01 8.756347894668579102e-01 3.118261992931365967e-01
3.797483062744140625e+01 -1.178004837036132812e+01 -2.228970050811767578e+00 3.414683341979980469e-01 -1.566466689109802246e-01 8.797384500503540039e-01 2.914129197597503662e-01
3.798163223266601562e+01 -1.177224349975585938e+01 -2.225932836532592773e+00 3.467462062835693359e-01 -1.612442731857299805e-01 8.836229443550109863e-01 2.701440453529357910e-01
3.799702835083007812e+01 -1.176023387908935547e+01 -2.222564697265625000e+00 3.519445955753326416e-01 -1.652753055095672607e-01 8.872410655021667480e-01 2.482385337352752686e-01
3.802116775512695312e+01 -1.174446296691894531e+01 -2.218983650207519531e+00 3.538208603858947754e-01 -1.681050360202789307e-01 8.919239044189453125e-01 2.258831411600112915e-01
3.805405426025390625e+01 -1.172473335266113281e+01 -2.215223550796508789e+00 3.558960556983947754e-01 -1.704525947570800781e-01 8.961009383201599121e-01 2.031919509172439575e-01
3.809573364257812500e+01 -1.170104217529296875e+01 -2.211347103118896484e+00 3.584681749343872070e-01 -1.721848398447036743e-01 8.996007442474365234e-01 1.804753690958023071e-01
3.814627456665039062e+01 -1.167340087890625000e+01 -2.207420349121093750e+00 3.614572286605834961e-01 -1.730946898460388184e-01 9.024442434310913086e-01 1.580545008182525635e-01
3.820409393310546875e+01 -1.164309310913085938e+01 -2.203749418258666992e+00 3.647479712963104248e-01 -1.729836016893386841e-01 9.046954512596130371e-01 1.362416744232177734e-01
3.826930618286132812e+01 -1.161023902893066406e+01 -2.200451612472534180e+00 3.681975305080413818e-01 -1.716734617948532104e-01 9.064528942108154297e-01 1.153327152132987976e-01
3.834174728393554688e+01 -1.157434272766113281e+01 -2.197375774383544922e+00 3.716469407081604004e-01 -1.690126061439514160e-01 9.078404903411865234e-01 9.559802711009979248e-02
3.842177963256835938e+01 -1.153608131408691406e+01 -2.194871425628662109e+00 3.749329447746276855e-01 -1.648781746625900269e-01 9.089928269386291504e-01 7.728131860494613647e-02
3.850902175903320312e+01 -1.149496269226074219e+01 -2.193093776702880859e+00 -3.779949843883514404e-01 1.577601283788681030e-01 -9.102910161018371582e-01 -6.001470237970352173e-02
3.860435867309570312e+01 -1.145149421691894531e+01 -2.191369533538818359e+00 -3.804184496402740479e-01 1.518231779336929321e-01 -9.111189842224121094e-01 -4.575648158788681030e-02
3.870689392089843750e+01 -1.140539073944091797e+01 -2.190359830856323242e+00 -3.794796764850616455e-01 1.431097984313964844e-01 -9.134932160377502441e-01 -3.232440724968910217e-02
3.881702423095703125e+01 -1.135670661926269531e+01 -2.189934253692626953e+00 -3.777482807636260986e-01 1.329102814197540283e-01 -9.160855412483215332e-01 -2.069708704948425293e-02
3.893474197387695312e+01 -1.130543231964111328e+01 -2.190061807632446289e+00 -3.752854168415069580e-01 1.213465183973312378e-01 -9.188691377639770508e-01 -1.073001697659492493e-02
3.906006622314453125e+01 -1.125167179107666016e+01 -2.190751075744628906e+00 -3.721473515033721924e-01 1.085389107465744019e-01 -9.218029379844665527e-01 -2.277281135320663452e-03
3.919289779663085938e+01 -1.119519042968750000e+01 -2.191861629486083984e+00 -3.683855533599853516e-01 9.460727125406265259e-02 -9.248343110084533691e-01 4.807163029909133911e-03
3.933324432373046875e+01 -1.113607597351074219e+01 -2.193385839462280273e+00 -3.640488684177398682e-01 7.967055588960647583e-02 -9.279047846794128418e-01 1.067112386226654053e-02
3.936742019653320312e+01 -1.112050056457519531e+01 -2.196246385574340820e+00 -3.591857254505157471e-01 6.384826451539993286e-02 -9.309510588645935059e-01 1.546162553131580353e-02
