-9.822831726074218750e+01 6.178939819335937500e+01 -3.410210609436035156e+00 5.381075199693441391e-03 -1.126935798674821854e-02 -1.914422959089279175e-01 9.814245104789733887e-01
-9.801557159423828125e+01 6.208965301513671875e+01 -3.401135683059692383e+00 5.495508201420307159e-03 -1.248477119952440262e-02 -1.915778517723083496e-01 9.813826084136962891e-01
-9.778105163574218750e+01 6.238501358032226562e+01 -3.396497726440429688e+00 5.414701066911220551e-03 -1.386172696948051453e-02 -1.918651312589645386e-01 9.813085198402404785e-01
-9.752242279052734375e+01 6.267188644409179688e+01 -3.399113178253173828e+00 5.107867531478404999e-03 -1.542552374303340912e-02 -1.923280358314514160e-01 9.811961650848388672e-01
-9.723284912109375000e+01 6.294036483764648438e+01 -3.414992570877075195e+00 4.544110503047704697e-03 -1.720200479030609131e-02 -1.929907500743865967e-01 9.810392260551452637e-01
-9.691261291503906250e+01 6.318541336059570312e+01 -3.444343090057373047e+00 3.692656289786100388e-03 -1.921643316745758057e-02 -1.938764005899429321e-01 9.808307886123657227e-01
-9.657729339599609375e+01 6.342532730102539062e+01 -3.474969387054443359e+00 2.522716764360666275e-03 -2.149415016174316406e-02 -1.950086355209350586e-01 9.805627465248107910e-01
-9.625614929199218750e+01 6.369945144653320312e+01 -3.486506223678588867e+00 1.003465149551630020e-03 -2.406073361635208130e-02 -1.964103877544403076e-01 9.802259802818298340e-01
-9.594626617431640625e+01 6.399988937377929688e+01 -3.489548921585083008e+00 -8.958829566836357117e-04 -2.694161050021648407e-02 -1.981047242879867554e-01 9.798101186752319336e-01
-9.560758209228515625e+01 6.427690887451171875e+01 -3.502038002014160156e+00 -3.191146068274974823e-03 -3.015080653131008148e-02 -2.001051157712936401e-01 9.793051481246948242e-01
-9.516999816894531250e+01 6.436393737792968750e+01 -3.482469320297241211e+00 -5.838207900524139404e-03 -3.365601599216461182e-02 -2.023889422416687012e-01 9.787093400955200195e-01
-9.471377563476562500e+01 6.435478210449218750e+01 -3.439698457717895508e+00 -8.778238669037818909e-03 -3.741443902254104614e-02 -2.049240618944168091e-01 9.780230522155761719e-01
-9.425115966796875000e+01 6.431229400634765625e+01 -3.387464523315429688e+00 -1.195172592997550964e-02 -4.138246551156044006e-02 -2.076789289712905884e-01 9.772482514381408691e-01
-9.378139495849609375e+01 6.425377655029296875e+01 -3.332464456558227539e+00 -1.530010811984539032e-02 -4.551635682582855225e-02 -2.106224447488784790e-01 9.763873815536499023e-01
-9.330378723144531250e+01 6.418505096435546875e+01 -3.277756214141845703e+00 -1.876401901245117188e-02 -4.977354034781455994e-02 -2.137232869863510132e-01 9.754449725151062012e-01
-9.281799316406250000e+01 6.410787963867187500e+01 -3.225298881530761719e+00 -2.228443324565887451e-02 -5.411009117960929871e-02 -2.169505655765533447e-01 9.744269251823425293e-01
-9.233876800537109375e+01 6.402566528320312500e+01 -3.178496599197387695e+00 -2.580236829817295074e-02 -5.848329886794090271e-02 -2.202741503715515137e-01 9.733412265777587891e-01
-9.186603546142578125e+01 6.393884277343750000e+01 -3.139331579208374023e+00 -2.925856970250606537e-02 -6.284934282302856445e-02 -2.236638069152832031e-01 9.721977114677429199e-01
-9.139979553222656250e+01 6.384722137451171875e+01 -3.110723257064819336e+00 -3.259415924549102783e-02 -6.716590374708175659e-02 -2.270899564027786255e-01 9.710080027580261230e-01
-9.094040679931640625e+01 6.374974822998046875e+01 -3.097705602645874023e+00 -3.575015813112258911e-02 -7.139007002115249634e-02 -2.305236309766769409e-01 9.697856903076171875e-01
-9.048871612548828125e+01 6.364566421508789062e+01 -3.105017900466918945e+00 -3.866799920797348022e-02 -7.547826319932937622e-02 -2.339357882738113403e-01 9.685462713241577148e-01
-9.004584503173828125e+01 6.353543853759765625e+01 -3.135524272918701172e+00 -4.128892719745635986e-02 -7.938887178897857666e-02 -2.372986823320388794e-01 9.673065543174743652e-01
-8.961312103271484375e+01 6.342102432250976562e+01 -3.192985773086547852e+00 -4.355415329337120056e-02 -8.307880163192749023e-02 -2.405838817358016968e-01 9.660850763320922852e-01
-8.919062042236328125e+01 6.331020355224609375e+01 -3.278696298599243164e+00 -4.540510475635528564e-02 -8.650613576173782349e-02 -2.437638491392135620e-01 9.649011492729187012e-01
-8.877027893066406250e+01 6.324938964843750000e+01 -3.384778976440429688e+00 -4.678384959697723389e-02 -8.962859213352203369e-02 -2.468111515045166016e-01 9.637749791145324707e-01
-8.834696960449218750e+01 6.336669158935546875e+01 -3.418725490570068359e+00 -4.763159900903701782e-02 -9.240369498729705811e-02 -2.496988326311111450e-01 9.627270102500915527e-01
-8.791597747802734375e+01 6.348935317993164062e+01 -3.384926795959472656e+00 -4.789024591445922852e-02 -9.478985518217086792e-02 -2.523994147777557373e-01 9.617775082588195801e-01
-8.747007751464843750e+01 6.356624221801757812e+01 -3.342171669006347656e+00 -4.750099033117294312e-02 -9.674455970525741577e-02 -2.548854351043701172e-01 9.609462022781372070e-01
-8.701316833496093750e+01 6.359075546264648438e+01 -3.300187826156616211e+00 -4.640571773052215576e-02 -9.822616726160049438e-02 -2.571297287940979004e-01 9.602512121200561523e-01
-8.655146026611328125e+01 6.355424118041992188e+01 -3.263793945312500000e+00 -4.456570744514465332e-02 -9.920033067464828491e-02 -2.591103911399841309e-01 9.597057104110717773e-01
-8.609008789062500000e+01 6.346900177001953125e+01 -3.235082387924194336e+00 -4.202103614807128906e-02 -9.966757148504257202e-02 -2.608301341533660889e-01 9.593061208724975586e-01
-8.562866973876953125e+01 6.335647964477539062e+01 -3.214426279067993164e+00 -3.883206844329833984e-02 -9.963519126176834106e-02 -2.622978389263153076e-01 9.590436220169067383e-01
-8.516438293457031250e+01 6.323279571533203125e+01 -3.202045917510986328e+00 -3.505901247262954712e-02 -9.911198168992996216e-02 -2.635219693183898926e-01 9.589076042175292969e-01
-8.469405364990234375e+01 6.311107254028320312e+01 -3.198449134826660156e+00 -3.076236881315708160e-02 -9.810530394315719604e-02 -2.645105123519897461e-01 9.588865041732788086e-01
-8.421630859375000000e+01 6.299764633178710938e+01 -3.202780723571777344e+00 -2.600165084004402161e-02 -9.662327170372009277e-02 -2.652711868286132812e-01 9.589676856994628906e-01
-8.373165893554687500e+01 6.289145278930664062e+01 -3.212022066116333008e+00 -2.083758264780044556e-02 -9.467376768589019775e-02 -2.658120095729827881e-01 9.591385722160339355e-01
-8.324202728271484375e+01 6.279164886474609375e+01 -3.223923206329345703e+00 -1.533018983900547028e-02 -9.226433932781219482e-02 -2.661402523517608643e-01 9.593860507011413574e-01
-8.275205993652343750e+01 6.269876861572265625e+01 -3.236588716506958008e+00 -9.539968334138393402e-03 -8.940339833498001099e-02 -2.662637531757354736e-01 9.596976637840270996e-01
-8.226225280761718750e+01 6.261054229736328125e+01 -3.248679161071777344e+00 -3.527190536260604858e-03 -8.609846979379653931e-02 -2.661905288696289062e-01 9.600610136985778809e-01
-8.177273559570312500e+01 6.252636718750000000e+01 -3.259880304336547852e+00 2.647455781698226929e-03 -8.235831558704376221e-02 -2.659288346767425537e-01 9.604644775390625000e-01
-8.128372192382812500e+01 6.244534683227539062e+01 -3.270360708236694336e+00 8.923551067709922791e-03 -7.819084823131561279e-02 -2.654867768287658691e-01 9.608972072601318359e-01
-8.079532623291015625e+01 6.236675262451171875e+01 -3.280258178710937500e+00 1.524042524397373199e-02 -7.360486686229705811e-02 -2.648729681968688965e-01 9.613491892814636230e-01
-8.030762481689453125e+01 6.229028320312500000e+01 -3.289612293243408203e+00 2.153755165636539459e-02 -6.860850751399993896e-02 -2.640963792800903320e-01 9.618119001388549805e-01
-7.982066345214843750e+01 6.221575927734375000e+01 -3.298430681228637695e+00 2.775412425398826599e-02 -6.321138143539428711e-02 -2.631661593914031982e-01 9.622773528099060059e-01
-7.933445739746093750e+01 6.214314270019531250e+01 -3.306682586669921875e+00 3.382956609129905701e-02 -5.742222443222999573e-02 -2.620919048786163330e-01 9.627388119697570801e-01
-7.884908294677734375e+01 6.207204818725585938e+01 -3.314424991607666016e+00 3.970340266823768616e-02 -5.124989151954650879e-02 -2.608836591243743896e-01 9.631909728050231934e-01
-7.836458587646484375e+01 6.200206756591796875e+01 -3.321721076965332031e+00 4.531500861048698425e-02 -4.470412805676460266e-02 -2.595512270927429199e-01 9.636292457580566406e-01
-7.788105010986328125e+01 6.193274307250976562e+01 -3.328649282455444336e+00 5.060413852334022522e-02 -3.779390454292297363e-02 -2.581050992012023926e-01 9.640501737594604492e-01
-7.739856719970703125e+01 6.186352920532226562e+01 -3.335289955139160156e+00 5.551041290163993835e-02 -3.052897378802299500e-02 -2.565558552742004395e-01 9.644510149955749512e-01
-7.691718292236328125e+01 6.179399108886718750e+01 -3.341759681701660156e+00 5.998477712273597717e-02 -2.293998003005981445e-02 -2.549172043800354004e-01 9.648278355598449707e-01
-7.643695831298828125e+01 6.172384262084960938e+01 -3.348143815994262695e+00 6.402239203453063965e-02 -1.514322217553853989e-02 -2.532137632369995117e-01 9.651707410812377930e-01
-7.595793151855468750e+01 6.165285873413085938e+01 -3.354512214660644531e+00 6.762976944446563721e-02 -7.275994867086410522e-03 -2.514736354351043701e-01 9.654710888862609863e-01
-7.548002624511718750e+01 6.158144760131835938e+01 -3.360736608505249023e+00 7.081367075443267822e-02 5.240458995103836060e-04 -2.497263550758361816e-01 9.657235741615295410e-01
-7.500311279296875000e+01 6.151053619384765625e+01 -3.366502046585083008e+00 7.358125597238540649e-02 8.119512349367141724e-03 -2.480021417140960693e-01 9.659269452095031738e-01
-7.452707672119140625e+01 6.144092178344726562e+01 -3.371515512466430664e+00 7.593996077775955200e-02 1.537313684821128845e-02 -2.463317513465881348e-01 9.660835862159729004e-01
-7.405180358886718750e+01 6.137346649169921875e+01 -3.375449657440185547e+00 7.789746671915054321e-02 2.214769832789897919e-02 -2.447471767663955688e-01 9.661989212036132812e-01
-7.357716369628906250e+01 6.130922698974609375e+01 -3.377878904342651367e+00 7.946181297302246094e-02 2.830631658434867859e-02 -2.432809621095657349e-01 9.662809371948242188e-01
-7.310298156738281250e+01 6.124974441528320312e+01 -3.378175020217895508e+00 8.064114302396774292e-02 3.371232748031616211e-02 -2.419663518667221069e-01 9.663398265838623047e-01
-7.262904357910156250e+01 6.119747924804687500e+01 -3.375309467315673828e+00 8.144365996122360229e-02 3.822926804423332214e-02 -2.408359199762344360e-01 9.663868546485900879e-01
-7.215515136718750000e+01 6.115684509277343750e+01 -3.367435216903686523e+00 8.187764137983322144e-02 4.172091931104660034e-02 -2.399231791496276855e-01 9.664327502250671387e-01
-7.168116760253906250e+01 6.113663864135742188e+01 -3.354905366897583008e+00 8.195120096206665039e-02 4.405095800757408142e-02 -2.392609268426895142e-01 9.664872884750366211e-01
-7.120837402343750000e+01 6.114673614501953125e+01 -3.345643758773803711e+00 8.167216926813125610e-02 4.508301243185997009e-02 -2.388808876276016235e-01 9.665573239326477051e-01
-7.074077606201171875e+01 6.120267486572265625e+01 -3.361945152282714844e+00 8.104808628559112549e-02 4.468072578310966492e-02 -2.388141751289367676e-01 9.666450619697570801e-01
-7.028818511962890625e+01 6.130311203002929688e+01 -3.436101675033569336e+00 8.008587360382080078e-02 4.270717501640319824e-02 -2.390901595354080200e-01 9.667462110519409180e-01
-6.986029815673828125e+01 6.143595504760742188e+01 -3.572252750396728516e+00 7.879186421632766724e-02 3.902525454759597778e-02 -2.397354841232299805e-01 9.668483138084411621e-01
-6.946686553955078125e+01 6.161186981201171875e+01 -3.751421451568603516e+00 7.717162370681762695e-02 3.349740803241729736e-02 -2.407753318548202515e-01 9.669280052185058594e-01
-6.913035583496093750e+01 6.185662460327148438e+01 -3.956945180892944336e+00 7.522971928119659424e-02 2.598568797111511230e-02 -2.422300726175308228e-01 9.669488072395324707e-01
-6.892303466796875000e+01 6.221204757690429688e+01 -4.164457321166992188e+00 7.296983897686004639e-02 1.635237410664558411e-02 -2.441173940896987915e-01 9.668582081794738770e-01
-6.885311126708984375e+01 6.262655258178710938e+01 -4.356580257415771484e+00 7.039457559585571289e-02 4.460131749510765076e-03 -2.464494705200195312e-01 9.665853977203369141e-01
-6.883594512939453125e+01 6.304722595214843750e+01 -4.546662330627441406e+00 6.750426441431045532e-02 -9.764542803168296814e-03 -2.492320835590362549e-01 9.660388827323913574e-01
-6.881987762451171875e+01 6.346474456787109375e+01 -4.740535736083984375e+00 6.429421901702880859e-02 -2.614359185099601746e-02 -2.524663209915161133e-01 9.651132225990295410e-01
-6.878736877441406250e+01 6.388092041015625000e+01 -4.931878089904785156e+00 6.075896695256233215e-02 -4.443363845348358154e-02 -2.561515867710113525e-01 9.637014269828796387e-01
-6.872843933105468750e+01 6.429579162597656250e+01 -5.116178035736083984e+00 5.689429864287376404e-02 -6.438674777746200562e-02 -2.602873742580413818e-01 9.617004990577697754e-01
-6.863774108886718750e+01 6.470780944824218750e+01 -5.290107727050781250e+00 5.269684642553329468e-02 -8.575288951396942139e-02 -2.648739814758300781e-01 9.590157866477966309e-01
-6.851715850830078125e+01 6.511502838134765625e+01 -5.453059196472167969e+00 4.816527664661407471e-02 -1.082772165536880493e-01 -2.699132561683654785e-01 9.555642008781433105e-01
-6.836631774902343750e+01 6.551515197753906250e+01 -5.603797435760498047e+00 4.329977184534072876e-02 -1.317030638456344604e-01 -2.754098176956176758e-01 9.512774944305419922e-01
-6.818020629882812500e+01 6.590405273437500000e+01 -5.738865852355957031e+00 3.810240700840950012e-02 -1.557721197605133057e-01 -2.813709378242492676e-01 9.461045265197753906e-01
-6.794660186767578125e+01 6.627191925048828125e+01 -5.850676536560058594e+00 3.257720917463302612e-02 -1.802253127098083496e-01 -2.878074645996093750e-01 9.400129914283752441e-01
-6.764250183105468750e+01 6.659090423583984375e+01 -5.927962303161621094e+00 2.672982960939407349e-02 -2.048052698373794556e-01 -2.947342097759246826e-01 9.329909682273864746e-01
-6.725298309326171875e+01 6.681673431396484375e+01 -5.960024356842041016e+00 2.056789398193359375e-02 -2.292562574148178101e-01 -3.021699488162994385e-01 9.250469803810119629e-01
-6.681344604492187500e+01 6.693956756591796875e+01 -5.954642295837402344e+00 1.410033553838729858e-02 -2.533269822597503662e-01 -3.101382553577423096e-01 9.162100553512573242e-01
-6.635483551025390625e+01 6.698837280273437500e+01 -5.926880836486816406e+00 7.337152957916259766e-03 -2.767718136310577393e-01 -3.186668157577514648e-01 9.065290689468383789e-01
-6.588952636718750000e+01 6.699579620361328125e+01 -5.887307167053222656e+00 2.896189689636230469e-04 -2.993514835834503174e-01 -3.277874886989593506e-01 8.960713744163513184e-01
-6.542018127441406250e+01 6.697978973388671875e+01 -5.841237068176269531e+00 -7.030963897705078125e-03 -3.208340406417846680e-01 -3.375383019447326660e-01 8.849202990531921387e-01
-6.494688415527343750e+01 6.695119476318359375e+01 -5.791944026947021484e+00 -1.461280882358551025e-02 -3.409962356090545654e-01 -3.479602336883544922e-01 8.731733560562133789e-01
-6.446862792968750000e+01 6.692253112792968750e+01 -5.743240833282470703e+00 -2.244503796100616455e-02 -3.596236407756805420e-01 -3.590988814830780029e-01 8.609384298324584961e-01
-6.398912429809570312e+01 6.687386322021484375e+01 -5.681704044342041016e+00 -3.051674365997314453e-02 -3.765095174312591553e-01 -3.710029721260070801e-01 8.483313918113708496e-01
-6.351763534545898438e+01 6.677304077148437500e+01 -5.589874744415283203e+00 -3.881840407848358154e-02 -3.914547264575958252e-01 -3.837246298789978027e-01 8.354709744453430176e-01
-6.304712677001953125e+01 6.665220642089843750e+01 -5.491652488708496094e+00 -4.734230041503906250e-02 -4.042671620845794678e-01 -3.973184525966644287e-01 8.224747776985168457e-01
-6.258400726318359375e+01 6.652494812011718750e+01 -5.396194934844970703e+00 -5.994041264057159424e-02 -4.051858782768249512e-01 -4.183632433414459229e-01 8.106809854507446289e-01
-6.212516784667968750e+01 6.639292907714843750e+01 -5.307327747344970703e+00 -7.106776535511016846e-02 -4.033830165863037109e-01 -4.405134022235870361e-01 7.988612055778503418e-01
-6.166990280151367188e+01 6.625850677490234375e+01 -5.224319934844970703e+00 -8.219228684902191162e-02 -4.012640714645385742e-01 -4.624299407005310059e-01 7.863777875900268555e-01
-6.121799087524414062e+01 6.612232971191406250e+01 -5.147253513336181641e+00 -9.317356348037719727e-02 -3.988572955131530762e-01 -4.838370084762573242e-01 7.733907103538513184e-01
-6.076961135864257812e+01 6.598455047607421875e+01 -5.074825286865234375e+00 -1.038859039545059204e-01 -3.962022066116333008e-01 -5.044983029365539551e-01 7.600741982460021973e-01
-6.032502746582031250e+01 6.584497833251953125e+01 -5.005817890167236328e+00 -1.142228320240974426e-01 -3.933466672897338867e-01 -5.242240428924560547e-01 7.466060519218444824e-01
-5.988442611694335938e+01 6.570341491699218750e+01 -4.939457893371582031e+00 -1.240987181663513184e-01 -3.903433978557586670e-01 -5.428717136383056641e-01 7.331586480140686035e-01
-5.944803237915039062e+01 6.555949401855468750e+01 -4.875229835510253906e+00 -1.334482729434967041e-01 -3.872467279434204102e-01 -5.603428483009338379e-01 7.198939323425292969e-01
-5.901607894897460938e+01 6.541279602050781250e+01 -4.812771320343017578e+00 -1.422250866889953613e-01 -3.841100037097930908e-01 -5.765781402587890625e-01 7.069575190544128418e-01
-5.858887100219726562e+01 6.526273345947265625e+01 -4.751806735992431641e+00 -1.503980457782745361e-01 -3.809841275215148926e-01 -5.915486812591552734e-01 6.944794058799743652e-01
-5.816682434082031250e+01 6.510845947265625000e+01 -4.692110538482666016e+00 -1.579488515853881836e-01 -3.779161572456359863e-01 -6.052500009536743164e-01 6.825715303421020508e-01
-5.775054550170898438e+01 6.494880676269531250e+01 -4.633481502532958984e+00 -1.648678034543991089e-01 -3.749494254589080811e-01 -6.176925301551818848e-01 6.713324785232543945e-01
-5.734042739868164062e+01 6.478315734863281250e+01 -4.575851917266845703e+00 -1.711515933275222778e-01 -3.721231222152709961e-01 -6.288977861404418945e-01 6.608472466468811035e-01
-5.693674850463867188e+01 6.461125183105468750e+01 -4.519211292266845703e+00 -1.767997443675994873e-01 -3.694730401039123535e-01 -6.388905048370361328e-01 6.511914730072021484e-01
-5.653984069824218750e+01 6.443279266357421875e+01 -4.463543415069580078e+00 -1.818131506443023682e-01 -3.670319318771362305e-01 -6.476962566375732422e-01 6.424337029457092285e-01
-5.615068054199218750e+01 6.424620819091796875e+01 -4.408876895904541016e+00 -1.861926317214965820e-01 -3.648297786712646484e-01 -6.553382873535156250e-01 6.346361637115478516e-01
-5.576974105834960938e+01 6.405119323730468750e+01 -4.355136394500732422e+00 -1.899368166923522949e-01 -3.628945946693420410e-01 -6.618338823318481445e-01 6.278593540191650391e-01
-5.539807128906250000e+01 6.384648132324218750e+01 -4.302250862121582031e+00 -1.930419951677322388e-01 -3.612523376941680908e-01 -6.671940684318542480e-01 6.221603751182556152e-01
-5.504396438598632812e+01 6.361972045898437500e+01 -4.250932693481445312e+00 -1.955015361309051514e-01 -3.599272370338439941e-01 -6.714222431182861328e-01 6.175950169563293457e-01
-5.473586273193359375e+01 6.333906936645507812e+01 -4.205395221710205078e+00 -1.973051577806472778e-01 -3.589417040348052979e-01 -6.745128631591796875e-01 6.142181754112243652e-01
-5.447138595581054688e+01 6.302176666259765625e+01 -4.164991855621337891e+00 -2.004725784063339233e-01 -3.531918823719024658e-01 -6.794304847717285156e-01 6.110977530479431152e-01
-5.423573303222656250e+01 6.268613052368164062e+01 -4.128799915313720703e+00 -2.030508965253829956e-01 -3.481115698814392090e-01 -6.830543875694274902e-01 6.091184616088867188e-01
-5.401699447631835938e+01 6.234310913085937500e+01 -4.095179557800292969e+00 -2.050866782665252686e-01 -3.436667323112487793e-01 -6.855300068855285645e-01 6.081785559654235840e-01
-5.380784606933593750e+01 6.199813461303710938e+01 -4.063064575195312500e+00 -2.066242843866348267e-01 -3.398189544677734375e-01 -6.869937777519226074e-01 6.081685423851013184e-01
-5.360781478881835938e+01 6.165179061889648438e+01 -4.032418727874755859e+00 -2.077065110206604004e-01 -3.365260064601898193e-01 -6.875761747360229492e-01 6.089721918106079102e-01
-5.341252899169921875e+01 6.130689620971679688e+01 -4.002573966979980469e+00 -2.083741277456283569e-01 -3.337432146072387695e-01 -6.874024868011474609e-01 6.104699373245239258e-01
-5.322220611572265625e+01 6.096335983276367188e+01 -3.973574161529541016e+00 -2.086674571037292480e-01 -3.314243853092193604e-01 -6.865947246551513672e-01 6.125385761260986328e-01
-5.303010559082031250e+01 6.061294174194335938e+01 -3.944250345230102539e+00 -2.086257934570312500e-01 -3.295221924781799316e-01 -6.852731108665466309e-01 6.150535941123962402e-01
-5.283836746215820312e+01 6.025452804565429688e+01 -3.914752721786499023e+00 -2.082890868186950684e-01 -3.279893994331359863e-01 -6.835574507713317871e-01 6.178898811340332031e-01
-5.264345932006835938e+01 5.989009094238281250e+01 -3.884840726852416992e+00 -2.076961398124694824e-01 -3.267781734466552734e-01 -6.815673112869262695e-01 6.209222078323364258e-01
-5.244993972778320312e+01 5.951728439331054688e+01 -3.854487895965576172e+00 -2.068866938352584839e-01 -3.258416354656219482e-01 -6.794233322143554688e-01 6.240264773368835449e-01
-5.225395202636718750e+01 5.913818740844726562e+01 -3.823719501495361328e+00 -2.059011012315750122e-01 -3.251339197158813477e-01 -6.772472262382507324e-01 6.270796656608581543e-01
-5.205699920654296875e+01 5.875209808349609375e+01 -3.792415142059326172e+00 -2.047795951366424561e-01 -3.246091306209564209e-01 -6.751626729965209961e-01 6.299600005149841309e-01
-5.186077499389648438e+01 5.835821151733398438e+01 -3.760473489761352539e+00 -2.035633623600006104e-01 -3.242227435111999512e-01 -6.732944846153259277e-01 6.325473189353942871e-01
-5.166153717041015625e+01 5.795845413208007812e+01 -3.728123664855957031e+00 -2.022933065891265869e-01 -3.239305019378662109e-01 -6.717690229415893555e-01 6.347225904464721680e-01
-5.146537017822265625e+01 5.754996490478515625e+01 -3.694781303405761719e+00 -2.010113447904586792e-01 -3.236889839172363281e-01 -6.707133054733276367e-01 6.363674402236938477e-01
-5.126747894287109375e+01 5.713508224487304688e+01 -3.660910606384277344e+00 -1.997590661048889160e-01 -3.234544992446899414e-01 -6.702545285224914551e-01 6.373635530471801758e-01
-5.107031250000000000e+01 5.671278381347656250e+01 -3.626197338104248047e+00 -1.985774934291839600e-01 -3.231830894947052002e-01 -6.705188751220703125e-01 6.375923752784729004e-01
-5.087614822387695312e+01 5.628205871582031250e+01 -3.590370416641235352e+00 -1.975078582763671875e-01 -3.228299021720886230e-01 -6.716308593750000000e-01 6.369329690933227539e-01
-5.068016815185546875e+01 5.584518814086914062e+01 -3.553989887237548828e+00 -1.965894997119903564e-01 -3.223481178283691406e-01 -6.737113595008850098e-01 6.352614760398864746e-01
-5.049356842041015625e+01 5.539748001098632812e+01 -3.515585184097290039e+00 -1.958509534597396851e-01 -3.216969966888427734e-01 -6.768442392349243164e-01 6.324834823608398438e-01
-5.030437850952148438e+01 5.494396209716796875e+01 -3.476720571517944336e+00 -1.952792406082153320e-01 -3.208677470684051514e-01 -6.809765696525573730e-01 6.286340355873107910e-01
-5.013307952880859375e+01 5.448246383666992188e+01 -3.435279369354248047e+00 -1.948503255844116211e-01 -3.198581039905548096e-01 -6.860200166702270508e-01 6.237794160842895508e-01
-4.996465301513671875e+01 5.401882553100585938e+01 -3.393311023712158203e+00 -1.945396065711975098e-01 -3.186653256416320801e-01 -6.918832063674926758e-01 6.179841756820678711e-01
-4.982316207885742188e+01 5.354535675048828125e+01 -3.347535848617553711e+00 -1.943222582340240479e-01 -3.172858655452728271e-01 -6.984742283821105957e-01 6.113120317459106445e-01
-4.969953155517578125e+01 5.306633758544921875e+01 -3.299288749694824219e+00 -1.941734701395034790e-01 -3.157164454460144043e-01 -7.057001590728759766e-01 6.038269996643066406e-01
-4.960152053833007812e+01 5.258981323242187500e+01 -3.248789548873901367e+00 -1.940684318542480469e-01 -3.139543235301971436e-01 -7.134683728218078613e-01 5.955947041511535645e-01
-4.954059982299804688e+01 5.211550521850585938e+01 -3.194739818572998047e+00 -1.939830482006072998e-01 -3.119972050189971924e-01 -7.216875553131103516e-01 5.866817831993103027e-01
-4.952444839477539062e+01 5.164629745483398438e+01 -3.136480569839477539e+00 -1.938935220241546631e-01 -3.098442554473876953e-01 -7.302678227424621582e-01 5.771576166152954102e-01
-4.955472183227539062e+01 5.118656158447265625e+01 -3.074068546295166016e+00 -1.937768459320068359e-01 -3.074955642223358154e-01 -7.391217947006225586e-01 5.670943260192871094e-01
-4.963807678222656250e+01 5.074237060546875000e+01 -3.006813049316406250e+00 -1.936109662055969238e-01 -3.049530982971191406e-01 -7.481653690338134766e-01 5.565671324729919434e-01
-4.975662994384765625e+01 5.031506729125976562e+01 -2.935929775238037109e+00 -1.933754682540893555e-01 -3.022206425666809082e-01 -7.573176622390747070e-01 5.456542372703552246e-01
-4.988363265991210938e+01 4.989892578125000000e+01 -2.862243890762329102e+00 -1.930503398180007935e-01 -2.993037104606628418e-01 -7.665015459060668945e-01 5.344383120536804199e-01
-5.000798797607421875e+01 4.949084472656250000e+01 -2.785810232162475586e+00 -1.926171332597732544e-01 -2.962097525596618652e-01 -7.756445407867431641e-01 5.230048298835754395e-01
-5.012932586669921875e+01 4.909077072143554688e+01 -2.706314325332641602e+00 -1.920583993196487427e-01 -2.929482460021972656e-01 -7.846788167953491211e-01 5.114430785179138184e-01
-5.024667358398437500e+01 4.869862365722656250e+01 -2.622955322265625000e+00 -1.913591474294662476e-01 -2.895309925079345703e-01 -7.935413718223571777e-01 4.998455345630645752e-01
-5.036025619506835938e+01 4.831479263305664062e+01 -2.534492015838623047e+00 -1.905040442943572998e-01 -2.859710454940795898e-01 -8.021744489669799805e-01 4.883083105087280273e-01
-5.051218795776367188e+01 4.794955444335937500e+01 -2.464208841323852539e+00 -1.894805282354354858e-01 -2.822840213775634766e-01 -8.105249404907226562e-01 4.769299328327178955e-01
-5.068738174438476562e+01 4.759999465942382812e+01 -2.412797451019287109e+00 -1.882765293121337891e-01 -2.784867584705352783e-01 -8.185452222824096680e-01 4.658119678497314453e-01
-5.086718750000000000e+01 4.726020431518554688e+01 -2.371266365051269531e+00 -1.868814378976821899e-01 -2.745978236198425293e-01 -8.261922001838684082e-01 4.550578892230987549e-01
-5.105189514160156250e+01 4.693065261840820312e+01 -2.342126369476318359e+00 -1.854464113712310791e-01 -2.703346014022827148e-01 -8.335372209548950195e-01 4.446846842765808105e-01
-5.124076461791992188e+01 4.661148452758789062e+01 -2.325582027435302734e+00 -1.836683154106140137e-01 -2.662540078163146973e-01 -8.404234647750854492e-01 4.348138570785522461e-01
-5.143794631958007812e+01 4.630613708496093750e+01 -2.329509019851684570e+00 -1.815637350082397461e-01 -2.623420357704162598e-01 -8.468970060348510742e-01 4.254136681556701660e-01
-5.164399337768554688e+01 4.601746368408203125e+01 -2.357049226760864258e+00 -1.791613399982452393e-01 -2.585512101650238037e-01 -8.530104160308837891e-01 4.164442420005798340e-01
-5.185808944702148438e+01 4.574902343750000000e+01 -2.414291858673095703e+00 -1.766306459903717041e-01 -2.545256018638610840e-01 -8.589037656784057617e-01 4.078020751476287842e-01
-5.206956863403320312e+01 4.549280548095703125e+01 -2.488770723342895508e+00 -1.738322377204895020e-01 -2.505355477333068848e-01 -8.645240664482116699e-01 3.995151817798614502e-01
-5.226951217651367188e+01 4.523948287963867188e+01 -2.569867134094238281e+00 -1.707511991262435913e-01 -2.466006129980087280e-01 -8.698934316635131836e-01 3.915577530860900879e-01
-5.244792175292968750e+01 4.497807693481445312e+01 -2.643161773681640625e+00 -1.673725843429565430e-01 -2.427394837141036987e-01 -8.750332593917846680e-01 3.839018940925598145e-01
-5.260105514526367188e+01 4.470628738403320312e+01 -2.699851512908935547e+00 -1.636813879013061523e-01 -2.389703840017318726e-01 -8.799629211425781250e-01 3.765192627906799316e-01
-5.272926330566406250e+01 4.442702102661132812e+01 -2.736257553100585938e+00 -1.596617996692657471e-01 -2.353108823299407959e-01 -8.847004771232604980e-01 3.693803846836090088e-01
-5.284246444702148438e+01 4.414817810058593750e+01 -2.757994651794433594e+00 -1.552985161542892456e-01 -2.317783832550048828e-01 -8.892620801925659180e-01 3.624556362628936768e-01
-5.294502639770507812e+01 4.387278366088867188e+01 -2.766659259796142578e+00 -1.505753397941589355e-01 -2.283893972635269165e-01 -8.936626315116882324e-01 3.557141423225402832e-01
-5.304015350341796875e+01 4.360284042358398438e+01 -2.761643409729003906e+00 -1.454759538173675537e-01 -2.251599133014678955e-01 -8.979153633117675781e-01 3.491240739822387695e-01
-5.313147735595703125e+01 4.334033966064453125e+01 -2.744400978088378906e+00 -1.399841308593750000e-01 -2.221056520938873291e-01 -9.020321965217590332e-01 3.426534235477447510e-01
-5.322162628173828125e+01 4.308682632446289062e+01 -2.715167284011840820e+00 -1.340829432010650635e-01 -2.192416489124298096e-01 -9.060231447219848633e-01 3.362691402435302734e-01
-5.331191253662109375e+01 4.284321212768554688e+01 -2.675248861312866211e+00 -1.277558207511901855e-01 -2.165823578834533691e-01 -9.098964333534240723e-01 3.299376368522644043e-01
-5.340254592895507812e+01 4.260956573486328125e+01 -2.627879381179809570e+00 -1.209857389330863953e-01 -2.141417562961578369e-01 -9.136592745780944824e-01 3.236241042613983154e-01
-5.349415969848632812e+01 4.238587951660156250e+01 -2.576009988784790039e+00 -1.137556061148643494e-01 -2.119333595037460327e-01 -9.173159003257751465e-01 3.172940611839294434e-01
-5.358656692504882812e+01 4.217136764526367188e+01 -2.523666620254516602e+00 -1.060483679175376892e-01 -2.099698036909103394e-01 -9.208694696426391602e-01 3.109111785888671875e-01
-5.367980957031250000e+01 4.196543884277343750e+01 -2.473678827285766602e+00 -9.784647822380065918e-02 -2.082632035017013550e-01 -9.243210554122924805e-01 3.044389486312866211e-01
-5.377380371093750000e+01 4.176782226562500000e+01 -2.428030014038085938e+00 -8.966974914073944092e-02 -2.051972299814224243e-01 -9.280236959457397461e-01 2.977000772953033447e-01
-5.386840057373046875e+01 4.157797622680664062e+01 -2.388961791992187500e+00 -8.110918104648590088e-02 -2.021338641643524170e-01 -9.316321611404418945e-01 2.909031808376312256e-01
-5.396427917480468750e+01 4.139633560180664062e+01 -2.357327938079833984e+00 -7.222455739974975586e-02 -1.990994662046432495e-01 -9.351041913032531738e-01 2.841179668903350830e-01
-5.406272506713867188e+01 4.122397232055664062e+01 -2.333190679550170898e+00 -6.308116018772125244e-02 -1.961173117160797119e-01 -9.384036064147949219e-01 2.774120569229125977e-01
-5.416446304321289062e+01 4.106187438964843750e+01 -2.316489219665527344e+00 -5.374852195382118225e-02 -1.932073235511779785e-01 -9.414999485015869141e-01 2.708501815795898438e-01
-5.426967239379882812e+01 4.091087341308593750e+01 -2.306986331939697266e+00 -4.430065304040908813e-02 -1.903866082429885864e-01 -9.443688988685607910e-01 2.644949257373809814e-01
-5.437800216674804688e+01 4.077150344848632812e+01 -2.304210186004638672e+00 -3.481509909033775330e-02 -1.876693218946456909e-01 -9.469922780990600586e-01 2.584061920642852783e-01
-5.448992919921875000e+01 4.064517593383789062e+01 -2.308554649353027344e+00 -2.537179738283157349e-02 -1.850672215223312378e-01 -9.493566155433654785e-01 2.526423335075378418e-01
-5.460473632812500000e+01 4.053285217285156250e+01 -2.319611549377441406e+00 -1.605403795838356018e-02 -1.825902163982391357e-01 -9.514545798301696777e-01 2.472594082355499268e-01
-5.471953582763671875e+01 4.043266296386718750e+01 -2.335098028182983398e+00 -6.945166736841201782e-03 -1.802461147308349609e-01 -9.532827734947204590e-01 2.423117756843566895e-01
-5.483266830444335938e+01 4.034279632568359375e+01 -2.353558540344238281e+00 1.868981868028640747e-03 -1.780418157577514648e-01 -9.548420310020446777e-01 2.378532737493515015e-01
-5.494674301147460938e+01 4.026911926269531250e+01 -2.377984046936035156e+00 1.030402816832065582e-02 -1.759829223155975342e-01 -9.561368227005004883e-01 2.339356988668441772e-01
-5.506022644042968750e+01 4.019929504394531250e+01 -2.403085470199584961e+00 1.827515102922916412e-02 -1.740749180316925049e-01 -9.571740031242370605e-01 2.306117117404937744e-01
-5.517457580566406250e+01 4.013618850708007812e+01 -2.430095672607421875e+00 2.569953352212905884e-02 -1.723228842020034790e-01 -9.579619169235229492e-01 2.279328256845474243e-01
-5.528826522827148438e+01 4.007679748535156250e+01 -2.456992387771606445e+00 3.249629959464073181e-02 -1.707323193550109863e-01 -9.585095643997192383e-01 2.259511351585388184e-01
-5.540114593505859375e+01 4.002079010009765625e+01 -2.483727693557739258e+00 3.858781978487968445e-02 -1.693094372749328613e-01 -9.588254094123840332e-01 2.247198820114135742e-01
-5.551297378540039062e+01 3.996715164184570312e+01 -2.508956909179687500e+00 4.390001296997070312e-02 -1.680615097284317017e-01 -9.589163064956665039e-01 2.242931723594665527e-01
-5.562335205078125000e+01 3.991526412963867188e+01 -2.533115863800048828e+00 4.836329445242881775e-02 -1.669973880052566528e-01 -9.587858319282531738e-01 2.247276455163955688e-01
-5.573217773437500000e+01 3.986411666870117188e+01 -2.554395675659179688e+00 5.191426724195480347e-02 -1.661277115345001221e-01 -9.584327936172485352e-01 2.260817587375640869e-01
-5.583925247192382812e+01 3.981377410888671875e+01 -2.573947429656982422e+00 5.449600145220756531e-02 -1.654655784368515015e-01 -9.578502178192138672e-01 2.284170091152191162e-01
-5.594446563720703125e+01 3.976324462890625000e+01 -2.588219165802001953e+00 5.472449958324432373e-02 -1.593929082155227661e-01 -9.579820036888122559e-01 2.320982813835144043e-01
-5.604761505126953125e+01 3.971267318725585938e+01 -2.599595069885253906e+00 5.380969494581222534e-02 -1.527416110038757324e-01 -9.579717516899108887e-01 2.367800027132034302e-01
-5.614798355102539062e+01 3.966084289550781250e+01 -2.606481790542602539e+00 5.187229067087173462e-02 -1.456011384725570679e-01 -9.577975869178771973e-01 2.423496842384338379e-01
-5.624550247192382812e+01 3.960774230957031250e+01 -2.608865976333618164e+00 4.903298243880271912e-02 -1.380613148212432861e-01 -9.574374556541442871e-01 2.486930340528488159e-01
-5.633967208862304688e+01 3.955357360839843750e+01 -2.607321023941040039e+00 4.541301727294921875e-02 -1.302122771739959717e-01 -9.568705558776855469e-01 2.556973099708557129e-01
-5.642932891845703125e+01 3.949651336669921875e+01 -2.598723888397216797e+00 4.113404825329780579e-02 -1.221451535820960999e-01 -9.560797214508056641e-01 2.632487416267395020e-01
-5.651589584350585938e+01 3.943959808349609375e+01 -2.588197469711303711e+00 3.631804138422012329e-02 -1.139519810676574707e-01 -9.550533890724182129e-01 2.712357044219970703e-01
-5.659457015991210938e+01 3.937807846069335938e+01 -2.567042589187622070e+00 3.108773194253444672e-02 -1.057260781526565552e-01 -9.537864923477172852e-01 2.795474231243133545e-01
-5.667135238647460938e+01 3.931797790527343750e+01 -2.546330451965332031e+00 2.556586824357509613e-02 -9.756189584732055664e-02 -9.522817134857177734e-01 2.880754768848419189e-01
-5.674119567871093750e+01 3.925603103637695312e+01 -2.519042491912841797e+00 1.987607032060623169e-02 -8.955483883619308472e-02 -9.505503177642822266e-01 2.967134714126586914e-01
-5.680855178833007812e+01 3.919516372680664062e+01 -2.491494655609130859e+00 1.414187997579574585e-02 -8.180127292871475220e-02 -9.486123323440551758e-01 3.053575754165649414e-01
-5.687278366088867188e+01 3.913518142700195312e+01 -2.463158845901489258e+00 8.486570790410041809e-03 -7.439853250980377197e-02 -9.464963674545288086e-01 3.139068186283111572e-01
-5.693345260620117188e+01 3.907587814331054688e+01 -2.433568477630615234e+00 3.033619374036788940e-03 -6.744445860385894775e-02 -9.442396759986877441e-01 3.222631812095642090e-01
-5.699233627319335938e+01 3.901820373535156250e+01 -2.404900789260864258e+00 -2.094233408570289612e-03 -6.103738769888877869e-02 -9.418870806694030762e-01 3.303311169147491455e-01
-5.704919815063476562e+01 3.896200942993164062e+01 -2.377082109451293945e+00 -6.773665547370910645e-03 -5.527572333812713623e-02 -9.394904971122741699e-01 3.380181491374969482e-01
-5.710416412353515625e+01 3.890743255615234375e+01 -2.350216627120971680e+00 -1.088257040828466415e-02 -5.025816336274147034e-02 -9.371067285537719727e-01 3.452340364456176758e-01
-5.715731811523437500e+01 3.885455322265625000e+01 -2.324391365051269531e+00 -1.429926045238971710e-02 -4.608345031738281250e-02 -9.347968697547912598e-01 3.518901169300079346e-01
-5.720975494384765625e+01 3.880385971069335938e+01 -2.301155328750610352e+00 -1.690227910876274109e-02 -4.285011440515518188e-02 -9.326233267784118652e-01 3.578991889953613281e-01
-5.726100540161132812e+01 3.875519180297851562e+01 -2.279910326004028320e+00 -1.857002079486846924e-02 -4.065639153122901917e-02 -9.306483268737792969e-01 3.631747066974639893e-01
-5.731034851074218750e+01 3.870827484130859375e+01 -2.259736776351928711e+00 -1.918121799826622009e-02 -3.960040211677551270e-02 -9.289309382438659668e-01 3.676290810108184814e-01
-5.735789108276367188e+01 3.866318511962890625e+01 -2.240815401077270508e+00 -1.865101233124732971e-02 -3.974829614162445068e-02 -9.275143146514892578e-01 3.711999058723449707e-01
-5.740634155273437500e+01 3.862140274047851562e+01 -2.227019071578979492e+00 -1.703898981213569641e-02 -4.103870689868927002e-02 -9.263927340507507324e-01 3.739279806613922119e-01
-5.745278549194335938e+01 3.858132171630859375e+01 -2.214110136032104492e+00 -1.444107014685869217e-02 -4.337819665670394897e-02 -9.255409240722656250e-01 3.758772313594818115e-01
-5.749724578857421875e+01 3.854293060302734375e+01 -2.202057361602783203e+00 -1.095311995595693588e-02 -4.667299985885620117e-02 -9.249274134635925293e-01 3.771087527275085449e-01
-5.753971099853515625e+01 3.850620651245117188e+01 -2.190828800201416016e+00 -6.671346724033355713e-03 -5.082920938730239868e-02 -9.245151281356811523e-01 3.776820003986358643e-01
-5.758219146728515625e+01 3.847268676757812500e+01 -2.183735370635986328e+00 -1.691428944468498230e-03 -5.575241893529891968e-02 -9.242649674415588379e-01 3.776547908782958984e-01
-5.762356948852539062e+01 3.844149017333984375e+01 -2.178859710693359375e+00 3.890249878168106079e-03 -6.134819239377975464e-02 -9.241364002227783203e-01 3.770850300788879395e-01
-5.766284179687500000e+01 3.841181945800781250e+01 -2.174480438232421875e+00 9.977638721466064453e-03 -6.752176582813262939e-02 -9.240899085998535156e-01 3.760308027267456055e-01
-5.770001983642578125e+01 3.838366699218750000e+01 -2.170564413070678711e+00 1.647392660379409790e-02 -7.417844235897064209e-02 -9.240873456001281738e-01 3.745511770248413086e-01
-5.773511123657226562e+01 3.835702514648437500e+01 -2.167077541351318359e+00 2.328241616487503052e-02 -8.122343569993972778e-02 -9.240943789482116699e-01 3.727065622806549072e-01
-5.776813507080078125e+01 3.833187103271484375e+01 -2.163986682891845703e+00 3.030679188668727875e-02 -8.856188505887985229e-02 -9.240803718566894531e-01 3.705586194992065430e-01
-5.780065917968750000e+01 3.831004333496093750e+01 -2.164637804031372070e+00 3.744946047663688660e-02 -9.609957039356231689e-02 -9.240195155143737793e-01 3.681716620922088623e-01
-5.783148193359375000e+01 3.829008483886718750e+01 -2.166344881057739258e+00 4.461390525102615356e-02 -1.037422940135002136e-01 -9.238913059234619141e-01 3.656115829944610596e-01
-5.786014556884765625e+01 3.827143859863281250e+01 -2.168080091476440430e+00 5.170335993170738220e-02 -1.113964989781379700e-01 -9.236813783645629883e-01 3.629465401172637939e-01
-5.788666915893554688e+01 3.825410079956054688e+01 -2.169812917709350586e+00 5.862152576446533203e-02 -1.189691498875617981e-01 -9.233804941177368164e-01 3.602473735809326172e-01
-5.791108703613281250e+01 3.823806381225585938e+01 -2.171514511108398438e+00 6.527219712734222412e-02 -1.263680458068847656e-01 -9.229857921600341797e-01 3.575861454010009766e-01
-5.793341827392578125e+01 3.822332000732421875e+01 -2.173156738281250000e+00 7.155996561050415039e-02 -1.335017532110214233e-01 -9.224992394447326660e-01 3.550374507904052734e-01
-5.795368194580078125e+01 3.820986175537109375e+01 -2.174712419509887695e+00 7.738956809043884277e-02 -1.402796357870101929e-01 -9.219278097152709961e-01 3.526775836944580078e-01
-5.797191238403320312e+01 3.819770050048828125e+01 -2.176157236099243164e+00 8.266636729240417480e-02 -1.466118991374969482e-01 -9.212828874588012695e-01 3.505838215351104736e-01
-5.798286437988281250e+01 3.819016265869140625e+01 -2.177579879760742188e+00 8.729645609855651855e-02 -1.524093747138977051e-01 -9.205785393714904785e-01 3.488346338272094727e-01
-5.798699569702148438e+01 3.818760299682617188e+01 -2.177476406097412109e+00 8.899930119514465332e-02 -1.517590880393981934e-01 -9.208130240440368652e-01 3.480685055255889893e-01
-5.799108123779296875e+01 3.818504714965820312e+01 -2.177378416061401367e+00 9.028770774602890015e-02 -1.512614488601684570e-01 -9.209157824516296387e-01 3.476807177066802979e-01
-5.799513626098632812e+01 3.818249130249023438e+01 -2.177284717559814453e+00 9.117765724658966064e-02 -1.509093493223190308e-01 -9.208937883377075195e-01 3.476600348949432373e-01
-5.799914550781250000e+01 3.817994689941406250e+01 -2.177196979522705078e+00 9.168701618909835815e-02 -1.506955623626708984e-01 -9.207509756088256836e-01 3.479970395565032959e-01
-5.800309753417968750e+01 3.817740631103515625e+01 -2.177113533020019531e+00 9.183563292026519775e-02 -1.506127119064331055e-01 -9.204898476600646973e-01 3.486839234828948975e-01
-5.800701522827148438e+01 3.817488098144531250e+01 -2.177035570144653320e+00 9.164565801620483398e-02 -1.506529897451400757e-01 -9.201109409332275391e-01 3.497146666049957275e-01
-5.801088333129882812e+01 3.817236709594726562e+01 -2.176962137222290039e+00 9.114070981740951538e-02 -1.508086621761322021e-01 -9.196136593818664551e-01 3.510852456092834473e-01
-5.801469039916992188e+01 3.816986465454101562e+01 -2.176893472671508789e+00 9.034644812345504761e-02 -1.510713845491409302e-01 -9.189952611923217773e-01 3.527923822402954102e-01
-5.801844787597656250e+01 3.816737365722656250e+01 -2.176828622817993164e+00 8.929009735584259033e-02 -1.514327079057693481e-01 -9.182525277137756348e-01 3.548347949981689453e-01
-5.802215194702148438e+01 3.816489410400390625e+01 -2.176767826080322266e+00 8.800069987773895264e-02 -1.518838405609130859e-01 -9.173805713653564453e-01 3.572114109992980957e-01
-5.802579879760742188e+01 3.816242218017578125e+01 -2.176710128784179688e+00 8.650911599397659302e-02 -1.524152457714080811e-01 -9.163737893104553223e-01 3.599230945110321045e-01
-5.802938842773437500e+01 3.815996170043945312e+01 -2.176655530929565430e+00 8.484775573015213013e-02 -1.530173271894454956e-01 -9.152261018753051758e-01 3.629705905914306641e-01
-5.803296661376953125e+01 3.815761566162109375e+01 -2.176768779754638672e+00 8.305104076862335205e-02 -1.536795347929000854e-01 -9.139304757118225098e-01 3.663552999496459961e-01
-5.803655242919921875e+01 3.815540695190429688e+01 -2.177083492279052734e+00 8.115474879741668701e-02 -1.543908417224884033e-01 -9.124795198440551758e-01 3.700789213180541992e-01
-5.804007339477539062e+01 3.815318679809570312e+01 -2.177382707595825195e+00 7.919678837060928345e-02 -1.551394015550613403e-01 -9.108657240867614746e-01 3.741433918476104736e-01
-5.804351425170898438e+01 3.815096664428710938e+01 -2.177666187286376953e+00 7.721634954214096069e-02 -1.559124290943145752e-01 -9.090813994407653809e-01 3.785496354103088379e-01
-5.804722213745117188e+01 3.814904785156250000e+01 -2.176642656326293945e+00 7.314996421337127686e-02 -1.517156213521957397e-01 -9.079654812812805176e-01 3.837057054042816162e-01
-5.805098342895507812e+01 3.814723205566406250e+01 -2.175049781799316406e+00 6.818562746047973633e-02 -1.454341411590576172e-01 -9.069849252700805664e-01 3.893300592899322510e-01
-5.805467987060546875e+01 3.814543533325195312e+01 -2.173232316970825195e+00 6.290715932846069336e-02 -1.384061574935913086e-01 -9.058852195739746094e-01 3.952954113483428955e-01
-5.805830001831054688e+01 3.814364624023437500e+01 -2.171188592910766602e+00 5.733701214194297791e-02 -1.306228488683700562e-01 -9.046416282653808594e-01 4.015888273715972900e-01
-5.806184005737304688e+01 3.814186096191406250e+01 -2.168919086456298828e+00 5.150301754474639893e-02 -1.220821663737297058e-01 -9.032271504402160645e-01 4.081961810588836670e-01
-5.806527709960937500e+01 3.814006423950195312e+01 -2.166431427001953125e+00 4.545095935463905334e-02 -1.128097251057624817e-01 -9.016065597534179688e-01 4.151070713996887207e-01
-5.806860351562500000e+01 3.813824462890625000e+01 -2.163738012313842773e+00 3.923192992806434631e-02 -1.028381139039993286e-01 -8.997432589530944824e-01 4.223116338253021240e-01
-5.807178878784179688e+01 3.813638687133789062e+01 -2.160851478576660156e+00 3.289742767810821533e-02 -9.220074117183685303e-02 -8.976016640663146973e-01 4.297998845577239990e-01
-5.807484817504882812e+01 3.813448333740234375e+01 -2.157784938812255859e+00 2.649857290089130402e-02 -8.093204349279403687e-02 -8.951468467712402344e-01 4.375611543655395508e-01
-5.807774734497070312e+01 3.813251495361328125e+01 -2.154553890228271484e+00 2.008779160678386688e-02 -6.906682252883911133e-02 -8.923451304435729980e-01 4.455855786800384521e-01
-5.808047866821289062e+01 3.813046646118164062e+01 -2.151174783706665039e+00 1.371686626225709915e-02 -5.664105713367462158e-02 -8.891639709472656250e-01 4.538623690605163574e-01
-5.808303070068359375e+01 3.812833786010742188e+01 -2.147665262222290039e+00 7.437976077198982239e-03 -4.369153082370758057e-02 -8.855723738670349121e-01 4.623823165893554688e-01
-5.808539962768554688e+01 3.812611007690429688e+01 -2.144044637680053711e+00 1.303927972912788391e-03 -3.025555238127708435e-02 -8.815411329269409180e-01 4.711348116397857666e-01
-5.808756256103515625e+01 3.812377166748046875e+01 -2.140332698822021484e+00 -4.633442498743534088e-03 -1.637173444032669067e-02 -8.770429491996765137e-01 4.801105558872222900e-01
-5.808952331542968750e+01 3.812131881713867188e+01 -2.136551380157470703e+00 -1.032167859375476837e-02 -2.079225610941648483e-03 -8.720522522926330566e-01 4.892995059490203857e-01
-5.809126281738281250e+01 3.811872863769531250e+01 -2.132724046707153320e+00 -1.570900157094001770e-02 1.258240733295679092e-02 -8.665452599525451660e-01 4.986923635005950928e-01
-5.809278106689453125e+01 3.811600112915039062e+01 -2.128874063491821289e+00 -2.074321359395980835e-02 2.757262997329235077e-02 -8.605001568794250488e-01 5.082803368568420410e-01
-5.809407043457031250e+01 3.811314010620117188e+01 -2.125026702880859375e+00 -2.537322975695133209e-02 4.285026341676712036e-02 -8.538969755172729492e-01 5.180539488792419434e-01
-5.809513092041015625e+01 3.811012268066406250e+01 -2.121207475662231445e+00 -2.954803220927715302e-02 5.837387964129447937e-02 -8.467174172401428223e-01 5.280048847198486328e-01
-5.810461425781250000e+01 3.810242080688476562e+01 -2.118387460708618164e+00 -3.321745246648788452e-02 7.410155236721038818e-02 -8.389449119567871094e-01 5.381234884262084961e-01
-5.812250900268554688e+01 3.809003067016601562e+01 -2.116594076156616211e+00 -3.633178770542144775e-02 8.999110013246536255e-02 -8.305644989013671875e-01 5.484014153480529785e-01
-5.814882659912109375e+01 3.807294464111328125e+01 -2.115855932235717773e+00 -3.884284943342208862e-02 1.060003489255905151e-01 -8.215621709823608398e-01 5.588298439979553223e-01
-5.818356704711914062e+01 3.805117034912109375e+01 -2.116200923919677734e+00 -4.070232808589935303e-02 1.220863237977027893e-01 -8.119251728057861328e-01 5.693994760513305664e-01
-5.822672271728515625e+01 3.802470779418945312e+01 -2.117657661437988281e+00 -4.186385124921798706e-02 1.382067948579788208e-01 -8.016415834426879883e-01 5.801009535789489746e-01
-5.827830123901367188e+01 3.799356460571289062e+01 -2.120257616043090820e+00 -4.229335859417915344e-02 1.543040573596954346e-01 -7.907153367996215820e-01 5.909067988395690918e-01
-5.833828353881835938e+01 3.795777893066406250e+01 -2.124032497406005859e+00 -4.200254380702972412e-02 1.702598929405212402e-01 -7.792164087295532227e-01 6.017217636108398438e-01
-5.840733337402343750e+01 3.791963958740234375e+01 -2.131978750228881836e+00 -4.101600497961044312e-02 1.859431862831115723e-01 -7.672409415245056152e-01 6.124412417411804199e-01
-5.848626708984375000e+01 3.788022232055664062e+01 -2.146832227706909180e+00 -3.354813158512115479e-02 1.941765844821929932e-01 -7.567405700683593750e-01 6.233086585998535156e-01
-5.856705093383789062e+01 3.783999252319335938e+01 -2.162310361862182617e+00 -2.529311925172805786e-02 2.021572291851043701e-01 -7.461863756179809570e-01 6.337968707084655762e-01
-5.864960861206054688e+01 3.779893875122070312e+01 -2.178190231323242188e+00 -1.695698499679565430e-02 2.105208337306976318e-01 -7.354752421379089355e-01 6.437931060791015625e-01
-5.873413085937500000e+01 3.775808334350585938e+01 -2.195603370666503906e+00 -8.657060563564300537e-03 2.191582322120666504e-01 -7.246866226196289062e-01 6.532410979270935059e-01
-5.882099914550781250e+01 3.771960449218750000e+01 -2.216949462890625000e+00 -5.068928003311157227e-04 2.279523760080337524e-01 -7.139064073562622070e-01 6.620989441871643066e-01
-5.890967559814453125e+01 3.768048095703125000e+01 -2.238790512084960938e+00 7.385589182376861572e-03 2.367803603410720825e-01 -7.032259106636047363e-01 6.703384518623352051e-01
-5.900017929077148438e+01 3.764073562622070312e+01 -2.261119365692138672e+00 1.491916179656982422e-02 2.455152124166488647e-01 -6.927436590194702148e-01 6.779423356056213379e-01
-5.909259033203125000e+01 3.760097885131835938e+01 -2.284461736679077148e+00 2.200087904930114746e-02 2.540276050567626953e-01 -6.825650930404663086e-01 6.849020719528198242e-01
-5.918726348876953125e+01 3.756360626220703125e+01 -2.310997247695922852e+00 2.854719758033752441e-02 2.621876001358032227e-01 -6.728029251098632812e-01 6.912153959274291992e-01
-5.928380584716796875e+01 3.752576446533203125e+01 -2.338059425354003906e+00 3.448487818241119385e-02 2.698659598827362061e-01 -6.635780334472656250e-01 6.968840360641479492e-01
-5.938224792480468750e+01 3.748749542236328125e+01 -2.365636587142944336e+00 3.975164890289306641e-02 2.769354581832885742e-01 -6.550189256668090820e-01 7.019094228744506836e-01
-5.948272705078125000e+01 3.744965362548828125e+01 -2.394285440444946289e+00 4.429737478494644165e-02 2.832724153995513916e-01 -6.472622156143188477e-01 7.062902450561523438e-01
-5.958547210693359375e+01 3.741363143920898438e+01 -2.424910306930541992e+00 4.808399081230163574e-02 2.887579798698425293e-01 -6.404528021812438965e-01 7.100188732147216797e-01
-5.969017791748046875e+01 3.737732696533203125e+01 -2.456057071685791016e+00 5.108520388603210449e-02 2.932796478271484375e-01 -6.347417235374450684e-01 7.130780220031738281e-01
-5.979687500000000000e+01 3.734077453613281250e+01 -2.487715959548950195e+00 5.328618735074996948e-02 2.967334389686584473e-01 -6.302852630615234375e-01 7.154371738433837891e-01
-5.990594100952148438e+01 3.730568313598632812e+01 -2.520422935485839844e+00 5.468230694532394409e-02 2.990256547927856445e-01 -6.272431015968322754e-01 7.170491814613342285e-01
-6.001725006103515625e+01 3.727141189575195312e+01 -2.553949594497680664e+00 5.527769774198532104e-02 3.000758290290832520e-01 -6.257749795913696289e-01 7.178470492362976074e-01
-6.013170242309570312e+01 3.723849868774414062e+01 -2.590559244155883789e+00 6.412792205810546875e-02 2.919479608535766602e-01 -6.297192573547363281e-01 7.170130610466003418e-01
-6.024844741821289062e+01 3.720628356933593750e+01 -2.627845048904418945e+00 7.316574454307556152e-02 2.817534208297729492e-01 -6.355102062225341797e-01 7.151142954826354980e-01
-6.036777877807617188e+01 3.717574310302734375e+01 -2.665586471557617188e+00 8.233761787414550781e-02 2.696564793586730957e-01 -6.429038643836975098e-01 7.121660709381103516e-01
-6.048905181884765625e+01 3.714516448974609375e+01 -2.704125404357910156e+00 9.158877283334732056e-02 2.558212578296661377e-01 -6.516510248184204102e-01 7.081792950630187988e-01
-6.061250686645507812e+01 3.711501312255859375e+01 -2.742892980575561523e+00 1.008627042174339294e-01 2.404160201549530029e-01 -6.615001559257507324e-01 7.031674981117248535e-01
-6.073870086669921875e+01 3.708629608154296875e+01 -2.780745983123779297e+00 1.101030856370925903e-01 2.236133217811584473e-01 -6.722027063369750977e-01 6.971499919891357422e-01
-6.086666870117187500e+01 3.705736541748046875e+01 -2.819336891174316406e+00 1.192525625228881836e-01 2.055930793285369873e-01 -6.835159659385681152e-01 6.901566982269287109e-01
-6.099740600585937500e+01 3.702935409545898438e+01 -2.855755329132080078e+00 1.282551884651184082e-01 1.865421533584594727e-01 -6.952069401741027832e-01 6.822316050529479980e-01
-6.113059616088867188e+01 3.700185775756835938e+01 -2.890749216079711914e+00 1.370560675859451294e-01 1.666549146175384521e-01 -7.070557475090026855e-01 6.734344959259033203e-01
-6.126604461669921875e+01 3.697459030151367188e+01 -2.924326419830322266e+00 1.456021666526794434e-01 1.461335122585296631e-01 -7.188574075698852539e-01 6.638441085815429688e-01
-6.140442657470703125e+01 3.694825744628906250e+01 -2.953998327255249023e+00 1.538434326648712158e-01 1.251868307590484619e-01 -7.304261326789855957e-01 6.535580754280090332e-01
-6.154512023925781250e+01 3.692206573486328125e+01 -2.981141567230224609e+00 1.617335230112075806e-01 1.040291711688041687e-01 -7.415962219238281250e-01 6.426938176155090332e-01
-6.168858718872070312e+01 3.689646148681640625e+01 -3.003438711166381836e+00 1.692297756671905518e-01 8.287903666496276855e-02 -7.522242069244384766e-01 6.313882470130920410e-01
-6.183462142944335938e+01 3.687116241455078125e+01 -3.019277811050415039e+00 1.762941479682922363e-01 6.195792928338050842e-02 -7.621892690658569336e-01 6.197975277900695801e-01
-6.198292922973632812e+01 3.684576034545898438e+01 -3.029770851135253906e+00 1.828931570053100586e-01 4.148834198713302612e-02 -7.713944315910339355e-01 6.080947518348693848e-01
-6.213338851928710938e+01 3.682014465332031250e+01 -3.030873298645019531e+00 1.889983117580413818e-01 2.169258892536163330e-02 -7.797648906707763672e-01 5.964694023132324219e-01
-6.228504562377929688e+01 3.679336166381835938e+01 -3.020910263061523438e+00 1.945857703685760498e-01 2.791158854961395264e-03 -7.872475981712341309e-01 5.851237773895263672e-01
-6.243717575073242188e+01 3.676449966430664062e+01 -3.000582456588745117e+00 1.996360272169113159e-01 -1.499833166599273682e-02 -7.938089370727539062e-01 5.742715597152709961e-01
-6.258886718750000000e+01 3.673242187500000000e+01 -2.969282865524291992e+00 2.041335999965667725e-01 -3.146201372146606445e-02 -7.994322776794433594e-01 5.641343593597412109e-01
-6.273933029174804688e+01 3.669583511352539062e+01 -2.927608013153076172e+00 2.080660462379455566e-01 -4.638986289501190186e-02 -8.041130900382995605e-01 5.549401044845581055e-01
-6.288841629028320312e+01 3.665434265136718750e+01 -2.877303600311279297e+00 2.114315778017044067e-01 -5.962037295103073120e-02 -8.078759312629699707e-01 5.468808412551879883e-01
-6.303779602050781250e+01 3.660858917236328125e+01 -2.818448781967163086e+00 2.089927792549133301e-01 -6.327344477176666260e-02 -8.114772439002990723e-01 5.420544743537902832e-01
-6.318733215332031250e+01 3.655982971191406250e+01 -2.755690336227416992e+00 2.065802216529846191e-01 -6.591837108135223389e-02 -8.144339919090270996e-01 5.382160544395446777e-01
-6.333794784545898438e+01 3.650896453857421875e+01 -2.691559314727783203e+00 2.044922709465026855e-01 -6.810902804136276245e-02 -8.167519569396972656e-01 5.352199077606201172e-01
-6.349340057373046875e+01 3.645606231689453125e+01 -2.627681016921997070e+00 2.026977539062500000e-01 -6.989446282386779785e-02 -8.184717893600463867e-01 5.330404639244079590e-01
-6.365531158447265625e+01 3.640223312377929688e+01 -2.567392826080322266e+00 2.011707723140716553e-01 -7.131569832563400269e-02 -8.196324706077575684e-01 5.316454172134399414e-01
-6.382532119750976562e+01 3.634897613525390625e+01 -2.515033721923828125e+00 1.998904645442962646e-01 -7.240651547908782959e-02 -8.202707767486572266e-01 5.309960842132568359e-01
-6.400466918945312500e+01 3.629842376708984375e+01 -2.476173877716064453e+00 1.988407522439956665e-01 -7.319465279579162598e-02 -8.204220533370971680e-01 5.310483574867248535e-01
-6.419316864013671875e+01 3.625271224975585938e+01 -2.455250740051269531e+00 1.980094164609909058e-01 -7.370280474424362183e-02 -8.201204538345336914e-01 5.317541956901550293e-01
-6.438887023925781250e+01 3.621242904663085938e+01 -2.450753927230834961e+00 1.973881125450134277e-01 -7.394893467426300049e-02 -8.193991184234619141e-01 5.330613851547241211e-01
-6.459029388427734375e+01 3.617763900756835938e+01 -2.459976196289062500e+00 1.969712376594543457e-01 -7.394761592149734497e-02 -8.182905912399291992e-01 5.349155068397521973e-01
-6.479659271240234375e+01 3.614797592163085938e+01 -2.479587554931640625e+00 1.967552602291107178e-01 -7.371053099632263184e-02 -8.168274164199829102e-01 5.372588038444519043e-01
-6.500749969482421875e+01 3.612308883666992188e+01 -2.506240129470825195e+00 1.967381834983825684e-01 -7.324711233377456665e-02 -8.150421380996704102e-01 5.400325655937194824e-01
-6.522314453125000000e+01 3.610212707519531250e+01 -2.536052703857421875e+00 1.969191133975982666e-01 -7.256498932838439941e-02 -8.129678368568420410e-01 5.431762933731079102e-01
-6.544379425048828125e+01 3.608407592773437500e+01 -2.565676927566528320e+00 1.972972452640533447e-01 -7.167094200849533081e-02 -8.106385469436645508e-01 5.466279983520507812e-01
-6.566961669921875000e+01 3.607157135009765625e+01 -2.593837738037109375e+00 1.978716254234313965e-01 -7.057134807109832764e-02 -8.080890774726867676e-01 5.503258705139160156e-01
-6.590026092529296875e+01 3.607291793823242188e+01 -2.622431993484497070e+00 1.986404657363891602e-01 -6.927247345447540283e-02 -8.053554892539978027e-01 5.542073845863342285e-01
-6.613439941406250000e+01 3.609245300292968750e+01 -2.652704000473022461e+00 1.996010541915893555e-01 -6.778132170438766479e-02 -8.024755716323852539e-01 5.582096576690673828e-01
-6.637062072753906250e+01 3.613055038452148438e+01 -2.685165405273437500e+00 2.007490545511245728e-01 -6.610606610774993896e-02 -7.994876503944396973e-01 5.622715353965759277e-01
-6.660799407958984375e+01 3.618584060668945312e+01 -2.719901323318481445e+00 2.020782083272933960e-01 -6.425674259662628174e-02 -7.964324355125427246e-01 5.663309097290039062e-01
-6.684475708007812500e+01 3.626134872436523438e+01 -2.755577564239501953e+00 1.989386230707168579e-01 -5.579477548599243164e-02 -7.938250303268432617e-01 5.719721317291259766e-01
-6.708204650878906250e+01 3.634811401367187500e+01 -2.792984247207641602e+00 1.956364214420318604e-01 -4.688886553049087524e-02 -7.911318540573120117e-01 5.776141285896301270e-01
-6.732018280029296875e+01 3.644516372680664062e+01 -2.832027435302734375e+00 1.921905875205993652e-01 -3.760461509227752686e-02 -7.883428335189819336e-01 5.832359194755554199e-01
-6.755626678466796875e+01 3.655704879760742188e+01 -2.873317718505859375e+00 1.886206567287445068e-01 -2.800802141427993774e-02 -7.854505181312561035e-01 5.888168811798095703e-01
-6.779540252685546875e+01 3.667298889160156250e+01 -2.915563344955444336e+00 1.849466115236282349e-01 -1.816544681787490845e-02 -7.824490666389465332e-01 5.943382978439331055e-01
-6.803162384033203125e+01 3.680352020263671875e+01 -2.960117340087890625e+00 1.811893433332443237e-01 -8.143424987792968750e-03 -7.793358564376831055e-01 5.997829437255859375e-01
-6.827164459228515625e+01 3.693644332885742188e+01 -3.005458354949951172e+00 1.773701608180999756e-01 1.991339027881622314e-03 -7.761096954345703125e-01 6.051359176635742188e-01
-6.851119232177734375e+01 3.707888031005859375e+01 -3.052102565765380859e+00 1.735109984874725342e-01 1.217193156480789185e-02 -7.727728486061096191e-01 6.103835105895996094e-01
-6.875383758544921875e+01 3.722482681274414062e+01 -3.099636793136596680e+00 1.696344465017318726e-01 2.233160287141799927e-02 -7.693293690681457520e-01 6.155142784118652344e-01
-6.899805450439453125e+01 3.737673568725585938e+01 -3.147958993911743164e+00 1.657636463642120361e-01 3.240357339382171631e-02 -7.657864689826965332e-01 6.205187439918518066e-01
-6.924443817138671875e+01 3.753363037109375000e+01 -3.197097063064575195e+00 1.619222760200500488e-01 4.232127964496612549e-02 -7.621536254882812500e-01 6.253894567489624023e-01
-6.949382781982421875e+01 3.769416046142578125e+01 -3.246936559677124023e+00 1.581342965364456177e-01 5.201835930347442627e-02 -7.584425806999206543e-01 6.301209926605224609e-01
-6.974465942382812500e+01 3.786081314086914062e+01 -3.297171592712402344e+00 1.544243991374969482e-01 6.142877787351608276e-02 -7.546677589416503906e-01 6.347094178199768066e-01
-6.999919891357421875e+01 3.803001785278320312e+01 -3.348286151885986328e+00 1.508173197507858276e-01 7.048699259757995605e-02 -7.508451342582702637e-01 6.391534805297851562e-01
-7.025519561767578125e+01 3.820541763305664062e+01 -3.399169921875000000e+00 1.473383903503417969e-01 7.912772893905639648e-02 -7.469933032989501953e-01 6.434525847434997559e-01
-7.051466369628906250e+01 3.838378143310546875e+01 -3.450842142105102539e+00 1.440129429101943970e-01 8.728627860546112061e-02 -7.431317567825317383e-01 6.476085186004638672e-01
-7.077645874023437500e+01 3.856707382202148438e+01 -3.502112388610839844e+00 1.408666372299194336e-01 9.489839524030685425e-02 -7.392815947532653809e-01 6.516237854957580566e-01
-7.103215789794921875e+01 3.874774169921875000e+01 -3.551795005798339844e+00 1.379251778125762939e-01 1.019002795219421387e-01 -7.354652285575866699e-01 6.555027961730957031e-01
-7.128166961669921875e+01 3.892607116699218750e+01 -3.599218130111694336e+00 1.352142095565795898e-01 1.082283854484558105e-01 -7.317057847976684570e-01 6.592499017715454102e-01
-7.152496337890625000e+01 3.910214233398437500e+01 -3.644329071044921875e+00 1.327595710754394531e-01 1.138197407126426697e-01 -7.280264496803283691e-01 6.628706455230712891e-01
-7.176246643066406250e+01 3.927531814575195312e+01 -3.687261819839477539e+00 1.305808275938034058e-01 1.186236590147018433e-01 -7.244558334350585938e-01 6.663638353347778320e-01
-7.199373626708984375e+01 3.944651412963867188e+01 -3.726710796356201172e+00 1.286725550889968872e-01 1.226378008723258972e-01 -7.210429906845092773e-01 6.697016954421997070e-01
-7.221932220458984375e+01 3.961475372314453125e+01 -3.763503313064575195e+00 1.270238906145095825e-01 1.258717328310012817e-01 -7.178413867950439453e-01 6.728483438491821289e-01
-7.243878173828125000e+01 3.978112792968750000e+01 -3.795313596725463867e+00 1.256224960088729858e-01 1.283356994390487671e-01 -7.149035334587097168e-01 6.757676601409912109e-01
-7.265310668945312500e+01 3.994410324096679688e+01 -3.822353363037109375e+00 1.244570165872573853e-01 1.300387084484100342e-01 -7.122805714607238770e-01 6.784222126007080078e-01
-7.286230468750000000e+01 4.010367202758789062e+01 -3.844776630401611328e+00 1.235147640109062195e-01 1.309906840324401855e-01 -7.100222706794738770e-01 6.807745099067687988e-01
-7.306816101074218750e+01 4.025774002075195312e+01 -3.858180522918701172e+00 1.227839514613151550e-01 1.312007755041122437e-01 -7.081778049468994141e-01 6.827844977378845215e-01
-7.327034759521484375e+01 4.040600585937500000e+01 -3.866573333740234375e+00 1.222516223788261414e-01 1.306779235601425171e-01 -7.067943811416625977e-01 6.844118237495422363e-01
-7.346994781494140625e+01 4.054700088500976562e+01 -3.867814302444458008e+00 1.219049096107482910e-01 1.294310688972473145e-01 -7.059175968170166016e-01 6.856143474578857422e-01
-7.366838836669921875e+01 4.067778778076171875e+01 -3.861588716506958008e+00 1.217306181788444519e-01 1.274682879447937012e-01 -7.055917382240295410e-01 6.863480806350708008e-01
-7.386344909667968750e+01 4.080153274536132812e+01 -3.852425336837768555e+00 1.217152327299118042e-01 1.247976943850517273e-01 -7.058582305908203125e-01 6.865675449371337891e-01
-7.405704498291015625e+01 4.091467285156250000e+01 -3.838464975357055664e+00 1.218446046113967896e-01 1.214270591735839844e-01 -7.067568302154541016e-01 6.862245202064514160e-01
-7.424688720703125000e+01 4.102080917358398438e+01 -3.823453903198242188e+00 1.221045479178428650e-01 1.173630878329277039e-01 -7.083244323730468750e-01 6.852684617042541504e-01
-7.443341064453125000e+01 4.111910247802734375e+01 -3.807039737701416016e+00 1.224797815084457397e-01 1.126126870512962341e-01 -7.105947732925415039e-01 6.836462020874023438e-01
-7.461514282226562500e+01 4.121227264404296875e+01 -3.790921449661254883e+00 1.229548826813697815e-01 1.071819365024566650e-01 -7.135989069938659668e-01 6.813007593154907227e-01
-7.479317474365234375e+01 4.129801559448242188e+01 -3.774754047393798828e+00 1.235133782029151917e-01 1.010766401886940002e-01 -7.173628807067871094e-01 6.781729459762573242e-01
-7.496515655517578125e+01 4.138121795654296875e+01 -3.759262561798095703e+00 1.241383403539657593e-01 9.430212527513504028e-02 -7.219094634056091309e-01 6.741985678672790527e-01
-7.513264465332031250e+01 4.145848464965820312e+01 -3.744797229766845703e+00 1.248118132352828979e-01 8.686336874961853027e-02 -7.272558212280273438e-01 6.693099737167358398e-01
-7.529470825195312500e+01 4.153178024291992188e+01 -3.731154680252075195e+00 1.255147606134414673e-01 7.876494526863098145e-02 -7.334139943122863770e-01 6.634350419044494629e-01
-7.545057678222656250e+01 4.160274505615234375e+01 -3.718169450759887695e+00 1.262273192405700684e-01 7.001159340143203735e-02 -7.403888106346130371e-01 6.564978361129760742e-01
-7.560054779052734375e+01 4.167060470581054688e+01 -3.705922126770019531e+00 1.269330680370330811e-01 6.062134355306625366e-02 -7.481569647789001465e-01 6.484398245811462402e-01
-7.574554443359375000e+01 4.173313522338867188e+01 -3.694638490676879883e+00 1.276343762874603271e-01 5.066828429698944092e-02 -7.565987706184387207e-01 6.392969489097595215e-01
-7.588422393798828125e+01 4.179339599609375000e+01 -3.683990478515625000e+00 1.283383220434188843e-01 4.024130105972290039e-02 -7.655730843544006348e-01 6.291325092315673828e-01
-7.601654052734375000e+01 4.185134506225585938e+01 -3.673971414566040039e+00 1.290531009435653687e-01 2.943065762519836426e-02 -7.749435901641845703e-01 6.180142760276794434e-01
-7.614251708984375000e+01 4.190694427490234375e+01 -3.664573907852172852e+00 1.297877132892608643e-01 1.832798123359680176e-02 -7.845782041549682617e-01 6.060166954994201660e-01
-7.626284790039062500e+01 4.195832824707031250e+01 -3.655975818634033203e+00 1.305521875619888306e-01 7.025927305221557617e-03 -7.943517565727233887e-01 5.932216644287109375e-01
-7.637723541259765625e+01 4.200619888305664062e+01 -3.648088932037353516e+00 1.313579082489013672e-01 -4.381913691759109497e-03 -8.041471838951110840e-01 5.797181129455566406e-01
-7.648519134521484375e+01 4.205173873901367188e+01 -3.640769004821777344e+00 1.322176754474639893e-01 -1.580112054944038391e-02 -8.138556480407714844e-01 5.656039118766784668e-01
-7.658673095703125000e+01 4.209489822387695312e+01 -3.634000778198242188e+00 1.331458389759063721e-01 -2.713705599308013916e-02 -8.233785033226013184e-01 5.509841442108154297e-01
-7.668186187744140625e+01 4.213563537597656250e+01 -3.627766609191894531e+00 1.341580152511596680e-01 -3.829520940780639648e-02 -8.326275348663330078e-01 5.359724164009094238e-01
-7.677059173583984375e+01 4.217391967773437500e+01 -3.622044563293457031e+00 1.352716684341430664e-01 -4.918138682842254639e-02 -8.415255546569824219e-01 5.206894874572753906e-01
-7.685295867919921875e+01 4.220972442626953125e+01 -3.616818189620971680e+00 1.365056037902832031e-01 -5.970220640301704407e-02 -8.500062823295593262e-01 5.052633881568908691e-01
-7.692975616455078125e+01 4.224094772338867188e+01 -3.612285137176513672e+00 1.378803253173828125e-01 -6.976529955863952637e-02 -8.580150604248046875e-01 4.898284673690795898e-01
-7.700019073486328125e+01 4.226978302001953125e+01 -3.608188390731811523e+00 1.394177675247192383e-01 -7.927970588207244873e-02 -8.655078411102294922e-01 4.745245277881622314e-01
-7.706429290771484375e+01 4.229623413085937500e+01 -3.604504823684692383e+00 1.411414742469787598e-01 -8.815596997737884521e-02 -8.724511265754699707e-01 4.594959616661071777e-01
-7.712210845947265625e+01 4.232028198242187500e+01 -3.601215124130249023e+00 1.430760771036148071e-01 -9.630633890628814697e-02 -8.788211941719055176e-01 4.448906779289245605e-01
-7.718859863281250000e+01 4.234712219238281250e+01 -3.597086191177368164e+00 1.452474892139434814e-01 -1.036446839570999146e-01 -8.846023082733154297e-01 4.308592379093170166e-01
-7.726380920410156250e+01 4.237675857543945312e+01 -3.592099428176879883e+00 1.476829648017883301e-01 -1.100864410400390625e-01 -8.897866010665893555e-01 4.175532460212707520e-01
-7.734780883789062500e+01 4.240916824340820312e+01 -3.586236476898193359e+00 1.504106223583221436e-01 -1.155482530593872070e-01 -8.943704962730407715e-01 4.051255583763122559e-01
-7.744060516357421875e+01 4.244436264038085938e+01 -3.579481840133666992e+00 1.534591764211654663e-01 -1.199480593204498291e-01 -8.983546495437622070e-01 3.937279284000396729e-01
-7.754264831542968750e+01 4.248229217529296875e+01 -3.571009397506713867e+00 1.554637402296066284e-01 -1.199793741106987000e-01 -9.021902084350585938e-01 3.840425312519073486e-01
-7.765460968017578125e+01 4.251976394653320312e+01 -3.562174081802368164e+00 1.581358164548873901e-01 -1.196270287036895752e-01 -9.054058790206909180e-01 3.753966689109802246e-01
-7.777545166015625000e+01 4.255979537963867188e+01 -3.552653789520263672e+00 1.613905280828475952e-01 -1.189404353499412537e-01 -9.080570936203002930e-01 3.677479326725006104e-01
-7.790519714355468750e+01 4.260238265991210938e+01 -3.542449235916137695e+00 1.651467829942703247e-01 -1.179611682891845703e-01 -9.101951718330383301e-01 3.610488176345825195e-01
-7.804383850097656250e+01 4.264755630493164062e+01 -3.531559467315673828e+00 1.693273186683654785e-01 -1.167245209217071533e-01 -9.118676185607910156e-01 3.552477061748504639e-01
-7.819136810302734375e+01 4.269533157348632812e+01 -3.519986391067504883e+00 1.738588511943817139e-01 -1.152608692646026611e-01 -9.131175875663757324e-01 3.502916395664215088e-01
-7.834886169433593750e+01 4.274215698242187500e+01 -3.508121252059936523e+00 1.786710321903228760e-01 -1.135975942015647888e-01 -9.139855504035949707e-01 3.461251556873321533e-01
-7.851599121093750000e+01 4.278911209106445312e+01 -3.495844602584838867e+00 1.836965382099151611e-01 -1.117600798606872559e-01 -9.145092368125915527e-01 3.426921367645263672e-01
-7.869210052490234375e+01 4.283838653564453125e+01 -3.482922792434692383e+00 1.888703107833862305e-01 -1.097726747393608093e-01 -9.147246479988098145e-01 3.399364054203033447e-01
-7.887716674804687500e+01 4.288999557495117188e+01 -3.469356060028076172e+00 1.941294372081756592e-01 -1.076594218611717224e-01 -9.146651625633239746e-01 3.378028571605682373e-01
-7.906745910644531250e+01 4.293763732910156250e+01 -3.456052064895629883e+00 1.994124948978424072e-01 -1.054449155926704407e-01 -9.143635630607604980e-01 3.362367451190948486e-01
-7.926274871826171875e+01 4.298220062255859375e+01 -3.442918539047241211e+00 2.046594470739364624e-01 -1.031548380851745605e-01 -9.138513803482055664e-01 3.351851999759674072e-01
-7.946203613281250000e+01 4.302755737304687500e+01 -3.429525613784790039e+00 2.098112404346466064e-01 -1.008163094520568848e-01 -9.131595492362976074e-01 3.345962762832641602e-01
-7.966555023193359375e+01 4.307247161865234375e+01 -3.416017293930053711e+00 2.148095369338989258e-01 -9.845833480358123779e-02 -9.123190045356750488e-01 3.344199061393737793e-01
-7.987538909912109375e+01 4.310649490356445312e+01 -3.403579711914062500e+00 2.195966541767120361e-01 -9.611193835735321045e-02 -9.113602638244628906e-01 3.346074223518371582e-01
-8.008923339843750000e+01 4.314108276367187500e+01 -3.390917301177978516e+00 2.241152524948120117e-01 -9.381037950515747070e-02 -9.103140234947204590e-01 3.351120352745056152e-01
-8.030731964111328125e+01 4.317424392700195312e+01 -3.378267049789428711e+00 2.283084839582443237e-01 -9.158923476934432983e-02 -9.092118144035339355e-01 3.358875215053558350e-01
-8.053159332275390625e+01 4.319015502929687500e+01 -3.367471218109130859e+00 2.321197390556335449e-01 -8.948647975921630859e-02 -9.080849289894104004e-01 3.368888497352600098e-01
-8.075987243652343750e+01 4.320630645751953125e+01 -3.356499671936035156e+00 2.354927957057952881e-01 -8.754205703735351562e-02 -9.069657921791076660e-01 3.380717933177947998e-01
-8.099254608154296875e+01 4.320976638793945312e+01 -3.346895694732666016e+00 2.383713275194168091e-01 -8.579812943935394287e-02 -9.058867692947387695e-01 3.393917977809906006e-01
-8.122949218750000000e+01 4.320363998413085938e+01 -3.338293313980102539e+00 2.407148182392120361e-01 -8.428947627544403076e-02 -9.048759341239929199e-01 3.408094942569732666e-01
-8.146971130371093750e+01 4.318725967407226562e+01 -3.330800771713256836e+00 2.425440251827239990e-01 -8.301537483930587769e-02 -9.039397835731506348e-01 3.423062562942504883e-01
-8.171289062500000000e+01 4.315615463256835938e+01 -3.324962615966796875e+00 2.438955605030059814e-01 -8.196547627449035645e-02 -9.030790328979492188e-01 3.438673317432403564e-01
-8.195759582519531250e+01 4.311080551147460938e+01 -3.320757389068603516e+00 2.448059618473052979e-01 -8.112893253564834595e-02 -9.022939801216125488e-01 3.454760611057281494e-01
-8.220417022705078125e+01 4.305305099487304688e+01 -3.317954540252685547e+00 2.453120648860931396e-01 -8.049421012401580811e-02 -9.015840291976928711e-01 3.471148908138275146e-01
-8.244825744628906250e+01 4.297211456298828125e+01 -3.317947864532470703e+00 2.454511076211929321e-01 -8.004887402057647705e-02 -9.009483456611633301e-01 3.487661778926849365e-01
-8.269147491455078125e+01 4.287744903564453125e+01 -3.319548368453979492e+00 2.452605366706848145e-01 -7.977961748838424683e-02 -9.003853201866149902e-01 3.504121601581573486e-01
-8.293210601806640625e+01 4.276608657836914062e+01 -3.323131084442138672e+00 2.447780668735504150e-01 -7.967209815979003906e-02 -8.998926281929016113e-01 3.520357608795166016e-01
-8.316831207275390625e+01 4.263694381713867188e+01 -3.328817129135131836e+00 2.440414875745773315e-01 -7.971123605966567993e-02 -8.994678854942321777e-01 3.536203801631927490e-01
-8.339988708496093750e+01 4.249211883544921875e+01 -3.336224317550659180e+00 2.430888712406158447e-01 -7.988090068101882935e-02 -8.991076350212097168e-01 3.551509380340576172e-01
-8.362985229492187500e+01 4.233750915527343750e+01 -3.344401836395263672e+00 2.419583350419998169e-01 -8.016443252563476562e-02 -8.988087773323059082e-01 3.566125631332397461e-01
-8.386064147949218750e+01 4.217702865600585938e+01 -3.352252006530761719e+00 2.406879514455795288e-01 -8.054414391517639160e-02 -8.985673189163208008e-01 3.579924702644348145e-01
-8.409803771972656250e+01 4.201918411254882812e+01 -3.358143806457519531e+00 2.392810583114624023e-01 -8.091534674167633057e-02 -8.983873724937438965e-01 3.593013286590576172e-01
-8.434735870361328125e+01 4.187233352661132812e+01 -3.360031604766845703e+00 2.366624474525451660e-01 -7.848987728357315063e-02 -8.985111117362976074e-01 3.612587451934814453e-01
-8.461033630371093750e+01 4.174223709106445312e+01 -3.357776403427124023e+00 2.336720675230026245e-01 -7.527433335781097412e-02 -8.987447023391723633e-01 3.633028268814086914e-01
-8.488587951660156250e+01 4.163019561767578125e+01 -3.351582050323486328e+00 2.303104102611541748e-01 -7.116863876581192017e-02 -8.990821242332458496e-01 3.654359579086303711e-01
-8.517156219482421875e+01 4.153390502929687500e+01 -3.342160463333129883e+00 2.265770137310028076e-01 -6.607263535261154175e-02 -8.995135426521301270e-01 3.676583468914031982e-01
-8.546517181396484375e+01 4.144952011108398438e+01 -3.330295324325561523e+00 2.224703431129455566e-01 -5.988594889640808105e-02 -9.000243544578552246e-01 3.699687123298645020e-01
-8.576519012451171875e+01 4.137306594848632812e+01 -3.316639900207519531e+00 2.179875820875167847e-01 -5.250810086727142334e-02 -9.005940556526184082e-01 3.723635077476501465e-01
-8.607135772705078125e+01 4.130493164062500000e+01 -3.301176786422729492e+00 2.131245732307434082e-01 -4.383871704339981079e-02 -9.011958837509155273e-01 3.748362064361572266e-01
-8.638251495361328125e+01 4.124106216430664062e+01 -3.284511089324951172e+00 2.078808248043060303e-01 -3.381845355033874512e-02 -9.017922282218933105e-01 3.773761391639709473e-01
-8.669828033447265625e+01 4.117956542968750000e+01 -3.266917705535888672e+00 2.022770941257476807e-01 -2.255227416753768921e-02 -9.023312926292419434e-01 3.799652457237243652e-01
-8.701914978027343750e+01 4.112376022338867188e+01 -3.248055934906005859e+00 1.963405460119247437e-01 -1.018700003623962402e-02 -9.027597904205322266e-01 3.825850188732147217e-01
-8.734428405761718750e+01 4.106930160522460938e+01 -3.228514909744262695e+00 1.900991648435592651e-01 3.129266202449798584e-03 -9.030280709266662598e-01 3.852178156375885010e-01
-8.767389678955078125e+01 4.101773452758789062e+01 -3.208164691925048828e+00 1.835828125476837158e-01 1.724721118807792664e-02 -9.030913710594177246e-01 3.878475427627563477e-01
-8.800791931152343750e+01 4.096915054321289062e+01 -3.187086820602416992e+00 1.768229454755783081e-01 3.201672434806823730e-02 -9.029110670089721680e-01 3.904615044593811035e-01
-8.834609985351562500e+01 4.092177963256835938e+01 -3.165493726730346680e+00 1.698530912399291992e-01 4.728671908378601074e-02 -9.024557471275329590e-01 3.930490612983703613e-01
-8.868876647949218750e+01 4.087853240966796875e+01 -3.143228769302368164e+00 1.627083569765090942e-01 6.290566176176071167e-02 -9.017021656036376953e-01 3.956035375595092773e-01
-8.903558349609375000e+01 4.083726501464843750e+01 -3.120547533035278320e+00 1.554263085126876831e-01 7.872184365987777710e-02 -9.006358385086059570e-01 3.981211781501770020e-01
-8.939244079589843750e+01 4.079763412475585938e+01 -3.097162008285522461e+00 1.480460613965988159e-01 9.458400309085845947e-02 -8.992516994476318359e-01 4.006028175354003906e-01
-8.975957489013671875e+01 4.076287078857421875e+01 -3.073043107986450195e+00 1.406087279319763184e-01 1.103413552045822144e-01 -8.975536823272705078e-01 4.030524194240570068e-01
-9.013681793212890625e+01 4.073167037963867188e+01 -3.048438072204589844e+00 1.331566572189331055e-01 1.258447319269180298e-01 -8.955552577972412109e-01 4.054790437221527100e-01
-9.052251434326171875e+01 4.070504760742187500e+01 -3.023611307144165039e+00 1.257341355085372925e-01 1.409458667039871216e-01 -8.932788968086242676e-01 4.078946113586425781e-01
-9.091667938232421875e+01 4.068381118774414062e+01 -2.998846292495727539e+00 1.183861941099166870e-01 1.554985344409942627e-01 -8.907558917999267578e-01 4.103155136108398438e-01
-9.131922912597656250e+01 4.066848373413085938e+01 -2.974550485610961914e+00 1.111591011285781860e-01 1.693587154150009155e-01 -8.880255818367004395e-01 4.127611815929412842e-01
-9.173014068603515625e+01 4.065914154052734375e+01 -2.951258897781372070e+00 1.040994524955749512e-01 1.823848932981491089e-01 -8.851339221000671387e-01 4.152553677558898926e-01
-9.214936065673828125e+01 4.065531921386718750e+01 -2.929610490798950195e+00 9.725434333086013794e-02 1.944374442100524902e-01 -8.821330666542053223e-01 4.178239703178405762e-01
-9.257685089111328125e+01 4.065590286254882812e+01 -2.910307645797729492e+00 9.067091345787048340e-02 2.053791582584381104e-01 -8.790802955627441406e-01 4.204950630664825439e-01
-9.301260375976562500e+01 4.065941238403320312e+01 -2.894296407699584961e+00 8.439633250236511230e-02 2.150744795799255371e-01 -8.760353922843933105e-01 4.232991933822631836e-01
-9.345661163330078125e+01 4.066591644287109375e+01 -2.881236314773559570e+00 7.847697287797927856e-02 2.233896255493164062e-01 -8.730601668357849121e-01 4.262679517269134521e-01
-9.390895080566406250e+01 4.067686080932617188e+01 -2.872201442718505859e+00 7.647702842950820923e-02 2.230751067399978638e-01 -8.720743656158447266e-01 4.288063943386077881e-01
-9.436940002441406250e+01 4.069347763061523438e+01 -2.864551305770874023e+00 7.426671683788299561e-02 2.227244973182678223e-01 -8.709445595741271973e-01 4.316639900207519531e-01
-9.483764648437500000e+01 4.071924972534179688e+01 -2.856735706329345703e+00 7.188683748245239258e-02 2.223359793424606323e-01 -8.697006702423095703e-01 4.347638785839080811e-01
-9.531153106689453125e+01 4.077173233032226562e+01 -2.844640970230102539e+00 6.937573105096817017e-02 2.219075560569763184e-01 -8.683747053146362305e-01 4.380289316177368164e-01
-9.576264190673828125e+01 4.094105148315429688e+01 -2.830323696136474609e+00 6.677044183015823364e-02 2.214377224445343018e-01 -8.670001029968261719e-01 4.413818120956420898e-01
-9.616936492919921875e+01 4.121974563598632812e+01 -2.831299304962158203e+00 6.410735100507736206e-02 2.209259569644927979e-01 -8.656111955642700195e-01 4.447461366653442383e-01
-9.654718780517578125e+01 4.153601455688476562e+01 -2.834811449050903320e+00 6.142321974039077759e-02 2.203733921051025391e-01 -8.642437458038330078e-01 4.480461776256561279e-01
-9.689355468750000000e+01 4.188595581054687500e+01 -2.832381010055541992e+00 5.875580757856369019e-02 2.197830975055694580e-01 -8.629335761070251465e-01 4.512080252170562744e-01
-9.720578002929687500e+01 4.226613616943359375e+01 -2.821806192398071289e+00 5.614408850669860840e-02 2.191604673862457275e-01 -8.617166280746459961e-01 4.541596174240112305e-01
-9.748748779296875000e+01 4.266912841796875000e+01 -2.804730176925659180e+00 5.362876504659652710e-02 2.185131311416625977e-01 -8.606288433074951172e-01 4.568303227424621582e-01
-9.774576568603515625e+01 4.308729553222656250e+01 -2.786954879760742188e+00 5.125256627798080444e-02 2.178512215614318848e-01 -8.597058653831481934e-01 4.591512382030487061e-01
-9.798902893066406250e+01 4.351428985595703125e+01 -2.773273944854736328e+00 4.906003177165985107e-02 2.171870768070220947e-01 -8.589823246002197266e-01 4.610553979873657227e-01
-9.821928405761718750e+01 4.394843673706054688e+01 -2.768930673599243164e+00 4.709779471158981323e-02 2.165352255105972290e-01 -8.584918975830078125e-01 4.624778032302856445e-01
-9.843838500976562500e+01 4.438787078857421875e+01 -2.782781839370727539e+00 4.541422426700592041e-02 2.159116268157958984e-01 -8.582669496536254883e-01 4.633546471595764160e-01
-9.864460754394531250e+01 4.483187484741210938e+01 -2.820990800857543945e+00 4.405923187732696533e-02 2.153332233428955078e-01 -8.583380579948425293e-01 4.636228084564208984e-01
-9.883211517333984375e+01 4.528228378295898438e+01 -2.875819444656372070e+00 4.308419674634933472e-02 2.148174345493316650e-01 -8.587338328361511230e-01 4.632205665111541748e-01
-9.899856567382812500e+01 4.574090576171875000e+01 -2.929600954055786133e+00 4.254127293825149536e-02 2.143808305263519287e-01 -8.594813942909240723e-01 4.620852768421173096e-01
-9.914701080322265625e+01 4.620732879638671875e+01 -2.964522123336791992e+00 4.248301684856414795e-02 2.140385508537292480e-01 -8.606046438217163086e-01 4.601546525955200195e-01
-9.928509521484375000e+01 4.668325042724609375e+01 -2.979191541671752930e+00 4.296199232339859009e-02 2.138028740882873535e-01 -8.621253967285156250e-01 4.573644399642944336e-01
-9.941471099853515625e+01 4.715771484375000000e+01 -2.980675220489501953e+00 4.402966797351837158e-02 2.136818766593933105e-01 -8.640630245208740234e-01 4.536479711532592773e-01
-9.953830718994140625e+01 4.762984085083007812e+01 -2.973154783248901367e+00 4.642543941736221313e-02 2.123011201620101929e-01 -8.667582869529724121e-01 4.488908350467681885e-01
-9.965759277343750000e+01 4.809878158569335938e+01 -2.958355665206909180e+00 4.916360229253768921e-02 2.113874256610870361e-01 -8.697297573089599609e-01 4.432475566864013672e-01
-9.973281860351562500e+01 4.857183074951171875e+01 -2.954608917236328125e+00 5.220229178667068481e-02 2.108431160449981689e-01 -8.729354739189147949e-01 4.368109107017517090e-01
-9.968666839599609375e+01 4.904248046875000000e+01 -3.004222154617309570e+00 5.549947172403335571e-02 2.105702608823776245e-01 -8.763332366943359375e-01 4.296745359897613525e-01
-9.959696197509765625e+01 4.950099945068359375e+01 -3.074838399887084961e+00 5.901340395212173462e-02 2.104711830615997314e-01 -8.798822164535522461e-01 4.219318330287933350e-01
-9.950551605224609375e+01 4.995583724975585938e+01 -3.140204429626464844e+00 6.270235031843185425e-02 2.104487270116806030e-01 -8.835436701774597168e-01 4.136789143085479736e-01
-9.942054748535156250e+01 5.040914916992187500e+01 -3.195156097412109375e+00 6.652422994375228882e-02 2.104069292545318604e-01 -8.872814774513244629e-01 4.050123989582061768e-01
-9.934357452392578125e+01 5.086087799072265625e+01 -3.239756345748901367e+00 7.043767720460891724e-02 2.102497071027755737e-01 -8.910628557205200195e-01 3.960310220718383789e-01
-9.927437591552734375e+01 5.131053161621093750e+01 -3.275120258331298828e+00 7.440116256475448608e-02 2.098831385374069214e-01 -8.948586583137512207e-01 3.868352770805358887e-01
-9.921245574951171875e+01 5.175768280029296875e+01 -3.302218437194824219e+00 7.837351411581039429e-02 2.092132270336151123e-01 -8.986434936523437500e-01 3.775279521942138672e-01
-9.915684509277343750e+01 5.220190811157226562e+01 -3.322417020797729492e+00 8.231393247842788696e-02 2.081480920314788818e-01 -9.023956656455993652e-01 3.682129383087158203e-01
-9.910569000244140625e+01 5.264273452758789062e+01 -3.337213754653930664e+00 8.618177473545074463e-02 2.065964341163635254e-01 -9.060974121093750000e-01 3.589957654476165771e-01
-9.905638122558593750e+01 5.307970428466796875e+01 -3.349385261535644531e+00 8.993700146675109863e-02 2.044675350189208984e-01 -9.097340106964111328e-01 3.499833941459655762e-01
-9.900799560546875000e+01 5.351266860961914062e+01 -3.359977245330810547e+00 9.353959560394287109e-02 2.016721814870834351e-01 -9.132929444313049316e-01 3.412837088108062744e-01
-9.896007537841796875e+01 5.394154357910156250e+01 -3.369410276412963867e+00 9.695012867450714111e-02 1.981213241815567017e-01 -9.167640805244445801e-01 3.330045342445373535e-01
-9.891089630126953125e+01 5.436612319946289062e+01 -3.378369092941284180e+00 1.001290977001190186e-01 1.937264353036880493e-01 -9.201381206512451172e-01 3.252538442611694336e-01
-9.886018371582031250e+01 5.478632736206054688e+01 -3.387786865234375000e+00 1.030374318361282349e-01 1.883990317583084106e-01 -9.234049916267395020e-01 3.181385993957519531e-01
-9.880744934082031250e+01 5.520206832885742188e+01 -3.397965669631958008e+00 1.056359708309173584e-01 1.820501387119293213e-01 -9.265535473823547363e-01 3.117647767066955566e-01
-9.875003814697265625e+01 5.561294937133789062e+01 -3.410155057907104492e+00 1.078853756189346313e-01 1.745903491973876953e-01 -9.295687675476074219e-01 3.062366545200347900e-01
-9.868566894531250000e+01 5.601843643188476562e+01 -3.425762891769409180e+00 1.097462475299835205e-01 1.659284383058547974e-01 -9.324308633804321289e-01 3.016555011272430420e-01
-9.861168670654296875e+01 5.641775131225585938e+01 -3.446321249008178711e+00 1.111900359392166138e-01 1.560034006834030151e-01 -9.351163506507873535e-01 2.980892360210418701e-01
-9.852439880371093750e+01 5.680967330932617188e+01 -3.473715782165527344e+00 1.122337728738784790e-01 1.448777914047241211e-01 -9.376059770584106445e-01 2.954810261726379395e-01
-9.842050933837890625e+01 5.719246292114257812e+01 -3.509724140167236328e+00 1.129054576158523560e-01 1.326442509889602661e-01 -9.398797154426574707e-01 2.937414646148681641e-01
-9.829645538330078125e+01 5.756363677978515625e+01 -3.556476354598999023e+00 1.132331788539886475e-01 1.193965002894401550e-01 -9.419140815734863281e-01 2.927810251712799072e-01
-9.814250946044921875e+01 5.791625213623046875e+01 -3.620110988616943359e+00 1.132445186376571655e-01 1.052288413047790527e-01 -9.436849951744079590e-01 2.925087511539459229e-01
-9.795864868164062500e+01 5.824497604370117188e+01 -3.703762054443359375e+00 1.129676923155784607e-01 9.023593366146087646e-02 -9.451687932014465332e-01 2.928338944911956787e-01
-9.774830627441406250e+01 5.854250335693359375e+01 -3.817324161529541016e+00 1.124309152364730835e-01 7.451433688402175903e-02 -9.463438391685485840e-01 2.936669290065765381e-01
-9.755532073974609375e+01 5.873509216308593750e+01 -3.945809125900268555e+00 1.116628646850585938e-01 5.816182866692543030e-02 -9.471916556358337402e-01 2.949178814888000488e-01
