1.359919357299804688e+01 -1.440691089630126953e+01 -1.001259446144104004e+00 -0.000000000000000000e+00 -0.000000000000000000e+00 -6.494648456573486328e-01 7.603915929794311523e-01
1.336693668365478516e+01 -1.432576656341552734e+01 -1.059422254562377930e+00 4.331713425926864147e-04 1.495661796070635319e-03 -6.479394435882568359e-01 7.616903185844421387e-01
1.313212108612060547e+01 -1.424304676055908203e+01 -1.118006587028503418e+00 6.922277389094233513e-04 3.477480728179216385e-03 -6.458476781845092773e-01 7.634580135345458984e-01
1.289489364624023438e+01 -1.415822505950927734e+01 -1.176915884017944336e+00 8.078645914793014526e-04 5.859585478901863098e-03 -6.432841420173645020e-01 7.656046748161315918e-01
1.265590953826904297e+01 -1.406919860839843750e+01 -1.235674977302551270e+00 8.110692724585533142e-04 8.555798791348934174e-03 -6.403427124023437500e-01 7.680411934852600098e-01
1.241497611999511719e+01 -1.397667407989501953e+01 -1.294467687606811523e+00 7.322365418076515198e-04 1.148071885108947754e-02 -6.371194124221801758e-01 7.706792950630187988e-01
1.217287826538085938e+01 -1.387833690643310547e+01 -1.352750778198242188e+00 6.021773442625999451e-04 1.454827096313238144e-02 -6.337109804153442383e-01 7.734327912330627441e-01
1.193060779571533203e+01 -1.377190685272216797e+01 -1.409919738769531250e+00 4.516653716564178467e-04 1.767240278422832489e-02 -6.302170157432556152e-01 7.762177586555480957e-01
1.168805027008056641e+01 -1.365817070007324219e+01 -1.466143131256103516e+00 3.115553408861160278e-04 2.076745033264160156e-02 -6.267380118370056152e-01 7.789532542228698730e-01
1.144599246978759766e+01 -1.353543472290039062e+01 -1.520964026451110840e+00 2.122502774000167847e-04 2.374782599508762360e-02 -6.233776807785034180e-01 7.815601229667663574e-01
1.120817470550537109e+01 -1.339694595336914062e+01 -1.572304606437683105e+00 1.845145598053932190e-04 2.652750536799430847e-02 -6.202410459518432617e-01 7.839625477790832520e-01
1.097455692291259766e+01 -1.324482154846191406e+01 -1.620500087738037109e+00 2.593388780951499939e-04 2.902100794017314911e-02 -6.174353957176208496e-01 7.860859632492065430e-01
1.074741935729980469e+01 -1.307674503326416016e+01 -1.664550185203552246e+00 4.670582711696624756e-04 3.114292025566101074e-02 -6.150688529014587402e-01 7.878580093383789062e-01
1.052911567687988281e+01 -1.289097595214843750e+01 -1.703572988510131836e+00 8.386382833123207092e-04 3.280765563249588013e-02 -6.132495999336242676e-01 7.892072200775146484e-01
1.032117938995361328e+01 -1.268779754638671875e+01 -1.737390756607055664e+00 1.404579728841781616e-03 3.392983973026275635e-02 -6.120864748954772949e-01 7.900614142417907715e-01
1.012682342529296875e+01 -1.246631336212158203e+01 -1.765324711799621582e+00 2.195540815591812134e-03 3.442417457699775696e-02 -6.116868853569030762e-01 7.903476357460021973e-01
9.945240020751953125e+00 -1.222958183288574219e+01 -1.788377285003662109e+00 3.242320381104946136e-03 3.420498222112655640e-02 -6.121565103530883789e-01 7.899898886680603027e-01
9.777225494384765625e+00 -1.197861766815185547e+01 -1.806865811347961426e+00 4.575894214212894440e-03 3.318654745817184448e-02 -6.135967373847961426e-01 7.889086604118347168e-01
9.623895645141601562e+00 -1.171420860290527344e+01 -1.821098327636718750e+00 6.226808764040470123e-03 3.128305077552795410e-02 -6.161055564880371094e-01 7.870174646377563477e-01
9.486466407775878906e+00 -1.143716049194335938e+01 -1.831504225730895996e+00 8.226349949836730957e-03 2.840812876820564270e-02 -6.197742223739624023e-01 7.842226624488830566e-01
9.366399765014648438e+00 -1.114826393127441406e+01 -1.838649511337280273e+00 1.060485653579235077e-02 2.447546645998954773e-02 -6.246855854988098145e-01 7.804206013679504395e-01
9.266145706176757812e+00 -1.084814643859863281e+01 -1.843275070190429688e+00 1.338068209588527679e-02 1.943048276007175446e-02 -6.308801770210266113e-01 7.755215167999267578e-01
9.190965652465820312e+00 -1.053724384307861328e+01 -1.848652243614196777e+00 1.652207598090171814e-02 1.334423013031482697e-02 -6.382576227188110352e-01 7.695298194885253906e-01
9.140606880187988281e+00 -1.021806621551513672e+01 -1.859661459922790527e+00 1.998373121023178101e-02 6.320965941995382309e-03 -6.466809511184692383e-01 7.624725699424743652e-01
9.117218017578125000e+00 -9.892958641052246094e+00 -1.882598876953125000e+00 2.372032217681407928e-02 -1.534741371870040894e-03 -6.560109853744506836e-01 7.543769478797912598e-01
9.126776695251464844e+00 -9.566325187683105469e+00 -1.929962754249572754e+00 2.768608741462230682e-02 -1.011717226356267929e-02 -6.661086678504943848e-01 7.452719807624816895e-01
9.164492607116699219e+00 -9.244916915893554688e+00 -2.010160207748413086e+00 3.183493763208389282e-02 -1.931948401033878326e-02 -6.768357753753662109e-01 7.351915240287780762e-01
9.230771064758300781e+00 -8.937827110290527344e+00 -2.132289171218872070e+00 3.612038493156433105e-02 -2.903397195041179657e-02 -6.880576014518737793e-01 7.241747379302978516e-01
9.326431274414062500e+00 -8.646462440490722656e+00 -2.280088424682617188e+00 4.049598425626754761e-02 -3.915175050497055054e-02 -6.996427774429321289e-01 7.122691273689270020e-01
9.450458526611328125e+00 -8.365663528442382812e+00 -2.434673309326171875e+00 4.491506516933441162e-02 -4.956351593136787415e-02 -7.114661335945129395e-01 6.995299458503723145e-01
9.605179786682128906e+00 -8.090438842773437500e+00 -2.578215599060058594e+00 4.933128878474235535e-02 -6.015942618250846863e-02 -7.234091162681579590e-01 6.860222220420837402e-01
9.789510726928710938e+00 -7.815771102905273438e+00 -2.691378831863403320e+00 5.369857326149940491e-02 -7.082962989807128906e-02 -7.353612184524536133e-01 6.718210577964782715e-01
9.997351646423339844e+00 -7.540429592132568359e+00 -2.769960641860961914e+00 5.797121301293373108e-02 -8.146490156650543213e-02 -7.472203969955444336e-01 6.570117473602294922e-01
1.022332096099853516e+01 -7.267519474029541016e+00 -2.820955038070678711e+00 6.210463866591453552e-02 -9.195645898580551147e-02 -7.588950991630554199e-01 6.416894197463989258e-01
1.046250915527343750e+01 -6.998066425323486328e+00 -2.856486082077026367e+00 6.605481356382369995e-02 -1.021970659494400024e-01 -7.703032493591308594e-01 6.259596347808837891e-01
1.071422863006591797e+01 -6.734189510345458984e+00 -2.889201641082763672e+00 6.977929919958114624e-02 -1.120807677507400513e-01 -7.813743352890014648e-01 6.099366545677185059e-01
1.099294281005859375e+01 -6.505102157592773438e+00 -2.962636709213256836e+00 7.323600351810455322e-02 -1.215043887495994568e-01 -7.920486330986022949e-01 5.937440991401672363e-01
1.134402179718017578e+01 -6.406034946441650391e+00 -3.032861232757568359e+00 7.638458907604217529e-02 -1.303665041923522949e-01 -8.022775053977966309e-01 5.775125622749328613e-01
1.171166801452636719e+01 -6.324807167053222656e+00 -3.049106121063232422e+00 7.918627560138702393e-02 -1.385681778192520142e-01 -8.120226860046386719e-01 5.613799095153808594e-01
1.208452892303466797e+01 -6.246996879577636719e+00 -3.046061277389526367e+00 8.160325884819030762e-02 -1.460131555795669556e-01 -8.212567567825317383e-01 5.454891324043273926e-01
1.246289157867431641e+01 -6.179936408996582031e+00 -3.026068687438964844e+00 8.359865099191665649e-02 -1.526078730821609497e-01 -8.299610018730163574e-01 5.299875140190124512e-01
1.284519863128662109e+01 -6.147175312042236328e+00 -2.972659587860107422e+00 8.210271596908569336e-02 -1.533286422491073608e-01 -8.390535712242126465e-01 5.154982209205627441e-01
1.321922683715820312e+01 -6.195236682891845703e+00 -2.869504690170288086e+00 8.084461092948913574e-02 -1.539103835821151733e-01 -8.475185036659240723e-01 5.014857053756713867e-01
1.360036373138427734e+01 -6.253342151641845703e+00 -2.781259298324584961e+00 7.977576553821563721e-02 -1.543919593095779419e-01 -8.553850054740905762e-01 4.879706501960754395e-01
1.399452495574951172e+01 -6.286169528961181641e+00 -2.721231937408447266e+00 7.885106652975082397e-02 -1.548052281141281128e-01 -8.626826405525207520e-01 4.749698638916015625e-01
1.439599609375000000e+01 -6.308735370635986328e+00 -2.679472684860229492e+00 7.803089171648025513e-02 -1.551751792430877686e-01 -8.694409728050231934e-01 4.624978005886077881e-01
1.480322551727294922e+01 -6.326376914978027344e+00 -2.653886556625366211e+00 7.728040963411331177e-02 -1.555211246013641357e-01 -8.756888508796691895e-01 4.505661725997924805e-01
1.521545028686523438e+01 -6.340519905090332031e+00 -2.650762796401977539e+00 7.657025009393692017e-02 -1.558574289083480835e-01 -8.814548850059509277e-01 4.391840398311614990e-01
1.563118362426757812e+01 -6.352777957916259766e+00 -2.673083782196044922e+00 7.587552070617675781e-02 -1.561944633722305298e-01 -8.867662549018859863e-01 4.283591806888580322e-01
1.604656410217285156e+01 -6.363754749298095703e+00 -2.737276792526245117e+00 7.517618685960769653e-02 -1.565393507480621338e-01 -8.916492462158203125e-01 4.180974364280700684e-01
1.645825004577636719e+01 -6.375238895416259766e+00 -2.839954137802124023e+00 7.445695251226425171e-02 -1.568961888551712036e-01 -8.961285352706909180e-01 4.084033071994781494e-01
1.686334991455078125e+01 -6.390780925750732422e+00 -2.978776693344116211e+00 7.370672374963760376e-02 -1.572669446468353271e-01 -9.002276659011840820e-01 3.992801308631896973e-01
1.726178741455078125e+01 -6.422907352447509766e+00 -3.143751144409179688e+00 7.291824370622634888e-02 -1.576519161462783813e-01 -9.039685726165771484e-01 3.907296955585479736e-01
1.767466545104980469e+01 -6.501120567321777344e+00 -3.250887393951416016e+00 7.208771258592605591e-02 -1.580498218536376953e-01 -9.073718786239624023e-01 3.827528357505798340e-01
1.811211204528808594e+01 -6.551625728607177734e+00 -3.250523567199707031e+00 7.121473550796508789e-02 -1.584586352109909058e-01 -9.104574918746948242e-01 3.753483593463897705e-01
1.855590438842773438e+01 -6.578132152557373047e+00 -3.237383365631103516e+00 7.030165195465087891e-02 -1.588754355907440186e-01 -9.132428169250488281e-01 3.685156404972076416e-01
1.900424766540527344e+01 -6.596044540405273438e+00 -3.226952552795410156e+00 6.935312598943710327e-02 -1.592968255281448364e-01 -9.157444238662719727e-01 3.622522354125976562e-01
1.945693397521972656e+01 -6.607553482055664062e+00 -3.225842237472534180e+00 6.837610155344009399e-02 -1.597191393375396729e-01 -9.179778695106506348e-01 3.565543591976165771e-01
1.991341400146484375e+01 -6.613159179687500000e+00 -3.241084575653076172e+00 6.737898290157318115e-02 -1.601386517286300659e-01 -9.199571609497070312e-01 3.514176011085510254e-01
2.037079620361328125e+01 -6.609013557434082031e+00 -3.293917655944824219e+00 6.637170165777206421e-02 -1.605514883995056152e-01 -9.216952919960021973e-01 3.468368947505950928e-01
2.081461715698242188e+01 -6.588095664978027344e+00 -3.425955772399902344e+00 6.536499410867691040e-02 -1.609540432691574097e-01 -9.232037067413330078e-01 3.428060710430145264e-01
2.121336936950683594e+01 -6.550324440002441406e+00 -3.666437387466430664e+00 6.361601501703262329e-02 -1.592829972505569458e-01 -9.248542189598083496e-01 3.394503891468048096e-01
2.158726310729980469e+01 -6.510509967803955078e+00 -3.952098846435546875e+00 6.197202205657958984e-02 -1.577480137348175049e-01 -9.262881875038146973e-01 3.365486562252044678e-01
2.200766372680664062e+01 -6.469343185424804688e+00 -4.169817447662353516e+00 6.045248731970787048e-02 -1.563554108142852783e-01 -9.275361299514770508e-01 3.340285122394561768e-01
2.247012138366699219e+01 -6.426948070526123047e+00 -4.290166378021240234e+00 5.907712131738662720e-02 -1.551110893487930298e-01 -9.286270141601562500e-01 3.318164646625518799e-01
2.294973182678222656e+01 -6.384511470794677734e+00 -4.344093322753906250e+00 5.786523222923278809e-02 -1.540208458900451660e-01 -9.295886754989624023e-01 3.298393189907073975e-01
2.344236755371093750e+01 -6.342133522033691406e+00 -4.346895217895507812e+00 5.683647468686103821e-02 -1.530901789665222168e-01 -9.304481744766235352e-01 3.280230760574340820e-01
2.392799186706542969e+01 -6.302397251129150391e+00 -4.325825691223144531e+00 5.601008236408233643e-02 -1.523246318101882935e-01 -9.312318563461303711e-01 3.262935876846313477e-01
2.440627098083496094e+01 -6.265920162200927734e+00 -4.291493415832519531e+00 5.540531873703002930e-02 -1.517295539379119873e-01 -9.319649338722229004e-01 3.245763182640075684e-01
2.487731170654296875e+01 -6.233471393585205078e+00 -4.248738288879394531e+00 5.504156276583671570e-02 -1.513100862503051758e-01 -9.326725006103515625e-01 3.227966129779815674e-01
2.534135627746582031e+01 -6.206147193908691406e+00 -4.201095104217529297e+00 5.493800714612007141e-02 -1.510713249444961548e-01 -9.333785176277160645e-01 3.208796381950378418e-01
2.579868125915527344e+01 -6.184726238250732422e+00 -4.151624202728271484e+00 5.511370673775672913e-02 -1.510183662176132202e-01 -9.341061711311340332e-01 3.187501430511474609e-01
2.624951171875000000e+01 -6.170935153961181641e+00 -4.102519512176513672e+00 5.558785796165466309e-02 -1.511557102203369141e-01 -9.348773360252380371e-01 3.163324892520904541e-01
2.669405174255371094e+01 -6.167980670928955078e+00 -4.056556701660156250e+00 5.637936294078826904e-02 -1.514880061149597168e-01 -9.357130527496337891e-01 3.135504126548767090e-01
2.713227081298828125e+01 -6.182658672332763672e+00 -4.018651485443115234e+00 5.750709027051925659e-02 -1.520194858312606812e-01 -9.366322159767150879e-01 3.103272616863250732e-01
2.756294631958007812e+01 -6.223527908325195312e+00 -3.994260787963867188e+00 5.898970738053321838e-02 -1.527540385723114014e-01 -9.376520514488220215e-01 3.065861165523529053e-01
2.798345184326171875e+01 -6.295094966888427734e+00 -3.987430334091186523e+00 6.084577739238739014e-02 -1.536951065063476562e-01 -9.387871026992797852e-01 3.022485673427581787e-01
2.839364433288574219e+01 -6.384973049163818359e+00 -3.994653940200805664e+00 6.309347599744796753e-02 -1.548456102609634399e-01 -9.400494694709777832e-01 2.972358167171478271e-01
2.879761505126953125e+01 -6.471796512603759766e+00 -4.006143093109130859e+00 6.575069576501846313e-02 -1.562078595161437988e-01 -9.414469003677368164e-01 2.914677262306213379e-01
2.919898033142089844e+01 -6.537084579467773438e+00 -4.012153625488281250e+00 6.883493810892105103e-02 -1.577834039926528931e-01 -9.429841041564941406e-01 2.848632335662841797e-01
2.959633445739746094e+01 -6.584372520446777344e+00 -4.012050628662109375e+00 7.236318290233612061e-02 -1.595727652311325073e-01 -9.446598887443542480e-01 2.773403525352478027e-01
2.998797988891601562e+01 -6.621532917022705078e+00 -4.007865428924560547e+00 7.554742693901062012e-02 -1.588283777236938477e-01 -9.469259977340698242e-01 2.690673172473907471e-01
3.037347412109375000e+01 -6.652910232543945312e+00 -4.001594066619873047e+00 7.906116545200347900e-02 -1.580765098333358765e-01 -9.493111371994018555e-01 2.599414288997650146e-01
3.075253868103027344e+01 -6.681049823760986328e+00 -3.994039773941040039e+00 8.280049264430999756e-02 -1.573620140552520752e-01 -9.517588615417480469e-01 2.500729560852050781e-01
3.112500381469726562e+01 -6.707780838012695312e+00 -3.985732316970825195e+00 8.665443956851959229e-02 -1.567269712686538696e-01 -9.542186856269836426e-01 2.395710200071334839e-01
3.149072456359863281e+01 -6.734699726104736328e+00 -3.977077484130859375e+00 9.050584584474563599e-02 -1.562096625566482544e-01 -9.566473364830017090e-01 2.285453379154205322e-01
3.184953498840332031e+01 -6.763642311096191406e+00 -3.968472719192504883e+00 9.423040598630905151e-02 -1.558436751365661621e-01 -9.590093493461608887e-01 2.171045541763305664e-01
3.220112609863281250e+01 -6.797372817993164062e+00 -3.960433959960937500e+00 9.769685566425323486e-02 -1.556570529937744141e-01 -9.612774848937988281e-01 2.053578794002532959e-01
3.254470825195312500e+01 -6.841108322143554688e+00 -3.953096866607666016e+00 1.007680147886276245e-01 -1.556713581085205078e-01 -9.634327888488769531e-01 1.934151649475097656e-01
3.287821960449218750e+01 -6.903290748596191406e+00 -3.942496299743652344e+00 1.033008545637130737e-01 -1.559013426303863525e-01 -9.654647707939147949e-01 1.813874542713165283e-01
3.319739151000976562e+01 -6.993708133697509766e+00 -3.922935724258422852e+00 1.051481068134307861e-01 -1.563540995121002197e-01 -9.673700332641601562e-01 1.693883985280990601e-01
3.349052810668945312e+01 -7.128300666809082031e+00 -3.884002685546875000e+00 1.061586216092109680e-01 -1.570289283990859985e-01 -9.691517949104309082e-01 1.575336456298828125e-01
3.375347900390625000e+01 -7.297019004821777344e+00 -3.825826883316040039e+00 1.061790287494659424e-01 -1.579172611236572266e-01 -9.708187580108642578e-01 1.459426879882812500e-01
3.398714828491210938e+01 -7.488200664520263672e+00 -3.751471996307373047e+00 1.050546169281005859e-01 -1.590026468038558960e-01 -9.723822474479675293e-01 1.347389519214630127e-01
3.419679260253906250e+01 -7.690949440002441406e+00 -3.665589570999145508e+00 1.026304960250854492e-01 -1.602618247270584106e-01 -9.738555550575256348e-01 1.240501850843429565e-01
3.439011383056640625e+01 -7.897785663604736328e+00 -3.575745105743408203e+00 9.875307977199554443e-02 -1.616652607917785645e-01 -9.752506017684936523e-01 1.140096858143806458e-01
3.456874084472656250e+01 -8.107318878173828125e+00 -3.484671592712402344e+00 9.327034652233123779e-02 -1.631789952516555786e-01 -9.765752553939819336e-01 1.047557517886161804e-01
3.473493194580078125e+01 -8.317902565002441406e+00 -3.394638538360595703e+00 8.603401482105255127e-02 -1.647663712501525879e-01 -9.778296351432800293e-01 9.643287211656570435e-02
3.488941574096679688e+01 -8.529035568237304688e+00 -3.306926727294921875e+00 7.689929753541946411e-02 -1.663910299539566040e-01 -9.790022373199462891e-01 8.919022232294082642e-02
3.503224945068359375e+01 -8.740649223327636719e+00 -3.222585439682006836e+00 6.572701036930084229e-02 -1.680194139480590820e-01 -9.800661206245422363e-01 8.318459242582321167e-02
3.516279602050781250e+01 -8.953112602233886719e+00 -3.142752647399902344e+00 5.238430574536323547e-02 -1.696250140666961670e-01 -9.809733033180236816e-01 7.857840508222579956e-02
3.527923202514648438e+01 -9.166874885559082031e+00 -3.067611217498779297e+00 3.633598610758781433e-02 -1.650433987379074097e-01 -9.827010631561279297e-01 7.575524598360061646e-02
3.537931442260742188e+01 -9.388444900512695312e+00 -3.000643491744995117e+00 1.822016015648841858e-02 -1.597256511449813843e-01 -9.841870665550231934e-01 7.437378913164138794e-02
3.545248031616210938e+01 -9.621250152587890625e+00 -2.949055433273315430e+00 -1.714373938739299774e-03 -1.537504047155380249e-01 -9.853004217147827148e-01 7.443769276142120361e-02
3.548716354370117188e+01 -9.863273620605468750e+00 -2.916778802871704102e+00 -2.321467176079750061e-02 -1.471979618072509766e-01 -9.859134554862976074e-01 7.595020532608032227e-02
3.547637939453125000e+01 -1.010703372955322266e+01 -2.904186248779296875e+00 -4.602425917983055115e-02 -1.401511728763580322e-01 -9.859067797660827637e-01 7.891339808702468872e-02
3.542043685913085938e+01 -1.034297561645507812e+01 -2.906857728958129883e+00 -6.988170742988586426e-02 -1.326959729194641113e-01 -9.851724505424499512e-01 8.332816511392593384e-02
3.533557128906250000e+01 -1.056816864013671875e+01 -2.914509534835815430e+00 -9.452312439680099487e-02 -1.249214783310890198e-01 -9.836180806159973145e-01 8.919349312782287598e-02
3.523755264282226562e+01 -1.078585433959960938e+01 -2.919709682464599609e+00 -1.196823343634605408e-01 -1.169200688600540161e-01 -9.811687469482421875e-01 9.650783985853195190e-02
3.513484573364257812e+01 -1.099916744232177734e+01 -2.918906450271606445e+00 -1.450918614864349365e-01 -1.087872013449668884e-01 -9.777691364288330078e-01 1.052673608064651489e-01
3.503057861328125000e+01 -1.120933055877685547e+01 -2.912272691726684570e+00 -1.704851239919662476e-01 -1.006210669875144958e-01 -9.733844399452209473e-01 1.154675781726837158e-01
3.492481994628906250e+01 -1.141627693176269531e+01 -2.901530027389526367e+00 -1.955979168415069580e-01 -9.252214431762695312e-02 -9.680009484291076660e-01 1.271032094955444336e-01
3.481764984130859375e+01 -1.162000942230224609e+01 -2.887731552124023438e+00 -2.201692014932632446e-01 -8.459246158599853516e-02 -9.616250395774841309e-01 1.401681303977966309e-01
3.470816040039062500e+01 -1.181998538970947266e+01 -2.870869159698486328e+00 -2.439434230327606201e-01 -7.693502306938171387e-02 -9.542821049690246582e-01 1.546561717987060547e-01
3.459681320190429688e+01 -1.201643753051757812e+01 -2.852108716964721680e+00 -2.666713595390319824e-01 -6.965310126543045044e-02 -9.460145831108093262e-01 1.705613732337951660e-01
3.448384094238281250e+01 -1.220950412750244141e+01 -2.831929445266723633e+00 -2.881110012531280518e-01 -6.284958869218826294e-02 -9.368795752525329590e-01 1.878790110349655151e-01
3.436915206909179688e+01 -1.239913749694824219e+01 -2.810494899749755859e+00 -3.080281019210815430e-01 -5.662608891725540161e-02 -9.269447922706604004e-01 2.066048830747604370e-01
3.425075912475585938e+01 -1.258402347564697266e+01 -2.787463665008544922e+00 -3.261964023113250732e-01 -5.108248442411422729e-02 -9.162842631340026855e-01 2.267366796731948853e-01
3.413027572631835938e+01 -1.276513195037841797e+01 -2.763754606246948242e+00 -3.423976898193359375e-01 -4.631653055548667908e-02 -9.049746394157409668e-01 2.482732236385345459e-01
3.400769805908203125e+01 -1.294247817993164062e+01 -2.739470481872558594e+00 -3.564202785491943359e-01 -4.242214560508728027e-02 -8.930888175964355469e-01 2.712146937847137451e-01
3.388033676147460938e+01 -1.311401557922363281e+01 -2.714289426803588867e+00 -3.680586814880371094e-01 -3.949116915464401245e-02 -8.806905150413513184e-01 2.955628335475921631e-01
3.375209808349609375e+01 -1.328228282928466797e+01 -2.691241741180419922e+00 -3.665498197078704834e-01 -4.282023757696151733e-02 -8.731910586357116699e-01 3.183473348617553711e-01
3.362452316284179688e+01 -1.344812679290771484e+01 -2.668045997619628906e+00 -3.648248612880706787e-01 -4.612409323453903198e-02 -8.651775717735290527e-01 3.409444689750671387e-01
3.349896240234375000e+01 -1.361254405975341797e+01 -2.644760370254516602e+00 -3.628852367401123047e-01 -4.940097779035568237e-02 -8.566545248031616211e-01 3.633414208889007568e-01
3.337833786010742188e+01 -1.377770233154296875e+01 -2.621737957000732422e+00 -3.607317507266998291e-01 -5.264870822429656982e-02 -8.476272225379943848e-01 3.855239450931549072e-01
3.326331329345703125e+01 -1.394392776489257812e+01 -2.599189043045043945e+00 -3.583660125732421875e-01 -5.586547404527664185e-02 -8.381009697914123535e-01 4.074796438217163086e-01
3.315477752685546875e+01 -1.411176013946533203e+01 -2.577221393585205078e+00 -3.557891845703125000e-01 -5.904909968376159668e-02 -8.280811309814453125e-01 4.291955828666687012e-01
3.306018829345703125e+01 -1.428523635864257812e+01 -2.556600809097290039e+00 -3.530031144618988037e-01 -6.219834834337234497e-02 -8.175737261772155762e-01 4.506586790084838867e-01
3.297741317749023438e+01 -1.446187686920166016e+01 -2.537321090698242188e+00 -3.500092327594757080e-01 -6.531073153018951416e-02 -8.065850138664245605e-01 4.718563854694366455e-01
3.290695190429687500e+01 -1.464135932922363281e+01 -2.519490242004394531e+00 -3.468090593814849854e-01 -6.838455796241760254e-02 -7.951216697692871094e-01 4.927764534950256348e-01
3.285546493530273438e+01 -1.482505607604980469e+01 -2.503955841064453125e+00 -3.434047102928161621e-01 -7.141828536987304688e-02 -7.831901311874389648e-01 5.134061574935913086e-01
3.282344436645507812e+01 -1.501044368743896484e+01 -2.490980148315429688e+00 -3.397982716560363770e-01 -7.441012561321258545e-02 -7.707972526550292969e-01 5.337337851524353027e-01
3.280273437500000000e+01 -1.519528293609619141e+01 -2.479519367218017578e+00 -3.359918594360351562e-01 -7.735777646303176880e-02 -7.579507231712341309e-01 5.537471175193786621e-01
3.279786682128906250e+01 -1.537904739379882812e+01 -2.470065355300903320e+00 -3.319874405860900879e-01 -8.026035130023956299e-02 -7.446579337120056152e-01 5.734345912933349609e-01
3.280176544189453125e+01 -1.556034660339355469e+01 -2.461655139923095703e+00 -3.277875185012817383e-01 -8.311523497104644775e-02 -7.309267520904541016e-01 5.927843451499938965e-01
3.281167984008789062e+01 -1.573922348022460938e+01 -2.454006671905517578e+00 -3.233949542045593262e-01 -8.592134714126586914e-02 -7.167652249336242676e-01 6.117848753929138184e-01
3.283078384399414062e+01 -1.591494846343994141e+01 -2.447175025939941406e+00 -3.188118040561676025e-01 -8.867695182561874390e-02 -7.021815776824951172e-01 6.304255723953247070e-01
3.285187530517578125e+01 -1.608811759948730469e+01 -2.440579414367675781e+00 -3.140409588813781738e-01 -9.138018637895584106e-02 -6.871846914291381836e-01 6.486948728561401367e-01
3.287878417968750000e+01 -1.625810241699218750e+01 -2.434194087982177734e+00 -3.090851306915283203e-01 -9.402975440025329590e-02 -6.717830300331115723e-01 6.665824651718139648e-01
3.290606689453125000e+01 -1.642099571228027344e+01 -2.427939414978027344e+00 -3.039472401142120361e-01 -9.662389010190963745e-02 -6.559860110282897949e-01 6.840775609016418457e-01
3.293494415283203125e+01 -1.657655715942382812e+01 -2.421635627746582031e+00 -2.986307144165039062e-01 -9.916125237941741943e-02 -6.398026943206787109e-01 7.011698484420776367e-01
3.296272659301757812e+01 -1.671920776367187500e+01 -2.416435718536376953e+00 -2.967079877853393555e-01 -1.027915552258491516e-01 -6.403693556785583496e-01 7.009461522102355957e-01
3.298989105224609375e+01 -1.685386466979980469e+01 -2.410812616348266602e+00 -2.962705194950103760e-01 -1.061406955122947693e-01 -6.432821750640869141e-01 6.979584693908691406e-01
3.301525878906250000e+01 -1.698083305358886719e+01 -2.404815673828125000e+00 -2.971641421318054199e-01 -1.092332080006599426e-01 -6.483433246612548828e-01 6.923961639404296875e-01
3.303862380981445312e+01 -1.710021781921386719e+01 -2.398102283477783203e+00 -2.992248833179473877e-01 -1.120903044939041138e-01 -6.553335189819335938e-01 6.844254136085510254e-01
3.305978775024414062e+01 -1.721214103698730469e+01 -2.391160488128662109e+00 -3.022817373275756836e-01 -1.147309914231300354e-01 -6.640176773071289062e-01 6.741981506347656250e-01
3.307728195190429688e+01 -1.731687164306640625e+01 -2.382952928543090820e+00 -3.061586022377014160e-01 -1.171719282865524292e-01 -6.741507053375244141e-01 6.618598699569702148e-01
3.309360885620117188e+01 -1.741471099853515625e+01 -2.375143289566040039e+00 -3.106780052185058594e-01 -1.194294989109039307e-01 -6.854831576347351074e-01 6.475558280944824219e-01
3.310623931884765625e+01 -1.750595474243164062e+01 -2.366018056869506836e+00 -3.156623840332031250e-01 -1.215203106403350830e-01 -6.977653503417968750e-01 6.314376592636108398e-01
3.311834335327148438e+01 -1.759044837951660156e+01 -2.357711315155029297e+00 -3.209362626075744629e-01 -1.234619393944740295e-01 -7.107524871826171875e-01 6.136676073074340820e-01
3.312762069702148438e+01 -1.766837120056152344e+01 -2.348750352859497070e+00 -3.263290524482727051e-01 -1.252734959125518799e-01 -7.242085933685302734e-01 5.944222211837768555e-01
3.313609695434570312e+01 -1.773974800109863281e+01 -2.340424537658691406e+00 -3.316759467124938965e-01 -1.269761472940444946e-01 -7.379107475280761719e-01 5.738952755928039551e-01
3.314367675781250000e+01 -1.780466270446777344e+01 -2.332695960998535156e+00 -3.368207514286041260e-01 -1.285940259695053101e-01 -7.516517639160156250e-01 5.522997379302978516e-01
3.314952468872070312e+01 -1.786319732666015625e+01 -2.325076580047607422e+00 -3.416163921356201172e-01 -1.301536113023757935e-01 -7.652441263198852539e-01 5.298675298690795898e-01
3.315533065795898438e+01 -1.791546821594238281e+01 -2.318567037582397461e+00 -3.459272980690002441e-01 -1.316855251789093018e-01 -7.785221338272094727e-01 5.068496465682983398e-01
3.316070556640625000e+01 -1.796154594421386719e+01 -2.312969684600830078e+00 -3.496293127536773682e-01 -1.332223713397979736e-01 -7.913437485694885254e-01 4.835147261619567871e-01
3.316494750976562500e+01 -1.800147438049316406e+01 -2.307908296585083008e+00 -3.526101708412170410e-01 -1.348012983798980713e-01 -8.035912513732910156e-01 4.601475000381469727e-01
3.316919708251953125e+01 -1.803538131713867188e+01 -2.304001331329345703e+00 -3.547707498073577881e-01 -1.364616453647613525e-01 -8.151727318763732910e-01 4.370461702346801758e-01
3.317337417602539062e+01 -1.806332206726074219e+01 -2.301223039627075195e+00 -3.560227155685424805e-01 -1.382465809583663940e-01 -8.260197043418884277e-01 4.145205020904541016e-01
3.317740249633789062e+01 -1.808534431457519531e+01 -2.299544334411621094e+00 -3.562889397144317627e-01 -1.402023285627365112e-01 -8.360864520072937012e-01 3.928879201412200928e-01
3.318116760253906250e+01 -1.810147666931152344e+01 -2.298922777175903320e+00 -3.555012643337249756e-01 -1.423764824867248535e-01 -8.453484177589416504e-01 3.724698424339294434e-01
3.318433380126953125e+01 -1.811172103881835938e+01 -2.299214363098144531e+00 -3.536269664764404297e-01 -1.448077857494354248e-01 -8.538123369216918945e-01 3.535297811031341553e-01
3.318730926513671875e+01 -1.811606407165527344e+01 -2.300596952438354492e+00 -3.507497012615203857e-01 -1.474869251251220703e-01 -8.615520596504211426e-01 3.360805213451385498e-01
3.319007873535156250e+01 -1.811387634277343750e+01 -2.303154945373535156e+00 -3.469771742820739746e-01 -1.503902971744537354e-01 -8.686470389366149902e-01 3.200654685497283936e-01
3.319268798828125000e+01 -1.811694526672363281e+01 -2.304796457290649414e+00 -3.424115478992462158e-01 -1.534926295280456543e-01 -8.751643300056457520e-01 3.054207563400268555e-01
3.319513702392578125e+01 -1.812521934509277344e+01 -2.305511474609375000e+00 -3.371508717536926270e-01 -1.567668765783309937e-01 -8.811613321304321289e-01 2.920756936073303223e-01
3.319743347167968750e+01 -1.813866424560546875e+01 -2.305293560028076172e+00 -3.312892317771911621e-01 -1.601845026016235352e-01 -8.866870403289794922e-01 2.799543738365173340e-01
3.319957351684570312e+01 -1.815724372863769531e+01 -2.304136991500854492e+00 -3.249174654483795166e-01 -1.637159883975982666e-01 -8.917830586433410645e-01 2.689773142337799072e-01
3.320158004760742188e+01 -1.818092727661132812e+01 -2.302038192749023438e+00 -3.181230127811431885e-01 -1.673309057950973511e-01 -8.964847326278686523e-01 2.590623497962951660e-01
3.320345306396484375e+01 -1.820968437194824219e+01 -2.298994302749633789e+00 -3.109916150569915771e-01 -1.709980070590972900e-01 -9.008228182792663574e-01 2.501243054866790771e-01
3.320520401000976562e+01 -1.824349594116210938e+01 -2.295002698898315430e+00 -3.036065995693206787e-01 -1.746856868267059326e-01 -9.048240780830383301e-01 2.420770823955535889e-01
3.320634078979492188e+01 -1.828230094909667969e+01 -2.289921283721923828e+00 -2.960502207279205322e-01 -1.783617287874221802e-01 -9.085124135017395020e-01 2.348327636718750000e-01
3.320721435546875000e+01 -1.832610321044921875e+01 -2.283841133117675781e+00 -2.884035706520080566e-01 -1.819939315319061279e-01 -9.119096398353576660e-01 2.283031791448593140e-01
3.320793533325195312e+01 -1.837488174438476562e+01 -2.276787281036376953e+00 -2.807467281818389893e-01 -1.855497211217880249e-01 -9.150360822677612305e-01 2.223992198705673218e-01
3.320842361450195312e+01 -1.842863082885742188e+01 -2.268802404403686523e+00 -2.731591463088989258e-01 -1.889966279268264771e-01 -9.179114103317260742e-01 2.170321643352508545e-01
3.320853805541992188e+01 -1.848734092712402344e+01 -2.259953498840332031e+00 -2.657200396060943604e-01 -1.923020929098129272e-01 -9.205547571182250977e-01 2.121125757694244385e-01
3.320851135253906250e+01 -1.855098152160644531e+01 -2.250137329101562500e+00 -2.585086822509765625e-01 -1.954338401556015015e-01 -9.229849576950073242e-01 2.075517028570175171e-01
3.320853805541992188e+01 -1.861960601806640625e+01 -2.239763736724853516e+00 -2.516033053398132324e-01 -1.983595490455627441e-01 -9.252210855484008789e-01 2.032609283924102783e-01
3.320869064331054688e+01 -1.868479537963867188e+01 -2.230105161666870117e+00 -2.450827509164810181e-01 -2.010471671819686890e-01 -9.272826313972473145e-01 1.991518288850784302e-01
3.320887374877929688e+01 -1.874649429321289062e+01 -2.220948457717895508e+00 -2.390248179435729980e-01 -2.034646123647689819e-01 -9.291884303092956543e-01 1.951361298561096191e-01
3.320904159545898438e+01 -1.880475997924804688e+01 -2.212715148925781250e+00 -2.335081994533538818e-01 -2.055798768997192383e-01 -9.309574365615844727e-01 1.911255866289138794e-01
3.320959091186523438e+01 -1.885908126831054688e+01 -2.204190254211425781e+00 -2.292679250240325928e-01 -2.039992809295654297e-01 -9.333486557006835938e-01 1.862272918224334717e-01
3.321014785766601562e+01 -1.890994071960449219e+01 -2.196195363998413086e+00 -2.255117893218994141e-01 -2.025168836116790771e-01 -9.355302453041076660e-01 1.814231574535369873e-01
3.321043777465820312e+01 -1.895738983154296875e+01 -2.189046382904052734e+00 -2.222307771444320679e-01 -2.011324167251586914e-01 -9.375079274177551270e-01 1.767422109842300415e-01
3.321072387695312500e+01 -1.900138092041015625e+01 -2.182426452636718750e+00 -2.194167375564575195e-01 -1.998461186885833740e-01 -9.392866492271423340e-01 1.722157001495361328e-01
3.321101760864257812e+01 -1.904191207885742188e+01 -2.176315546035766602e+00 -2.170595824718475342e-01 -1.986581683158874512e-01 -9.408707022666931152e-01 1.678759604692459106e-01
3.321131896972656250e+01 -1.907898712158203125e+01 -2.170715093612670898e+00 -2.151491343975067139e-01 -1.975693106651306152e-01 -9.422636032104492188e-01 1.637574285268783569e-01
3.321129989624023438e+01 -1.911262321472167969e+01 -2.165794372558593750e+00 -2.136745452880859375e-01 -1.965807378292083740e-01 -9.434683322906494141e-01 1.598955839872360229e-01
3.321124267578125000e+01 -1.914280700683593750e+01 -2.161398172378540039e+00 -2.126236259937286377e-01 -1.956940889358520508e-01 -9.444874525070190430e-01 1.563274264335632324e-01
3.321120452880859375e+01 -1.916953659057617188e+01 -2.157493829727172852e+00 -2.119837701320648193e-01 -1.949120014905929565e-01 -9.453227519989013672e-01 1.530915647745132446e-01
3.321116638183593750e+01 -1.919281196594238281e+01 -2.154082059860229492e+00 -2.117412835359573364e-01 -1.942376643419265747e-01 -9.459751248359680176e-01 1.502271294593811035e-01
3.321112060546875000e+01 -1.921263885498046875e+01 -2.151162385940551758e+00 -2.118811011314392090e-01 -1.936755478382110596e-01 -9.464453458786010742e-01 1.477750241756439209e-01
3.321106719970703125e+01 -1.922901344299316406e+01 -2.148736476898193359e+00 -2.123870253562927246e-01 -1.932310014963150024e-01 -9.467325806617736816e-01 1.457766592502593994e-01
3.321098327636718750e+01 -1.924193763732910156e+01 -2.146803617477416992e+00 -2.132416665554046631e-01 -1.929109990596771240e-01 -9.468359351158142090e-01 1.442750096321105957e-01
3.321086883544921875e+01 -1.925142288208007812e+01 -2.145364284515380859e+00 -2.144257724285125732e-01 -1.927237808704376221e-01 -9.467524886131286621e-01 1.433137506246566772e-01
3.321070861816406250e+01 -1.925746536254882812e+01 -2.144419431686401367e+00 -2.159190773963928223e-01 -1.926790922880172729e-01 -9.464792013168334961e-01 1.429369449615478516e-01
3.321047210693359375e+01 -1.926007080078125000e+01 -2.143975496292114258e+00 -2.176985889673233032e-01 -1.927886009216308594e-01 -9.460105895996093750e-01 1.431905776262283325e-01
3.320994949340820312e+01 -1.926476287841796875e+01 -2.143234729766845703e+00 -2.197405099868774414e-01 -1.930656582117080688e-01 -9.453406333923339844e-01 1.441205739974975586e-01
3.320914077758789062e+01 -1.927154922485351562e+01 -2.142191648483276367e+00 -2.220172286033630371e-01 -1.935255229473114014e-01 -9.444608092308044434e-01 1.457740366458892822e-01
3.320804977416992188e+01 -1.928044319152832031e+01 -2.140846252441406250e+00 -2.245000302791595459e-01 -1.941855549812316895e-01 -9.433603286743164062e-01 1.481990367174148560e-01
3.320666122436523438e+01 -1.929144477844238281e+01 -2.139199256896972656e+00 -2.271569371223449707e-01 -1.950649768114089966e-01 -9.420265555381774902e-01 1.514437496662139893e-01
3.320529556274414062e+01 -1.930417633056640625e+01 -2.136521577835083008e+00 -2.305027097463607788e-01 -1.928259730339050293e-01 -9.411441087722778320e-01 1.547072827816009521e-01
3.320369720458984375e+01 -1.931897926330566406e+01 -2.133478879928588867e+00 -2.340231686830520630e-01 -1.904892921447753906e-01 -9.401018023490905762e-01 1.586048901081085205e-01
3.320190048217773438e+01 -1.933584976196289062e+01 -2.130079030990600586e+00 -2.376774549484252930e-01 -1.880492568016052246e-01 -9.389229416847229004e-01 1.630041003227233887e-01
3.319993591308593750e+01 -1.935477828979492188e+01 -2.126330137252807617e+00 -2.414255291223526001e-01 -1.855005919933319092e-01 -9.376328587532043457e-01 1.677726805210113525e-01
3.319783401489257812e+01 -1.937575340270996094e+01 -2.122240781784057617e+00 -2.452270388603210449e-01 -1.828383207321166992e-01 -9.362592697143554688e-01 1.727782338857650757e-01
3.319563293457031250e+01 -1.939876937866210938e+01 -2.117820739746093750e+00 -2.490435242652893066e-01 -1.800583451986312866e-01 -9.348324537277221680e-01 1.778894066810607910e-01
3.319335937500000000e+01 -1.942381477355957031e+01 -2.113080024719238281e+00 -2.528360486030578613e-01 -1.771570593118667603e-01 -9.333859086036682129e-01 1.829751729965209961e-01
3.319079589843750000e+01 -1.945087051391601562e+01 -2.108083486557006836e+00 -2.565675377845764160e-01 -1.741315424442291260e-01 -9.319564700126647949e-01 1.879051029682159424e-01
3.318789291381835938e+01 -1.947991561889648438e+01 -2.102858781814575195e+00 -2.602007687091827393e-01 -1.709794402122497559e-01 -9.305837154388427734e-01 1.925495862960815430e-01
3.318550872802734375e+01 -1.950295066833496094e+01 -2.098455667495727539e+00 -2.637000083923339844e-01 -1.676988750696182251e-01 -9.293101429939270020e-01 1.967793703079223633e-01
3.318366241455078125e+01 -1.951996040344238281e+01 -2.094886779785156250e+00 -2.670302093029022217e-01 -1.642884314060211182e-01 -9.281797409057617188e-01 2.004659026861190796e-01
3.318239212036132812e+01 -1.953092575073242188e+01 -2.092165708541870117e+00 -2.701564133167266846e-01 -1.607469171285629272e-01 -9.272386431694030762e-01 2.034810185432434082e-01
3.318171310424804688e+01 -1.953583145141601562e+01 -2.090306758880615234e+00 -2.730437219142913818e-01 -1.570730209350585938e-01 -9.265334606170654297e-01 2.056965231895446777e-01
3.318115234375000000e+01 -1.954238319396972656e+01 -2.088264942169189453e+00 -2.756575047969818115e-01 -1.532655507326126099e-01 -9.261100292205810547e-01 2.069850713014602661e-01
3.318072128295898438e+01 -1.955055618286132812e+01 -2.086054563522338867e+00 -2.779631614685058594e-01 -1.493227183818817139e-01 -9.260128736495971680e-01 2.072179764509201050e-01
3.318045806884765625e+01 -1.956034851074218750e+01 -2.083688020706176758e+00 -2.799248099327087402e-01 -1.452422142028808594e-01 -9.262832403182983398e-01 2.062669545412063599e-01
3.318038558959960938e+01 -1.957173728942871094e+01 -2.081176996231079102e+00 -2.815054357051849365e-01 -1.410205811262130737e-01 -9.269580245018005371e-01 2.040018588304519653e-01
3.318054580688476562e+01 -1.958472633361816406e+01 -2.078532695770263672e+00 -2.826660573482513428e-01 -1.366532444953918457e-01 -9.280672073364257812e-01 2.002921104431152344e-01
3.318096160888671875e+01 -1.959930038452148438e+01 -2.075763463973999023e+00 -2.833661139011383057e-01 -1.321339458227157593e-01 -9.296330213546752930e-01 1.950045526027679443e-01
3.318162918090820312e+01 -1.961546516418457031e+01 -2.072883605957031250e+00 -2.835614681243896484e-01 -1.274545937776565552e-01 -9.316663742065429688e-01 1.880048215389251709e-01
3.318218994140625000e+01 -1.963320922851562500e+01 -2.069947242736816406e+00 -2.832202911376953125e-01 -1.226182579994201660e-01 -9.341472387313842773e-01 1.792200803756713867e-01
3.318297958374023438e+01 -1.965259742736816406e+01 -2.066892147064208984e+00 -2.823696732521057129e-01 -1.176793873310089111e-01 -9.369711875915527344e-01 1.688304841518402100e-01
3.318395614624023438e+01 -1.967367362976074219e+01 -2.063705682754516602e+00 -2.810529172420501709e-01 -1.127065718173980713e-01 -9.400168061256408691e-01 1.570820212364196777e-01
3.318504714965820312e+01 -1.969649314880371094e+01 -2.060375213623046875e+00 -2.793156802654266357e-01 -1.077695339918136597e-01 -9.431692361831665039e-01 1.442230045795440674e-01
3.318620681762695312e+01 -1.972109031677246094e+01 -2.056891441345214844e+00 -2.772066593170166016e-01 -1.029393672943115234e-01 -9.463237524032592773e-01 1.305041611194610596e-01
3.318735885620117188e+01 -1.974750518798828125e+01 -2.053243637084960938e+00 -2.747787535190582275e-01 -9.828880429267883301e-02 -9.493883252143859863e-01 1.161792352795600891e-01
3.318844985961914062e+01 -1.977576065063476562e+01 -2.049426317214965820e+00 -2.720896601676940918e-01 -9.389252960681915283e-02 -9.522857666015625000e-01 1.015051305294036865e-01
3.318878173828125000e+01 -1.980582427978515625e+01 -2.045492887496948242e+00 -2.692005336284637451e-01 -8.982651680707931519e-02 -9.549546241760253906e-01 8.674044907093048096e-02
3.318856811523437500e+01 -1.983773231506347656e+01 -2.041413784027099609e+00 -2.661789059638977051e-01 -8.616850525140762329e-02 -9.573497176170349121e-01 7.214573025703430176e-02
3.318802261352539062e+01 -1.987151336669921875e+01 -2.037163972854614258e+00 -2.630957961082458496e-01 -8.299766480922698975e-02 -9.594425559043884277e-01 5.798301845788955688e-02
3.318708801269531250e+01 -1.990716934204101562e+01 -2.032746315002441406e+00 -2.600257992744445801e-01 -8.039402961730957031e-02 -9.612189531326293945e-01 4.451400041580200195e-02
3.318567657470703125e+01 -1.994469451904296875e+01 -2.028165340423583984e+00 -2.570478022098541260e-01 -7.843887060880661011e-02 -9.626784324645996094e-01 3.200073167681694031e-02
3.318297195434570312e+01 -1.998396873474121094e+01 -2.023474693298339844e+00 -2.542423605918884277e-01 -7.721405476331710815e-02 -9.638310074806213379e-01 2.070440538227558136e-02
3.317898941040039062e+01 -2.002499389648437500e+01 -2.018677711486816406e+00 2.516918778419494629e-01 7.680198550224304199e-02 9.646937847137451172e-01 -1.088512223213911057e-02
3.317426300048828125e+01 -2.006782913208007812e+01 -2.013746976852416992e+00 2.494789659976959229e-01 7.728545367717742920e-02 9.652872085571289062e-01 -2.802031114697456360e-03
3.316872024536132812e+01 -2.011245155334472656e+01 -2.008691072463989258e+00 2.476859837770462036e-01 7.874735444784164429e-02 9.656291604042053223e-01 3.286816179752349854e-03
3.316171646118164062e+01 -2.015876007080078125e+01 -2.003551244735717773e+00 2.463919073343276978e-01 8.127036690711975098e-02 9.657304883003234863e-01 7.124513387680053711e-03
3.315270233154296875e+01 -2.020665550231933594e+01 -1.998361468315124512e+00 2.456731051206588745e-01 8.493669331073760986e-02 9.655873179435729980e-01 8.454477414488792419e-03
3.314260482788085938e+01 -2.025631523132324219e+01 -1.993070960044860840e+00 2.455994337797164917e-01 8.982761204242706299e-02 9.651749134063720703e-01 7.020171731710433960e-03
3.313135147094726562e+01 -2.030776023864746094e+01 -1.987680673599243164e+00 2.462338954210281372e-01 9.602258354425430298e-02 9.644386768341064453e-01 2.565775066614151001e-03
3.311760711669921875e+01 -2.036075973510742188e+01 -1.982241153717041016e+00 2.476084679365158081e-01 1.035518571734428406e-01 9.632971882820129395e-01 -5.060048773884773254e-03
3.310219955444335938e+01 -2.041550064086914062e+01 -1.976682662963867188e+00 2.496606260538101196e-01 1.122571676969528198e-01 9.616780877113342285e-01 -1.559223979711532593e-02
3.308572006225585938e+01 -2.047213554382324219e+01 -1.970940470695495605e+00 2.523041665554046631e-01 1.219311580061912537e-01 9.595071673393249512e-01 -2.865972742438316345e-02
3.306737518310546875e+01 -2.053048133850097656e+01 -1.965005397796630859e+00 -2.554516196250915527e-01 -1.323646754026412964e-01 -9.567119479179382324e-01 4.388846829533576965e-02
3.304709243774414062e+01 -2.059053230285644531e+01 -1.958841800689697266e+00 -2.590180635452270508e-01 -1.433480083942413330e-01 -9.532324671745300293e-01 6.090074032545089722e-02
3.302602386474609375e+01 -2.065255355834960938e+01 -1.952367186546325684e+00 -2.629229724407196045e-01 -1.546723246574401855e-01 -9.490293264389038086e-01 7.931654155254364014e-02
3.300329589843750000e+01 -2.071628952026367188e+01 -1.945574879646301270e+00 -2.670925557613372803e-01 -1.661310046911239624e-01 -9.440919756889343262e-01 9.875390678644180298e-02
3.297885894775390625e+01 -2.078167724609375000e+01 -1.938438057899475098e+00 -2.714608907699584961e-01 -1.775212287902832031e-01 -9.384425282478332520e-01 1.188307628035545349e-01
3.295392990112304688e+01 -2.084899902343750000e+01 -1.930895328521728516e+00 -2.759715318679809570e-01 -1.886455863714218140e-01 -9.321401119232177734e-01 1.391670107841491699e-01
3.292720413208007812e+01 -2.091761589050292969e+01 -1.922783136367797852e+00 -2.807309925556182861e-01 -1.984275132417678833e-01 -9.254719018936157227e-01 1.591176390647888184e-01
3.289984130859375000e+01 -2.098738479614257812e+01 -1.913592815399169922e+00 -2.862221300601959229e-01 -2.043164521455764771e-01 -9.191330075263977051e-01 1.775561273097991943e-01
3.287229919433593750e+01 -2.105798530578613281e+01 -1.904292821884155273e+00 -2.917275428771972656e-01 -2.103288471698760986e-01 -9.124056696891784668e-01 1.953782439231872559e-01
3.284262847900390625e+01 -2.112863922119140625e+01 -1.894925832748413086e+00 -2.971537709236145020e-01 -2.163424491882324219e-01 -9.054491519927978516e-01 2.122671604156494141e-01
3.281303024291992188e+01 -2.120002365112304688e+01 -1.885467171669006348e+00 -3.024212419986724854e-01 -2.222137302160263062e-01 -8.984542489051818848e-01 2.279087305068969727e-01
3.278245925903320312e+01 -2.127161979675292969e+01 -1.875938057899475098e+00 -3.074685931205749512e-01 -2.277793139219284058e-01 -8.916391134262084961e-01 2.419905364513397217e-01
3.275090408325195312e+01 -2.134329605102539062e+01 -1.866350412368774414e+00 -3.122559189796447754e-01 -2.328581213951110840e-01 -8.852435350418090820e-01 2.541987597942352295e-01
3.271957778930664062e+01 -2.141540527343750000e+01 -1.856704950332641602e+00 -3.167656958103179932e-01 -2.372549176216125488e-01 -8.795222043991088867e-01 2.642163336277008057e-01
3.268634414672851562e+01 -2.148688888549804688e+01 -1.847015380859375000e+00 -3.210033476352691650e-01 -2.407648563385009766e-01 -8.747327923774719238e-01 2.717198133468627930e-01
3.265334701538085938e+01 -2.155854988098144531e+01 -1.837289333343505859e+00 -3.249927163124084473e-01 -2.431790381669998169e-01 -8.711251020431518555e-01 2.763775587081909180e-01
3.261978530883789062e+01 -2.162988662719726562e+01 -1.827604651451110840e+00 -3.287712931632995605e-01 -2.442905753850936890e-01 -8.689260482788085938e-01 2.778469920158386230e-01
3.258635711669921875e+01 -2.169988632202148438e+01 -1.817284464836120605e+00 -3.308548033237457275e-01 -2.388020455837249756e-01 -8.709115386009216309e-01 2.739009559154510498e-01
3.255327987670898438e+01 -2.176990890502929688e+01 -1.806758046150207520e+00 -3.339281976222991943e-01 -2.314685881137847900e-01 -8.739839196205139160e-01 2.665824592113494873e-01
3.251884078979492188e+01 -2.183926773071289062e+01 -1.796301841735839844e+00 -3.377847671508789062e-01 -2.224520146846771240e-01 -8.779242634773254395e-01 2.562526464462280273e-01
3.248472976684570312e+01 -2.190892601013183594e+01 -1.785643935203552246e+00 -3.422136306762695312e-01 -2.118978649377822876e-01 -8.824991583824157715e-01 2.432780861854553223e-01
3.244979858398437500e+01 -2.197846794128417969e+01 -1.775092124938964844e+00 -3.470064699649810791e-01 -1.999466568231582642e-01 -8.874732851982116699e-01 2.280327677726745605e-01
3.241455078125000000e+01 -2.204830741882324219e+01 -1.764493942260742188e+00 -3.519627153873443604e-01 -1.867439150810241699e-01 -8.926193118095397949e-01 2.109017074108123779e-01
3.237887954711914062e+01 -2.211853981018066406e+01 -1.753948330879211426e+00 -3.568953275680541992e-01 -1.724473237991333008e-01 -8.977277874946594238e-01 1.922817379236221313e-01
3.234235382080078125e+01 -2.218910598754882812e+01 -1.743608355522155762e+00 -3.616362512111663818e-01 -1.572311520576477051e-01 -9.026145935058593750e-01 1.725817322731018066e-01
3.230553436279296875e+01 -2.226043891906738281e+01 -1.733247041702270508e+00 -3.660414516925811768e-01 -1.412885636091232300e-01 -9.071271419525146484e-01 1.522223651409149170e-01
3.226746368408203125e+01 -2.233218383789062500e+01 -1.723409056663513184e+00 -3.699955344200134277e-01 -1.248318850994110107e-01 -9.111487865447998047e-01 1.316356658935546875e-01
3.222898101806640625e+01 -2.240489959716796875e+01 -1.713505864143371582e+00 -3.734157383441925049e-01 -1.080904304981231689e-01 -9.146024584770202637e-01 1.112629100680351257e-01
3.218896865844726562e+01 -2.247810173034667969e+01 -1.704485774040222168e+00 -3.758912384510040283e-01 -9.129184484481811523e-02 -9.176015257835388184e-01 9.153713285923004150e-02
3.214826583862304688e+01 -2.255231475830078125e+01 -1.695468664169311523e+00 -3.774244487285614014e-01 -7.470015436410903931e-02 -9.201378226280212402e-01 7.291797548532485962e-02
3.210583114624023438e+01 -2.262707138061523438e+01 -1.687636017799377441e+00 -3.786240816116333008e-01 -5.859119445085525513e-02 -9.220020174980163574e-01 5.588496476411819458e-02
3.206229400634765625e+01 -2.270272445678710938e+01 -1.680088758468627930e+00 -3.795570433139801025e-01 -4.321119189262390137e-02 -9.232535362243652344e-01 4.089129716157913208e-02
3.201696395874023438e+01 -2.277894783020019531e+01 -1.673924803733825684e+00 -3.803007006645202637e-01 -2.880372293293476105e-02 -9.239783883094787598e-01 2.838631346821784973e-02
3.197016525268554688e+01 -2.285590362548828125e+01 -1.668459415435791016e+00 -3.809376955032348633e-01 -1.560797356069087982e-02 -9.242773652076721191e-01 1.881496421992778778e-02
3.192171859741210938e+01 -2.293350028991699219e+01 -1.663865566253662109e+00 -3.815512061119079590e-01 -3.858011215925216675e-03 -9.242534637451171875e-01 1.261965557932853699e-02
3.187163925170898438e+01 -2.301176643371582031e+01 -1.660499572753906250e+00 -3.822193741798400879e-01 6.218651309609413147e-03 -9.239939451217651367e-01 1.023983024060726166e-02
3.182007026672363281e+01 -2.309082221984863281e+01 -1.657889366149902344e+00 -3.830074369907379150e-01 1.440152898430824280e-02 -9.235535860061645508e-01 1.211441215127706528e-02
3.176717758178710938e+01 -2.317081642150878906e+01 -1.656216144561767578e+00 -3.833908736705780029e-01 2.056261338293552399e-02 -9.231706261634826660e-01 1.856600120663642883e-02
3.171384429931640625e+01 -2.325226593017578125e+01 -1.655583500862121582e+00 -3.840325176715850830e-01 2.476845681667327881e-02 -9.225226044654846191e-01 2.928381226956844330e-02
3.166277694702148438e+01 -2.333666419982910156e+01 -1.655896902084350586e+00 -3.849660456180572510e-01 2.714317850768566132e-02 -9.214906096458435059e-01 4.381150752305984497e-02
3.165306854248046875e+01 -2.341430282592773438e+01 -1.654001712799072266e+00 -3.861876726150512695e-01 2.779676020145416260e-02 -9.199357628822326660e-01 6.168028712272644043e-02
3.173579025268554688e+01 -2.337221336364746094e+01 -1.647247910499572754e+00 -3.876614570617675781e-01 2.682675421237945557e-02 -9.177185297012329102e-01 8.240992575883865356e-02
3.181193733215332031e+01 -2.331695556640625000e+01 -1.642805457115173340e+00 -3.885831236839294434e-01 2.446668222546577454e-02 -9.150124192237854004e-01 1.056258603930473328e-01
3.188573265075683594e+01 -2.325814247131347656e+01 -1.640397548675537109e+00 -3.888590037822723389e-01 2.088914811611175537e-02 -9.117133021354675293e-01 1.308864206075668335e-01
3.195865440368652344e+01 -2.319784927368164062e+01 -1.639916658401489258e+00 -3.887135982513427734e-01 1.619132608175277710e-02 -9.076204299926757812e-01 1.576851755380630493e-01
3.203126907348632812e+01 -2.313674926757812500e+01 -1.641576766967773438e+00 -3.880825936794281006e-01 1.052145659923553467e-02 -9.026910662651062012e-01 1.855533123016357422e-01
3.210396194458007812e+01 -2.307522964477539062e+01 -1.645725727081298828e+00 -3.869178891181945801e-01 4.030026495456695557e-03 -8.969237804412841797e-01 2.140229940414428711e-01
3.217678833007812500e+01 -2.301323127746582031e+01 -1.652044653892517090e+00 -3.851922154426574707e-01 -3.131836652755737305e-03 -8.903635144233703613e-01 2.426314651966094971e-01
3.224977874755859375e+01 -2.295062637329101562e+01 -1.660381078720092773e+00 -3.828990757465362549e-01 -1.081190258264541626e-02 -8.831030130386352539e-01 2.709254026412963867e-01
3.232299423217773438e+01 -2.288727569580078125e+01 -1.670466542243957520e+00 -3.800538182258605957e-01 -1.885998994112014771e-02 -8.752841353416442871e-01 2.984645366668701172e-01
3.239640426635742188e+01 -2.282295417785644531e+01 -1.682183504104614258e+00 -3.766927719116210938e-01 -2.712684869766235352e-02 -8.670961260795593262e-01 3.248244524002075195e-01
3.246992111206054688e+01 -2.275737953186035156e+01 -1.695449233055114746e+00 -3.728710114955902100e-01 -3.546755015850067139e-02 -8.587714433670043945e-01 3.496009707450866699e-01
3.254830551147460938e+01 -2.268535423278808594e+01 -1.711297512054443359e+00 -3.686613440513610840e-01 -4.374086111783981323e-02 -8.505806326866149902e-01 3.724085390567779541e-01
3.263068389892578125e+01 -2.260588264465332031e+01 -1.729923367500305176e+00 -3.641487061977386475e-01 -5.181145668029785156e-02 -8.428249955177307129e-01 3.928833603858947754e-01
3.271604537963867188e+01 -2.251800918579101562e+01 -1.751722931861877441e+00 -3.594283461570739746e-01 -5.954928696155548096e-02 -8.358279466629028320e-01 4.106783270835876465e-01
3.280326080322265625e+01 -2.242105484008789062e+01 -1.778013825416564941e+00 -3.545996844768524170e-01 -6.682871282100677490e-02 -8.299263715744018555e-01 4.254589676856994629e-01
3.289268112182617188e+01 -2.231592941284179688e+01 -1.810432672500610352e+00 -3.497604727745056152e-01 -7.352902740240097046e-02 -8.254572749137878418e-01 4.368996620178222656e-01
3.298740768432617188e+01 -2.220580482482910156e+01 -1.850100994110107422e+00 -3.449953496456146240e-01 -7.955732196569442749e-02 -8.226878643035888672e-01 4.447847306728363037e-01
3.308542251586914062e+01 -2.208693313598632812e+01 -1.890357971191406250e+00 -3.403450846672058105e-01 -8.491852134466171265e-02 -8.216159939765930176e-01 4.493341445922851562e-01
3.318311309814453125e+01 -2.195512199401855469e+01 -1.925752162933349609e+00 -3.358263373374938965e-01 -8.964032679796218872e-02 -8.221381306648254395e-01 4.508594274520874023e-01
3.328208160400390625e+01 -2.181281280517578125e+01 -1.958321452140808105e+00 -3.314405679702758789e-01 -9.374712407588958740e-02 -8.241173028945922852e-01 4.496547877788543701e-01
3.338318634033203125e+01 -2.166118621826171875e+01 -1.989164352416992188e+00 -3.271796405315399170e-01 -9.726110845804214478e-02 -8.273918628692626953e-01 4.460006058216094971e-01
3.348713302612304688e+01 -2.150109481811523438e+01 -2.019160747528076172e+00 -3.230285048484802246e-01 -1.002025008201599121e-01 -8.317834734916687012e-01 4.401683211326599121e-01
3.359441757202148438e+01 -2.133312034606933594e+01 -2.048909664154052734e+00 -3.189676403999328613e-01 -1.025907546281814575e-01 -8.371041417121887207e-01 4.324250221252441406e-01
3.370533752441406250e+01 -2.115761947631835938e+01 -2.078795671463012695e+00 -3.149770200252532959e-01 -1.044444590806961060e-01 -8.431613445281982422e-01 4.230363667011260986e-01
3.381942367553710938e+01 -2.097435188293457031e+01 -2.108401060104370117e+00 -3.110372126102447510e-01 -1.057831346988677979e-01 -8.497641682624816895e-01 4.122700095176696777e-01
3.393695068359375000e+01 -2.078367614746093750e+01 -2.138109445571899414e+00 -3.071317076683044434e-01 -1.066259071230888367e-01 -8.567281961441040039e-01 4.003969728946685791e-01
3.405809020996093750e+01 -2.058581542968750000e+01 -2.168089151382446289e+00 -3.032486140727996826e-01 -1.069940924644470215e-01 -8.638778924942016602e-01 3.876949846744537354e-01
3.418170928955078125e+01 -2.038006210327148438e+01 -2.197377681732177734e+00 -2.993804812431335449e-01 -1.069099605083465576e-01 -8.710510730743408203e-01 3.744484186172485352e-01
3.430860137939453125e+01 -2.016712379455566406e+01 -2.226748704910278320e+00 -2.955265343189239502e-01 -1.063975170254707336e-01 -8.780997991561889648e-01 3.609491884708404541e-01
3.443802261352539062e+01 -1.994658470153808594e+01 -2.255594730377197266e+00 -2.916916906833648682e-01 -1.054826527833938599e-01 -8.848934173583984375e-01 3.474954068660736084e-01
3.456915283203125000e+01 -1.971801948547363281e+01 -2.283306121826171875e+00 -2.878870368003845215e-01 -1.041926443576812744e-01 -8.913171291351318359e-01 3.343929648399353027e-01
3.470225906372070312e+01 -1.948174476623535156e+01 -2.310182332992553711e+00 -2.841297090053558350e-01 -1.025565639138221741e-01 -8.972731828689575195e-01 3.219522833824157715e-01
3.483625030517578125e+01 -1.923716735839843750e+01 -2.335401058197021484e+00 -2.804412543773651123e-01 -1.006048843264579773e-01 -9.026779532432556152e-01 3.104897737503051758e-01
3.496857452392578125e+01 -1.898295783996582031e+01 -2.357073307037353516e+00 -2.768477499485015869e-01 -9.836852550506591797e-02 -9.074605703353881836e-01 3.003235459327697754e-01
3.509779739379882812e+01 -1.871863555908203125e+01 -2.374230623245239258e+00 -2.733775079250335693e-01 -9.587903320789337158e-02 -9.115590453147888184e-01 2.917740941047668457e-01
3.522170257568359375e+01 -1.844344520568847656e+01 -2.384958505630493164e+00 -2.700600624084472656e-01 -9.316779673099517822e-02 -9.149153232574462891e-01 2.851618528366088867e-01
3.533927154541015625e+01 -1.815739631652832031e+01 -2.387835741043090820e+00 -2.669191658496856689e-01 -9.026478230953216553e-02 -9.174957275390625000e-01 2.807273566722869873e-01
3.545119476318359375e+01 -1.786127090454101562e+01 -2.382121562957763672e+00 -2.639594078063964844e-01 -8.719677478075027466e-02 -9.193575978279113770e-01 2.783946990966796875e-01
3.556223678588867188e+01 -1.755711174011230469e+01 -2.370119571685791016e+00 -2.611764371395111084e-01 -8.398819714784622192e-02 -9.205685853958129883e-01 2.780041396617889404e-01
3.567808151245117188e+01 -1.724691772460937500e+01 -2.355688095092773438e+00 -2.585622966289520264e-01 -8.066234737634658813e-02 -9.211834669113159180e-01 2.793924510478973389e-01
3.580271148681640625e+01 -1.693211936950683594e+01 -2.341887235641479492e+00 -2.561060190200805664e-01 -7.724138349294662476e-02 -9.212478995323181152e-01 2.823929190635681152e-01
3.593821334838867188e+01 -1.661362838745117188e+01 -2.330822706222534180e+00 -2.537949979305267334e-01 -7.374709099531173706e-02 -9.208006858825683594e-01 2.868373095989227295e-01
3.608237838745117188e+01 -1.629069137573242188e+01 -2.321738243103027344e+00 -2.516153454780578613e-01 -7.020040601491928101e-02 -9.198765754699707031e-01 2.925552725791931152e-01
3.623019790649414062e+01 -1.596915245056152344e+01 -2.313846349716186523e+00 -2.495525032281875610e-01 -6.662324070930480957e-02 -9.185089468955993652e-01 2.993767261505126953e-01
3.638040542602539062e+01 -1.564845180511474609e+01 -2.306516170501708984e+00 -2.475927323102951050e-01 -6.303644180297851562e-02 -9.167307615280151367e-01 3.071303367614746094e-01
3.653217315673828125e+01 -1.532819271087646484e+01 -2.299291372299194336e+00 -2.457218766212463379e-01 -5.946172028779983521e-02 -9.145779013633728027e-01 3.156457841396331787e-01
3.668485641479492188e+01 -1.500804138183593750e+01 -2.291755437850952148e+00 -2.439278066158294678e-01 -5.592159926891326904e-02 -9.120894074440002441e-01 3.247535228729248047e-01
3.683781051635742188e+01 -1.468766593933105469e+01 -2.283419847488403320e+00 -2.421990483999252319e-01 -5.243801698088645935e-02 -9.093092083930969238e-01 3.342851996421813965e-01
3.699020385742187500e+01 -1.436665248870849609e+01 -2.273571014404296875e+00 -2.405261993408203125e-01 -4.903415590524673462e-02 -9.062868356704711914e-01 3.440740704536437988e-01
3.714064788818359375e+01 -1.404435729980468750e+01 -2.260972738265991211e+00 -2.389014363288879395e-01 -4.573350027203559875e-02 -9.030780792236328125e-01 3.539555668830871582e-01
3.728480529785156250e+01 -1.371883773803710938e+01 -2.245496511459350586e+00 -2.373186349868774414e-01 -4.255996644496917725e-02 -8.997449278831481934e-01 3.637685775756835938e-01
3.741133880615234375e+01 -1.338558578491210938e+01 -2.231082439422607422e+00 -2.357738018035888672e-01 -3.953795507550239563e-02 -8.963567018508911133e-01 3.733526468276977539e-01
3.750249481201171875e+01 -1.304027271270751953e+01 -2.225378274917602539e+00 -2.342647761106491089e-01 -3.669231757521629333e-02 -8.929879069328308105e-01 3.825521767139434814e-01
3.755332946777343750e+01 -1.268623733520507812e+01 -2.233585357666015625e+00 -2.327903062105178833e-01 -3.404820710420608521e-02 -8.897199034690856934e-01 3.912133872509002686e-01
3.756229782104492188e+01 -1.232863235473632812e+01 -2.259053230285644531e+00 -2.313517779111862183e-01 -3.163073956966400146e-02 -8.866382837295532227e-01 3.991844654083251953e-01
3.754613876342773438e+01 -1.197161579132080078e+01 -2.296613216400146484e+00 -2.299507856369018555e-01 -2.946577966213226318e-02 -8.838332295417785645e-01 4.063166379928588867e-01
3.751345825195312500e+01 -1.160825443267822266e+01 -2.343020915985107422e+00 -2.285905033349990845e-01 -2.757484465837478638e-02 -8.813816905021667480e-01 4.124951958656311035e-01
3.747048187255859375e+01 -1.123814392089843750e+01 -2.394294023513793945e+00 -2.272754907608032227e-01 -2.596339583396911621e-02 -8.792997002601623535e-01 4.177367985248565674e-01
3.742071914672851562e+01 -1.086077117919921875e+01 -2.448051691055297852e+00 -2.260102778673171997e-01 -2.463260293006896973e-02 -8.775833845138549805e-01 4.220899641513824463e-01
3.736648941040039062e+01 -1.047566127777099609e+01 -2.502559661865234375e+00 -2.247979938983917236e-01 -2.358348667621612549e-02 -8.762266039848327637e-01 4.256013929843902588e-01
3.730958557128906250e+01 -1.008238506317138672e+01 -2.556260585784912109e+00 -2.236410677433013916e-01 -2.281732112169265747e-02 -8.752192854881286621e-01 4.283167123794555664e-01
3.725177764892578125e+01 -9.680459022521972656e+00 -2.607262134552001953e+00 -2.225410044193267822e-01 -2.233450859785079956e-02 -8.745489120483398438e-01 4.302798807621002197e-01
3.719533538818359375e+01 -9.269310951232910156e+00 -2.652930736541748047e+00 -2.214992046356201172e-01 -2.213632315397262573e-02 -8.742005825042724609e-01 4.315337836742401123e-01
3.714255142211914062e+01 -8.848556518554687500e+00 -2.690862417221069336e+00 -2.205160707235336304e-01 -2.222341299057006836e-02 -8.741569519042968750e-01 4.321207702159881592e-01
3.709672927856445312e+01 -8.417809486389160156e+00 -2.716978788375854492e+00 -2.195919156074523926e-01 -2.259639650583267212e-02 -8.743991255760192871e-01 4.320819377899169922e-01
3.705639648437500000e+01 -7.977639198303222656e+00 -2.729858398437500000e+00 -2.187263667583465576e-01 -2.325589954853057861e-02 -8.749071955680847168e-01 4.314573109149932861e-01
3.701787567138671875e+01 -7.528867244720458984e+00 -2.727973222732543945e+00 -2.179184406995773315e-01 -2.420262992382049561e-02 -8.756590485572814941e-01 4.302870333194732666e-01
3.697538375854492188e+01 -7.072470664978027344e+00 -2.713069915771484375e+00 -2.171677350997924805e-01 -2.543738484382629395e-02 -8.766323924064636230e-01 4.286102354526519775e-01
3.692281723022460938e+01 -6.609375000000000000e+00 -2.687357187271118164e+00 -2.164730280637741089e-01 -2.696065604686737061e-02 -8.778036832809448242e-01 4.264660775661468506e-01
3.685394287109375000e+01 -6.140683650970458984e+00 -2.653609514236450195e+00 -2.158330678939819336e-01 -2.877287566661834717e-02 -8.791489005088806152e-01 4.238932430744171143e-01
3.676286315917968750e+01 -5.667831897735595703e+00 -2.615147113800048828e+00 -2.152467519044876099e-01 -3.087452799081802368e-02 -8.806439042091369629e-01 4.209298491477966309e-01
3.664247894287109375e+01 -5.193244457244873047e+00 -2.575622558593750000e+00 -2.147123813629150391e-01 -3.326623514294624329e-02 -8.822640776634216309e-01 4.176147282123565674e-01
3.649960708618164062e+01 -4.716393947601318359e+00 -2.536525726318359375e+00 -2.142291963100433350e-01 -3.594886884093284607e-02 -8.839846253395080566e-01 4.139864146709442139e-01
3.634099578857421875e+01 -4.248486042022705078e+00 -2.499730825424194336e+00 -2.137953341007232666e-01 -3.892242163419723511e-02 -8.857810497283935547e-01 4.100834429264068604e-01
3.616954040527343750e+01 -3.789062500000000000e+00 -2.466062784194946289e+00 -2.134096473455429077e-01 -4.218728467822074890e-02 -8.876292705535888672e-01 4.059443473815917969e-01
3.598745727539062500e+01 -3.337681770324707031e+00 -2.436364889144897461e+00 -2.130713015794754028e-01 -4.574427008628845215e-02 -8.895049095153808594e-01 4.016079604625701904e-01
3.579646301269531250e+01 -2.893959999084472656e+00 -2.411568880081176758e+00 -2.127760350704193115e-01 -4.958275333046913147e-02 -8.913832306861877441e-01 3.971194922924041748e-01
3.559673690795898438e+01 -2.457711219787597656e+00 -2.393613338470458984e+00 -2.125102728605270386e-01 -5.364973843097686768e-02 -8.932346105575561523e-01 3.925467431545257568e-01
3.537630844116210938e+01 -2.036330461502075195e+00 -2.382282972335815430e+00 -2.122570425271987915e-01 -5.788205564022064209e-02 -8.950304388999938965e-01 3.879653811454772949e-01
3.509021377563476562e+01 -1.662825942039489746e+00 -2.373450279235839844e+00 -2.120008617639541626e-01 -6.221574544906616211e-02 -8.967442512512207031e-01 3.834508955478668213e-01
3.474213409423828125e+01 -1.351645469665527344e+00 -2.364285230636596680e+00 -2.117264568805694580e-01 -6.658819317817687988e-02 -8.983518481254577637e-01 3.790803551673889160e-01
3.435875701904296875e+01 -1.088531494140625000e+00 -2.354155302047729492e+00 -2.114188820123672485e-01 -7.093555480241775513e-02 -8.998313546180725098e-01 3.749314844608306885e-01
3.394518661499023438e+01 -8.837890625000000000e-01 -2.342206954956054688e+00 -2.110639810562133789e-01 -7.519546896219253540e-02 -9.011631011962890625e-01 3.710830211639404297e-01
3.352958297729492188e+01 -6.927685141563415527e-01 -2.329803466796875000e+00 -2.106478661298751831e-01 -7.930459082126617432e-02 -9.023291468620300293e-01 3.676143288612365723e-01
3.310376739501953125e+01 -5.345031619071960449e-01 -2.316127061843872070e+00 -2.101572155952453613e-01 -8.320058882236480713e-02 -9.033129215240478516e-01 3.646056950092315674e-01
3.268121337890625000e+01 -3.775756657123565674e-01 -2.302480220794677734e+00 -2.095784544944763184e-01 -8.682135492563247681e-02 -9.040991663932800293e-01 3.621375858783721924e-01
3.225301361083984375e+01 -2.490039020776748657e-01 -2.287468433380126953e+00 -2.088990658521652222e-01 -9.010425955057144165e-02 -9.046730995178222656e-01 3.602901101112365723e-01
3.182719230651855469e+01 -1.243835389614105225e-01 -2.272318363189697266e+00 -2.081056684255599976e-01 -9.298711270093917847e-02 -9.050198793411254883e-01 3.591440320014953613e-01
3.140466499328613281e+01 -8.874511695466935635e-04 -2.257156610488891602e+00 -2.071845978498458862e-01 -9.540749341249465942e-02 -9.051238298416137695e-01 3.587793111801147461e-01
3.098138618469238281e+01 1.062023937702178955e-01 -2.241039991378784180e+00 -2.061225920915603638e-01 -9.730333089828491211e-02 -9.049676656723022461e-01 3.592757284641265869e-01
3.056008148193359375e+01 2.072375416755676270e-01 -2.224580049514770508e+00 -2.049051970243453979e-01 -9.861185401678085327e-02 -9.045313596725463867e-01 3.607112169265747070e-01
3.014208221435546875e+01 3.072851598262786865e-01 -2.208068132400512695e+00 -2.035168260335922241e-01 -9.927017241716384888e-02 -9.037912487983703613e-01 3.631631135940551758e-01
2.972737503051757812e+01 4.063317775726318359e-01 -2.191488504409790039e+00 -2.019413560628890991e-01 -9.921497851610183716e-02 -9.027194976806640625e-01 3.667064011096954346e-01
2.931406974792480469e+01 4.958215355873107910e-01 -2.174219608306884766e+00 -2.001609206199645996e-01 -9.838244318962097168e-02 -9.012812972068786621e-01 3.714139163494110107e-01
2.890288352966308594e+01 5.789880156517028809e-01 -2.156478166580200195e+00 -1.981560587882995605e-01 -9.670822322368621826e-02 -8.994355797767639160e-01 3.773556351661682129e-01
2.849499511718750000e+01 6.612108945846557617e-01 -2.138637065887451172e+00 -1.959054172039031982e-01 -9.412710368633270264e-02 -8.971322178840637207e-01 3.845970332622528076e-01
2.809040641784667969e+01 7.424706816673278809e-01 -2.120690345764160156e+00 -1.933921873569488525e-01 -9.059485048055648804e-02 -8.943214416503906250e-01 3.931682705879211426e-01
2.768914794921875000e+01 8.227599859237670898e-01 -2.102658987045288086e+00 -1.906244307756423950e-01 -8.615316450595855713e-02 -8.909841775894165039e-01 4.029730558395385742e-01
2.729090309143066406e+01 9.002966284751892090e-01 -2.084438800811767578e+00 -1.876175850629806519e-01 -8.086571097373962402e-02 -8.871091008186340332e-01 4.138814806938171387e-01
2.689496612548828125e+01 9.712438583374023438e-01 -2.065777540206909180e+00 -1.843867003917694092e-01 -7.479636371135711670e-02 -8.826854825019836426e-01 4.257619678974151611e-01
2.650246429443359375e+01 1.041292667388916016e+00 -2.047117471694946289e+00 -1.809473335742950439e-01 -6.801018863916397095e-02 -8.777046203613281250e-01 4.384828805923461914e-01
2.611342620849609375e+01 1.110445499420166016e+00 -2.028488159179687500e+00 -1.773165613412857056e-01 -6.057342141866683960e-02 -8.721606135368347168e-01 4.519132375717163086e-01
2.572789001464843750e+01 1.178709745407104492e+00 -2.009915828704833984e+00 -1.735122501850128174e-01 -5.255291983485221863e-02 -8.660530447959899902e-01 4.659224748611450195e-01
2.534587860107421875e+01 1.246096134185791016e+00 -1.991428732872009277e+00 -1.695538312196731567e-01 -4.401704668998718262e-02 -8.593878746032714844e-01 4.803816080093383789e-01
2.496742057800292969e+01 1.312617182731628418e+00 -1.973053812980651855e+00 -1.654623150825500488e-01 -3.503573313355445862e-02 -8.521776795387268066e-01 4.951644539833068848e-01
2.459198951721191406e+01 1.375157475471496582e+00 -1.954568743705749512e+00 -1.612603962421417236e-01 -2.567930519580841064e-02 -8.444439768791198730e-01 5.101470351219177246e-01
2.421997070312500000e+01 1.435767769813537598e+00 -1.936159014701843262e+00 -1.569729894399642944e-01 -1.602001115679740906e-02 -8.362160325050354004e-01 5.252099037170410156e-01
2.385158157348632812e+01 1.495618820190429688e+00 -1.917937278747558594e+00 -1.526263952255249023e-01 -6.129562854766845703e-03 -8.275328278541564941e-01 5.402379035949707031e-01
2.348683738708496094e+01 1.554736256599426270e+00 -1.899922132492065430e+00 -1.482490301132202148e-01 3.918990492820739746e-03 -8.184422850608825684e-01 5.551208853721618652e-01
2.312576103210449219e+01 1.613151788711547852e+00 -1.882134079933166504e+00 -1.438703835010528564e-01 1.405195146799087524e-02 -8.090012669563293457e-01 5.697549581527709961e-01
2.276834869384765625e+01 1.670900821685791016e+00 -1.864587068557739258e+00 -1.395226866006851196e-01 2.419638633728027344e-02 -7.992768883705139160e-01 5.840414166450500488e-01
2.241461944580078125e+01 1.728016376495361328e+00 -1.847294211387634277e+00 -1.352386474609375000e-01 3.427966684103012085e-02 -7.893440723419189453e-01 5.978891253471374512e-01
2.206448364257812500e+01 1.784072279930114746e+00 -1.830222725868225098e+00 -1.310527324676513672e-01 4.422913119196891785e-02 -7.792866826057434082e-01 6.112129092216491699e-01
2.171769523620605469e+01 1.837581753730773926e+00 -1.813239693641662598e+00 -1.270010769367218018e-01 5.397368222475051880e-02 -7.691960930824279785e-01 6.239350438117980957e-01
2.137458038330078125e+01 1.890599370002746582e+00 -1.796533107757568359e+00 -1.231204718351364136e-01 6.344272941350936890e-02 -7.591711878776550293e-01 6.359838247299194336e-01
2.103512573242187500e+01 1.943163990974426270e+00 -1.780103683471679688e+00 -1.194481551647186279e-01 7.256744801998138428e-02 -7.493166923522949219e-01 6.472949385643005371e-01
2.069932174682617188e+01 1.995312452316284180e+00 -1.763948917388916016e+00 -1.160108521580696106e-01 8.129521459341049194e-02 -7.397301197052001953e-01 6.578235626220703125e-01
2.037150764465332031e+01 2.046328067779541016e+00 -1.748255014419555664e+00 -1.127871721982955933e-01 8.963429182767868042e-02 -7.304609417915344238e-01 6.675863265991210938e-01
2.004187011718750000e+01 2.097847938537597656e+00 -1.732576608657836914e+00 -1.097434535622596741e-01 9.760875999927520752e-02 -7.215424180030822754e-01 6.766131520271301270e-01
1.971040153503417969e+01 2.149875402450561523e+00 -1.716906666755676270e+00 -1.068452671170234680e-01 1.052430123090744019e-01 -7.130051851272583008e-01 6.849316954612731934e-01
1.937708282470703125e+01 2.202413320541381836e+00 -1.701238393783569336e+00 -1.040577590465545654e-01 1.125618368387222290e-01 -7.048758268356323242e-01 6.925690770149230957e-01
1.904266357421875000e+01 2.254289388656616211e+00 -1.685480594635009766e+00 -1.013448908925056458e-01 1.195892915129661560e-01 -6.971786618232727051e-01 6.995495557785034180e-01
1.870724105834960938e+01 2.306176662445068359e+00 -1.669713377952575684e+00 -9.867127239704132080e-02 1.263504773378372192e-01 -6.899347305297851562e-01 7.058963775634765625e-01
1.837085723876953125e+01 2.358415365219116211e+00 -1.653973698616027832e+00 -9.600017219781875610e-02 1.328700780868530273e-01 -6.831629276275634766e-01 7.116304636001586914e-01
1.803349876403808594e+01 2.411006927490234375e+00 -1.638258576393127441e+00 -9.329526126384735107e-02 1.391726136207580566e-01 -6.768788695335388184e-01 7.167718410491943359e-01
1.769515419006347656e+01 2.463946580886840820e+00 -1.622565865516662598e+00 -9.051904827356338501e-02 1.452822983264923096e-01 -6.710966825485229492e-01 7.213379144668579102e-01
1.735581779479980469e+01 2.517233848571777344e+00 -1.606892943382263184e+00 -8.763439953327178955e-02 1.512237489223480225e-01 -6.658274531364440918e-01 7.253449559211730957e-01
1.701547622680664062e+01 2.570866584777832031e+00 -1.591238617897033691e+00 -8.460342884063720703e-02 1.570209711790084839e-01 -6.610807776451110840e-01 7.288064360618591309e-01
1.667412757873535156e+01 2.624842405319213867e+00 -1.575600862503051758e+00 -8.138832449913024902e-02 1.626977920532226562e-01 -6.568630933761596680e-01 7.317349910736083984e-01
1.633169555664062500e+01 2.678755998611450195e+00 -1.559929728507995605e+00 -7.795080542564392090e-02 1.682778596878051758e-01 -6.531798243522644043e-01 7.341405153274536133e-01
1.598813915252685547e+01 2.732360839843750000e+00 -1.544194340705871582e+00 -7.425212860107421875e-02 1.737845093011856079e-01 -6.500335931777954102e-01 7.360311150550842285e-01
1.564355182647705078e+01 2.786298751831054688e+00 -1.528473734855651855e+00 -7.025370001792907715e-02 1.792406290769577026e-01 -6.474251747131347656e-01 7.374129295349121094e-01
1.529793167114257812e+01 2.840566396713256836e+00 -1.512769103050231934e+00 -6.591628491878509521e-02 1.846691668033599854e-01 -6.453528404235839844e-01 7.382898926734924316e-01
1.495126342773437500e+01 2.895169496536254883e+00 -1.497106552124023438e+00 -6.111513078212738037e-02 1.900175362825393677e-01 -6.438348889350891113e-01 7.386710047721862793e-01
1.460356044769287109e+01 2.950097560882568359e+00 -1.481444358825683594e+00 -5.594658851623535156e-02 1.954265534877777100e-01 -6.428312659263610840e-01 7.385433912277221680e-01
1.425483322143554688e+01 3.005342960357666016e+00 -1.465750694274902344e+00 -5.047395080327987671e-02 2.010067254304885864e-01 -6.423041224479675293e-01 7.378984689712524414e-01
1.390504932403564453e+01 3.060917854309082031e+00 -1.450108647346496582e+00 -4.440189152956008911e-02 2.065339088439941406e-01 -6.423076391220092773e-01 7.367584705352783203e-01
1.355420303344726562e+01 3.116639375686645508e+00 -1.434451580047607422e+00 -3.790149092674255371e-02 2.120976597070693970e-01 -6.427570581436157227e-01 7.351472377777099609e-01
1.320224189758300781e+01 3.172104358673095703e+00 -1.418720006942749023e+00 -3.104226291179656982e-02 2.176762223243713379e-01 -6.435919404029846191e-01 7.331049442291259766e-01
1.284925746917724609e+01 3.227852821350097656e+00 -1.402971744537353516e+00 -2.389443665742874146e-02 2.232480347156524658e-01 -6.447526216506958008e-01 7.306731939315795898e-01
1.249525833129882812e+01 3.283864736557006836e+00 -1.387196660041809082e+00 -1.652809232473373413e-02 2.287921905517578125e-01 -6.461803317070007324e-01 7.278955578804016113e-01
1.214025115966796875e+01 3.340130567550659180e+00 -1.371385216712951660e+00 -9.013570845127105713e-03 2.342879772186279297e-01 -6.478183269500732422e-01 7.248166203498840332e-01
1.178424167633056641e+01 3.396631956100463867e+00 -1.355528235435485840e+00 -1.421347260475158691e-03 2.397154271602630615e-01 -6.496112942695617676e-01 7.214843034744262695e-01
1.142723751068115234e+01 3.453351974487304688e+00 -1.339617252349853516e+00 6.177976727485656738e-03 2.450552731752395630e-01 -6.515061259269714355e-01 7.179481983184814453e-01
1.106924533843994141e+01 3.510275840759277344e+00 -1.323645353317260742e+00 1.371406018733978271e-02 2.502891421318054199e-01 -6.534525156021118164e-01 7.142598032951354980e-01
1.071025371551513672e+01 3.567286252975463867e+00 -1.307592391967773438e+00 2.111592143774032593e-02 2.553994059562683105e-01 -6.554012298583984375e-01 7.104747891426086426e-01
1.035024356842041016e+01 3.624194145202636719e+00 -1.291430950164794922e+00 2.831339836120605469e-02 2.603695094585418701e-01 -6.573066711425781250e-01 7.066497802734375000e-01
9.989257812500000000e+00 3.681253671646118164e+00 -1.275189518928527832e+00 3.523628413677215576e-02 2.651832699775695801e-01 -6.591252088546752930e-01 7.028443813323974609e-01
9.627301216125488281e+00 3.738442182540893555e+00 -1.258862257003784180e+00 4.181437939405441284e-02 2.698260545730590820e-01 -6.608147025108337402e-01 6.991204619407653809e-01
9.264377593994140625e+00 3.795743227005004883e+00 -1.242445349693298340e+00 4.797820001840591431e-02 2.742833197116851807e-01 -6.623359322547912598e-01 6.955415010452270508e-01
8.900486946105957031e+00 3.853138446807861328e+00 -1.225934982299804688e+00 5.365769565105438232e-02 2.785419821739196777e-01 -6.636508107185363770e-01 6.921724677085876465e-01
8.535634040832519531e+00 3.910609006881713867e+00 -1.209328532218933105e+00 5.878414958715438843e-02 2.825889587402343750e-01 -6.647230386734008789e-01 6.890799999237060547e-01
8.169817924499511719e+00 3.968134641647338867e+00 -1.192622065544128418e+00 6.328814476728439331e-02 2.864120602607727051e-01 -6.655164361000061035e-01 6.863312721252441406e-01
7.805031776428222656e+00 4.036219596862792969e+00 -1.175380229949951172e+00 6.710088253021240234e-02 2.899990975856781006e-01 -6.659964919090270996e-01 6.839931607246398926e-01
7.441459655761718750e+00 4.115815162658691406e+00 -1.157560706138610840e+00 7.015378773212432861e-02 2.933378815650939941e-01 -6.661270260810852051e-01 6.821334958076477051e-01
7.076943397521972656e+00 4.195471286773681641e+00 -1.139631271362304688e+00 7.237816601991653442e-02 2.964161932468414307e-01 -6.658724546432495117e-01 6.808176040649414062e-01
6.711376667022705078e+00 4.275591850280761719e+00 -1.121791958808898926e+00 7.268393784761428833e-02 2.963413298130035400e-01 -6.665745377540588379e-01 6.801301836967468262e-01
6.344850540161132812e+00 4.355730056762695312e+00 -1.103904962539672852e+00 7.274266332387924194e-02 2.963269054889678955e-01 -6.667096018791198730e-01 6.799980998039245605e-01
5.977363586425781250e+00 4.435883522033691406e+00 -1.085970163345336914e+00 7.255590707063674927e-02 2.963727414608001709e-01 -6.662806272506713867e-01 6.804181337356567383e-01
5.632749080657958984e+00 4.587000846862792969e+00 -1.072689533233642578e+00 7.212503254413604736e-02 2.964778542518615723e-01 -6.652908921241760254e-01 6.813858747482299805e-01
5.290143489837646484e+00 4.746974945068359375e+00 -1.059946894645690918e+00 7.145208865404129028e-02 2.966407537460327148e-01 -6.637429594993591309e-01 6.828938722610473633e-01
4.961277484893798828e+00 4.933530330657958984e+00 -1.049256920814514160e+00 7.053936272859573364e-02 2.968591451644897461e-01 -6.616395115852355957e-01 6.849321126937866211e-01
4.642977714538574219e+00 5.140944480895996094e+00 -1.040166616439819336e+00 6.938938796520233154e-02 2.971300482749938965e-01 -6.589824557304382324e-01 6.874887943267822266e-01
4.358876705169677734e+00 5.386653900146484375e+00 -1.034879088401794434e+00 6.800505518913269043e-02 2.974499464035034180e-01 -6.557739973068237305e-01 6.905499100685119629e-01
4.124085426330566406e+00 5.689526081085205078e+00 -1.035161375999450684e+00 6.638940423727035522e-02 2.978146970272064209e-01 -6.520158052444458008e-01 6.940994262695312500e-01
3.932267904281616211e+00 6.019058704376220703e+00 -1.039428949356079102e+00 6.454572081565856934e-02 2.982196509838104248e-01 -6.477095484733581543e-01 6.981198787689208984e-01
3.797011137008666992e+00 6.382775306701660156e+00 -1.048894882202148438e+00 6.247735768556594849e-02 2.986598610877990723e-01 -6.428554058074951172e-01 7.025920748710632324e-01
3.677403450012207031e+00 6.753340244293212891e+00 -1.059773206710815430e+00 6.018753349781036377e-02 2.991297543048858643e-01 -6.374541521072387695e-01 7.074962854385375977e-01
3.608290910720825195e+00 7.140161037445068359e+00 -1.074899554252624512e+00 5.767941474914550781e-02 2.996234893798828125e-01 -6.315045952796936035e-01 7.128118276596069336e-01
3.538769960403442383e+00 7.529502868652343750e+00 -1.090130329132080078e+00 5.495624244213104248e-02 3.001348972320556641e-01 -6.250056624412536621e-01 7.185169458389282227e-01
3.485347747802734375e+00 7.923613071441650391e+00 -1.106903672218322754e+00 5.202060937881469727e-02 3.006576299667358398e-01 -6.179542541503906250e-01 7.245904207229614258e-01
3.445592880249023438e+00 8.322165489196777344e+00 -1.125007271766662598e+00 4.887501150369644165e-02 3.011849522590637207e-01 -6.103464365005493164e-01 7.310101985931396484e-01
3.405661582946777344e+00 8.723281860351562500e+00 -1.143233060836791992e+00 4.552100598812103271e-02 3.017100393772125244e-01 -6.021757125854492188e-01 7.377555966377258301e-01
3.366762399673461914e+00 9.127072334289550781e+00 -1.161757469177246094e+00 4.196032881736755371e-02 3.022258579730987549e-01 -5.934346318244934082e-01 7.448046803474426270e-01
3.333706617355346680e+00 9.533948898315429688e+00 -1.181289315223693848e+00 3.819309175014495850e-02 3.027250170707702637e-01 -5.841126441955566406e-01 7.521377205848693848e-01
3.300551891326904297e+00 9.943411827087402344e+00 -1.200950264930725098e+00 3.421922028064727783e-02 3.031999170780181885e-01 -5.741972327232360840e-01 7.597343325614929199e-01
3.266747951507568359e+00 1.035598278045654297e+01 -1.221807241439819336e+00 3.406053781509399414e-02 3.006882667541503906e-01 -5.652719736099243164e-01 7.673942446708679199e-01
3.232832670211791992e+00 1.077123260498046875e+01 -1.242965102195739746e+00 3.440908342599868774e-02 2.978167235851287842e-01 -5.560480952262878418e-01 7.751978039741516113e-01
3.202641248703002930e+00 1.118945503234863281e+01 -1.265007853507995605e+00 3.524620085954666138e-02 2.946603000164031982e-01 -5.465896129608154297e-01 7.830535769462585449e-01
3.172294855117797852e+00 1.161040019989013672e+01 -1.287303686141967773e+00 3.654661774635314941e-02 2.912929654121398926e-01 -5.369664430618286133e-01 7.908728122711181641e-01
3.141792535781860352e+00 1.203408813476562500e+01 -1.309830904006958008e+00 3.827693313360214233e-02 2.877871394157409668e-01 -5.272565484046936035e-01 7.985699176788330078e-01
3.111131191253662109e+00 1.246054458618164062e+01 -1.332565903663635254e+00 4.039515554904937744e-02 2.842129170894622803e-01 -5.175448656082153320e-01 8.060635924339294434e-01
3.081122636795043945e+00 1.288984012603759766e+01 -1.355630755424499512e+00 4.285167902708053589e-02 2.806355953216552734e-01 -5.079246163368225098e-01 8.132773637771606445e-01
3.052490472793579102e+00 1.332204818725585938e+01 -1.379131436347961426e+00 4.558895528316497803e-02 2.771160602569580078e-01 -4.984955191612243652e-01 8.201406002044677734e-01
3.023684024810791016e+00 1.375709438323974609e+01 -1.402766108512878418e+00 4.854254424571990967e-02 2.737091183662414551e-01 -4.893646538257598877e-01 8.265888690948486328e-01
2.994686841964721680e+00 1.419500350952148438e+01 -1.426507830619812012e+00 5.164296925067901611e-02 2.704631090164184570e-01 -4.806443452835083008e-01 8.325645923614501953e-01
2.965480089187622070e+00 1.463579177856445312e+01 -1.450329899787902832e+00 5.481573194265365601e-02 2.674198150634765625e-01 -4.724511206150054932e-01 8.380166292190551758e-01
2.936466693878173828e+00 1.508083343505859375e+01 -1.474387764930725098e+00 5.798353254795074463e-02 2.646140158176422119e-01 -4.649053514003753662e-01 8.429000377655029297e-01
2.907962322235107422e+00 1.553016281127929688e+01 -1.498733162879943848e+00 6.106784194707870483e-02 2.620745897293090820e-01 -4.581286311149597168e-01 8.471751213073730469e-01
2.879102945327758789e+00 1.598375415802001953e+01 -1.523145437240600586e+00 6.398883461952209473e-02 2.598257362842559814e-01 -4.522431194782257080e-01 8.508067727088928223e-01
2.849865674972534180e+00 1.644161987304687500e+01 -1.547598481178283691e+00 6.666793674230575562e-02 2.578878700733184814e-01 -4.473706781864166260e-01 8.537614941596984863e-01
2.820226669311523438e+00 1.690377807617187500e+01 -1.572066307067871094e+00 6.902737915515899658e-02 2.562798857688903809e-01 -4.436306357383728027e-01 8.560068011283874512e-01
2.790383577346801758e+00 1.737025260925292969e+01 -1.596613764762878418e+00 7.099226117134094238e-02 2.550209760665893555e-01 -4.411405622959136963e-01 8.575077056884765625e-01
2.760477781295776367e+00 1.784106826782226562e+01 -1.621282339096069336e+00 7.248996198177337646e-02 2.541332542896270752e-01 -4.400134086608886719e-01 8.582246899604797363e-01
2.730118274688720703e+00 1.831622505187988281e+01 -1.645890474319458008e+00 7.345179468393325806e-02 2.536443173885345459e-01 -4.403582513332366943e-01 8.581107258796691895e-01
2.699292182922363281e+00 1.879574394226074219e+01 -1.670413494110107422e+00 7.381401956081390381e-02 2.535896301269531250e-01 -4.422780275344848633e-01 8.571078777313232422e-01
2.667993783950805664e+00 1.927964591979980469e+01 -1.694830894470214844e+00 7.342189550399780273e-02 2.537907361984252930e-01 -4.458726048469543457e-01 8.552175760269165039e-01
2.636176586151123047e+00 1.976790237426757812e+01 -1.719271779060363770e+00 7.244549691677093506e-02 2.544369101524353027e-01 -4.510007202625274658e-01 8.524152636528015137e-01
2.603868722915649414e+00 2.026050186157226562e+01 -1.743764877319335938e+00 7.093988358974456787e-02 2.554557621479034424e-01 -4.575279951095581055e-01 8.487509489059448242e-01
2.571169137954711914e+00 2.075743865966796875e+01 -1.768236398696899414e+00 6.896030902862548828e-02 2.567732632160186768e-01 -4.653167426586151123e-01 8.442702889442443848e-01
2.538604259490966797e+00 2.125094985961914062e+01 -1.792315363883972168e+00 6.656194478273391724e-02 2.583145499229431152e-01 -4.742288291454315186e-01 8.390173316001892090e-01
2.506206035614013672e+00 2.174102210998535156e+01 -1.816033244132995605e+00 6.379989534616470337e-02 2.600048184394836426e-01 -4.841245710849761963e-01 8.330367803573608398e-01
2.473152875900268555e+00 2.222757720947265625e+01 -1.839577913284301758e+00 6.073025614023208618e-02 2.617697417736053467e-01 -4.948652088642120361e-01 8.263757824897766113e-01
2.440223217010498047e+00 2.271065711975097656e+01 -1.862842917442321777e+00 5.740910768508911133e-02 2.635359764099121094e-01 -5.063126087188720703e-01 8.190852403640747070e-01
2.407555103302001953e+00 2.319023895263671875e+01 -1.885841012001037598e+00 5.389305949211120605e-02 2.652318477630615234e-01 -5.183306932449340820e-01 8.112218379974365234e-01
2.375172376632690430e+00 2.366630554199218750e+01 -1.908605337142944336e+00 5.023992806673049927e-02 2.667871713638305664e-01 -5.307871103286743164e-01 8.028484582901000977e-01
2.342256307601928711e+00 2.413877296447753906e+01 -1.931234359741210938e+00 4.650735110044479370e-02 2.681347131729125977e-01 -5.435518026351928711e-01 7.940353751182556152e-01
2.308495998382568359e+00 2.460759162902832031e+01 -1.953788757324218750e+00 4.275405406951904297e-02 2.692092061042785645e-01 -5.565000176429748535e-01 7.848606109619140625e-01
2.275085210800170898e+00 2.507280921936035156e+01 -1.976206660270690918e+00 3.903932124376296997e-02 2.699484825134277344e-01 -5.695115327835083008e-01 7.754098773002624512e-01
2.242031097412109375e+00 2.553440284729003906e+01 -1.998521089553833008e+00 3.542228043079376221e-02 2.702931761741638184e-01 -5.824710726737976074e-01 7.657768726348876953e-01
2.208369970321655273e+00 2.599225997924804688e+01 -2.020804643630981445e+00 3.196269273757934570e-02 2.701871097087860107e-01 -5.952689051628112793e-01 7.560636401176452637e-01
2.172335624694824219e+00 2.644621467590332031e+01 -2.043164253234863281e+00 2.872017025947570801e-02 2.695769071578979492e-01 -6.078014373779296875e-01 7.463785409927368164e-01
2.136681795120239258e+00 2.689644432067871094e+01 -2.065509319305419922e+00 2.575433254241943359e-02 2.684120237827301025e-01 -6.199705004692077637e-01 7.368366718292236328e-01
2.101397037506103516e+00 2.734290695190429688e+01 -2.087868213653564453e+00 2.312542498111724854e-02 2.666442096233367920e-01 -6.316838264465332031e-01 7.275586724281311035e-01
2.063454627990722656e+00 2.778530693054199219e+01 -2.110373258590698242e+00 2.089236676692962646e-02 2.642277181148529053e-01 -6.428529620170593262e-01 7.186704277992248535e-01
2.024157285690307617e+00 2.822372436523437500e+01 -2.133001565933227539e+00 1.911523193120956421e-02 2.611177265644073486e-01 -6.533959507942199707e-01 7.102997899055480957e-01
1.985191464424133301e+00 2.865830993652343750e+01 -2.155785799026489258e+00 1.807776093482971191e-02 2.570570409297943115e-01 -6.633396744728088379e-01 7.025491595268249512e-01
1.943412780761718750e+00 2.908864402770996094e+01 -2.178581714630126953e+00 1.704052090644836426e-02 2.527477145195007324e-01 -6.724373102188110352e-01 6.954541206359863281e-01
1.899053931236267090e+00 2.951485824584960938e+01 -2.201588630676269531e+00 1.669070869684219360e-02 2.475418150424957275e-01 -6.809862852096557617e-01 6.889863014221191406e-01
1.855080485343933105e+00 2.993720436096191406e+01 -2.224640369415283203e+00 1.675368845462799072e-02 2.416978776454925537e-01 -6.889288425445556641e-01 6.831386685371398926e-01
1.804290771484375000e+00 3.035486793518066406e+01 -2.247856378555297852e+00 1.719553023576736450e-02 2.352459132671356201e-01 -6.962930560111999512e-01 6.778936386108398438e-01
1.753082394599914551e+00 3.076857757568359375e+01 -2.271105051040649414e+00 1.798127591609954834e-02 2.282154560089111328e-01 -7.031033635139465332e-01 6.732311248779296875e-01
1.694809675216674805e+00 3.117741203308105469e+01 -2.294431209564208984e+00 1.907656341791152954e-02 2.206350564956665039e-01 -7.093828320503234863e-01 6.691280603408813477e-01
1.633916616439819336e+00 3.158197212219238281e+01 -2.317778348922729492e+00 2.044684439897537231e-02 2.125321626663208008e-01 -7.151523828506469727e-01 6.655592918395996094e-01
1.560838460922241211e+00 3.198056030273437500e+01 -2.341105222702026367e+00 2.205714583396911621e-02 2.039340734481811523e-01 -7.204309701919555664e-01 6.624979376792907715e-01
1.479110240936279297e+00 3.237343978881835938e+01 -2.364309072494506836e+00 2.387306839227676392e-02 1.948673725128173828e-01 -7.252365946769714355e-01 6.599156260490417480e-01
1.382819771766662598e+00 3.275902938842773438e+01 -2.387221097946166992e+00 2.585947513580322266e-02 1.853584945201873779e-01 -7.295860648155212402e-01 6.577823758125305176e-01
1.266214013099670410e+00 3.313494873046875000e+01 -2.409432411193847656e+00 2.798200398683547974e-02 1.754333376884460449e-01 -7.334954142570495605e-01 6.560676097869873047e-01
1.125115752220153809e+00 3.349819946289062500e+01 -2.430229663848876953e+00 3.020540624856948853e-02 1.651185154914855957e-01 -7.369796037673950195e-01 6.547401547431945801e-01
9.495595097541809082e-01 3.384167861938476562e+01 -2.448110103607177734e+00 3.249522298574447632e-02 1.544394791126251221e-01 -7.400538921356201172e-01 6.537681221961975098e-01
7.229688763618469238e-01 3.414922332763671875e+01 -2.459538221359252930e+00 3.481642156839370728e-02 1.434227079153060913e-01 -7.427328228950500488e-01 6.531200408935546875e-01
4.436251223087310791e-01 3.440419387817382812e+01 -2.459423780441284180e+00 3.713446110486984253e-02 1.320943385362625122e-01 -7.450313568115234375e-01 6.527637243270874023e-01
1.396463811397552490e-01 3.462284469604492188e+01 -2.446876049041748047e+00 3.941469267010688782e-02 1.204806566238403320e-01 -7.469646930694580078e-01 6.526672840118408203e-01
-1.714950501918792725e-01 3.482345199584960938e+01 -2.425945043563842773e+00 4.162219539284706116e-02 1.086086779832839966e-01 -7.485480308532714844e-01 6.527997255325317383e-01
-4.877298772335052490e-01 3.500785446166992188e+01 -2.400516510009765625e+00 4.372276365756988525e-02 9.650504589080810547e-02 -7.497975826263427734e-01 6.531299352645874023e-01
-8.102273344993591309e-01 3.517272567749023438e+01 -2.374990463256835938e+00 4.568207263946533203e-02 8.419702947139739990e-02 -7.507296800613403320e-01 6.536276340484619141e-01
-1.144566893577575684e+00 3.530294036865234375e+01 -2.360132694244384766e+00 4.746983572840690613e-02 7.171204686164855957e-02 -7.513616681098937988e-01 6.542627811431884766e-01
-1.486309766769409180e+00 3.540159225463867188e+01 -2.362020254135131836e+00 4.907381534576416016e-02 5.907727777957916260e-02 -7.517130374908447266e-01 6.550031304359436035e-01
-1.825396060943603516e+00 3.549576950073242188e+01 -2.370400667190551758e+00 5.048566684126853943e-02 4.632043465971946716e-02 -7.518042922019958496e-01 6.558169722557067871e-01
-2.160430669784545898e+00 3.559033203125000000e+01 -2.380104303359985352e+00 5.169713497161865234e-02 3.346921503543853760e-02 -7.516565322875976562e-01 6.566731929779052734e-01
-2.491354942321777344e+00 3.568555831909179688e+01 -2.389559984207153320e+00 5.270024389028549194e-02 2.055132575333118439e-02 -7.512919306755065918e-01 6.575413942337036133e-01
-2.817929029464721680e+00 3.578229904174804688e+01 -2.397616624832153320e+00 5.348724126815795898e-02 7.594861090183258057e-03 -7.507336735725402832e-01 6.583922505378723145e-01
-3.139338731765747070e+00 3.588313674926757812e+01 -2.402694702148437500e+00 5.405021458864212036e-02 -5.372371524572372437e-03 -7.500063180923461914e-01 6.591966152191162109e-01
-3.452827692031860352e+00 3.599554443359375000e+01 -2.408929109573364258e+00 5.438164621591567993e-02 -1.832230575382709503e-02 -7.491350769996643066e-01 6.599268913269042969e-01
-3.756207227706909180e+00 3.612274932861328125e+01 -2.425239801406860352e+00 5.447420105338096619e-02 -3.122691437602043152e-02 -7.481461167335510254e-01 6.605565547943115234e-01
-4.050749778747558594e+00 3.625894546508789062e+01 -2.453616380691528320e+00 5.432047322392463684e-02 -4.405840113759040833e-02 -7.470665574073791504e-01 6.610594987869262695e-01
-4.341615200042724609e+00 3.639338684082031250e+01 -2.485650062561035156e+00 5.391346290707588196e-02 -5.678888782858848572e-02 -7.459248900413513184e-01 6.614110469818115234e-01
-4.632444858551025391e+00 3.651927566528320312e+01 -2.514926195144653320e+00 5.324618518352508545e-02 -6.939077377319335938e-02 -7.447499036788940430e-01 6.615869998931884766e-01
-4.923362731933593750e+00 3.663610076904296875e+01 -2.539865016937255859e+00 5.231178551912307739e-02 -8.183665573596954346e-02 -7.435718178749084473e-01 6.615642309188842773e-01
-5.214262962341308594e+00 3.674349594116210938e+01 -2.559818744659423828e+00 5.110345035791397095e-02 -9.409944713115692139e-02 -7.424207925796508789e-01 6.613206863403320312e-01
-5.504761219024658203e+00 3.684165954589843750e+01 -2.574660301208496094e+00 4.961488395929336548e-02 -1.061519980430603027e-01 -7.413281798362731934e-01 6.608347892761230469e-01
-5.794325351715087891e+00 3.693119049072265625e+01 -2.584631204605102539e+00 4.783921688795089722e-02 -1.179680004715919495e-01 -7.403258681297302246e-01 6.600853800773620605e-01
-6.082107543945312500e+00 3.701403045654296875e+01 -2.590577363967895508e+00 4.577047005295753479e-02 -1.295207440853118896e-01 -7.394451498985290527e-01 6.590524315834045410e-01
-6.367569446563720703e+00 3.709154129028320312e+01 -2.593118906021118164e+00 4.340229183435440063e-02 -1.407842636108398438e-01 -7.387191653251647949e-01 6.577157378196716309e-01
-6.650387287139892578e+00 3.716463470458984375e+01 -2.592696428298950195e+00 4.072799161076545715e-02 -1.517331749200820923e-01 -7.381798624992370605e-01 6.560555100440979004e-01
-6.930381774902343750e+00 3.723378753662109375e+01 -2.589521169662475586e+00 3.774158656597137451e-02 -1.623419225215911865e-01 -7.378590703010559082e-01 6.540524959564208984e-01
-7.207637310028076172e+00 3.729820632934570312e+01 -2.582499742507934570e+00 3.444146364927291870e-02 -1.725832968950271606e-01 -7.377818822860717773e-01 6.516953110694885254e-01
-7.481716632843017578e+00 3.735959625244140625e+01 -2.573050737380981445e+00 3.084350377321243286e-02 -1.824226677417755127e-01 -7.379439473152160645e-01 6.490064859390258789e-01
-7.752562046051025391e+00 3.741819381713867188e+01 -2.561381816864013672e+00 2.696882933378219604e-02 -1.918235123157501221e-01 -7.383337616920471191e-01 6.460182666778564453e-01
-8.020294189453125000e+00 3.747277450561523438e+01 -2.545863628387451172e+00 2.283827960491180420e-02 -2.007495909929275513e-01 -7.389414906501770020e-01 6.427624225616455078e-01
-8.284705162048339844e+00 3.752446365356445312e+01 -2.527426719665527344e+00 1.809929311275482178e-02 -2.087332308292388916e-01 -7.398785352706909180e-01 6.392827630043029785e-01
-8.545941352844238281e+00 3.757398605346679688e+01 -2.505991220474243164e+00 1.090770959854125977e-02 -2.135530114173889160e-01 -7.417811751365661621e-01 6.356388330459594727e-01
-8.803734779357910156e+00 3.761945343017578125e+01 -2.480120420455932617e+00 3.840200603008270264e-03 -2.181142568588256836e-01 -7.438216805458068848e-01 6.317757368087768555e-01
-9.058052062988281250e+00 3.766222000122070312e+01 -2.452879905700683594e+00 -3.069907426834106445e-03 -2.224018871784210205e-01 -7.459731101989746094e-01 6.277355551719665527e-01
-9.308867454528808594e+00 3.770270538330078125e+01 -2.424731969833374023e+00 -9.788580238819122314e-03 -2.264038920402526855e-01 -7.482087016105651855e-01 6.235617399215698242e-01
-9.556457519531250000e+00 3.773930740356445312e+01 -2.396300315856933594e+00 -1.628183573484420776e-02 -2.301117777824401855e-01 -7.505012154579162598e-01 6.192990541458129883e-01
-9.800726890563964844e+00 3.777360916137695312e+01 -2.369111776351928711e+00 -2.251511812210083008e-02 -2.335196435451507568e-01 -7.528249025344848633e-01 6.149929165840148926e-01
-1.004163360595703125e+01 3.780580902099609375e+01 -2.343070030212402344e+00 -2.845435589551925659e-02 -2.366246283054351807e-01 -7.551539540290832520e-01 6.106894612312316895e-01
-1.027966690063476562e+01 3.783423614501953125e+01 -2.321344614028930664e+00 -3.406400233507156372e-02 -2.394253462553024292e-01 -7.574634552001953125e-01 6.064356565475463867e-01
