1.167917919158935547e+01 1.091678905487060547e+01 -1.629661202430725098e+00 -0.000000000000000000e+00 -0.000000000000000000e+00 -9.965382814407348633e-01 8.313518762588500977e-02
1.189955329895019531e+01 1.079411220550537109e+01 -1.622595191001892090e+00 1.344957575201988220e-02 -9.174455888569355011e-03 -9.969146251678466797e-01 7.678681612014770508e-02
1.212019538879394531e+01 1.066924381256103516e+01 -1.616039395332336426e+00 2.767096646130084991e-02 -1.955953799188137054e-02 -9.969706535339355469e-01 7.000774890184402466e-02
1.234001636505126953e+01 1.054030990600585938e+01 -1.610259413719177246e+00 4.252093285322189331e-02 -3.093614615499973297e-02 -9.966356754302978516e-01 6.286697834730148315e-02
1.255890083312988281e+01 1.040723896026611328e+01 -1.605206251144409180e+00 5.785456672310829163e-02 -4.308382049202919006e-02 -9.958530664443969727e-01 5.543509870767593384e-02
1.277663516998291016e+01 1.026981163024902344e+01 -1.600859999656677246e+00 7.352643460035324097e-02 -5.578125640749931335e-02 -9.945847392082214355e-01 4.778449237346649170e-02
1.299308109283447266e+01 1.012797355651855469e+01 -1.597175240516662598e+00 8.939084410667419434e-02 -6.880695372819900513e-02 -9.928120374679565430e-01 3.998954594135284424e-02
1.320846366882324219e+01 9.982222557067871094e+00 -1.594027042388916016e+00 1.053028181195259094e-01 -8.193998783826828003e-02 -9.905376434326171875e-01 3.212626650929450989e-02
1.342395973205566406e+01 9.834408760070800781e+00 -1.591309785842895508e+00 1.211186423897743225e-01 -9.496098011732101440e-02 -9.877872467041015625e-01 2.427145093679428101e-02
1.364033699035644531e+01 9.685708045959472656e+00 -1.588999629020690918e+00 1.366972327232360840e-01 -1.076527982950210571e-01 -9.846076965332031250e-01 1.650253310799598694e-02
1.385817813873291016e+01 9.537045478820800781e+00 -1.587001919746398926e+00 1.519001275300979614e-01 -1.198014542460441589e-01 -9.810681939125061035e-01 8.897615596652030945e-03
1.407772636413574219e+01 9.388881683349609375e+00 -1.585198283195495605e+00 1.665929704904556274e-01 -1.311964690685272217e-01 -9.772574305534362793e-01 1.534486189484596252e-03
1.429902076721191406e+01 9.241395950317382812e+00 -1.583486914634704590e+00 1.806449890136718750e-01 -1.416313946247100830e-01 -9.732818603515625000e-01 -5.509614944458007812e-03
1.452207756042480469e+01 9.094723701477050781e+00 -1.581807255744934082e+00 1.939298063516616821e-01 -1.509037911891937256e-01 -9.692633152008056641e-01 -1.215823180973529816e-02
1.474755382537841797e+01 8.950012207031250000e+00 -1.580291152000427246e+00 2.063252627849578857e-01 -1.588148772716522217e-01 -9.653350114822387695e-01 -1.833579316735267639e-02
1.497463798522949219e+01 8.806182861328125000e+00 -1.578639507293701172e+00 2.177126109600067139e-01 -1.651687324047088623e-01 -9.616371393203735352e-01 -2.396762371063232422e-02
1.520314693450927734e+01 8.663976669311523438e+00 -1.576122999191284180e+00 2.280811965465545654e-01 -1.662378758192062378e-01 -9.589326977729797363e-01 -2.814046666026115417e-02
1.543390083312988281e+01 8.523786544799804688e+00 -1.573767066001892090e+00 2.372135818004608154e-01 -1.661958843469619751e-01 -9.566085934638977051e-01 -3.175735473632812500e-02
1.566596889495849609e+01 8.383770942687988281e+00 -1.571572184562683105e+00 2.449280172586441040e-01 -1.662573814392089844e-01 -9.545330405235290527e-01 -3.514615446329116821e-02
1.589918899536132812e+01 8.243644714355468750e+00 -1.570131778717041016e+00 2.510751485824584961e-01 -1.664472818374633789e-01 -9.527776241302490234e-01 -3.835551068186759949e-02
1.613316535949707031e+01 8.102767944335937500e+00 -1.568830490112304688e+00 2.555072605609893799e-01 -1.667846888303756714e-01 -9.514114856719970703e-01 -4.141496121883392334e-02
1.636587142944335938e+01 7.960375785827636719e+00 -1.566877961158752441e+00 2.554281353950500488e-01 -1.599032878875732422e-01 -9.525976777076721191e-01 -4.177372902631759644e-02
1.659920120239257812e+01 7.817543983459472656e+00 -1.564357280731201172e+00 -2.554652690887451172e-01 1.504079103469848633e-01 9.541427493095397949e-01 4.155119508504867554e-02
1.683111763000488281e+01 7.670925140380859375e+00 -1.562188744544982910e+00 -2.556215226650238037e-01 1.385593414306640625e-01 9.559287428855895996e-01 4.073387756943702698e-02
1.706369400024414062e+01 7.523782730102539062e+00 -1.559555053710937500e+00 -2.558941245079040527e-01 1.246243566274642944e-01 9.578326940536499023e-01 3.928806260228157043e-02
1.729471588134765625e+01 7.372729301452636719e+00 -1.557225942611694336e+00 -2.551190257072448730e-01 1.088966578245162964e-01 9.600436091423034668e-01 3.704208880662918091e-02
1.752552223205566406e+01 7.219875335693359375e+00 -1.554863810539245605e+00 -2.509373426437377930e-01 9.165194630622863770e-02 9.630615711212158203e-01 3.380225598812103271e-02
1.775611495971679688e+01 7.064972877502441406e+00 -1.552436470985412598e+00 -2.455966472625732422e-01 7.306896150112152100e-02 9.661519527435302734e-01 2.989365160465240479e-02
1.798486137390136719e+01 6.905490398406982422e+00 -1.550422310829162598e+00 -2.391918450593948364e-01 5.339057371020317078e-02 9.691714048385620117e-01 2.536937594413757324e-02
1.821494293212890625e+01 6.744801044464111328e+00 -1.548209190368652344e+00 -2.318229228258132935e-01 3.286383301019668579e-02 9.719910621643066406e-01 2.028408087790012360e-02
1.844426536560058594e+01 6.579853534698486328e+00 -1.546327471733093262e+00 -2.235958874225616455e-01 1.173965912312269211e-02 9.745004773139953613e-01 1.469389535486698151e-02
1.867321586608886719e+01 6.411116600036621094e+00 -1.544755816459655762e+00 -2.146229296922683716e-01 -9.727749042212963104e-03 9.766101837158203125e-01 8.656820282340049744e-03
1.890361213684082031e+01 6.241072654724121094e+00 -1.543157935142517090e+00 -2.050225138664245605e-01 -3.128297626972198486e-02 9.782546758651733398e-01 2.230696380138397217e-03
1.913296127319335938e+01 6.066337585449218750e+00 -1.542097687721252441e+00 -1.949191391468048096e-01 -5.266830697655677795e-02 9.793937802314758301e-01 -4.524339456111192703e-03
1.936210250854492188e+01 5.888007640838623047e+00 -1.541478276252746582e+00 -1.844426691532135010e-01 -7.362829893827438354e-02 9.800133705139160156e-01 -1.154913473874330521e-02
1.959276580810546875e+01 5.708371639251708984e+00 -1.541027784347534180e+00 1.737279742956161499e-01 9.390818327665328979e-02 -9.801259040832519531e-01 1.878373697400093079e-02
1.982320022583007812e+01 5.525216102600097656e+00 -1.541128516197204590e+00 1.629130393266677856e-01 1.132568791508674622e-01 -9.797690510749816895e-01 2.616928517818450928e-02
2.005251121520996094e+01 5.337432861328125000e+00 -1.542002558708190918e+00 1.521393209695816040e-01 1.314274668693542480e-01 -9.790036082267761230e-01 3.364763781428337097e-02
2.028336334228515625e+01 5.148432731628417969e+00 -1.543237924575805664e+00 1.415492147207260132e-01 1.481777429580688477e-01 -9.779124855995178223e-01 4.116284102201461792e-02
2.051575851440429688e+01 4.958273887634277344e+00 -1.544890046119689941e+00 1.312861889600753784e-01 1.632706820964813232e-01 -9.765955209732055664e-01 4.866003245115280151e-02
2.074651145935058594e+01 4.763157844543457031e+00 -1.547567725181579590e+00 1.214929744601249695e-01 1.764740943908691406e-01 -9.751669168472290039e-01 5.608696490526199341e-02
2.097908210754394531e+01 4.567698955535888672e+00 -1.553213477134704590e+00 1.129552274942398071e-01 1.772433668375015259e-01 -9.756824970245361328e-01 6.220380216836929321e-02
2.121294784545898438e+01 4.371066570281982422e+00 -1.558916568756103516e+00 1.050314456224441528e-01 1.779189407825469971e-01 -9.760171175003051758e-01 6.858465075492858887e-02
2.144938850402832031e+01 4.170418739318847656e+00 -1.564876675605773926e+00 9.768289327621459961e-02 1.785067021846771240e-01 -9.761886000633239746e-01 7.516046613454818726e-02
2.168742561340332031e+01 3.964582443237304688e+00 -1.571263432502746582e+00 9.086975455284118652e-02 1.790139526128768921e-01 -9.762137532234191895e-01 8.187493681907653809e-02
2.192892074584960938e+01 3.755724906921386719e+00 -1.577758193016052246e+00 8.455345034599304199e-02 1.794483214616775513e-01 -9.761068820953369141e-01 8.868046849966049194e-02
2.217388534545898438e+01 3.543851137161254883e+00 -1.584360361099243164e+00 7.869669049978256226e-02 1.798177212476730347e-01 -9.758815169334411621e-01 9.553871303796768188e-02
2.242055130004882812e+01 3.326929807662963867e+00 -1.591364145278930664e+00 7.326485216617584229e-02 1.801297962665557861e-01 -9.755489230155944824e-01 1.024189516901969910e-01
2.267005348205566406e+01 3.106256008148193359e+00 -1.598580241203308105e+00 6.822581589221954346e-02 1.803919225931167603e-01 -9.751195907592773438e-01 1.092964038252830505e-01
2.292301750183105469e+01 2.882528066635131836e+00 -1.605903267860412598e+00 6.355071812868118286e-02 1.806109994649887085e-01 -9.746022820472717285e-01 1.161523610353469849e-01
2.317880249023437500e+01 2.655032873153686523e+00 -1.613439917564392090e+00 5.921429395675659180e-02 1.807935088872909546e-01 -9.740047454833984375e-01 1.229717805981636047e-01
2.343654251098632812e+01 2.422783136367797852e+00 -1.621334195137023926e+00 5.519462004303932190e-02 1.809457540512084961e-01 -9.733337163925170898e-01 1.297445744276046753e-01
2.369771003723144531e+01 2.187447547912597656e+00 -1.629338383674621582e+00 5.147348716855049133e-02 1.810736209154129028e-01 -9.725946784019470215e-01 1.364631950855255127e-01
2.396222114562988281e+01 1.948915958404541016e+00 -1.637469410896301270e+00 4.803634807467460632e-02 1.811829805374145508e-01 -9.717925190925598145e-01 1.431242078542709351e-01
2.422827148437500000e+01 1.705198884010314941e+00 -1.646025300025939941e+00 4.487227648496627808e-02 1.812795251607894897e-01 -9.709306955337524414e-01 1.497254967689514160e-01
2.449772834777832031e+01 1.458367943763732910e+00 -1.654694795608520508e+00 4.197385907173156738e-02 1.813691258430480957e-01 -9.700124263763427734e-01 1.562671363353729248e-01
2.477049827575683594e+01 1.208310484886169434e+00 -1.663493633270263672e+00 3.933725506067276001e-02 1.814576387405395508e-01 -9.690395593643188477e-01 1.627508401870727539e-01
2.504479980468750000e+01 9.531030058860778809e-01 -1.672717213630676270e+00 3.696184977889060974e-02 1.815513819456100464e-01 -9.680138826370239258e-01 1.691800504922866821e-01
2.532250022888183594e+01 6.947546005249023438e-01 -1.682056903839111328e+00 3.485085070133209229e-02 1.816569864749908447e-01 -9.669360518455505371e-01 1.755588948726654053e-01
2.560283660888671875e+01 4.324743449687957764e-01 -1.691635727882385254e+00 3.301014378666877747e-02 1.817814260721206665e-01 -9.658059477806091309e-01 1.818922013044357300e-01
2.588562393188476562e+01 1.651843190193176270e-01 -1.701574683189392090e+00 3.144926577806472778e-02 1.819323748350143433e-01 -9.646232128143310547e-01 1.881848871707916260e-01
2.617218780517578125e+01 -1.054431125521659851e-01 -1.712275981903076172e+00 3.069711104035377502e-02 1.795275658369064331e-01 -9.638727903366088867e-01 1.943627744913101196e-01
2.646004867553710938e+01 -3.823010027408599854e-01 -1.723406314849853516e+00 3.014462068676948547e-02 1.776700466871261597e-01 -9.629683494567871094e-01 2.005412876605987549e-01
2.675153732299804688e+01 -6.629516482353210449e-01 -1.734586119651794434e+00 2.976912632584571838e-02 1.763198822736740112e-01 -9.619184732437133789e-01 2.067313045263290405e-01
2.704376983642578125e+01 -9.503393173217773438e-01 -1.746268868446350098e+00 2.954778447747230530e-02 1.754370927810668945e-01 -9.607307314872741699e-01 2.129439264535903931e-01
2.733808135986328125e+01 -1.243059039115905762e+00 -1.758237242698669434e+00 2.945779263973236084e-02 1.749815493822097778e-01 -9.594110250473022461e-01 2.191896140575408936e-01
2.763341331481933594e+01 -1.542158126831054688e+00 -1.770645737648010254e+00 2.947626262903213501e-02 1.749128103256225586e-01 -9.579645991325378418e-01 2.254783362150192261e-01
2.792777824401855469e+01 -1.849504351615905762e+00 -1.783723115921020508e+00 2.958033978939056396e-02 1.751900315284729004e-01 -9.563956260681152344e-01 2.318205833435058594e-01
2.821919822692871094e+01 -2.166779756546020508e+00 -1.797614693641662598e+00 2.974706515669822693e-02 1.757723093032836914e-01 -9.547080397605895996e-01 2.382264286279678345e-01
2.850377464294433594e+01 -2.497128963470458984e+00 -1.812510371208190918e+00 2.995350956916809082e-02 1.766190528869628906e-01 -9.529049396514892578e-01 2.447053492069244385e-01
2.877657127380371094e+01 -2.843959808349609375e+00 -1.828206777572631836e+00 3.017694503068923950e-02 1.776888370513916016e-01 -9.509894251823425293e-01 2.512671947479248047e-01
2.902658653259277344e+01 -3.213857412338256836e+00 -1.844113707542419434e+00 3.039415553212165833e-02 1.789408326148986816e-01 -9.489640593528747559e-01 2.579216063022613525e-01
2.923879241943359375e+01 -3.612863779067993164e+00 -1.861074209213256836e+00 3.058242797851562500e-02 1.803342401981353760e-01 -9.468312859535217285e-01 2.646780908107757568e-01
2.943688011169433594e+01 -4.025058269500732422e+00 -1.879618525505065918e+00 3.071891516447067261e-02 1.818276196718215942e-01 -9.445940256118774414e-01 2.715458869934082031e-01
2.963939476013183594e+01 -4.440839767456054688e+00 -1.899783849716186523e+00 3.078062087297439575e-02 1.833798587322235107e-01 -9.422540664672851562e-01 2.785347998142242432e-01
2.984761238098144531e+01 -4.859494686126708984e+00 -1.922678828239440918e+00 3.074467182159423828e-02 1.849499046802520752e-01 -9.398139715194702148e-01 2.856536209583282471e-01
3.006215667724609375e+01 -5.280583381652832031e+00 -1.949334621429443359e+00 3.058817610144615173e-02 1.864967942237854004e-01 -9.372757673263549805e-01 2.929119169712066650e-01
3.028353881835937500e+01 -5.703698635101318359e+00 -1.980499267578125000e+00 3.028856962919235229e-02 1.879792660474777222e-01 -9.346416592597961426e-01 3.003185093402862549e-01
3.051322746276855469e+01 -6.127792835235595703e+00 -2.017816781997680664e+00 2.982295677065849304e-02 1.893565803766250610e-01 -9.319137334823608398e-01 3.078821003437042236e-01
3.075333023071289062e+01 -6.551330566406250000e+00 -2.062702655792236328e+00 2.916873246431350708e-02 1.905869543552398682e-01 -9.290934801101684570e-01 3.156122565269470215e-01
3.100888061523437500e+01 -6.970783710479736328e+00 -2.115982532501220703e+00 2.830319851636886597e-02 1.916300654411315918e-01 -9.261823296546936035e-01 3.235169053077697754e-01
3.128502464294433594e+01 -7.381896972656250000e+00 -2.178170204162597656e+00 2.734494209289550781e-02 1.920920014381408691e-01 -9.232554435729980469e-01 3.315903246402740479e-01
3.158606910705566406e+01 -7.766330242156982422e+00 -2.249689817428588867e+00 2.614812180399894714e-02 1.924963295459747314e-01 -9.202021360397338867e-01 3.398375809192657471e-01
3.192101097106933594e+01 -8.111101150512695312e+00 -2.331189632415771484e+00 2.475718781352043152e-02 1.928501874208450317e-01 -9.170179963111877441e-01 3.482440710067749023e-01
3.229187774658203125e+01 -8.405214309692382812e+00 -2.421503305435180664e+00 2.321698889136314392e-02 1.931622475385665894e-01 -9.136995077133178711e-01 3.567945361137390137e-01
3.268852996826171875e+01 -8.651650428771972656e+00 -2.515592575073242188e+00 2.157271653413772583e-02 1.934429109096527100e-01 -9.102435708045959473e-01 3.654738366603851318e-01
3.309753417968750000e+01 -8.867694854736328125e+00 -2.604022741317749023e+00 1.986939460039138794e-02 1.937041580677032471e-01 -9.066466689109802246e-01 3.742669820785522461e-01
3.350109863281250000e+01 -9.091176986694335938e+00 -2.666289567947387695e+00 1.815234869718551636e-02 1.939601004123687744e-01 -9.029055833816528320e-01 3.831596970558166504e-01
3.390909957885742188e+01 -9.291588783264160156e+00 -2.734856605529785156e+00 1.646654307842254639e-02 1.942266970872879028e-01 -8.990173339843750000e-01 3.921386599540710449e-01
3.432249450683593750e+01 -9.459012985229492188e+00 -2.821788311004638672e+00 1.485705375671386719e-02 1.945218443870544434e-01 -8.949793577194213867e-01 4.011886417865753174e-01
3.473796844482421875e+01 -9.609252929687500000e+00 -2.901148080825805664e+00 1.339989155530929565e-02 1.947973370552062988e-01 -8.908040523529052734e-01 4.102958440780639648e-01
3.515484237670898438e+01 -9.746439933776855469e+00 -2.963970184326171875e+00 1.214344799518585205e-02 1.950721740722656250e-01 -8.864893913269042969e-01 4.194472134113311768e-01
3.557126998901367188e+01 -9.874587059020996094e+00 -3.007617712020874023e+00 1.108714193105697632e-02 1.954668313264846802e-01 -8.820121288299560547e-01 4.286308586597442627e-01
3.598357391357421875e+01 -1.000178718566894531e+01 -3.036642313003540039e+00 1.027032732963562012e-02 1.960133761167526245e-01 -8.773680925369262695e-01 4.378337860107421875e-01
3.638905334472656250e+01 -1.013465023040771484e+01 -3.054188251495361328e+00 9.732171893119812012e-03 1.967436373233795166e-01 -8.725535869598388672e-01 4.470428228378295898e-01
3.678527450561523438e+01 -1.027873229980468750e+01 -3.062568187713623047e+00 9.511671960353851318e-03 1.976892054080963135e-01 -8.675647974014282227e-01 4.562453925609588623e-01
3.717190933227539062e+01 -1.043321990966796875e+01 -3.065667152404785156e+00 9.647659957408905029e-03 1.988820731639862061e-01 -8.623975515365600586e-01 4.654281735420227051e-01
3.755014419555664062e+01 -1.059403991699218750e+01 -3.068503856658935547e+00 1.017865538597106934e-02 2.003534138202667236e-01 -8.570477366447448730e-01 4.745777845382690430e-01
3.792137908935546875e+01 -1.075727748870849609e+01 -3.076838970184326172e+00 1.114325225353240967e-02 2.021345496177673340e-01 -8.515103459358215332e-01 4.836813807487487793e-01
3.829568099975585938e+01 -1.092260265350341797e+01 -3.098407506942749023e+00 1.257986575365066528e-02 2.042561322450637817e-01 -8.457800149917602539e-01 4.927244186401367188e-01
3.867327499389648438e+01 -1.108871555328369141e+01 -3.132059812545776367e+00 1.452603936195373535e-02 2.067488878965377808e-01 -8.398497104644775391e-01 5.016934871673583984e-01
3.905507278442382812e+01 -1.125437927246093750e+01 -3.170834302902221680e+00 1.710577309131622314e-02 2.094647884368896484e-01 -8.337577581405639648e-01 5.105682015419006348e-01
3.945671463012695312e+01 -1.137207031250000000e+01 -3.213674306869506836e+00 2.018010616302490234e-02 2.125435769557952881e-01 -8.274759650230407715e-01 5.193279981613159180e-01
3.987519836425781250e+01 -1.142058277130126953e+01 -3.271563053131103516e+00 2.368150651454925537e-02 2.159615755081176758e-01 -8.210176229476928711e-01 5.279487371444702148e-01
4.029897308349609375e+01 -1.144516849517822266e+01 -3.336427450180053711e+00 2.754349261522293091e-02 2.196920216083526611e-01 -8.143976330757141113e-01 5.364076495170593262e-01
4.072687911987304688e+01 -1.146029758453369141e+01 -3.404152154922485352e+00 3.170122206211090088e-02 2.237053215503692627e-01 -8.076333403587341309e-01 5.446826815605163574e-01
4.115884017944335938e+01 -1.146844005584716797e+01 -3.473621129989624023e+00 3.609107434749603271e-02 2.279691696166992188e-01 -8.007441163063049316e-01 5.527535080909729004e-01
4.159482955932617188e+01 -1.146852970123291016e+01 -3.544239997863769531e+00 4.065115004777908325e-02 2.324486970901489258e-01 -7.937515377998352051e-01 5.606009960174560547e-01
4.203295898437500000e+01 -1.143871021270751953e+01 -3.616417169570922852e+00 4.532174021005630493e-02 2.371067553758621216e-01 -7.866808176040649414e-01 5.682072639465332031e-01
4.235742187500000000e+01 -1.116563892364501953e+01 -3.707996845245361328e+00 5.004517734050750732e-02 2.419041246175765991e-01 -7.795594930648803711e-01 5.755560994148254395e-01
4.258028411865234375e+01 -1.078293418884277344e+01 -3.798377037048339844e+00 5.476605892181396484e-02 2.467996180057525635e-01 -7.724180221557617188e-01 5.826327204704284668e-01
4.277425384521484375e+01 -1.037344169616699219e+01 -3.845062255859375000e+00 5.943141877651214600e-02 2.517502307891845703e-01 -7.652904391288757324e-01 5.894236564636230469e-01
4.289397811889648438e+01 -9.937065124511718750e+00 -3.780773878097534180e+00 6.399119645357131958e-02 2.567115426063537598e-01 -7.582133412361145020e-01 5.959165692329406738e-01
4.288223648071289062e+01 -9.498654365539550781e+00 -3.631863832473754883e+00 6.842670589685440063e-02 2.616016864776611328e-01 -7.512398958206176758e-01 6.020970940589904785e-01
4.279278182983398438e+01 -9.067257881164550781e+00 -3.472149610519409180e+00 7.277267426252365112e-02 2.662786841392517090e-01 -7.444477677345275879e-01 6.079450845718383789e-01
4.267300796508789062e+01 -8.639933586120605469e+00 -3.308684110641479492e+00 7.686285674571990967e-02 2.708506286144256592e-01 -7.378296256065368652e-01 6.134651303291320801e-01
4.253363037109375000e+01 -8.219025611877441406e+00 -3.132567644119262695e+00 8.064166456460952759e-02 2.752865552902221680e-01 -7.314264774322509766e-01 6.186513304710388184e-01
4.235742187500000000e+01 -7.815749168395996094e+00 -2.940480947494506836e+00 8.405354619026184082e-02 2.795561552047729492e-01 -7.252807617187500000e-01 6.234991550445556641e-01
4.213938903808593750e+01 -7.396870136260986328e+00 -2.830739021301269531e+00 8.704374730587005615e-02 2.836295068264007568e-01 -7.194355726242065430e-01 6.280049681663513184e-01
4.183456039428710938e+01 -7.027419090270996094e+00 -2.730853796005249023e+00 8.955752104520797729e-02 2.874769568443298340e-01 -7.139348983764648438e-01 6.321656107902526855e-01
4.147264862060546875e+01 -6.704423904418945312e+00 -2.636504411697387695e+00 9.154027700424194336e-02 2.910696268081665039e-01 -7.088226675987243652e-01 6.359789371490478516e-01
4.108995056152343750e+01 -6.394895076751708984e+00 -2.556172370910644531e+00 9.007431566715240479e-02 2.915266156196594238e-01 -7.056130766868591309e-01 6.395380496978759766e-01
4.071022033691406250e+01 -6.088376522064208984e+00 -2.500634193420410156e+00 8.874093741178512573e-02 2.919352650642395020e-01 -7.026826739311218262e-01 6.427564024925231934e-01
4.034593582153320312e+01 -5.771110534667968750e+00 -2.481914520263671875e+00 8.753184974193572998e-02 2.923000454902648926e-01 -7.000163197517395020e-01 6.456593275070190430e-01
4.000237274169921875e+01 -5.442407131195068359e+00 -2.504607439041137695e+00 8.643768727779388428e-02 2.926254868507385254e-01 -6.975958347320556641e-01 6.482736468315124512e-01
3.966469192504882812e+01 -5.120729923248291016e+00 -2.550126314163208008e+00 8.544838428497314453e-02 2.929158806800842285e-01 -6.954013109207153320e-01 6.506272554397583008e-01
3.930931091308593750e+01 -4.830407619476318359e+00 -2.591253042221069336e+00 8.455324172973632812e-02 2.931755483150482178e-01 -6.934106349945068359e-01 6.527483463287353516e-01
3.891758346557617188e+01 -4.602859020233154297e+00 -2.593518018722534180e+00 8.374107629060745239e-02 2.934085726737976074e-01 -6.916004419326782227e-01 6.546660661697387695e-01
3.851223373413085938e+01 -4.424299240112304688e+00 -2.543133497238159180e+00 8.300051838159561157e-02 2.936189174652099609e-01 -6.899464726448059082e-01 6.564088463783264160e-01
3.812036895751953125e+01 -4.258337497711181641e+00 -2.438495397567749023e+00 8.232000470161437988e-02 2.938104271888732910e-01 -6.884237527847290039e-01 6.580057144165039062e-01
3.775594329833984375e+01 -4.080698013305664062e+00 -2.292388200759887695e+00 8.168756961822509766e-02 2.939868867397308350e-01 -6.870061755180358887e-01 6.594855785369873047e-01
3.740718841552734375e+01 -3.896650314331054688e+00 -2.137964487075805664e+00 8.109174668788909912e-02 2.941517829895019531e-01 -6.856685876846313477e-01 6.608761548995971680e-01
3.706080627441406250e+01 -3.713042020797729492e+00 -1.999212622642517090e+00 8.052090555429458618e-02 2.943085730075836182e-01 -6.843851208686828613e-01 6.622052788734436035e-01
3.671169662475585938e+01 -3.534001350402832031e+00 -1.886234641075134277e+00 7.996340841054916382e-02 2.944605350494384766e-01 -6.831298470497131348e-01 6.635001301765441895e-01
3.636244583129882812e+01 -3.361454963684082031e+00 -1.792130112648010254e+00 7.940813153982162476e-02 2.946106791496276855e-01 -6.818779706954956055e-01 6.647866368293762207e-01
3.601470184326171875e+01 -3.197109222412109375e+00 -1.710497379302978516e+00 7.884426414966583252e-02 2.947621941566467285e-01 -6.806044578552246094e-01 6.660903692245483398e-01
3.566773986816406250e+01 -3.045449256896972656e+00 -1.637654423713684082e+00 7.826055586338043213e-02 2.949177026748657227e-01 -6.792843937873840332e-01 6.674364805221557617e-01
3.531108856201171875e+01 -2.942045927047729492e+00 -1.575836181640625000e+00 7.764655351638793945e-02 2.950799465179443359e-01 -6.778937578201293945e-01 6.688488721847534180e-01
3.496029281616210938e+01 -3.043268918991088867e+00 -1.595837354660034180e+00 7.699174433946609497e-02 2.952514290809631348e-01 -6.764083504676818848e-01 6.703510284423828125e-01
3.462677764892578125e+01 -3.176030158996582031e+00 -1.651069879531860352e+00 7.628583163022994995e-02 2.954346537590026855e-01 -6.748040914535522461e-01 6.719658970832824707e-01
3.428968811035156250e+01 -3.274743556976318359e+00 -1.705664038658142090e+00 7.551829516887664795e-02 2.956317663192749023e-01 -6.730567216873168945e-01 6.737161278724670410e-01
3.395006179809570312e+01 -3.334252834320068359e+00 -1.752852082252502441e+00 7.573848962783813477e-02 2.919376194477081299e-01 -6.729307770729064941e-01 6.754258871078491211e-01
3.361112213134765625e+01 -3.356750488281250000e+00 -1.774371862411499023e+00 7.633792608976364136e-02 2.878680229187011719e-01 -6.728219389915466309e-01 6.772114038467407227e-01
3.327839279174804688e+01 -3.353422880172729492e+00 -1.767389535903930664e+00 7.728451490402221680e-02 2.834742665290832520e-01 -6.727432012557983398e-01 6.790330410003662109e-01
3.295527267456054688e+01 -3.332394838333129883e+00 -1.736220002174377441e+00 7.854528725147247314e-02 2.788088321685791016e-01 -6.727082133293151855e-01 6.808523535728454590e-01
3.264271545410156250e+01 -3.301061868667602539e+00 -1.688782930374145508e+00 8.008804172277450562e-02 2.739235162734985352e-01 -6.727309226989746094e-01 6.826308369636535645e-01
3.234074783325195312e+01 -3.262939453125000000e+00 -1.629432320594787598e+00 8.188027143478393555e-02 2.688713371753692627e-01 -6.728260517120361328e-01 6.843309402465820312e-01
3.204855346679687500e+01 -3.221149921417236328e+00 -1.563045024871826172e+00 8.388973772525787354e-02 2.637048065662384033e-01 -6.730091571807861328e-01 6.859159469604492188e-01
3.176524353027343750e+01 -3.177846670150756836e+00 -1.493316054344177246e+00 8.608403056859970093e-02 2.584776878356933594e-01 -6.732968091964721680e-01 6.873502135276794434e-01
3.149049186706542969e+01 -3.134006261825561523e+00 -1.421389698982238770e+00 8.843120187520980835e-02 2.532433569431304932e-01 -6.737062335014343262e-01 6.885983347892761230e-01
3.122331047058105469e+01 -3.091100931167602539e+00 -1.350344777107238770e+00 9.089918434619903564e-02 2.480559051036834717e-01 -6.742556691169738770e-01 6.896266341209411621e-01
3.096366119384765625e+01 -3.049169778823852539e+00 -1.280217289924621582e+00 9.345600754022598267e-02 2.429697960615158081e-01 -6.749638915061950684e-01 6.904022693634033203e-01
3.071119117736816406e+01 -3.009055137634277344e+00 -1.211829185485839844e+00 9.606987237930297852e-02 2.380396425724029541e-01 -6.758510470390319824e-01 6.908928155899047852e-01
3.046593284606933594e+01 -2.970224618911743164e+00 -1.145376563072204590e+00 9.870914369821548462e-02 2.333202958106994629e-01 -6.769377589225769043e-01 6.910667419433593750e-01
3.022734832763671875e+01 -2.934196710586547852e+00 -1.081920146942138672e+00 1.013424098491668701e-01 2.288666516542434692e-01 -6.782451272010803223e-01 6.908931732177734375e-01
2.999592208862304688e+01 -2.899455547332763672e+00 -1.020597457885742188e+00 1.039379388093948364e-01 2.247338891029357910e-01 -6.797940135002136230e-01 6.903416514396667480e-01
2.977088356018066406e+01 -2.868063926696777344e+00 -9.631786942481994629e-01 1.064643859863281250e-01 2.209770530462265015e-01 -6.816064119338989258e-01 6.893817186355590820e-01
2.955306625366210938e+01 -2.837751388549804688e+00 -9.077172875404357910e-01 1.088904738426208496e-01 2.176508605480194092e-01 -6.837037801742553711e-01 6.879826784133911133e-01
2.934131813049316406e+01 -2.811625957489013672e+00 -8.572527766227722168e-01 1.111845299601554871e-01 2.148103415966033936e-01 -6.861068010330200195e-01 6.861135959625244141e-01
2.913690757751464844e+01 -2.786262035369873047e+00 -8.084057569503784180e-01 1.133152842521667480e-01 2.125096321105957031e-01 -6.888360381126403809e-01 6.837428808212280273e-01
2.893852996826171875e+01 -2.765451669692993164e+00 -7.651568651199340820e-01 1.152509227395057678e-01 2.108028829097747803e-01 -6.919103264808654785e-01 6.808372735977172852e-01
2.874735832214355469e+01 -2.745808124542236328e+00 -7.239251732826232910e-01 1.169634610414505005e-01 2.097313702106475830e-01 -6.953296661376953125e-01 6.773839592933654785e-01
2.856299781799316406e+01 -2.728344678878784180e+00 -6.863458156585693359e-01 1.184384822845458984e-01 2.092897593975067139e-01 -6.990205645561218262e-01 6.734540462493896484e-01
2.838562393188476562e+01 -2.712648868560791016e+00 -6.517950296401977539e-01 1.196660548448562622e-01 2.094603627920150757e-01 -7.028924822807312012e-01 6.691402196884155273e-01
2.821563911437988281e+01 -2.697638988494873047e+00 -6.188140511512756348e-01 1.206357330083847046e-01 2.102261036634445190e-01 -7.068547606468200684e-01 6.645361185073852539e-01
2.805248451232910156e+01 -2.684362649917602539e+00 -5.900567770004272461e-01 1.213373020291328430e-01 2.115702033042907715e-01 -7.108182907104492188e-01 6.597367525100708008e-01
2.789682006835937500e+01 -2.671667337417602539e+00 -5.624401569366455078e-01 1.217610388994216919e-01 2.134758681058883667e-01 -7.146954536437988281e-01 6.548378467559814453e-01
2.774847602844238281e+01 -2.659555673599243164e+00 -5.369787216186523438e-01 1.218975931406021118e-01 2.159270644187927246e-01 -7.183997035026550293e-01 6.499371528625488281e-01
2.760736274719238281e+01 -2.648054122924804688e+00 -5.141967535018920898e-01 1.217372044920921326e-01 2.189083099365234375e-01 -7.218462228775024414e-01 6.451334357261657715e-01
2.747373962402343750e+01 -2.637228965759277344e+00 -4.924493432044982910e-01 1.212712973356246948e-01 2.224039435386657715e-01 -7.249520421028137207e-01 6.405265927314758301e-01
2.734755325317382812e+01 -2.626735687255859375e+00 -4.723968505859375000e-01 1.204908937215805054e-01 2.263993322849273682e-01 -7.276346683502197266e-01 6.362177729606628418e-01
2.722505760192871094e+01 -2.615976572036743164e+00 -4.541119337081909180e-01 1.193872839212417603e-01 2.308796048164367676e-01 -7.298130393028259277e-01 6.323086023330688477e-01
2.710638046264648438e+01 -2.605761766433715820e+00 -4.362652599811553955e-01 1.179519072175025940e-01 2.358301877975463867e-01 -7.314061522483825684e-01 6.289010643959045410e-01
2.699151802062988281e+01 -2.596118211746215820e+00 -4.188665747642517090e-01 1.161760911345481873e-01 2.412365525960922241e-01 -7.323328852653503418e-01 6.260962486267089844e-01
2.688047218322753906e+01 -2.585158586502075195e+00 -4.033215343952178955e-01 1.140509769320487976e-01 2.470836341381072998e-01 -7.325112223625183105e-01 6.239946484565734863e-01
2.677323150634765625e+01 -2.574760675430297852e+00 -3.883025944232940674e-01 1.115674003958702087e-01 2.533561587333679199e-01 -7.318567037582397461e-01 6.226948499679565430e-01
2.666979980468750000e+01 -2.565092802047729492e+00 -3.737164139747619629e-01 1.087154820561408997e-01 2.600378990173339844e-01 -7.302828431129455566e-01 6.222927570343017578e-01
2.657021331787109375e+01 -2.555629730224609375e+00 -3.597942888736724854e-01 1.054848283529281616e-01 2.671114206314086914e-01 -7.276982069015502930e-01 6.228803396224975586e-01
2.647460365295410156e+01 -2.544772863388061523e+00 -3.471746742725372314e-01 1.018645763397216797e-01 2.745571136474609375e-01 -7.240068912506103516e-01 6.245447397232055664e-01
2.638281631469726562e+01 -2.534843683242797852e+00 -3.349883854389190674e-01 9.784242510795593262e-02 2.823536098003387451e-01 -7.191065549850463867e-01 6.273667216300964355e-01
2.629486274719238281e+01 -2.525878906250000000e+00 -3.232537806034088135e-01 9.340520203113555908e-02 2.904765605926513672e-01 -7.128869891166687012e-01 6.314197182655334473e-01
2.621028709411621094e+01 -2.516520977020263672e+00 -3.135644495487213135e-01 9.150733798742294312e-02 2.910798788070678711e-01 -7.087508440017700195e-01 6.360589861869812012e-01
2.612992668151855469e+01 -2.505017042160034180e+00 -3.049633800983428955e-01 8.909244835376739502e-02 2.918281853199005127e-01 -7.034562230110168457e-01 6.419097185134887695e-01
2.605339813232421875e+01 -2.494406700134277344e+00 -2.967938184738159180e-01 8.620337396860122681e-02 2.926945984363555908e-01 -6.970766186714172363e-01 6.488320231437683105e-01
2.598043441772460938e+01 -2.484733819961547852e+00 -2.889977991580963135e-01 8.288233727216720581e-02 2.936522960662841797e-01 -6.896822452545166016e-01 6.566864848136901855e-01
2.591103935241699219e+01 -2.475956916809082031e+00 -2.815759181976318359e-01 7.917099446058273315e-02 2.946745753288269043e-01 -6.813425421714782715e-01 6.653353571891784668e-01
2.584526252746582031e+01 -2.468041896820068359e+00 -2.745275795459747314e-01 7.511069625616073608e-02 2.957355976104736328e-01 -6.721274256706237793e-01 6.746433377265930176e-01
2.578358840942382812e+01 -2.458254337310791016e+00 -2.681536674499511719e-01 7.074348628520965576e-02 2.968105673789978027e-01 -6.621103286743164062e-01 6.844769120216369629e-01
2.572561454772949219e+01 -2.448925733566284180e+00 -2.621893286705017090e-01 6.611228734254837036e-02 2.978762686252593994e-01 -6.513699293136596680e-01 6.947057247161865234e-01
2.567124938964843750e+01 -2.440510272979736328e+00 -2.565789818763732910e-01 6.126230210065841675e-02 2.989114224910736084e-01 -6.399931311607360840e-01 7.052003741264343262e-01
2.562050247192382812e+01 -2.432961463928222656e+00 -2.513220012187957764e-01 5.624140799045562744e-02 2.998967170715332031e-01 -6.280779242515563965e-01 7.158330082893371582e-01
2.557337760925292969e+01 -2.426237821578979492e+00 -2.464190572500228882e-01 5.110099911689758301e-02 3.008153140544891357e-01 -6.157357692718505859e-01 7.264766097068786621e-01
2.552986717224121094e+01 -2.420288085937500000e+00 -2.418701052665710449e-01 4.589716345071792603e-02 3.016531169414520264e-01 -6.030949354171752930e-01 7.370043396949768066e-01
2.548995971679687500e+01 -2.415060997009277344e+00 -2.376745492219924927e-01 4.069140553474426270e-02 3.023993372917175293e-01 -5.903032422065734863e-01 7.472890019416809082e-01
2.544773864746093750e+01 -2.406982421875000000e+00 -2.333660870790481567e-01 3.555077314376831055e-02 3.030467033386230469e-01 -5.775291323661804199e-01 7.572047114372253418e-01
2.540283584594726562e+01 -2.397407054901123047e+00 -2.288189679384231567e-01 3.054843842983245850e-02 3.035917282104492188e-01 -5.649635195732116699e-01 7.666257023811340332e-01
2.535508155822753906e+01 -2.386796712875366211e+00 -2.239868044853210449e-01 2.576340734958648682e-02 3.040351867675781250e-01 -5.528199672698974609e-01 7.754281759262084961e-01
2.530443763732910156e+01 -2.375090360641479492e+00 -2.188708484172821045e-01 2.127982676029205322e-02 3.043818473815917969e-01 -5.413318276405334473e-01 7.834912538528442383e-01
2.525084877014160156e+01 -2.362236261367797852e+00 -2.134704589843750000e-01 1.718619465827941895e-02 3.046404123306274414e-01 -5.307507514953613281e-01 7.906973958015441895e-01
2.519426155090332031e+01 -2.348181009292602539e+00 -2.077856361865997314e-01 1.357409358024597168e-02 3.048227131366729736e-01 -5.213413238525390625e-01 7.969328165054321289e-01
2.513481903076171875e+01 -2.332221746444702148e+00 -2.018646150827407837e-01 1.053689420223236084e-02 3.049428462982177734e-01 -5.133767127990722656e-01 8.020867705345153809e-01
2.507137107849121094e+01 -2.309279680252075195e+00 -1.984142959117889404e-01 1.237937808036804199e-02 2.876016795635223389e-01 -5.150246024131774902e-01 8.073919415473937988e-01
2.500476074218750000e+01 -2.284777879714965820e+00 -1.950665265321731567e-01 1.517406105995178223e-02 2.679401338100433350e-01 -5.187200307846069336e-01 8.117310404777526855e-01
2.493580055236816406e+01 -2.259045362472534180e+00 -1.918914765119552612e-01 1.883690059185028076e-02 2.462477087974548340e-01 -5.241296887397766113e-01 8.150430321693420410e-01
2.486459350585937500e+01 -2.232158184051513672e+00 -1.888873279094696045e-01 2.328155934810638428e-02 2.228211611509323120e-01 -5.309200286865234375e-01 8.172714710235595703e-01
2.479161071777343750e+01 -2.203261613845825195e+00 -1.860974133014678955e-01 2.842121571302413940e-02 1.979666054248809814e-01 -5.387631058692932129e-01 8.183737993240356445e-01
2.471841812133789062e+01 -2.168725490570068359e+00 -1.837206929922103882e-01 3.416759148240089417e-02 1.720020473003387451e-01 -5.473430156707763672e-01 8.183296918869018555e-01
2.464332008361816406e+01 -2.133088350296020508e+00 -1.814514100551605225e-01 4.043161496520042419e-02 1.452575176954269409e-01 -5.563603043556213379e-01 8.171467185020446777e-01
2.456638145446777344e+01 -2.096415996551513672e+00 -1.792394965887069702e-01 4.712444543838500977e-02 1.180739104747772217e-01 -5.655356645584106445e-01 8.148663640022277832e-01
2.448766517639160156e+01 -2.058781623840332031e+00 -1.770245283842086792e-01 5.415753275156021118e-02 9.080164134502410889e-02 -5.746148228645324707e-01 8.115662932395935059e-01
2.441011238098144531e+01 -2.014416456222534180e+00 -1.750372201204299927e-01 6.144448369741439819e-02 6.379732489585876465e-02 -5.833694338798522949e-01 8.073626756668090820e-01
2.433127403259277344e+01 -1.968317866325378418e+00 -1.729418933391571045e-01 6.890080869197845459e-02 3.742232918739318848e-02 -5.916011929512023926e-01 8.024090528488159180e-01
2.425080490112304688e+01 -1.921274423599243164e+00 -1.706152260303497314e-01 7.644549757242202759e-02 1.203839480876922607e-02 -5.991400480270385742e-01 7.968954443931579590e-01
2.416894531250000000e+01 -1.872907638549804688e+00 -1.679894924163818359e-01 8.400154113769531250e-02 -1.199446618556976318e-02 -6.058455705642700195e-01 7.910442948341369629e-01
2.408967781066894531e+01 -1.816704034805297852e+00 -1.652819812297821045e-01 9.149638563394546509e-02 -3.432047367095947266e-02 -6.116021275520324707e-01 7.851072549819946289e-01
2.400877952575683594e+01 -1.759528756141662598e+00 -1.620898395776748657e-01 9.886220842599868774e-02 -5.458991229534149170e-02 -6.163180470466613770e-01 7.793576717376708984e-01
2.392619132995605469e+01 -1.701408624649047852e+00 -1.583337336778640747e-01 1.060361340641975403e-01 -7.245960831642150879e-02 -6.199182271957397461e-01 7.740848660469055176e-01
2.384504318237304688e+01 -1.638115167617797852e+00 -1.541229188442230225e-01 1.129592955112457275e-01 -8.759330213069915771e-02 -6.223379373550415039e-01 7.695863246917724609e-01
2.376485824584960938e+01 -1.570207476615905762e+00 -1.493664532899856567e-01 1.195764541625976562e-01 -9.966025501489639282e-02 -6.235145330429077148e-01 7.661585807800292969e-01
2.368292427062988281e+01 -1.501279234886169434e+00 -1.438470482826232910e-01 1.258348077535629272e-01 -1.083329990506172180e-01 -6.233782768249511719e-01 7.640871405601501465e-01
2.360087394714355469e+01 -1.429489731788635254e+00 -1.375885009765625000e-01 1.316817700862884521e-01 -1.132858097553253174e-01 -6.218398809432983398e-01 7.636369466781616211e-01
2.352217292785644531e+01 -1.350656747817993164e+00 -1.295916736125946045e-01 1.333292275667190552e-01 -1.112808808684349060e-01 -6.193891167640686035e-01 7.656350731849670410e-01
2.344198226928710938e+01 -1.270629882812500000e+00 -1.214337125420570374e-01 1.365393400192260742e-01 -1.072977706789970398e-01 -6.152769327163696289e-01 7.689462900161743164e-01
2.336086845397949219e+01 -1.188845157623291016e+00 -1.131323203444480896e-01 1.410840302705764771e-01 -1.014996469020843506e-01 -6.097002625465393066e-01 7.733425498008728027e-01
2.328621101379394531e+01 -1.098554611206054688e+00 -1.049581915140151978e-01 1.467356830835342407e-01 -9.402696788311004639e-02 -6.028699278831481934e-01 7.785727381706237793e-01
2.321021461486816406e+01 -1.006726026535034180e+00 -9.661376476287841797e-02 1.532678306102752686e-01 -8.501508831977844238e-02 -5.950069427490234375e-01 7.843773961067199707e-01
2.313255882263183594e+01 -9.134570360183715820e-01 -8.716399967670440674e-02 1.573282033205032349e-01 -7.228771597146987915e-02 -5.866296291351318359e-01 7.911308407783508301e-01
2.306140518188476562e+01 -8.126440048217773438e-01 -7.745208591222763062e-02 1.600453108549118042e-01 -5.715060234069824219e-02 -5.777019858360290527e-01 7.983606457710266113e-01
2.298922729492187500e+01 -7.099707126617431641e-01 -6.740111857652664185e-02 1.623239517211914062e-01 -4.068033024668693542e-02 -5.682815313339233398e-01 8.056377172470092773e-01
2.291584968566894531e+01 -6.055273413658142090e-01 -5.706268176436424255e-02 1.641734391450881958e-01 -2.327547594904899597e-02 -5.585431456565856934e-01 8.127329349517822266e-01
2.284827613830566406e+01 -4.947363138198852539e-01 -4.699065908789634705e-02 1.656088531017303467e-01 -5.337402224540710449e-03 -5.486828684806823730e-01 8.194463253021240234e-01
2.278015136718750000e+01 -3.816406130790710449e-01 -3.678863495588302612e-02 1.666511297225952148e-01 1.273076981306076050e-02 -5.389193892478942871e-01 8.256095051765441895e-01
2.271093750000000000e+01 -2.665112316608428955e-01 -2.647003158926963806e-02 1.673273295164108276e-01 3.052614629268646240e-02 -5.294934511184692383e-01 8.310874700546264648e-01
2.264673805236816406e+01 -1.458373963832855225e-01 -1.662567071616649628e-02 1.676702797412872314e-01 4.764774814248085022e-02 -5.206661224365234375e-01 8.357769846916198730e-01
2.258205604553222656e+01 -2.262206934392452240e-02 -6.806029938161373138e-03 1.677179932594299316e-01 6.369799375534057617e-02 -5.127156376838684082e-01 8.396046757698059082e-01
2.251628875732421875e+01 1.028894037008285522e-01 3.007202176377177238e-03 1.675124466419219971e-01 7.828383147716522217e-02 -5.059336423873901367e-01 8.425213694572448730e-01
2.245469093322753906e+01 2.334094196557998657e-01 1.218505855649709702e-02 1.670984327793121338e-01 9.101659059524536133e-02 -5.006219148635864258e-01 8.444949984550476074e-01
2.239245033264160156e+01 3.666332960128784180e-01 2.123779244720935822e-02 1.665215641260147095e-01 1.015117168426513672e-01 -4.970842897891998291e-01 8.455017209053039551e-01
2.232907104492187500e+01 5.023986697196960449e-01 3.018951416015625000e-02 1.658263802528381348e-01 1.093869060277938843e-01 -4.956231117248535156e-01 8.455139398574829102e-01
2.226668930053710938e+01 6.483129858970642090e-01 3.863922134041786194e-02 1.650543510913848877e-01 1.142605990171432495e-01 -4.965308904647827148e-01 8.444871306419372559e-01
2.220110702514648438e+01 8.025658726692199707e-01 4.715209826827049255e-02 1.642407774925231934e-01 1.157483458518981934e-01 -5.000821948051452637e-01 8.423449993133544922e-01
2.213283729553222656e+01 9.654162526130676270e-01 5.558227375149726868e-02 1.634010523557662964e-01 1.135864257812500000e-01 -5.064337849617004395e-01 8.390012383460998535e-01
2.206475067138671875e+01 1.138008952140808105e+00 6.339477747678756714e-02 1.624942868947982788e-01 1.080068200826644897e-01 -5.153460502624511719e-01 8.344751000404357910e-01
2.199349975585937500e+01 1.318848848342895508e+00 7.126068323850631714e-02 1.614612340927124023e-01 9.936330467462539673e-02 -5.264661908149719238e-01 8.287885785102844238e-01
2.192146873474121094e+01 1.508778095245361328e+00 7.857207953929901123e-02 1.602391302585601807e-01 8.800996840000152588e-02 -5.394259691238403320e-01 8.219472765922546387e-01
2.184774780273437500e+01 1.707333922386169434e+00 8.560638129711151123e-02 1.587649136781692505e-01 7.430423051118850708e-02 -5.538517832756042480e-01 8.139538168907165527e-01
2.177198600769042969e+01 1.914262652397155762e+00 9.237670898437500000e-02 1.569776535034179688e-01 5.860894173383712769e-02 -5.693709254264831543e-01 8.048228025436401367e-01
2.169529342651367188e+01 2.129875421524047852e+00 9.846954047679901123e-02 1.548212915658950806e-01 4.129404947161674500e-02 -5.856202244758605957e-01 7.945905327796936035e-01
2.161623001098632812e+01 2.353507041931152344e+00 1.045425385236740112e-01 1.522460877895355225e-01 2.273620665073394775e-02 -6.022510528564453125e-01 7.833248376846313477e-01
2.153685951232910156e+01 2.585809230804443359e+00 1.098001077771186829e-01 1.492103338241577148e-01 3.318153321743011475e-03 -6.189372539520263672e-01 7.711303830146789551e-01
2.145507812500000000e+01 2.825904369354248047e+00 1.151644885540008545e-01 1.456811428070068359e-01 -1.657330989837646484e-02 -6.353790163993835449e-01 7.581529021263122559e-01
2.137327194213867188e+01 3.074543476104736328e+00 1.197314411401748657e-01 1.416349858045578003e-01 -3.654974326491355896e-02 -6.513079404830932617e-01 7.445814609527587891e-01
2.128928756713867188e+01 3.330880165100097656e+00 1.244253516197204590e-01 1.370577812194824219e-01 -5.622396618127822876e-02 -6.664901971817016602e-01 7.306469082832336426e-01
2.120524406433105469e+01 3.595567464828491211e+00 1.284759491682052612e-01 1.319437474012374878e-01 -7.521292567253112793e-02 -6.807272434234619141e-01 7.166200876235961914e-01
2.111962890625000000e+01 3.868022441864013672e+00 1.325356960296630859e-01 1.262946724891662598e-01 -9.314006567001342773e-02 -6.938570737838745117e-01 7.028064131736755371e-01
2.103354454040527344e+01 4.148564338684082031e+00 1.362451165914535522e-01 1.201184019446372986e-01 -1.096369698643684387e-01 -7.057499885559082031e-01 6.895421147346496582e-01
2.094716072082519531e+01 4.437194824218750000e+00 1.396173089742660522e-01 1.134263128042221069e-01 -1.243444308638572693e-01 -7.163051962852478027e-01 6.771852374076843262e-01
2.086024093627929688e+01 4.733806133270263672e+00 1.428015083074569702e-01 1.062314435839653015e-01 -1.369118541479110718e-01 -7.254444956779479980e-01 6.661083698272705078e-01
2.077365875244140625e+01 5.038715839385986328e+00 1.459249854087829590e-01 9.737657010555267334e-02 -1.456918269395828247e-01 -7.333633899688720703e-01 6.568636298179626465e-01
2.068971633911132812e+01 5.352376461029052734e+00 1.476565450429916382e-01 8.893136680126190186e-02 -1.526152938604354858e-01 -7.395597100257873535e-01 6.495006680488586426e-01
2.061086654663085938e+01 5.675180435180664062e+00 1.470614522695541382e-01 8.171938359737396240e-02 -1.583593189716339111e-01 -7.437196969985961914e-01 6.443021297454833984e-01
2.054885482788085938e+01 6.009450435638427734e+00 1.440878212451934814e-01 7.258585095405578613e-02 -1.590610295534133911e-01 -7.465544939041137695e-01 6.419401168823242188e-01
2.051865959167480469e+01 6.355484485626220703e+00 1.391384899616241455e-01 6.303372979164123535e-02 -1.565333306789398193e-01 -7.478159666061401367e-01 6.421023607254028320e-01
2.053094673156738281e+01 6.710443019866943359e+00 1.355432122945785522e-01 5.313443392515182495e-02 -1.510420441627502441e-01 -7.476020455360412598e-01 6.445572972297668457e-01
2.056959342956542969e+01 7.071403503417968750e+00 1.373492330312728882e-01 4.295637086033821106e-02 -1.428480595350265503e-01 -7.459800839424133301e-01 6.490476131439208984e-01
2.061427688598632812e+01 7.439471244812011719e+00 1.438143849372863770e-01 3.256795927882194519e-02 -1.322089880704879761e-01 -7.429983019828796387e-01 6.552966237068176270e-01
2.066091537475585938e+01 7.815115928649902344e+00 1.535046398639678955e-01 2.203780040144920349e-02 -1.193830966949462891e-01 -7.386948466300964355e-01 6.630173325538635254e-01
2.070932006835937500e+01 8.198393821716308594e+00 1.652123928070068359e-01 1.143547520041465759e-02 -1.046315953135490417e-01 -7.331073880195617676e-01 6.719188094139099121e-01
2.075949096679687500e+01 8.589347839355468750e+00 1.783065795898437500e-01 8.333846926689147949e-04 -8.821950852870941162e-02 -7.262814044952392578e-01 6.817123889923095703e-01
2.081151008605957031e+01 8.988016128540039062e+00 1.923553496599197388e-01 -9.694853797554969788e-03 -7.041817903518676758e-02 -7.182746529579162598e-01 6.921190619468688965e-01
2.086553382873535156e+01 9.394430160522460938e+00 2.069705128669738770e-01 -2.007290162146091461e-02 -5.150415003299713135e-02 -7.091648578643798828e-01 7.028723955154418945e-01
2.092198944091796875e+01 9.808593750000000000e+00 2.215936183929443359e-01 -3.022317774593830109e-02 -3.175988793373107910e-02 -6.990520954132080078e-01 7.137255668640136719e-01
2.098180198669433594e+01 1.023045158386230469e+01 2.350491285324096680e-01 -4.006678611040115356e-02 -1.147211249917745590e-02 -6.880624294281005859e-01 7.244536876678466797e-01
2.104552268981933594e+01 1.065999698638916016e+01 2.459075897932052612e-01 -4.952480643987655640e-02 9.069105610251426697e-03 -6.763482689857482910e-01 7.348591089248657227e-01
2.110123443603515625e+01 1.109873771667480469e+01 2.609518468379974365e-01 -5.851786956191062927e-02 2.957337908446788788e-02 -6.640900969505310059e-01 7.447719573974609375e-01
2.114189338684082031e+01 1.154701995849609375e+01 2.866323888301849365e-01 -6.696806102991104126e-02 4.975026845932006836e-02 -6.514943242073059082e-01 7.540525197982788086e-01
2.117647361755371094e+01 1.200395679473876953e+01 3.154998719692230225e-01 -7.479829341173171997e-02 6.931290775537490845e-02 -6.387920975685119629e-01 7.625913023948669434e-01
2.120672798156738281e+01 1.246958255767822266e+01 3.436306715011596680e-01 -8.193407207727432251e-02 8.797825127840042114e-02 -6.262357234954833984e-01 7.703086733818054199e-01
2.123145484924316406e+01 1.294405364990234375e+01 3.691265881061553955e-01 -8.830281347036361694e-02 1.054695546627044678e-01 -6.140966415405273438e-01 7.771512866020202637e-01
2.124727058410644531e+01 1.341328620910644531e+01 3.888232409954071045e-01 -9.383425116539001465e-02 1.215164363384246826e-01 -6.026598811149597168e-01 7.830899953842163086e-01
2.124900436401367188e+01 1.387719917297363281e+01 3.987286388874053955e-01 -9.845986962318420410e-02 1.358549445867538452e-01 -5.922210216522216797e-01 7.881138324737548828e-01
2.122283172607421875e+01 1.433442020416259766e+01 3.910003602504730225e-01 -1.021362617611885071e-01 1.482946872711181641e-01 -5.830224156379699707e-01 7.922510504722595215e-01
2.115250396728515625e+01 1.477987766265869141e+01 3.579437136650085449e-01 -1.003287136554718018e-01 1.556042879819869995e-01 -5.759787559509277344e-01 7.962222099304199219e-01
2.103560447692871094e+01 1.520737838745117188e+01 3.022985756397247314e-01 -9.687753021717071533e-02 1.607637256383895874e-01 -5.703585147857666016e-01 7.996629476547241211e-01
2.088822746276855469e+01 1.561758518218994141e+01 2.341580092906951904e-01 -9.385600686073303223e-02 1.653267741203308105e-01 -5.656528472900390625e-01 8.024305105209350586e-01
2.073546409606933594e+01 1.601887893676757812e+01 1.617071479558944702e-01 -9.122998267412185669e-02 1.693175435066223145e-01 -5.617491602897644043e-01 8.046405315399169922e-01
2.059598350524902344e+01 1.641870307922363281e+01 8.939300477504730225e-02 -8.896267414093017578e-02 1.727741658687591553e-01 -5.585367679595947266e-01 8.063941001892089844e-01
2.049407005310058594e+01 1.682408332824707031e+01 2.200622484087944031e-02 -8.701550215482711792e-02 1.757456213235855103e-01 -5.559054017066955566e-01 8.077815175056457520e-01
2.048237991333007812e+01 1.723701095581054688e+01 -2.945068292319774628e-02 -8.534924685955047607e-02 1.782886534929275513e-01 -5.537460446357727051e-01 8.088843822479248047e-01
2.058641242980957031e+01 1.763326835632324219e+01 -5.348754674196243286e-02 -8.392387628555297852e-02 1.804656088352203369e-01 -5.519512891769409180e-01 8.097769021987915039e-01
2.076707077026367188e+01 1.799615669250488281e+01 -3.764038160443305969e-02 -8.269973844289779663e-02 1.823424398899078369e-01 -5.504136085510253906e-01 8.105287551879882812e-01
2.088479423522949219e+01 1.832535552978515625e+01 1.266241371631622314e-01 -8.163736760616302490e-02 1.839872896671295166e-01 -5.490260124206542969e-01 8.112055659294128418e-01
2.093130111694335938e+01 1.863604927062988281e+01 3.646246194839477539e-01 -8.069813251495361328e-02 1.854695379734039307e-01 -5.476815104484558105e-01 8.118705153465270996e-01
2.096712303161621094e+01 1.893980789184570312e+01 6.033761501312255859e-01 -7.984432578086853027e-02 1.868589222431182861e-01 -5.462728738784790039e-01 8.125850558280944824e-01
2.082568550109863281e+01 1.907931900024414062e+01 6.315905451774597168e-01 -7.903955876827239990e-02 1.882252246141433716e-01 -5.446919202804565430e-01 8.134092092514038086e-01
2.058051490783691406e+01 1.899730110168457031e+01 3.581817448139190674e-01 -7.824879139661788940e-02 1.896381080150604248e-01 -5.428304076194763184e-01 8.144014477729797363e-01
2.034219741821289062e+01 1.891139411926269531e+01 8.336029201745986938e-02 -7.743906974792480469e-02 1.911668628454208374e-01 -5.405771732330322266e-01 8.156192302703857422e-01
2.008179664611816406e+01 1.883214759826660156e+01 -1.666674762964248657e-01 -7.657892256975173950e-02 1.928816437721252441e-01 -5.378206968307495117e-01 8.171175718307495117e-01
1.975636482238769531e+01 1.877855300903320312e+01 -3.266772329807281494e-01 -7.563908398151397705e-02 1.948536932468414307e-01 -5.344468355178833008e-01 8.189487457275390625e-01
1.939926910400390625e+01 1.875044822692871094e+01 -3.988476395606994629e-01 -7.459278404712677002e-02 1.971560418605804443e-01 -5.303388237953186035e-01 8.211613893508911133e-01
1.903855895996093750e+01 1.873502731323242188e+01 -4.275292754173278809e-01 -7.341548800468444824e-02 1.998654007911682129e-01 -5.253764986991882324e-01 8.237982392311096191e-01
1.867877006530761719e+01 1.872337341308593750e+01 -4.430023133754730225e-01 -7.091612368822097778e-02 2.023021876811981201e-01 -5.197603106498718262e-01 8.269788026809692383e-01
1.832131958007812500e+01 1.871691131591796875e+01 -4.366766214370727539e-01 -6.865485757589340210e-02 2.054370343685150146e-01 -5.131652951240539551e-01 8.305079340934753418e-01
1.796661186218261719e+01 1.871029090881347656e+01 -4.303301870822906494e-01 -6.661510467529296875e-02 2.091967165470123291e-01 -5.056835412979125977e-01 8.343160748481750488e-01
1.761504364013671875e+01 1.870511436462402344e+01 -4.121728539466857910e-01 -6.478069722652435303e-02 2.135078907012939453e-01 -4.974065423011779785e-01 8.383343815803527832e-01
1.726620483398437500e+01 1.869987487792968750e+01 -3.937860131263732910e-01 -6.313501298427581787e-02 2.182970046997070312e-01 -4.884281158447265625e-01 8.424954414367675781e-01
1.692035865783691406e+01 1.869388580322265625e+01 -3.711535632610321045e-01 -6.166237592697143555e-02 2.234915494918823242e-01 -4.788433909416198730e-01 8.467337489128112793e-01
1.657735633850097656e+01 1.868750000000000000e+01 -3.463464379310607910e-01 -6.034718453884124756e-02 2.290191948413848877e-01 -4.687504470348358154e-01 8.509885072708129883e-01
1.623711204528808594e+01 1.868011474609375000e+01 -3.208880424499511719e-01 -5.917394906282424927e-02 2.348088473081588745e-01 -4.582502543926239014e-01 8.552017211914062500e-01
1.589975070953369141e+01 1.867000007629394531e+01 -2.933068871498107910e-01 -5.812746286392211914e-02 2.407902330160140991e-01 -4.474464356899261475e-01 8.593211770057678223e-01
1.556503105163574219e+01 1.865995979309082031e+01 -2.659448087215423584e-01 -5.719351768493652344e-02 2.468949109315872192e-01 -4.364463090896606445e-01 8.632997870445251465e-01
1.523348617553710938e+01 1.864472389221191406e+01 -2.343572974205017090e-01 -5.635779350996017456e-02 2.530554831027984619e-01 -4.253599345684051514e-01 8.670961856842041016e-01
1.490454101562500000e+01 1.862958908081054688e+01 -2.029772847890853882e-01 -5.560661107301712036e-02 2.592065334320068359e-01 -4.143005013465881348e-01 8.706749677658081055e-01
1.457909870147705078e+01 1.860787963867187500e+01 -1.662011742591857910e-01 -5.492662638425827026e-02 2.652844190597534180e-01 -4.033845961093902588e-01 8.740069270133972168e-01
1.425632286071777344e+01 1.858542823791503906e+01 -1.288916021585464478e-01 -5.429415404796600342e-02 2.712223827838897705e-01 -3.927339017391204834e-01 8.770693540573120117e-01
1.393814659118652344e+01 1.855211257934570312e+01 -8.262817561626434326e-02 -5.355127900838851929e-02 2.768976092338562012e-01 -3.825154900550842285e-01 8.798533082008361816e-01
1.362403011322021484e+01 1.851319122314453125e+01 -3.175415098667144775e-02 -5.291850119829177856e-02 2.823558747768402100e-01 -3.727802932262420654e-01 8.823319077491760254e-01
1.331595420837402344e+01 1.846147346496582031e+01 2.969909645617008209e-02 -5.238119512796401978e-02 2.875365316867828369e-01 -3.636523783206939697e-01 8.844974637031555176e-01
1.301854705810546875e+01 1.838811874389648438e+01 1.070288047194480896e-01 -5.192057043313980103e-02 2.923789024353027344e-01 -3.552587628364562988e-01 8.863463997840881348e-01
1.273616886138916016e+01 1.828938865661621094e+01 2.004089355468750000e-01 -5.151413381099700928e-02 2.968229651451110840e-01 -3.477284908294677734e-01 8.878780007362365723e-01
1.248361778259277344e+01 1.814871597290039062e+01 3.141601383686065674e-01 -5.113662034273147583e-02 3.008092343807220459e-01 -3.411924242973327637e-01 8.890931010246276855e-01
1.227663803100585938e+01 1.795704841613769531e+01 4.393713176250457764e-01 -5.243227630853652954e-02 3.004949390888214111e-01 -3.369253873825073242e-01 8.907495737075805664e-01
1.210997772216796875e+01 1.772058677673339844e+01 5.409808158874511719e-01 -5.341599881649017334e-02 3.002294301986694336e-01 -3.335669636726379395e-01 8.920438289642333984e-01
1.192045593261718750e+01 1.747113227844238281e+01 5.779623389244079590e-01 -5.412271618843078613e-02 3.000192046165466309e-01 -3.310653567314147949e-01 8.930033445358276367e-01
1.170193576812744141e+01 1.723096656799316406e+01 5.617907643318176270e-01 -5.458386242389678955e-02 2.998677492141723633e-01 -3.293662071228027344e-01 8.936542272567749023e-01
1.145928478240966797e+01 1.700399589538574219e+01 5.240237116813659668e-01 -5.482640862464904785e-02 2.997759282588958740e-01 -3.284144997596740723e-01 8.940203189849853516e-01
1.119262409210205078e+01 1.678970146179199219e+01 4.931439161300659180e-01 -5.487428605556488037e-02 2.997423410415649414e-01 -3.281526863574981689e-01 8.941248059272766113e-01
1.090281677246093750e+01 1.658880233764648438e+01 4.913390874862670898e-01 -5.474775284528732300e-02 2.997638583183288574e-01 -3.285217881202697754e-01 8.939898014068603516e-01
1.059377193450927734e+01 1.640237998962402344e+01 5.170800685882568359e-01 -5.446486920118331909e-02 2.998355329036712646e-01 -3.294621109962463379e-01 8.936368823051452637e-01
1.026669692993164062e+01 1.623528671264648438e+01 5.692590475082397461e-01 -5.404137074947357178e-02 2.999513745307922363e-01 -3.309125304222106934e-01 8.930877447128295898e-01
9.917167663574218750e+00 1.612186431884765625e+01 6.615649461746215820e-01 -5.349134653806686401e-02 3.001047670841217041e-01 -3.328112661838531494e-01 8.923633694648742676e-01
9.540205001831054688e+00 1.615051651000976562e+01 7.285723686218261719e-01 -5.282734334468841553e-02 3.002877533435821533e-01 -3.350963890552520752e-01 8.914858102798461914e-01
9.170822143554687500e+00 1.628603553771972656e+01 6.865332126617431641e-01 -5.206153541803359985e-02 3.004922270774841309e-01 -3.377054929733276367e-01 8.904768228530883789e-01
8.846313476562500000e+00 1.653289604187011719e+01 6.880517601966857910e-01 -5.120491981506347656e-02 3.007099926471710205e-01 -3.405764698982238770e-01 8.893588781356811523e-01
8.535610198974609375e+00 1.681117057800292969e+01 7.053518295288085938e-01 -5.026983469724655151e-02 3.009329438209533691e-01 -3.436474204063415527e-01 8.881546258926391602e-01
8.200549125671386719e+00 1.707031440734863281e+01 7.009823322296142578e-01 -4.921006411314010620e-02 3.011303842067718506e-01 -3.468765914440155029e-01 8.868908286094665527e-01
7.799519062042236328e+00 1.720808601379394531e+01 6.136984229087829590e-01 -4.960038512945175171e-02 2.983330488204956055e-01 -3.510897159576416016e-01 8.861564397811889648e-01
7.385825157165527344e+00 1.731710243225097656e+01 5.087969899177551270e-01 -5.061548203229904175e-02 2.943533658981323242e-01 -3.556661009788513184e-01 8.856047391891479492e-01
6.964899539947509766e+00 1.742190361022949219e+01 3.994888365268707275e-01 -5.188776552677154541e-02 2.899653613567352295e-01 -3.603071868419647217e-01 8.851024508476257324e-01
6.537250995635986328e+00 1.752602767944335938e+01 2.875182926654815674e-01 -5.343458801507949829e-02 2.851754426956176758e-01 -3.649482131004333496e-01 8.846651911735534668e-01
6.103024959564208984e+00 1.763061714172363281e+01 1.734429895877838135e-01 -5.527129024267196655e-02 2.799896001815795898e-01 -3.695250749588012695e-01 8.843088746070861816e-01
5.661550045013427734e+00 1.773391151428222656e+01 5.822845175862312317e-02 -5.725158005952835083e-02 2.743626534938812256e-01 -3.740233778953552246e-01 8.840553760528564453e-01
5.213234901428222656e+00 1.783727836608886719e+01 -5.834228545427322388e-02 -5.942568928003311157e-02 2.683998346328735352e-01 -3.783638775348663330e-01 8.838952779769897461e-01
4.756945610046386719e+00 1.793697166442871094e+01 -1.750512719154357910e-01 -6.173024326562881470e-02 2.621772885322570801e-01 -3.825039267539978027e-01 8.838230967521667480e-01
4.293493747711181641e+00 1.803559303283691406e+01 -2.926092445850372314e-01 -6.410257518291473389e-02 2.557719051837921143e-01 -3.864014446735382080e-01 8.838356733322143555e-01
3.821977376937866211e+00 1.813005256652832031e+01 -4.099651873111724854e-01 -6.648035347461700439e-02 2.492618411779403687e-01 -3.900156319141387939e-01 8.839324712753295898e-01
3.345654249191284180e+00 1.821993446350097656e+01 -5.263171195983886719e-01 -6.880136579275131226e-02 2.427254319190979004e-01 -3.933070302009582520e-01 8.841155767440795898e-01
2.872668504714965820e+00 1.830331420898437500e+01 -6.395214796066284180e-01 -7.100338488817214966e-02 2.362419515848159790e-01 -3.962369859218597412e-01 8.843893408775329590e-01
2.402312040328979492e+00 1.837664222717285156e+01 -7.481579184532165527e-01 -7.302426546812057495e-02 2.298912107944488525e-01 -3.987683653831481934e-01 8.847606182098388672e-01
1.935573697090148926e+00 1.844386482238769531e+01 -8.537383675575256348e-01 -7.480274140834808350e-02 2.237535566091537476e-01 -4.008648097515106201e-01 8.852379918098449707e-01
1.470488190650939941e+00 1.849432754516601562e+01 -9.520275592803955078e-01 -7.627706229686737061e-02 2.179093658924102783e-01 -4.024907350540161133e-01 8.858320713043212891e-01
1.009348154067993164e+00 1.853871345520019531e+01 -1.047203898429870605e+00 -7.738590985536575317e-02 2.124396115541458130e-01 -4.036106467247009277e-01 8.865547180175781250e-01
5.491796731948852539e-01 1.855469131469726562e+01 -1.130177617073059082e+00 -7.806823402643203735e-02 2.074249386787414551e-01 -4.041903913021087646e-01 8.874177932739257812e-01
9.300170838832855225e-02 1.854931449890136719e+01 -1.203445434570312500e+00 -7.826260477304458618e-02 2.029459476470947266e-01 -4.041947722434997559e-01 8.884336948394775391e-01
-3.664208948612213135e-01 1.851266479492187500e+01 -1.264064908027648926e+00 -7.790791988372802734e-02 1.990829408168792725e-01 -4.035887420177459717e-01 8.896136283874511719e-01
-8.238989114761352539e-01 1.842357254028320312e+01 -1.303147554397583008e+00 -7.694277167320251465e-02 1.959156095981597900e-01 -4.023361504077911377e-01 8.909670710563659668e-01
-1.267960190773010254e+00 1.827028465270996094e+01 -1.315673828125000000e+00 -7.530529797077178955e-02 1.935227513313293457e-01 -4.003998339176177979e-01 8.925009965896606445e-01
-1.679405450820922852e+00 1.803993797302246094e+01 -1.296167612075805664e+00 -7.293360680341720581e-02 1.919824481010437012e-01 -3.977404236793518066e-01 8.942180871963500977e-01
-2.036026477813720703e+00 1.773149299621582031e+01 -1.244928598403930664e+00 -6.976462900638580322e-02 1.913709938526153564e-01 -3.943167328834533691e-01 8.961161971092224121e-01
-2.333134651184082031e+00 1.736509895324707031e+01 -1.173008441925048828e+00 -6.573564559221267700e-02 1.917636096477508545e-01 -3.900839984416961670e-01 8.981871008872985840e-01
-2.580035448074340820e+00 1.696066665649414062e+01 -1.093416690826416016e+00 -6.078283116221427917e-02 1.932330727577209473e-01 -3.849947452545166016e-01 9.004141092300415039e-01
-2.791965246200561523e+00 1.653226089477539062e+01 -1.020331382751464844e+00 -5.487614125013351440e-02 1.958110928535461426e-01 -3.790235221385955811e-01 9.027667045593261719e-01
-2.983066320419311523e+00 1.609003639221191406e+01 -9.541064500808715820e-01 -4.812494665384292603e-02 1.993727684020996094e-01 -3.722466826438903809e-01 9.051889181137084961e-01
-3.162066698074340820e+00 1.563913154602050781e+01 -8.929223418235778809e-01 -4.067396372556686401e-02 2.037545591592788696e-01 -3.647683262825012207e-01 9.076198339462280273e-01
-3.336867570877075195e+00 1.518329811096191406e+01 -8.351879715919494629e-01 -3.266843408346176147e-02 2.087931036949157715e-01 -3.566938042640686035e-01 9.100042581558227539e-01
-3.515676259994506836e+00 1.472606945037841797e+01 -7.791125178337097168e-01 -2.425471693277359009e-02 2.143266499042510986e-01 -3.481324315071105957e-01 9.122936129570007324e-01
-3.704189300537109375e+00 1.427006340026855469e+01 -7.230419516563415527e-01 -1.557956635951995850e-02 2.201952040195465088e-01 -3.391988277435302734e-01 9.144482016563415527e-01
-3.906399965286254883e+00 1.381741428375244141e+01 -6.659283041954040527e-01 -6.790839135646820068e-03 2.262410372495651245e-01 -3.300104439258575439e-01 9.164398908615112305e-01
-4.121257305145263672e+00 1.337251758575439453e+01 -6.078704595565795898e-01 1.963607966899871826e-03 2.323091626167297363e-01 -3.206903338432312012e-01 9.182517528533935547e-01
-4.346922397613525391e+00 1.293490314483642578e+01 -5.490289330482482910e-01 1.053585857152938843e-02 2.382479310035705566e-01 -3.113661110401153564e-01 9.198793172836303711e-01
-4.582370281219482422e+00 1.250438690185546875e+01 -4.894836246967315674e-01 1.877778396010398865e-02 2.439086139202117920e-01 -3.021693229675292969e-01 9.213303923606872559e-01
-4.827175140380859375e+00 1.208104991912841797e+01 -4.292608499526977539e-01 2.654199674725532532e-02 2.491462081670761108e-01 -2.932353317737579346e-01 9.226238131523132324e-01
-5.081401348114013672e+00 1.166525650024414062e+01 -3.683428764343261719e-01 3.368131443858146667e-02 2.538186311721801758e-01 -2.847020924091339111e-01 9.237891435623168945e-01
-5.345621109008789062e+00 1.125771808624267578e+01 -3.066772520542144775e-01 4.005003720521926880e-02 2.577866017818450928e-01 -2.767103016376495361e-01 9.248640537261962891e-01
-5.621050834655761719e+00 1.085969734191894531e+01 -2.441387921571731567e-01 4.423265904188156128e-02 2.568208575248718262e-01 -2.698693573474884033e-01 9.269611835479736328e-01
-5.909595966339111328e+00 1.047316837310791016e+01 -1.806530654430389404e-01 4.766020923852920532e-02 2.556056380271911621e-01 -2.637107968330383301e-01 9.288976192474365234e-01
-6.215484619140625000e+00 1.010216331481933594e+01 -1.176467835903167725e-01 5.034771934151649475e-02 2.546902000904083252e-01 -2.583377063274383545e-01 9.305157661437988281e-01
-6.546528339385986328e+00 9.749063491821289062e+00 -5.799865722656250000e-02 5.214280635118484497e-02 2.540896534919738770e-01 -2.539131939411163330e-01 9.317980408668518066e-01
-6.907082557678222656e+00 9.420681953430175781e+00 -6.073303055018186569e-03 5.290471017360687256e-02 2.538171410560607910e-01 -2.505876719951629639e-01 9.327291846275329590e-01
-7.295961856842041016e+00 9.120018005371093750e+00 3.483917191624641418e-02 5.251401662826538086e-02 2.538866400718688965e-01 -2.484896034002304077e-01 9.332935810089111328e-01
-7.706957817077636719e+00 8.843769073486328125e+00 6.452026218175888062e-02 5.087919905781745911e-02 2.543152570724487305e-01 -2.477174699306488037e-01 9.334726333618164062e-01
-8.135320663452148438e+00 8.588450431823730469e+00 8.354125916957855225e-02 4.591613635420799255e-02 2.477023452520370483e-01 -2.489832341670989990e-01 9.351698160171508789e-01
-8.565852165222167969e+00 8.355142593383789062e+00 9.322082251310348511e-02 3.918744623661041260e-02 2.394030690193176270e-01 -2.516801059246063232e-01 9.369139671325683594e-01
-8.995184898376464844e+00 8.139383316040039062e+00 9.539642184972763062e-02 3.086145222187042236e-02 2.295710891485214233e-01 -2.556198239326477051e-01 9.386177062988281250e-01
-9.420969009399414062e+00 7.937780380249023438e+00 9.020873904228210449e-02 2.110696211457252502e-02 2.183604985475540161e-01 -2.606121599674224854e-01 9.401885867118835449e-01
-9.840263366699218750e+00 7.744657993316650391e+00 8.066771924495697021e-02 1.009495183825492859e-02 2.059273570775985718e-01 -2.664657235145568848e-01 9.415349364280700684e-01
-1.025245952606201172e+01 7.558786392211914062e+00 6.759735196828842163e-02 -2.001494169235229492e-03 1.924315541982650757e-01 -2.729909420013427734e-01 9.425720572471618652e-01
-1.065733242034912109e+01 7.380207538604736328e+00 4.827423021197319031e-02 -1.500729843974113464e-02 1.780378520488739014e-01 -2.799991965293884277e-01 9.432273507118225098e-01
-1.105371093750000000e+01 7.206342697143554688e+00 2.492340095341205597e-02 -2.874520421028137207e-02 1.629165560007095337e-01 -2.873066663742065430e-01 9.434441924095153809e-01
-1.144155979156494141e+01 7.036990642547607422e+00 -1.291809021495282650e-03 -4.303627833724021912e-02 1.472436040639877319e-01 -2.947340011596679688e-01 9.431856274604797363e-01
-1.181963825225830078e+01 6.870672225952148438e+00 -3.603271394968032837e-02 -5.770086124539375305e-02 1.312004327774047852e-01 -3.021086156368255615e-01 9.424369931221008301e-01
-1.218791389465332031e+01 6.706852912902832031e+00 -7.497008889913558960e-02 -7.255914807319641113e-02 1.149732992053031921e-01 -3.092653453350067139e-01 9.412072896957397461e-01
-1.254609680175781250e+01 6.545198917388916016e+00 -1.191873177886009216e-01 -8.743245154619216919e-02 9.875259548425674438e-02 -3.160470724105834961e-01 9.395306706428527832e-01
-1.289091396331787109e+01 6.381757736206054688e+00 -1.761187762022018433e-01 -1.021440997719764709e-01 8.273170888423919678e-02 -3.223057985305786133e-01 9.374653100967407227e-01
-1.322177600860595703e+01 6.216436862945556641e+00 -2.438116371631622314e-01 -1.165205240249633789e-01 6.710606813430786133e-02 -3.279020786285400391e-01 9.350935220718383789e-01
-1.353649997711181641e+01 6.047444820404052734e+00 -3.252337574958801270e-01 -1.303909868001937866e-01 5.207173898816108704e-02 -3.327066302299499512e-01 9.325196743011474609e-01
-1.383255481719970703e+01 5.873334884643554688e+00 -4.218121170997619629e-01 -1.435897052288055420e-01 3.782454878091812134e-02 -3.365972936153411865e-01 9.298675060272216797e-01
-1.410787677764892578e+01 5.692995548248291016e+00 -5.322375297546386719e-01 -1.559548527002334595e-01 2.455940470099449158e-02 -3.394595384597778320e-01 9.272767305374145508e-01
-1.436269474029541016e+01 5.505757808685302734e+00 -6.505120992660522461e-01 -1.673289537429809570e-01 1.246901601552963257e-02 -3.411845862865447998e-01 9.248992204666137695e-01
-1.460182571411132812e+01 5.311635494232177734e+00 -7.636999487876892090e-01 -1.775582432746887207e-01 1.743517816066741943e-03 -3.416669666767120361e-01 9.228942990303039551e-01
-1.483950138092041016e+01 5.112492561340332031e+00 -8.349029421806335449e-01 -1.864920258522033691e-01 -7.428143173456192017e-03 -3.408022820949554443e-01 9.214224815368652344e-01
-1.508647537231445312e+01 4.928586483001708984e+00 -8.252105712890625000e-01 -1.893118917942047119e-01 -1.663327217102050781e-02 -3.384399116039276123e-01 9.215978980064392090e-01
-1.532924747467041016e+01 4.771201133728027344e+00 -7.463330030441284180e-01 -1.913115978240966797e-01 -2.393374964594841003e-02 -3.346785306930541992e-01 9.223975539207458496e-01
-1.555812740325927734e+01 4.638092994689941406e+00 -6.266058087348937988e-01 -1.925415396690368652e-01 -2.939779311418533325e-02 -3.296529650688171387e-01 9.237923622131347656e-01
-1.577362918853759766e+01 4.521042346954345703e+00 -4.891656339168548584e-01 -1.930630952119827271e-01 -3.309463337063789368e-02 -3.234844803810119629e-01 9.257371425628662109e-01
-1.597765922546386719e+01 4.415434360504150391e+00 -3.442547619342803955e-01 -1.929456740617752075e-01 -3.509599715471267700e-02 -3.162813186645507812e-01 9.281736016273498535e-01
-1.617784118652343750e+01 4.311477184295654297e+00 -2.111486792564392090e-01 -1.922639012336730957e-01 -3.547562658786773682e-02 -3.081419467926025391e-01 9.310340881347656250e-01
-1.638783454895019531e+01 4.200891017913818359e+00 -1.283630281686782837e-01 -1.910954266786575317e-01 -3.431076556444168091e-02 -2.991564273834228516e-01 9.342433810234069824e-01
-1.660056304931640625e+01 4.088995456695556641e+00 -9.580810368061065674e-02 -1.895186454057693481e-01 -3.168186545372009277e-02 -2.894060611724853516e-01 9.377222657203674316e-01
-1.680621910095214844e+01 3.981271982192993164e+00 -7.548553496599197388e-02 -1.876113861799240112e-01 -2.767359837889671326e-02 -2.789668738842010498e-01 9.413891434669494629e-01
-1.700355148315429688e+01 3.877895355224609375e+00 -5.839202925562858582e-02 -1.854492872953414917e-01 -2.237449958920478821e-02 -2.679091095924377441e-01 9.451627731323242188e-01
-1.719241714477539062e+01 3.778837919235229492e+00 -4.329193010926246643e-02 -1.831046938896179199e-01 -1.587665826082229614e-02 -2.562999129295349121e-01 9.489631056785583496e-01
-1.737276649475097656e+01 3.684091806411743164e+00 -2.958373911678791046e-02 -1.806458979845046997e-01 -8.276164531707763672e-03 -2.442030757665634155e-01 9.527137279510498047e-01
-1.754677009582519531e+01 3.597986936569213867e+00 -1.793609559535980225e-02 -1.781362891197204590e-01 3.284178674221038818e-04 -2.316819876432418823e-01 9.563423991203308105e-01
-1.771531486511230469e+01 3.522946596145629883e+00 -8.686522953212261200e-03 -1.756338924169540405e-01 9.835707023739814758e-03 -2.187996357679367065e-01 9.597826600074768066e-01
-1.787806892395019531e+01 3.459191799163818359e+00 -1.743469154462218285e-03 -1.731907278299331665e-01 2.014336362481117249e-02 -2.056200206279754639e-01 9.629743099212646484e-01
-1.803416252136230469e+01 3.405040264129638672e+00 3.343505784869194031e-03 -1.708525717258453369e-01 3.114825487136840820e-02 -1.922095417976379395e-01 9.658647179603576660e-01
-1.818458175659179688e+01 3.365303993225097656e+00 5.559387151151895523e-03 -1.686583757400512695e-01 4.274787008762359619e-02 -1.786376833915710449e-01 9.684087634086608887e-01
-1.832649612426757812e+01 3.331292629241943359e+00 6.731872446835041046e-03 -1.666400879621505737e-01 5.484091490507125854e-02 -1.649781167507171631e-01 9.705698490142822266e-01
-1.846014976501464844e+01 3.303974628448486328e+00 6.607360672205686569e-03 -1.648222506046295166e-01 6.732876598834991455e-02 -1.513094305992126465e-01 9.723199009895324707e-01
-1.858486175537109375e+01 3.280689716339111328e+00 5.716857966035604477e-03 -1.632214933633804321e-01 8.011656999588012695e-02 -1.377160400152206421e-01 9.736397266387939453e-01
-1.870091629028320312e+01 3.261188983917236328e+00 2.996520837768912315e-03 -1.574994772672653198e-01 9.255392104387283325e-02 -1.246920451521873474e-01 9.752331376075744629e-01
-1.880775260925292969e+01 3.243593692779541016e+00 1.281738223042339087e-04 -1.518466323614120483e-01 1.051834225654602051e-01 -1.119955256581306458e-01 9.763892889022827148e-01
-1.891301918029785156e+01 3.228321552276611328e+00 -3.816223004832863808e-03 -1.462871730327606201e-01 1.178957000374794006e-01 -9.966561198234558105e-02 9.771220088005065918e-01
-1.901647758483886719e+01 3.213418006896972656e+00 -7.767333649098873138e-03 -1.408469378948211670e-01 1.305822879076004028e-01 -8.774077147245407104e-02 9.774518013000488281e-01
-1.911817169189453125e+01 3.199309110641479492e+00 -1.250244118273258209e-02 -1.355523765087127686e-01 1.431360244750976562e-01 -7.625988125801086426e-02 9.774057865142822266e-01
-1.921809577941894531e+01 3.185761690139770508e+00 -1.759094186127185822e-02 -1.304301768541336060e-01 1.554509103298187256e-01 -6.526219844818115234e-02 9.770178198814392090e-01
-1.931625747680664062e+01 3.172715902328491211e+00 -2.291503921151161194e-02 -1.255082488059997559e-01 1.674226820468902588e-01 -5.478606373071670532e-02 9.763276576995849609e-01
-1.941268730163574219e+01 3.160695791244506836e+00 -2.943389862775802612e-02 -1.208143681287765503e-01 1.789487749338150024e-01 -4.487030953168869019e-02 9.753808975219726562e-01
-1.950736808776855469e+01 3.148984193801879883e+00 -3.582855314016342163e-02 -1.163766160607337952e-01 1.899283528327941895e-01 -3.555317595601081848e-02 9.742277264595031738e-01
-1.960030174255371094e+01 3.138416767120361328e+00 -4.361846670508384705e-02 -1.122242808341979980e-01 2.002622932195663452e-01 -2.687167935073375702e-02 9.729226827621459961e-01
-1.969149780273437500e+01 3.128416776657104492e+00 -5.174499377608299255e-02 -1.083852201700210571e-01 2.098529934883117676e-01 -1.886373758316040039e-02 9.715238213539123535e-01
-1.978092575073242188e+01 3.119252920150756836e+00 -6.068633869290351868e-02 -1.048883944749832153e-01 2.186044156551361084e-01 -1.156535930931568146e-02 9.700911045074462891e-01
-1.986856842041015625e+01 3.111278057098388672e+00 -7.107543945312500000e-02 -1.017617881298065186e-01 2.264216989278793335e-01 -5.013253539800643921e-03 9.686859846115112305e-01
-1.995444869995117188e+01 3.103795051574707031e+00 -8.164062350988388062e-02 -9.903430938720703125e-02 2.332106530666351318e-01 7.574670016765594482e-04 9.673697948455810547e-01
-2.003834152221679688e+01 3.098336219787597656e+00 -9.511199593544006348e-02 -9.673316031694412231e-02 2.388775348663330078e-01 5.711503326892852783e-03 9.662026166915893555e-01
-2.012047386169433594e+01 3.093226194381713867e+00 -1.084854081273078918e-01 -9.488643705844879150e-02 2.433283329010009766e-01 9.813917800784111023e-03 9.652416706085205078e-01
-2.020763778686523438e+01 3.090950965881347656e+00 -1.281036287546157837e-01 -9.352034330368041992e-02 2.464686483144760132e-01 1.303042378276586533e-02 9.645399451255798340e-01
-2.029991531372070312e+01 3.090195178985595703e+00 -1.515734791755676270e-01 -9.266140311956405640e-02 2.482023239135742188e-01 1.532659493386745453e-02 9.641445279121398926e-01
-2.039646720886230469e+01 3.092794179916381836e+00 -1.820428371429443359e-01 -9.233486652374267578e-02 2.484316676855087280e-01 1.666839048266410828e-02 9.640944600105285645e-01
-2.049499893188476562e+01 3.101099729537963867e+00 -2.232440114021301270e-01 -9.256482869386672974e-02 2.470560967922210693e-01 1.702182739973068237e-02 9.644196033477783203e-01
-2.059506797790527344e+01 3.114404201507568359e+00 -2.737609744071960449e-01 -9.336603432893753052e-02 2.440075129270553589e-01 1.636977493762969971e-02 9.651296138763427734e-01
-2.069562530517578125e+01 3.133147001266479492e+00 -3.341540396213531494e-01 -9.471534937620162964e-02 2.393575161695480347e-01 1.475989166647195816e-02 9.661879539489746094e-01
-2.079612541198730469e+01 3.157171487808227539e+00 -4.040197730064392090e-01 -9.658048301935195923e-02 2.332108169794082642e-01 1.225660927593708038e-02 9.675405621528625488e-01
-2.089477920532226562e+01 3.187073945999145508e+00 -4.840301275253295898e-01 -9.892762452363967896e-02 2.256712615489959717e-01 8.923588320612907410e-03 9.691264033317565918e-01
-2.099458122253417969e+01 3.220453977584838867e+00 -5.705474615097045898e-01 -1.017229855060577393e-01 2.168419510126113892e-01 4.825677722692489624e-03 9.708803892135620117e-01
-2.109616470336914062e+01 3.256875038146972656e+00 -6.629492044448852539e-01 -1.049321666359901428e-01 2.068260014057159424e-01 2.777576446533203125e-05 9.727344512939453125e-01
-2.119885635375976562e+01 3.296633243560791016e+00 -7.616375684738159180e-01 -1.085203140974044800e-01 1.957276910543441772e-01 -5.405111238360404968e-03 9.746202826499938965e-01
-2.130393600463867188e+01 3.338904857635498047e+00 -8.654937744140625000e-01 -1.124523058533668518e-01 1.836522966623306274e-01 -1.140730082988739014e-02 9.764713644981384277e-01
-2.141167831420898438e+01 3.383546113967895508e+00 -9.743170142173767090e-01 -1.166931390762329102e-01 1.707068532705307007e-01 -1.791223511099815369e-02 9.782233238220214844e-01
-2.152084732055664062e+01 3.431108236312866211e+00 -1.088991045951843262e+00 -1.212082505226135254e-01 1.570005118846893311e-01 -2.485325559973716736e-02 9.798172116279602051e-01
-2.163300323486328125e+01 3.480795860290527344e+00 -1.208350777626037598e+00 -1.259626001119613647e-01 1.426443606615066528e-01 -3.216312080621719360e-02 9.811990261077880859e-01
-2.174674797058105469e+01 3.533231019973754883e+00 -1.333394765853881836e+00 -1.309223324060440063e-01 1.277517229318618774e-01 -3.977407142519950867e-02 9.823221564292907715e-01
-2.186262130737304688e+01 3.588110208511352539e+00 -1.463705420494079590e+00 -1.360541284084320068e-01 1.124381944537162781e-01 -4.761833697557449341e-02 9.831476807594299316e-01
-2.198079872131347656e+01 3.645350217819213867e+00 -1.599166274070739746e+00 -1.413248479366302490e-01 9.682076424360275269e-02 -5.562812834978103638e-02 9.836456179618835449e-01
-2.209947395324707031e+01 3.705607891082763672e+00 -1.740941762924194336e+00 -1.467034220695495605e-01 8.101851493120193481e-02 -6.373536586761474609e-02 9.837946295738220215e-01
-2.221987915039062500e+01 3.768343448638916016e+00 -1.888165831565856934e+00 -1.521589457988739014e-01 6.515171378850936890e-02 -7.187315076589584351e-02 9.835838675498962402e-01
-2.234126663208007812e+01 3.833813428878784180e+00 -2.041307926177978516e+00 -1.576623618602752686e-01 4.934139177203178406e-02 -7.997457683086395264e-02 9.830117821693420410e-01
-2.246132850646972656e+01 3.902713537216186523e+00 -2.201680898666381836e+00 -1.631859689950942993e-01 3.370958194136619568e-02 -8.797369897365570068e-02 9.820869565010070801e-01
-2.258032989501953125e+01 3.974832773208618164e+00 -2.368957519531250000e+00 -1.687035709619522095e-01 1.837805658578872681e-02 -9.580570459365844727e-02 9.808275103569030762e-01
-2.269720840454101562e+01 4.050468444824218750e+00 -2.543586969375610352e+00 -1.741907894611358643e-01 3.468708135187625885e-03 -1.034068018198013306e-01 9.792611598968505859e-01
-2.281110763549804688e+01 4.129540920257568359e+00 -2.726695537567138672e+00 -1.757919937372207642e-01 -1.134104654192924500e-02 -1.106751784682273865e-01 9.781203866004943848e-01
-2.292126464843750000e+01 4.212653636932373047e+00 -2.917357683181762695e+00 -1.774197220802307129e-01 -2.558609843254089355e-02 -1.175076663494110107e-01 9.767597317695617676e-01
-2.302723312377929688e+01 4.300143718719482422e+00 -3.115378379821777344e+00 -1.790497452020645142e-01 -3.919649869203567505e-02 -1.238829642534255981e-01 9.752218723297119141e-01
-2.312853622436523438e+01 4.392822265625000000e+00 -3.320338010787963867e+00 -1.806579232215881348e-01 -5.210117995738983154e-02 -1.297835707664489746e-01 9.735524058341979980e-01
-2.322594261169433594e+01 4.493546009063720703e+00 -3.530241727828979492e+00 -1.822206228971481323e-01 -6.422983855009078979e-02 -1.351952403783798218e-01 9.717985391616821289e-01
-2.320408630371093750e+01 4.647470474243164062e+00 -3.567505359649658203e+00 -1.837148368358612061e-01 -7.551258057355880737e-02 -1.401056051254272461e-01 9.700087904930114746e-01
-2.304720115661621094e+01 4.762623310089111328e+00 -3.392144203186035156e+00 -1.851186603307723999e-01 -8.587943762540817261e-02 -1.445053219795227051e-01 9.682323932647705078e-01
-2.288306999206542969e+01 4.877760887145996094e+00 -3.214531183242797852e+00 -1.864112764596939087e-01 -9.526168555021286011e-02 -1.483853161334991455e-01 9.665184020996093750e-01
-2.271321678161621094e+01 4.996009349822998047e+00 -3.035430908203125000e+00 -1.875731498003005981e-01 -1.035908907651901245e-01 -1.517378091812133789e-01 9.649148583412170410e-01
-2.253801155090332031e+01 5.116668701171875000e+00 -2.854060649871826172e+00 -1.885861307382583618e-01 -1.107998043298721313e-01 -1.545538604259490967e-01 9.634686112403869629e-01
-2.235726547241210938e+01 5.239372253417968750e+00 -2.670382738113403320e+00 -1.894333958625793457e-01 -1.168218925595283508e-01 -1.568238288164138794e-01 9.622234106063842773e-01
-2.217054176330566406e+01 5.363726615905761719e+00 -2.484594583511352539e+00 -1.900995522737503052e-01 -1.215915679931640625e-01 -1.585358232259750366e-01 9.612200856208801270e-01
-2.197702407836914062e+01 5.489161491394042969e+00 -2.297189950942993164e+00 -1.905703246593475342e-01 -1.250440627336502075e-01 -1.596731841564178467e-01 9.604954123497009277e-01
-2.177427864074707031e+01 5.614157676696777344e+00 -2.109843015670776367e+00 -1.908330619335174561e-01 -1.271167099475860596e-01 -1.602158397436141968e-01 9.600806832313537598e-01
-2.155607604980468750e+01 5.736458778381347656e+00 -1.928673028945922852e+00 -1.908762454986572266e-01 -1.277478188276290894e-01 -1.601359695196151733e-01 9.600016474723815918e-01
-2.130498313903808594e+01 5.856482982635498047e+00 -1.782513380050659180e+00 -1.906900107860565186e-01 -1.268777549266815186e-01 -1.593989133834838867e-01 9.602766633033752441e-01
-2.102248001098632812e+01 5.977966308593750000e+00 -1.692348599433898926e+00 -1.902662515640258789e-01 -1.244492977857589722e-01 -1.579600274562835693e-01 9.609161615371704102e-01
-2.072563934326171875e+01 6.104202747344970703e+00 -1.640350341796875000e+00 -1.895993947982788086e-01 -1.204089522361755371e-01 -1.557641625404357910e-01 9.619205594062805176e-01
-2.042235183715820312e+01 6.235771179199218750e+00 -1.602355360984802246e+00 -1.886870414018630981e-01 -1.147062107920646667e-01 -1.527441889047622681e-01 9.632803201675415039e-01
-2.011309242248535156e+01 6.370522499084472656e+00 -1.571132779121398926e+00 -1.875311881303787231e-01 -1.072973087430000305e-01 -1.488179713487625122e-01 9.649727344512939453e-01
-1.980273818969726562e+01 6.503044128417968750e+00 -1.545783042907714844e+00 -1.783593893051147461e-01 -9.933627396821975708e-02 -1.431069225072860718e-01 9.684217572212219238e-01
-1.949127578735351562e+01 6.632862567901611328e+00 -1.523008942604064941e+00 -1.679016649723052979e-01 -8.987248688936233521e-02 -1.364264488220214844e-01 9.721727371215820312e-01
-1.917830085754394531e+01 6.758724212646484375e+00 -1.501944541931152344e+00 -1.562785655260086060e-01 -7.904630899429321289e-02 -1.288195550441741943e-01 9.760810732841491699e-01
-1.886347579956054688e+01 6.879418849945068359e+00 -1.481854796409606934e+00 -1.436131000518798828e-01 -6.700050830841064453e-02 -1.203318014740943909e-01 9.800032973289489746e-01
-1.854629135131835938e+01 6.993169784545898438e+00 -1.462137460708618164e+00 -1.300316452980041504e-01 -5.388129875063896179e-02 -1.110107600688934326e-01 9.838013648986816406e-01
-1.822603416442871094e+01 7.097132205963134766e+00 -1.442113041877746582e+00 -1.156645193696022034e-01 -3.983738645911216736e-02 -1.009071767330169678e-01 9.873461723327636719e-01
-1.790158462524414062e+01 7.185945987701416016e+00 -1.420762300491333008e+00 -1.006459742784500122e-01 -2.502094581723213196e-02 -9.007553756237030029e-02 9.905204772949218750e-01
-1.757299804687500000e+01 7.255988597869873047e+00 -1.397068500518798828e+00 -8.511375635862350464e-02 -9.587013162672519684e-03 -7.857309281826019287e-02 9.932220578193664551e-01
-1.724196052551269531e+01 7.310100078582763672e+00 -1.370446801185607910e+00 -6.920970976352691650e-02 6.307356990873813629e-03 -6.646152585744857788e-02 9.953657388687133789e-01
-1.690983581542968750e+01 7.351120471954345703e+00 -1.339183926582336426e+00 -5.307932570576667786e-02 2.250263281166553497e-02 -5.380525439977645874e-02 9.968857765197753906e-01
-1.657867240905761719e+01 7.390201091766357422e+00 -1.301383018493652344e+00 -3.686946630477905273e-02 3.883866220712661743e-02 -4.067189246416091919e-02 9.977363944053649902e-01
-1.625254631042480469e+01 7.449877738952636719e+00 -1.254796743392944336e+00 -2.072983048856258392e-02 5.515528097748756409e-02 -2.713160216808319092e-02 9.978938102722167969e-01
-1.593458175659179688e+01 7.540694236755371094e+00 -1.205778121948242188e+00 -4.810104146599769592e-03 7.129297405481338501e-02 -1.325602084398269653e-02 9.973558187484741211e-01
-1.562159156799316406e+01 7.649533748626708984e+00 -1.164110064506530762e+00 1.073950901627540588e-02 8.709412813186645508e-02 8.817407651804387569e-04 9.961418509483337402e-01
-1.530971908569335938e+01 7.764222145080566406e+00 -1.133527755737304688e+00 2.577001973986625671e-02 1.024036183953285217e-01 1.520852278918027878e-02 9.942927956581115723e-01
-1.499732017517089844e+01 7.878415584564208984e+00 -1.111179232597351074e+00 4.013406485319137573e-02 1.170699074864387512e-01 2.965137735009193420e-02 9.918692708015441895e-01
-1.468399047851562500e+01 7.990142822265625000e+00 -1.095690250396728516e+00 5.368662998080253601e-02 1.309454292058944702e-01 4.413858801126480103e-02 9.889504313468933105e-01
-1.437004852294921875e+01 8.099478721618652344e+00 -1.084589838981628418e+00 6.628555059432983398e-02 1.438866257667541504e-01 5.860034376382827759e-02 9.856311678886413574e-01
-1.404837036132812500e+01 8.209177970886230469e+00 -1.076026558876037598e+00 7.779175043106079102e-02 1.557548493146896362e-01 7.296931743621826172e-02 9.820206165313720703e-01
-1.371896457672119141e+01 8.319087028503417969e+00 -1.069350600242614746e+00 8.806935697793960571e-02 1.664151549339294434e-01 8.718124777078628540e-02 9.782378077507019043e-01
-1.338175868988037109e+01 8.428845405578613281e+00 -1.064227223396301270e+00 9.702371805906295776e-02 1.757685393095016479e-01 1.011630445718765259e-01 9.744012951850891113e-01
-1.303660964965820312e+01 8.537828445434570312e+00 -1.060543775558471680e+00 1.047154217958450317e-01 1.838449835777282715e-01 1.147951409220695496e-01 9.705966114997863770e-01
-1.268326663970947266e+01 8.644973754882812500e+00 -1.058345913887023926e+00 1.112444773316383362e-01 1.907067894935607910e-01 1.279469281435012817e-01 9.668945670127868652e-01
-1.232127285003662109e+01 8.748395919799804688e+00 -1.057859420776367188e+00 1.167114898562431335e-01 1.964164078235626221e-01 1.404889822006225586e-01 9.633597135543823242e-01
-1.194981861114501953e+01 8.844430923461914062e+00 -1.059628248214721680e+00 1.212173402309417725e-01 2.010364979505538940e-01 1.522926837205886841e-01 9.600508213043212891e-01
-1.156727504730224609e+01 8.924030303955078125e+00 -1.064523935317993164e+00 1.248630285263061523e-01 2.046296149492263794e-01 1.632305681705474854e-01 9.570223689079284668e-01
-1.117321968078613281e+01 8.978246688842773438e+00 -1.071870684623718262e+00 1.277495026588439941e-01 2.072573602199554443e-01 1.731757223606109619e-01 9.543242454528808594e-01
-1.076870059967041016e+01 8.999528884887695312e+00 -1.078728556632995605e+00 1.282258927822113037e-01 2.086463868618011475e-01 1.823857873678207397e-01 9.522395730018615723e-01
-1.035630607604980469e+01 8.996456146240234375e+00 -1.081484913825988770e+00 1.266754418611526489e-01 2.088681906461715698e-01 1.906773000955581665e-01 9.507731199264526367e-01
-9.937104225158691406e+00 8.983853340148925781e+00 -1.079965829849243164e+00 1.256052851676940918e-01 2.084582000970840454e-01 1.973893195390701294e-01 9.496345520019531250e-01
-9.511106491088867188e+00 8.967236518859863281e+00 -1.075922250747680664e+00 1.250220388174057007e-01 2.074874937534332275e-01 2.024095207452774048e-01 9.488672018051147461e-01
-9.078234672546386719e+00 8.949362754821777344e+00 -1.071371436119079590e+00 1.249271929264068604e-01 2.060142159461975098e-01 2.056295871734619141e-01 9.485081434249877930e-01
-8.638442993164062500e+00 8.931690216064453125e+00 -1.067405939102172852e+00 1.253183782100677490e-01 2.040845602750778198e-01 2.069434970617294312e-01 9.485880732536315918e-01
-8.191680908203125000e+00 8.915961265563964844e+00 -1.065364360809326172e+00 1.261900514364242554e-01 2.017332017421722412e-01 2.062455415725708008e-01 9.491271972656250000e-01
-7.737965106964111328e+00 8.903425216674804688e+00 -1.066173672676086426e+00 1.275339871644973755e-01 1.989846676588058472e-01 2.034288793802261353e-01 9.501351118087768555e-01
-7.277347087860107422e+00 8.895769119262695312e+00 -1.071117520332336426e+00 1.293393820524215698e-01 1.958547532558441162e-01 1.983844041824340820e-01 9.516069889068603516e-01
-6.809952259063720703e+00 8.894809722900390625e+00 -1.080497384071350098e+00 1.315928399562835693e-01 1.923519074916839600e-01 1.909993141889572144e-01 9.535215497016906738e-01
-6.335950851440429688e+00 8.902348518371582031e+00 -1.093270897865295410e+00 1.342780441045761108e-01 1.884801387786865234e-01 1.811566203832626343e-01 9.558382630348205566e-01
-5.855494022369384766e+00 8.918375968933105469e+00 -1.107587814331054688e+00 1.373756229877471924e-01 1.842399388551712036e-01 1.687346845865249634e-01 9.584947228431701660e-01
-5.368852615356445312e+00 8.945281982421875000e+00 -1.121713876724243164e+00 1.408626884222030640e-01 1.796324253082275391e-01 1.536070257425308228e-01 9.614024758338928223e-01
-4.876086235046386719e+00 8.983153343200683594e+00 -1.133369684219360352e+00 1.432375758886337280e-01 1.744572371244430542e-01 1.359835267066955566e-01 9.646533727645874023e-01
-4.390109539031982422e+00 9.031398773193359375e+00 -1.140841007232666016e+00 1.460773646831512451e-01 1.690295934677124023e-01 1.157927438616752625e-01 9.678235054016113281e-01
-3.910888671875000000e+00 9.088239669799804688e+00 -1.144107699394226074e+00 1.492966264486312866e-01 1.633793860673904419e-01 9.336248040199279785e-02 9.707219004631042480e-01
-3.438073635101318359e+00 9.150190353393554688e+00 -1.144308447837829590e+00 1.528112590312957764e-01 1.575406044721603394e-01 6.902901828289031982e-02 9.731724858283996582e-01
-2.971444129943847656e+00 9.215768814086914062e+00 -1.141372084617614746e+00 1.565397232770919800e-01 1.515520215034484863e-01 4.313704371452331543e-02 9.750213027000427246e-01
-2.510524749755859375e+00 9.282111167907714844e+00 -1.136170625686645508e+00 1.604039222002029419e-01 1.454582363367080688e-01 1.603924855589866638e-02 9.761430621147155762e-01
-2.054813146591186523e+00 9.346288681030273438e+00 -1.128640055656433105e+00 1.643304377794265747e-01 1.393098682165145874e-01 -1.190510950982570648e-02 9.764457941055297852e-01
-1.603925704956054688e+00 9.406264305114746094e+00 -1.119824767112731934e+00 1.682514250278472900e-01 1.331637054681777954e-01 -4.033254086971282959e-02 9.758751392364501953e-01
-1.157819747924804688e+00 9.462616920471191406e+00 -1.112062335014343262e+00 1.721052229404449463e-01 1.270824372768402100e-01 -6.887748092412948608e-02 9.744156002998352051e-01
-7.166162133216857910e-01 9.517329216003417969e+00 -1.108275175094604492e+00 1.758372187614440918e-01 1.211344823241233826e-01 -9.717556089162826538e-02 9.720929265022277832e-01
-2.804699540138244629e-01 9.572172164916992188e+00 -1.109592914581298828e+00 1.794000715017318726e-01 1.153932884335517883e-01 -1.248665153980255127e-01 9.689728617668151855e-01
1.504894942045211792e-01 9.628355026245117188e+00 -1.116846323013305664e+00 1.827539354562759399e-01 1.099363565444946289e-01 -1.515964269638061523e-01 9.651597738265991211e-01
5.764697194099426270e-01 9.684606552124023438e+00 -1.127748966217041016e+00 1.858662962913513184e-01 1.048451364040374756e-01 -1.770208030939102173e-01 9.607938528060913086e-01
9.978979229927062988e-01 9.738257408142089844e+00 -1.140070796012878418e+00 1.887114495038986206e-01 1.002036705613136292e-01 -2.008047848939895630e-01 9.560464024543762207e-01
1.415114760398864746e+00 9.786962509155273438e+00 -1.152160048484802246e+00 1.912698745727539062e-01 9.609804302453994751e-02 -2.226252555847167969e-01 9.511146545410156250e-01
1.828293442726135254e+00 9.829232215881347656e+00 -1.162772178649902344e+00 1.935269385576248169e-01 9.261557459831237793e-02 -2.421694993972778320e-01 9.462153315544128418e-01
2.237492561340332031e+00 9.863821983337402344e+00 -1.171010136604309082e+00 1.954718530178070068e-01 8.984434604644775391e-02 -2.591348886489868164e-01 9.415773153305053711e-01
2.642697811126708984e+00 9.889354705810546875e+00 -1.176047325134277344e+00 1.970951259136199951e-01 8.787238597869873047e-02 -2.732243835926055908e-01 9.374328851699829102e-01
3.043788909912109375e+00 9.904382705688476562e+00 -1.177065372467041016e+00 1.983874738216400146e-01 8.678680658340454102e-02 -2.841455936431884766e-01 9.340083599090576172e-01
3.440539360046386719e+00 9.908333778381347656e+00 -1.173648595809936523e+00 1.993365883827209473e-01 8.667388558387756348e-02 -2.916042804718017578e-01 9.315145611763000488e-01
3.832709789276123047e+00 9.904532432556152344e+00 -1.167051315307617188e+00 1.999344378709793091e-01 8.759145438671112061e-02 -2.953995168209075928e-01 9.301037788391113281e-01
4.220200061798095703e+00 9.896211624145507812e+00 -1.158452153205871582e+00 2.002021670341491699e-01 8.948911726474761963e-02 -2.957133352756500244e-01 9.297657608985900879e-01
4.603017330169677734e+00 9.886640548706054688e+00 -1.149014234542846680e+00 2.001617550849914551e-01 9.228639304637908936e-02 -2.928139567375183105e-01 9.304184317588806152e-01
4.981213092803955078e+00 9.879323959350585938e+00 -1.139965772628784180e+00 1.998281776905059814e-01 9.589967131614685059e-02 -2.869596183300018311e-01 9.319474697113037109e-01
5.365786075592041016e+00 9.878507614135742188e+00 -1.132543325424194336e+00 1.992115378379821777e-01 1.002431064844131470e-01 -2.784011662006378174e-01 9.342156052589416504e-01
5.756408691406250000e+00 9.890402793884277344e+00 -1.128826260566711426e+00 1.983187943696975708e-01 1.052287146449089050e-01 -2.673867940902709961e-01 9.370703697204589844e-01
6.151862621307373047e+00 9.923709869384765625e+00 -1.131744980812072754e+00 1.971556991338729858e-01 1.107672303915023804e-01 -2.541638910770416260e-01 9.403515458106994629e-01
6.550004959106445312e+00 9.984305381774902344e+00 -1.143916010856628418e+00 1.957280039787292480e-01 1.167683899402618408e-01 -2.389823794364929199e-01 9.438978433609008789e-01
6.949279785156250000e+00 1.006995105743408203e+01 -1.166226148605346680e+00 1.940428912639617920e-01 1.231417804956436157e-01 -2.220956981182098389e-01 9.475531578063964844e-01
7.350397586822509766e+00 1.017155551910400391e+01 -1.197926044464111328e+00 1.921101957559585571e-01 1.297970712184906006e-01 -2.037634402513504028e-01 9.511713385581970215e-01
7.756142616271972656e+00 1.027687740325927734e+01 -1.237742304801940918e+00 1.899430304765701294e-01 1.366452127695083618e-01 -1.842511445283889771e-01 9.546210169792175293e-01
8.171491622924804688e+00 1.036579608917236328e+01 -1.283110976219177246e+00 1.875589191913604736e-01 1.435984224081039429e-01 -1.638319045305252075e-01 9.577892422676086426e-01
8.597380638122558594e+00 1.042957878112792969e+01 -1.331501483917236328e+00 1.849796921014785767e-01 1.505714952945709229e-01 -1.427839249372482300e-01 9.605849981307983398e-01
9.031545639038085938e+00 1.047391986846923828e+01 -1.382623910903930664e+00 1.822323799133300781e-01 1.574819386005401611e-01 -1.213921755552291870e-01 9.629406929016113281e-01
9.472517013549804688e+00 1.050469017028808594e+01 -1.436725378036499023e+00 1.793488264083862305e-01 1.642508506774902344e-01 -9.994570165872573853e-02 9.648142457008361816e-01
9.918749809265136719e+00 1.053563213348388672e+01 -1.495196461677551270e+00 1.763658821582794189e-01 1.708034723997116089e-01 -7.873643934726715088e-02 9.661892652511596680e-01
1.036999988555908203e+01 1.056722164154052734e+01 -1.558611989021301270e+00 1.733248978853225708e-01 1.770692020654678345e-01 -5.805804580450057983e-02 9.670751094818115234e-01
1.082883262634277344e+01 1.058683109283447266e+01 -1.612678170204162598e+00 1.702714264392852783e-01 1.829818636178970337e-01 -3.820480406284332275e-02 9.675048589706420898e-01
1.129359817504882812e+01 1.062683773040771484e+01 -1.648426532745361328e+00 1.672546714544296265e-01 1.884798705577850342e-01 -1.946959272027015686e-02 9.675340652465820312e-01
1.169142532348632812e+01 1.067526817321777344e+01 -1.669293165206909180e+00 1.643266081809997559e-01 1.935057193040847778e-01 -2.143269404768943787e-03 9.672371149063110352e-01
