-2.304495811462402344e+00 1.882465171813964844e+01 7.214754819869995117e-01 -1.225967407226562500e-01 2.279416769742965698e-01 4.584226608276367188e-01 8.502124547958374023e-01
-2.419418811798095703e+00 1.879310798645019531e+01 7.197161912918090820e-01 -1.289994120597839355e-01 2.245744913816452026e-01 4.517045915126800537e-01 8.537496328353881836e-01
-2.539174795150756836e+00 1.875634765625000000e+01 7.189053297042846680e-01 -1.355291455984115601e-01 2.213110625743865967e-01 4.451353847980499268e-01 8.570342659950256348e-01
-2.664676427841186523e+00 1.871795082092285156e+01 7.179397344589233398e-01 -1.421595662832260132e-01 2.181583791971206665e-01 4.387211203575134277e-01 8.600705265998840332e-01
-2.794966936111450195e+00 1.867492675781250000e+01 7.177645564079284668e-01 -1.488622128963470459e-01 2.151230126619338989e-01 4.324691593647003174e-01 8.628629446029663086e-01
-2.929893732070922852e+00 1.862681198120117188e+01 7.185201644897460938e-01 -1.556077152490615845e-01 2.122107148170471191e-01 4.263887405395507812e-01 8.654163479804992676e-01
-3.070471048355102539e+00 1.857678031921386719e+01 7.191857695579528809e-01 -1.623646318912506104e-01 2.094267308712005615e-01 4.204902648925781250e-01 8.677361607551574707e-01
-3.216152191162109375e+00 1.852337455749511719e+01 7.202355861663818359e-01 -1.691005080938339233e-01 2.067758440971374512e-01 4.147857129573822021e-01 8.698284029960632324e-01
-3.366064310073852539e+00 1.846423912048339844e+01 7.224374413490295410e-01 -1.757815182209014893e-01 2.042613923549652100e-01 4.092881977558135986e-01 8.717002868652343750e-01
-3.521540403366088867e+00 1.840298271179199219e+01 7.245892286300659180e-01 -1.823729127645492554e-01 2.018861621618270874e-01 4.040120542049407959e-01 8.733592033386230469e-01
-3.682580471038818359e+00 1.833960914611816406e+01 7.266821265220642090e-01 -1.888396441936492920e-01 1.996517479419708252e-01 3.989725708961486816e-01 8.748140335083007812e-01
-3.847697734832763672e+00 1.827050018310546875e+01 7.299386262893676758e-01 -1.951450705528259277e-01 1.975592970848083496e-01 3.941852450370788574e-01 8.760745525360107422e-01
-4.018071174621582031e+00 1.819853782653808594e+01 7.333669662475585938e-01 -2.012529671192169189e-01 1.956087350845336914e-01 3.896666169166564941e-01 8.771513700485229492e-01
-4.193933010101318359e+00 1.812430000305175781e+01 7.367593050003051758e-01 -2.071265578269958496e-01 1.937991231679916382e-01 3.854342103004455566e-01 8.780551552772521973e-01
-4.375014781951904297e+00 1.804718017578125000e+01 7.403194904327392578e-01 -2.127290070056915283e-01 1.921292096376419067e-01 3.815048038959503174e-01 8.787984848022460938e-01
-4.560357570648193359e+00 1.796499061584472656e+01 7.448068261146545410e-01 -2.180241644382476807e-01 1.905968189239501953e-01 3.778954446315765381e-01 8.793936967849731445e-01
-4.751130104064941406e+00 1.788041114807128906e+01 7.492690682411193848e-01 -2.229751944541931152e-01 1.891999840736389160e-01 3.746231496334075928e-01 8.798539638519287109e-01
-4.947329998016357422e+00 1.779343986511230469e+01 7.536990046501159668e-01 -2.275469601154327393e-01 1.879359483718872070e-01 3.717041611671447754e-01 8.801922798156738281e-01
-5.148651123046875000e+00 1.770341110229492188e+01 7.583273053169250488e-01 -2.317045480012893677e-01 1.868027448654174805e-01 3.691545724868774414e-01 8.804218769073486328e-01
-5.354522705078125000e+00 1.760885620117187500e+01 7.637078762054443359e-01 -2.350292652845382690e-01 1.845633238554000854e-01 3.668928444385528564e-01 8.809581995010375977e-01
-5.565806865692138672e+00 1.751179885864257812e+01 7.690841555595397949e-01 -2.378721833229064941e-01 1.822971999645233154e-01 3.649159073829650879e-01 8.814878463745117188e-01
-5.782510757446289062e+00 1.741222572326660156e+01 7.744604349136352539e-01 -2.402513027191162109e-01 1.800481081008911133e-01 3.631508052349090576e-01 8.820337653160095215e-01
-6.004610538482666016e+00 1.730996704101562500e+01 7.798083424568176270e-01 -2.418684661388397217e-01 1.779892891645431519e-01 3.614605665206909180e-01 8.827036619186401367e-01
-6.231368064880371094e+00 1.720301818847656250e+01 7.853668332099914551e-01 -2.409886419773101807e-01 1.768750250339508057e-01 3.594237864017486572e-01 8.839990496635437012e-01
-6.463538646697998047e+00 1.709354019165039062e+01 7.910568118095397949e-01 -2.401289343833923340e-01 1.757219731807708740e-01 3.574724495410919189e-01 8.852532505989074707e-01
-6.701131343841552734e+00 1.698151397705078125e+01 7.968761920928955078e-01 -2.392819821834564209e-01 1.745858788490295410e-01 3.555243909358978271e-01 8.864910602569580078e-01
-6.944162368774414062e+00 1.686692428588867188e+01 8.028246760368347168e-01 -2.384404093027114868e-01 1.735215038061141968e-01 3.534969687461853027e-01 8.877365589141845703e-01
-7.192041873931884766e+00 1.674851226806640625e+01 8.093889951705932617e-01 -2.375969886779785156e-01 1.725828796625137329e-01 3.513076007366180420e-01 8.890139460563659668e-01
-7.432160377502441406e+00 1.663346672058105469e+01 8.158450126647949219e-01 -2.367444038391113281e-01 1.718232929706573486e-01 3.488739132881164551e-01 8.903459310531616211e-01
-7.664661884307861328e+00 1.652203178405761719e+01 8.220891952514648438e-01 -2.358754128217697144e-01 1.712961941957473755e-01 3.461132645606994629e-01 8.917543888092041016e-01
-7.889557838439941406e+00 1.641419792175292969e+01 8.281207084655761719e-01 -2.349822670221328735e-01 1.710547506809234619e-01 3.429432511329650879e-01 8.932600021362304688e-01
-8.106726646423339844e+00 1.630967140197753906e+01 8.340545296669006348e-01 -2.340566217899322510e-01 1.711525171995162964e-01 3.392812311649322510e-01 8.948812484741210938e-01
-8.315974235534667969e+00 1.620800971984863281e+01 8.400686383247375488e-01 -2.330887913703918457e-01 1.716434210538864136e-01 3.350440859794616699e-01 8.966346383094787598e-01
-8.517683029174804688e+00 1.610994911193847656e+01 8.458508253097534180e-01 -2.320673316717147827e-01 1.725816279649734497e-01 3.301482200622558594e-01 8.985334634780883789e-01
-8.711866378784179688e+00 1.601547431945800781e+01 8.513995409011840820e-01 -2.309781908988952637e-01 1.740219742059707642e-01 3.245088756084442139e-01 9.005883336067199707e-01
-8.898548126220703125e+00 1.592457866668701172e+01 8.567138314247131348e-01 -2.298041582107543945e-01 1.760195791721343994e-01 3.180406689643859863e-01 9.028052091598510742e-01
-9.077746391296386719e+00 1.583725261688232422e+01 8.617913722991943359e-01 -2.285234034061431885e-01 1.786299496889114380e-01 3.106558322906494141e-01 9.051857590675354004e-01
-9.249272346496582031e+00 1.575306892395019531e+01 8.668237328529357910e-01 -2.271087467670440674e-01 1.819083541631698608e-01 3.022646903991699219e-01 9.077262878417968750e-01
-9.413251876831054688e+00 1.567222595214843750e+01 8.717156648635864258e-01 -2.255262136459350586e-01 1.859097033739089966e-01 2.927748560905456543e-01 9.104165434837341309e-01
-9.569924354553222656e+00 1.559475898742675781e+01 8.760058283805847168e-01 -2.222035080194473267e-01 1.911288648843765259e-01 2.818005979061126709e-01 9.136103987693786621e-01
-9.719213485717773438e+00 1.552091884613037109e+01 8.800600767135620117e-01 -2.186828106641769409e-01 1.969283670186996460e-01 2.697082757949829102e-01 9.168721437454223633e-01
-9.861110687255859375e+00 1.545074176788330078e+01 8.838955760002136230e-01 -2.149874567985534668e-01 2.031463086605072021e-01 2.565923333168029785e-01 9.201479554176330566e-01
-9.995611190795898438e+00 1.538426208496093750e+01 8.875283598899841309e-01 -2.111416310071945190e-01 2.096215337514877319e-01 2.425495982170104980e-01 9.233891963958740234e-01
-1.012270259857177734e+01 1.532151794433593750e+01 8.909728527069091797e-01 -2.071715444326400757e-01 2.161940634250640869e-01 2.276803404092788696e-01 9.265537261962890625e-01
-1.024237918853759766e+01 1.526253128051757812e+01 8.942486643791198730e-01 -2.030902802944183350e-01 2.225911021232604980e-01 2.120743095874786377e-01 9.296407699584960938e-01
-1.035460090637207031e+01 1.520689678192138672e+01 8.976632356643676758e-01 -1.986516416072845459e-01 2.262372672557830811e-01 1.955400407314300537e-01 9.333371520042419434e-01
-1.045935249328613281e+01 1.515513420104980469e+01 9.008926153182983398e-01 -1.943117082118988037e-01 2.298441082239151001e-01 1.785167902708053589e-01 9.367744326591491699e-01
-1.055661010742187500e+01 1.510727119445800781e+01 9.039370417594909668e-01 -1.900998353958129883e-01 2.333934456110000610e-01 1.611360162496566772e-01 9.399067759513854980e-01
-1.064633274078369141e+01 1.506332683563232422e+01 9.067922830581665039e-01 -1.860353648662567139e-01 2.368702143430709839e-01 1.435359865427017212e-01 9.426986575126647949e-01
-1.072848320007324219e+01 1.502331733703613281e+01 9.094524979591369629e-01 -1.821279674768447876e-01 2.402612268924713135e-01 1.258615851402282715e-01 9.451258182525634766e-01
-1.080302238464355469e+01 1.498725318908691406e+01 9.119088649749755859e-01 -1.783772259950637817e-01 2.435538023710250854e-01 1.082632690668106079e-01 9.471758604049682617e-01
-1.086990737915039062e+01 1.495513248443603516e+01 9.141500592231750488e-01 -1.747744828462600708e-01 2.467344105243682861e-01 9.089584648609161377e-02 9.488487839698791504e-01
-1.092909622192382812e+01 1.492695808410644531e+01 9.161620736122131348e-01 -1.713052392005920410e-01 2.497880458831787109e-01 7.391677796840667725e-02 9.501560926437377930e-01
-1.098054885864257812e+01 1.490272045135498047e+01 9.179311990737915039e-01 -1.679510623216629028e-01 2.526969015598297119e-01 5.748355388641357422e-02 9.511216878890991211e-01
-1.102454090118408203e+01 1.488240718841552734e+01 9.196212291717529297e-01 -1.648920178413391113e-01 2.513639926910400391e-01 4.103982076048851013e-02 9.528601765632629395e-01
-1.106090354919433594e+01 1.486602973937988281e+01 9.211398363113403320e-01 -1.621920913457870483e-01 2.474738955497741699e-01 2.497797459363937378e-02 9.548960328102111816e-01
-1.108954334259033203e+01 1.485358142852783203e+01 9.224337339401245117e-01 -1.598623394966125488e-01 2.418173253536224365e-01 9.564809501171112061e-03 9.570146203041076660e-01
-1.111043548583984375e+01 1.484504222869873047e+01 9.234893321990966797e-01 -1.579416394233703613e-01 2.342611998319625854e-01 -5.091652274131774902e-03 9.592445492744445801e-01
-1.112355709075927734e+01 1.484040260314941406e+01 9.242938160896301270e-01 -1.564666330814361572e-01 2.246706634759902954e-01 -1.888636499643325806e-02 9.616051912307739258e-01
-1.112889480590820312e+01 1.483964157104492188e+01 9.248339533805847168e-01 -1.554616242647171021e-01 2.129670828580856323e-01 -3.174797445535659790e-02 9.640895724296569824e-01
-1.113689994812011719e+01 1.483759021759033203e+01 9.254348278045654297e-01 -1.549113094806671143e-01 1.993056982755661011e-01 -4.372616484761238098e-02 9.666270017623901367e-01
-1.114758968353271484e+01 1.483423042297363281e+01 9.260864257812500000e-01 -1.547897011041641235e-01 1.839009523391723633e-01 -5.490076541900634766e-02 9.691265821456909180e-01
-1.116097354888916016e+01 1.482955074310302734e+01 9.267797470092773438e-01 -1.550698876380920410e-01 1.669686436653137207e-01 -6.535118073225021362e-02 9.714958667755126953e-01
-1.117706775665283203e+01 1.482353973388671875e+01 9.275106787681579590e-01 -1.557254046201705933e-01 1.487271636724472046e-01 -7.515678554773330688e-02 9.736433625221252441e-01
-1.119588375091552734e+01 1.481619071960449219e+01 9.282763600349426270e-01 -1.567301452159881592e-01 1.293974071741104126e-01 -8.439690619707107544e-02 9.754840731620788574e-01
-1.121743392944335938e+01 1.480749702453613281e+01 9.290753006935119629e-01 -1.580590009689331055e-01 1.092033535242080688e-01 -9.315109252929687500e-02 9.769415855407714844e-01
-1.124172782897949219e+01 1.479745769500732422e+01 9.299087524414062500e-01 -1.596881598234176636e-01 8.837208151817321777e-02 -1.014997214078903198e-01 9.779508113861083984e-01
-1.126878356933593750e+01 1.478606891632080078e+01 9.307788014411926270e-01 -1.615959256887435913e-01 6.713306158781051636e-02 -1.095232740044593811e-01 9.784603118896484375e-01
-1.129860782623291016e+01 1.477332973480224609e+01 9.316891431808471680e-01 -1.637627929449081421e-01 4.571776092052459717e-02 -1.173032671213150024e-01 9.784331917762756348e-01
-1.133121299743652344e+01 1.475924491882324219e+01 9.326443076133728027e-01 -1.661714613437652588e-01 2.435848489403724670e-02 -1.249216720461845398e-01 9.778487682342529297e-01
-1.136661148071289062e+01 1.474381542205810547e+01 9.336501955986022949e-01 -1.688066422939300537e-01 3.288190811872482300e-03 -1.324613392353057861e-01 9.767023921012878418e-01
-1.140475559234619141e+01 1.472693920135498047e+01 9.347732067108154297e-01 -1.716565787792205811e-01 -1.726162992417812347e-02 -1.400063782930374146e-01 9.750047326087951660e-01
-1.144569778442382812e+01 1.470870113372802734e+01 9.359793066978454590e-01 -1.747112572193145752e-01 -3.706062585115432739e-02 -1.476413607597351074e-01 9.727818965911865234e-01
-1.148945808410644531e+01 1.468912315368652344e+01 9.372652769088745117e-01 -1.779635548591613770e-01 -5.588077008724212646e-02 -1.554514765739440918e-01 9.700728058815002441e-01
-1.153604507446289062e+01 1.466822338104248047e+01 9.386416673660278320e-01 -1.814087927341461182e-01 -7.349786162376403809e-02 -1.635239422321319580e-01 9.669275283813476562e-01
-1.158547210693359375e+01 1.464600753784179688e+01 9.401205182075500488e-01 -1.850435584783554077e-01 -8.969035744667053223e-02 -1.719459444284439087e-01 9.634049534797668457e-01
-1.163774394989013672e+01 1.462249279022216797e+01 9.417147636413574219e-01 -1.888670176267623901e-01 -1.042410805821418762e-01 -1.808056235313415527e-01 9.595688581466674805e-01
-1.169286823272705078e+01 1.459769248962402344e+01 9.434396028518676758e-01 -1.928785443305969238e-01 -1.169367134571075439e-01 -1.901924461126327515e-01 9.554844498634338379e-01
-1.175085926055908203e+01 1.457162284851074219e+01 9.453130960464477539e-01 -1.970785558223724365e-01 -1.275664120912551880e-01 -2.001964300870895386e-01 9.512140750885009766e-01
-1.181164264678955078e+01 1.454412937164306641e+01 9.470010399818420410e-01 -1.999599039554595947e-01 -1.363261938095092773e-01 -2.106686830520629883e-01 9.471271634101867676e-01
-1.187527084350585938e+01 1.451536560058593750e+01 9.488226175308227539e-01 -2.028539925813674927e-01 -1.430904418230056763e-01 -2.217521518468856812e-01 9.429747462272644043e-01
-1.194173526763916016e+01 1.448533153533935547e+01 9.507793784141540527e-01 -2.057567536830902100e-01 -1.480653733015060425e-01 -2.334026694297790527e-01 9.387565255165100098e-01
-1.201103210449218750e+01 1.445403575897216797e+01 9.528713822364807129e-01 -2.086580246686935425e-01 -1.514541059732437134e-01 -2.455736249685287476e-01 9.344608187675476074e-01
-1.208314895629882812e+01 1.442147445678710938e+01 9.550964236259460449e-01 -2.115449905395507812e-01 -1.534573584794998169e-01 -2.582162022590637207e-01 9.300665855407714844e-01
-1.215807819366455078e+01 1.438765335083007812e+01 9.574508666992187500e-01 -2.144051641225814819e-01 -1.542731821537017822e-01 -2.712793946266174316e-01 9.255472421646118164e-01
-1.223581314086914062e+01 1.435256767272949219e+01 9.599304199218750000e-01 -2.172288894653320312e-01 -1.540957391262054443e-01 -2.847111225128173828e-01 9.208722710609436035e-01
-1.231634044647216797e+01 1.431622314453125000e+01 9.625295996665954590e-01 -2.200112342834472656e-01 -1.531148403882980347e-01 -2.984575629234313965e-01 9.160097837448120117e-01
-1.239961051940917969e+01 1.427852725982666016e+01 9.652938842773437500e-01 -2.227537333965301514e-01 -1.515149921178817749e-01 -3.124643564224243164e-01 9.109280705451965332e-01
-1.248552227020263672e+01 1.423931026458740234e+01 9.683282375335693359e-01 -2.254654467105865479e-01 -1.494746059179306030e-01 -3.266771137714385986e-01 9.055963158607482910e-01
-1.257419681549072266e+01 1.419880962371826172e+01 9.714727401733398438e-01 -2.281635701656341553e-01 -1.471648961305618286e-01 -3.410415351390838623e-01 8.999857902526855469e-01
-1.266562271118164062e+01 1.415702342987060547e+01 9.747210741043090820e-01 -2.308738678693771362e-01 -1.447490453720092773e-01 -3.555046319961547852e-01 8.940700888633728027e-01
-1.275979423522949219e+01 1.411394596099853516e+01 9.780685305595397949e-01 -2.336303889751434326e-01 -1.423812359571456909e-01 -3.700141906738281250e-01 8.878253698348999023e-01
-1.285670661926269531e+01 1.406958007812500000e+01 9.815093874931335449e-01 -2.364750504493713379e-01 -1.402052789926528931e-01 -3.845209479331970215e-01 8.812295794486999512e-01
-1.295634937286376953e+01 1.402391433715820312e+01 9.850375056266784668e-01 -2.394572794437408447e-01 -1.383546739816665649e-01 -3.989780843257904053e-01 8.742623329162597656e-01
-1.305872154235839844e+01 1.397695255279541016e+01 9.886483550071716309e-01 -2.426332384347915649e-01 -1.369507908821105957e-01 -4.133449196815490723e-01 8.669022321701049805e-01
-1.316381645202636719e+01 1.392869091033935547e+01 9.923363924026489258e-01 -2.460647374391555786e-01 -1.361027061939239502e-01 -4.275852441787719727e-01 8.591268658638000488e-01
-1.327156543731689453e+01 1.387900638580322266e+01 9.961840510368347168e-01 -2.498188614845275879e-01 -1.359060704708099365e-01 -4.416719079017639160e-01 8.509088754653930664e-01
-1.338179206848144531e+01 1.382757282257080078e+01 1.000412583351135254e+00 -2.539671063423156738e-01 -1.364423334598541260e-01 -4.555866718292236328e-01 8.422142863273620605e-01
-1.349472618103027344e+01 1.377484130859375000e+01 1.004711031913757324e+00 -2.585847973823547363e-01 -1.377766430377960205e-01 -4.693241417407989502e-01 8.329983949661254883e-01
-1.361040496826171875e+01 1.371967220306396484e+01 1.007412672042846680e+00 -2.570860981941223145e-01 -1.438047587871551514e-01 -4.817505776882171631e-01 8.253140449523925781e-01
-1.372879886627197266e+01 1.366295719146728516e+01 1.009870886802673340e+00 -2.549333572387695312e-01 -1.514729261398315430e-01 -4.937091469764709473e-01 8.175061345100402832e-01
-1.384988975524902344e+01 1.360468673706054688e+01 1.012109994888305664e+00 -2.521716356277465820e-01 -1.606094539165496826e-01 -5.051753520965576172e-01 8.095752596855163574e-01
-1.397551727294921875e+01 1.354360580444335938e+01 1.014391779899597168e+00 -2.488462030887603760e-01 -1.710409522056579590e-01 -5.161244273185729980e-01 8.015211224555969238e-01
-1.410512447357177734e+01 1.347873020172119141e+01 1.017377614974975586e+00 -2.450037300586700439e-01 -1.825933158397674561e-01 -5.265325903892517090e-01 7.933450341224670410e-01
-1.423933029174804688e+01 1.341121292114257812e+01 1.020351290702819824e+00 -2.406910359859466553e-01 -1.950927823781967163e-01 -5.363768339157104492e-01 7.850518822669982910e-01
-1.437812423706054688e+01 1.334105396270751953e+01 1.023348927497863770e+00 -2.359577119350433350e-01 -2.083650678396224976e-01 -5.456384420394897461e-01 7.766509056091308594e-01
-1.452148723602294922e+01 1.326824665069580078e+01 1.026410222053527832e+00 -2.308549582958221436e-01 -2.222376614809036255e-01 -5.543015003204345703e-01 7.681576013565063477e-01
-1.466768074035644531e+01 1.318976020812988281e+01 1.031466364860534668e+00 -2.254363298416137695e-01 -2.365382313728332520e-01 -5.623555183410644531e-01 7.595947980880737305e-01
-1.481836414337158203e+01 1.310850048065185547e+01 1.036746144294738770e+00 -2.197580337524414062e-01 -2.510972917079925537e-01 -5.697953701019287109e-01 7.509924769401550293e-01
-1.497355270385742188e+01 1.302449703216552734e+01 1.042278766632080078e+00 -2.138783335685729980e-01 -2.657482922077178955e-01 -5.766212940216064453e-01 7.423892617225646973e-01
-1.512977123260498047e+01 1.293215084075927734e+01 1.051569461822509766e+00 -2.078579217195510864e-01 -2.803265750408172607e-01 -5.828399658203125000e-01 7.338321805000305176e-01
-1.529040527343750000e+01 1.283689785003662109e+01 1.061306118965148926e+00 -2.017600238323211670e-01 -2.946722209453582764e-01 -5.884647369384765625e-01 7.253760695457458496e-01
-1.545051097869873047e+01 1.273171710968017578e+01 1.075916767120361328e+00 -1.956494450569152832e-01 -3.086290359497070312e-01 -5.935143232345581055e-01 7.170844078063964844e-01
-1.561279487609863281e+01 1.262058353424072266e+01 1.092984914779663086e+00 -1.895929574966430664e-01 -3.220444023609161377e-01 -5.980147719383239746e-01 7.090277075767517090e-01
-1.576919746398925781e+01 1.249424266815185547e+01 1.118528127670288086e+00 -1.836587190628051758e-01 -3.347709178924560547e-01 -6.019963622093200684e-01 7.012832760810852051e-01
-1.591916942596435547e+01 1.235448932647705078e+01 1.151749491691589355e+00 -1.779156923294067383e-01 -3.466645479202270508e-01 -6.054952144622802734e-01 6.939346194267272949e-01
-1.605987548828125000e+01 1.220021438598632812e+01 1.193680644035339355e+00 -1.724343895912170410e-01 -3.575855791568756104e-01 -6.085516810417175293e-01 6.870689988136291504e-01
-1.619093704223632812e+01 1.203266620635986328e+01 1.243739008903503418e+00 -1.672845184803009033e-01 -3.673973381519317627e-01 -6.112089157104492188e-01 6.807780861854553223e-01
-1.631437492370605469e+01 1.185435485839843750e+01 1.299935936927795410e+00 -1.625365018844604492e-01 -3.759659230709075928e-01 -6.135121583938598633e-01 6.751551032066345215e-01
-1.642890548706054688e+01 1.166682624816894531e+01 1.363522887229919434e+00 -1.667782068252563477e-01 -3.741035759449005127e-01 -6.211088895797729492e-01 6.681730747222900391e-01
-1.652721214294433594e+01 1.146518611907958984e+01 1.430970072746276855e+00 -1.703260242938995361e-01 -3.725017011165618896e-01 -6.274308562278747559e-01 6.622400879859924316e-01
-1.660561752319335938e+01 1.124970912933349609e+01 1.500588297843933105e+00 -1.731820106506347656e-01 -3.711825013160705566e-01 -6.324986815452575684e-01 6.574015617370605469e-01
-1.665401840209960938e+01 1.101996421813964844e+01 1.570393681526184082e+00 -1.753546297550201416e-01 -3.701610863208770752e-01 -6.363410353660583496e-01 6.536830663681030273e-01
-1.665617179870605469e+01 1.077869701385498047e+01 1.636296987533569336e+00 -1.768561005592346191e-01 -3.694460690021514893e-01 -6.389898657798767090e-01 6.510939002037048340e-01
-1.659095001220703125e+01 1.053788280487060547e+01 1.690487623214721680e+00 -1.774935573339462280e-01 -3.688842654228210449e-01 -6.405881047248840332e-01 6.496672034263610840e-01
-1.644556808471679688e+01 1.032317733764648438e+01 1.722576618194580078e+00 -1.770831197500228882e-01 -3.683246374130249023e-01 -6.412711739540100098e-01 6.494226455688476562e-01
-1.623397636413574219e+01 1.015904903411865234e+01 1.727493286132812500e+00 -1.760090291500091553e-01 -3.680376410484313965e-01 -6.408676505088806152e-01 6.502750515937805176e-01
-1.599119853973388672e+01 1.003341674804687500e+01 1.714843153953552246e+00 -1.743131130933761597e-01 -3.680307567119598389e-01 -6.393842697143554688e-01 6.521931290626525879e-01
-1.573248386383056641e+01 9.931088447570800781e+00 1.691626548767089844e+00 -1.720272600650787354e-01 -3.683029711246490479e-01 -6.368260383605957031e-01 6.551427841186523438e-01
-1.546309947967529297e+01 9.843630790710449219e+00 1.661155939102172852e+00 -1.691753715276718140e-01 -3.688463866710662842e-01 -6.331959962844848633e-01 6.590863466262817383e-01
-1.518525123596191406e+01 9.766732215881347656e+00 1.625050067901611328e+00 -1.657733619213104248e-01 -3.696470558643341064e-01 -6.284946799278259277e-01 6.639838814735412598e-01
-1.489971446990966797e+01 9.701187133789062500e+00 1.582473397254943848e+00 -1.618306934833526611e-01 -3.706860840320587158e-01 -6.227197647094726562e-01 6.697930097579956055e-01
-1.460814952850341797e+01 9.640229225158691406e+00 1.535762310028076172e+00 -1.573508381843566895e-01 -3.719396591186523438e-01 -6.158663034439086914e-01 6.764689683914184570e-01
-1.431083679199218750e+01 9.582327842712402344e+00 1.485366463661193848e+00 -1.523334681987762451e-01 -3.733805418014526367e-01 -6.079254746437072754e-01 6.839649081230163574e-01
-1.400803279876708984e+01 9.527062416076660156e+00 1.430683612823486328e+00 -1.467743813991546631e-01 -3.749772906303405762e-01 -5.988864898681640625e-01 6.922312378883361816e-01
-1.370036792755126953e+01 9.471776008605957031e+00 1.371308565139770508e+00 -1.407923698425292969e-01 -3.765912652015686035e-01 -5.888019800186157227e-01 7.011909484863281250e-01
-1.338921260833740234e+01 9.415392875671386719e+00 1.309570312500000000e+00 -1.418720781803131104e-01 -3.720784187316894531e-01 -5.816121101379394531e-01 7.093358635902404785e-01
-1.307407474517822266e+01 9.354876518249511719e+00 1.243219017982482910e+00 -1.430685818195343018e-01 -3.674598336219787598e-01 -5.734888911247253418e-01 7.180635333061218262e-01
-1.275531673431396484e+01 9.288933753967285156e+00 1.171962618827819824e+00 -1.443563699722290039e-01 -3.627938330173492432e-01 -5.643780827522277832e-01 7.273370623588562012e-01
-1.243330574035644531e+01 9.216152191162109375e+00 1.095916986465454102e+00 -1.457013189792633057e-01 -3.581219315528869629e-01 -5.542465448379516602e-01 7.371096014976501465e-01
-1.211741542816162109e+01 9.137596130371093750e+00 1.018039226531982422e+00 -1.470386087894439697e-01 -3.534263372421264648e-01 -5.431443452835083008e-01 7.473042607307434082e-01
-1.180759906768798828e+01 9.052989006042480469e+00 9.394204616546630859e-01 -1.482958495616912842e-01 -3.486746549606323242e-01 -5.311461687088012695e-01 7.578378319740295410e-01
-1.150364971160888672e+01 8.962592124938964844e+00 8.611853122711181641e-01 -1.494013071060180664e-01 -3.438364267349243164e-01 -5.183296799659729004e-01 7.686286568641662598e-01
-1.120524883270263672e+01 8.867115020751953125e+00 7.842855453491210938e-01 -1.502838879823684692e-01 -3.388831615447998047e-01 -5.047756433486938477e-01 7.795988321304321289e-01
-1.091213130950927734e+01 8.767168998718261719e+00 7.095013260841369629e-01 -1.508736908435821533e-01 -3.337883353233337402e-01 -4.905693531036376953e-01 7.906731963157653809e-01
-1.062399673461914062e+01 8.663427352905273438e+00 6.375594735145568848e-01 -1.511017978191375732e-01 -3.285283446311950684e-01 -4.757990241050720215e-01 8.017808794975280762e-01
-1.034076595306396484e+01 8.557043075561523438e+00 5.675927400588989258e-01 -1.509006917476654053e-01 -3.230812549591064453e-01 -4.605576694011688232e-01 8.128555417060852051e-01
-1.006243896484375000e+01 8.448429107666015625e+00 4.992575049400329590e-01 -1.502046436071395874e-01 -3.174285590648651123e-01 -4.449416100978851318e-01 8.238352537155151367e-01
-9.789159774780273438e+00 8.337463378906250000e+00 4.323724210262298584e-01 -1.489493548870086670e-01 -3.115535974502563477e-01 -4.290513098239898682e-01 8.346636891365051270e-01
-9.521847724914550781e+00 8.222303390502929688e+00 3.667642176151275635e-01 -1.470721960067749023e-01 -3.054425120353698730e-01 -4.129898250102996826e-01 8.452893495559692383e-01
-9.259939193725585938e+00 8.104849815368652344e+00 3.020709156990051270e-01 -1.445121765136718750e-01 -2.990836799144744873e-01 -3.968628644943237305e-01 8.556663990020751953e-01
-9.003502845764160156e+00 7.985109806060791016e+00 2.382186800241470337e-01 -1.412099301815032959e-01 -2.924679815769195557e-01 -3.807784914970397949e-01 8.657539486885070801e-01
-8.754465103149414062e+00 7.859499454498291016e+00 1.749853491783142090e-01 -1.371084451675415039e-01 -2.855880260467529297e-01 -3.648466169834136963e-01 8.755156993865966797e-01
-8.512538909912109375e+00 7.729420185089111328e+00 1.122030615806579590e-01 -1.321515440940856934e-01 -2.784376740455627441e-01 -3.491784930229187012e-01 8.849196434020996094e-01
-8.278210639953613281e+00 7.594468593597412109e+00 4.977844282984733582e-02 -1.262841820716857910e-01 -2.710126638412475586e-01 -3.338842689990997314e-01 8.939382433891296387e-01
-8.052804946899414062e+00 7.452911376953125000e+00 -1.245849579572677612e-02 -1.194533854722976685e-01 -2.633090615272521973e-01 -3.190752863883972168e-01 9.025465250015258789e-01
-7.841882228851318359e+00 7.298004150390625000e+00 -7.495330274105072021e-02 -1.116066053509712219e-01 -2.553237974643707275e-01 -3.048618137836456299e-01 9.107211828231811523e-01
-7.645037651062011719e+00 7.132326602935791016e+00 -1.366094946861267090e-01 -1.026920750737190247e-01 -2.470533847808837891e-01 -2.913516461849212646e-01 9.184406399726867676e-01
-7.464349269866943359e+00 6.955060958862304688e+00 -1.964013576507568359e-01 -9.265799075365066528e-02 -2.384937554597854614e-01 -2.786500155925750732e-01 9.256832599639892578e-01
-7.301165580749511719e+00 6.766658782958984375e+00 -2.529632449150085449e-01 -8.148408681154251099e-02 -2.296393960714340210e-01 -2.668323814868927002e-01 9.324305057525634766e-01
-7.155334472656250000e+00 6.568991661071777344e+00 -3.048553466796875000e-01 -6.927194446325302124e-02 -2.204798161983489990e-01 -2.558602392673492432e-01 9.386829137802124023e-01
-7.024860858917236328e+00 6.364977836608886719e+00 -3.509722948074340820e-01 -5.615467578172683716e-02 -2.110037058591842651e-01 -2.456653416156768799e-01 9.444430470466613770e-01
-6.906264305114746094e+00 6.157880783081054688e+00 -3.908032178878784180e-01 -4.226576536893844604e-02 -2.011992037296295166e-01 -2.361791282892227173e-01 9.497115015983581543e-01
-6.795478343963623047e+00 5.950656414031982422e+00 -4.244616627693176270e-01 -2.773910574615001678e-02 -1.910546422004699707e-01 -2.273317426443099976e-01 9.544888138771057129e-01
-6.688814640045166016e+00 5.745645523071289062e+00 -4.525195360183715820e-01 -1.270929723978042603e-02 -1.805592030286788940e-01 -2.190539091825485229e-01 9.587764143943786621e-01
-6.583557128906250000e+00 5.544529914855957031e+00 -4.762389957904815674e-01 2.688724547624588013e-03 -1.697030663490295410e-01 -2.112763673067092896e-01 9.625778198242187500e-01
-6.477951526641845703e+00 5.348433494567871094e+00 -4.968743920326232910e-01 1.831993088126182556e-02 -1.584769785404205322e-01 -2.039302140474319458e-01 9.658995270729064941e-01
-6.369679927825927734e+00 5.158742427825927734e+00 -5.150384306907653809e-01 3.404910862445831299e-02 -1.468736380338668823e-01 -1.969479471445083618e-01 9.687519073486328125e-01
-6.256364822387695312e+00 4.977190971374511719e+00 -5.316625833511352539e-01 4.974162578582763672e-02 -1.348858624696731567e-01 -1.902625560760498047e-01 9.711497426033020020e-01
-6.138120174407958984e+00 4.804238319396972656e+00 -5.475177168846130371e-01 6.526303291320800781e-02 -1.225090622901916504e-01 -1.838087737560272217e-01 9.731118083000183105e-01
-6.014412879943847656e+00 4.640682220458984375e+00 -5.629065036773681641e-01 8.048010617494583130e-02 -1.097386553883552551e-01 -1.775216162204742432e-01 9.746622443199157715e-01
-5.876493930816650391e+00 4.481884479522705078e+00 -5.788146853446960449e-01 9.526050090789794922e-02 -9.657206386327743530e-02 -1.713384836912155151e-01 9.758290648460388184e-01
-5.719207763671875000e+00 4.334766864776611328e+00 -5.961053371429443359e-01 1.094736233353614807e-01 -8.300635218620300293e-02 -1.651974022388458252e-01 9.766449332237243652e-01
-5.543252944946289062e+00 4.202514648437500000e+00 -6.152148246765136719e-01 1.229902058839797974e-01 -6.904068589210510254e-02 -1.590376943349838257e-01 9.771456718444824219e-01
-5.347294807434082031e+00 4.092247009277343750e+00 -6.367229819297790527e-01 1.356832087039947510e-01 -5.467349290847778320e-02 -1.527993530035018921e-01 9.773705601692199707e-01
-5.133516788482666016e+00 4.006934642791748047e+00 -6.605242490768432617e-01 1.474273502826690674e-01 -3.990384191274642944e-02 -1.464238166809082031e-01 9.773601293563842773e-01
-4.906292438507080078e+00 3.944953441619873047e+00 -6.859521269798278809e-01 1.580995470285415649e-01 -2.473068609833717346e-02 -1.398523151874542236e-01 9.771561622619628906e-01
-4.669032096862792969e+00 3.903527736663818359e+00 -7.124121189117431641e-01 1.675789505243301392e-01 -9.152297861874103546e-03 -1.330271810293197632e-01 9.767995476722717285e-01
-4.424052715301513672e+00 3.879540920257568359e+00 -7.394000291824340820e-01 1.757465749979019165e-01 6.833447143435478210e-03 -1.258901953697204590e-01 9.763288497924804688e-01
-4.172786712646484375e+00 3.869350433349609375e+00 -7.652239799499511719e-01 1.772833466529846191e-01 2.384497039020061493e-02 -1.182745546102523804e-01 9.767358899116516113e-01
-3.915939807891845703e+00 3.870167255401611328e+00 -7.909429669380187988e-01 1.784219592809677124e-01 4.096181690692901611e-02 -1.101952940225601196e-01 9.769056439399719238e-01
-3.653789043426513672e+00 3.877980947494506836e+00 -8.159673810005187988e-01 1.791396588087081909e-01 5.810094624757766724e-02 -1.017428487539291382e-01 9.768221378326416016e-01
-3.386183977127075195e+00 3.886882305145263672e+00 -8.393316268920898438e-01 1.794234216213226318e-01 7.517831027507781982e-02 -9.300439059734344482e-02 9.764760732650756836e-01
-3.112896680831909180e+00 3.891115665435791016e+00 -8.597869873046875000e-01 1.792696267366409302e-01 9.210810065269470215e-02 -8.406259119510650635e-02 9.758647084236145020e-01
-2.833961009979248047e+00 3.888583898544311523e+00 -8.754589557647705078e-01 1.786839514970779419e-01 1.088029444217681885e-01 -7.499681413173675537e-02 9.749919772148132324e-01
-2.549602031707763672e+00 3.879273653030395508e+00 -8.854937553405761719e-01 1.776812076568603516e-01 1.251740753650665283e-01 -6.588224321603775024e-02 9.738687276840209961e-01
-2.259960889816284180e+00 3.866165637969970703e+00 -8.907250761985778809e-01 1.762851923704147339e-01 1.411313563585281372e-01 -5.679059028625488281e-02 9.725123047828674316e-01
-1.964941382408142090e+00 3.855038881301879883e+00 -8.936632871627807617e-01 1.745283305644989014e-01 1.565839648246765137e-01 -4.779044538736343384e-02 9.709465503692626953e-01
-1.664633750915527344e+00 3.845635890960693359e+00 -8.893200755119323730e-01 1.724513471126556396e-01 1.714400500059127808e-01 -3.894683718681335449e-02 9.692016839981079102e-01
-1.359575152397155762e+00 3.836374521255493164e+00 -8.716644048690795898e-01 1.701028794050216675e-01 1.856078058481216431e-01 -3.032244369387626648e-02 9.673134088516235352e-01
-1.050993680953979492e+00 3.825942277908325195e+00 -8.351403474807739258e-01 1.675388067960739136e-01 1.989954411983489990e-01 -2.197678945958614349e-02 9.653229713439941406e-01
-7.401098608970642090e-01 3.826597929000854492e+00 -7.788103818893432617e-01 1.648214906454086304e-01 2.115112245082855225e-01 -1.396697759628295898e-02 9.632765650749206543e-01
-4.288220107555389404e-01 3.869949817657470703e+00 -7.135778665542602539e-01 1.620188653469085693e-01 2.230639457702636719e-01 -6.347507238388061523e-03 9.612241983413696289e-01
-1.242358386516571045e-01 3.967258214950561523e+00 -6.494696140289306641e-01 1.592034399509429932e-01 2.335625588893890381e-01 8.298233151435852051e-04 9.592194557189941406e-01
1.730407625436782837e-01 4.100571155548095703e+00 -5.896410942077636719e-01 1.564507335424423218e-01 2.429165095090866089e-01 7.516127079725265503e-03 9.573182463645935059e-01
4.632323980331420898e-01 4.261717319488525391e+00 -5.346862673759460449e-01 1.538377404212951660e-01 2.510348260402679443e-01 1.366580650210380554e-02 9.555776715278625488e-01
7.480004429817199707e-01 4.443523883819580078e+00 -4.840814173221588135e-01 1.514410674571990967e-01 2.578262686729431152e-01 1.923707500100135803e-02 9.540550708770751953e-01
1.030507802963256836e+00 4.639121055603027344e+00 -4.366894364356994629e-01 1.493350267410278320e-01 2.631979286670684814e-01 2.419257164001464844e-02 9.528067111968994141e-01
1.313105463981628418e+00 4.844194412231445312e+00 -3.916821181774139404e-01 1.475890874862670898e-01 2.670554518699645996e-01 2.849997580051422119e-02 9.518857598304748535e-01
1.596999526023864746e+00 5.057535171508789062e+00 -3.497418165206909180e-01 1.433664858341217041e-01 2.675600051879882812e-01 3.333597630262374878e-02 9.522323012351989746e-01
1.884096622467041016e+00 5.275482177734375000e+00 -3.099060058593750000e-01 1.392382532358169556e-01 2.678806483745574951e-01 3.724422305822372437e-02 9.526099562644958496e-01
2.174794912338256836e+00 5.497478961944580078e+00 -2.721685767173767090e-01 1.352048665285110474e-01 2.680252790451049805e-01 4.020636528730392456e-02 9.530296921730041504e-01
2.470131874084472656e+00 5.722479343414306641e+00 -2.380511462688446045e-01 1.314371377229690552e-01 2.667725086212158203e-01 4.243532940745353699e-02 9.538112878799438477e-01
2.771784543991088867e+00 5.948337078094482422e+00 -2.083557099103927612e-01 1.280604004859924316e-01 2.632555365562438965e-01 4.406069591641426086e-02 9.551730751991271973e-01
3.080446720123291016e+00 6.173809528350830078e+00 -1.831610053777694702e-01 1.249436959624290466e-01 2.585293054580688477e-01 4.485340416431427002e-02 9.568384885787963867e-01
3.397892951965332031e+00 6.396331787109375000e+00 -1.643835455179214478e-01 1.220834478735923767e-01 2.526760995388031006e-01 4.476845636963844299e-02 9.587731361389160156e-01
3.727560997009277344e+00 6.610358715057373047e+00 -1.559033095836639404e-01 1.194754242897033691e-01 2.457769811153411865e-01 4.376088082790374756e-02 9.609392881393432617e-01
4.075038909912109375e+00 6.804402828216552734e+00 -1.651220619678497314e-01 1.171149462461471558e-01 2.379122376441955566e-01 4.178560525178909302e-02 9.632943272590637207e-01
4.440871715545654297e+00 6.970548152923583984e+00 -1.954321265220642090e-01 1.149968132376670837e-01 2.291614413261413574e-01 3.879766538739204407e-02 9.657927751541137695e-01
4.823869705200195312e+00 7.100178241729736328e+00 -2.484686225652694702e-01 1.131155043840408325e-01 2.196041643619537354e-01 3.475225716829299927e-02 9.683858752250671387e-01
5.222211837768554688e+00 7.181191444396972656e+00 -3.212805092334747314e-01 1.114651411771774292e-01 2.093193978071212769e-01 2.960493415594100952e-02 9.710223674774169922e-01
5.631877422332763672e+00 7.245325565338134766e+00 -3.697326481342315674e-01 1.100394278764724731e-01 1.983862072229385376e-01 2.331174537539482117e-02 9.736481308937072754e-01
6.042541503906250000e+00 7.328024864196777344e+00 -3.162219226360321045e-01 1.088317632675170898e-01 1.868835985660552979e-01 1.582937128841876984e-02 9.762067198753356934e-01
6.461667537689208984e+00 7.306965351104736328e+00 -2.441052198410034180e-01 1.078351810574531555e-01 1.748907268047332764e-01 7.115317508578300476e-03 9.786388874053955078e-01
6.871010780334472656e+00 7.177524089813232422e+00 -2.285638302564620972e-01 1.070422604680061340e-01 1.624867469072341919e-01 -2.871807664632797241e-03 9.808831810951232910e-01
7.272707462310791016e+00 7.019313812255859375e+00 -2.365484535694122314e-01 1.064451411366462708e-01 1.497510075569152832e-01 -1.417213026434183121e-02 9.828749895095825195e-01
7.676506042480468750e+00 6.862338542938232422e+00 -2.535119652748107910e-01 1.060355082154273987e-01 1.367628574371337891e-01 -2.682410925626754761e-02 9.845469594001770020e-01
8.095277786254882812e+00 6.746750354766845703e+00 -2.672863602638244629e-01 1.058044582605361938e-01 1.236013695597648621e-01 -4.086469113826751709e-02 9.858286380767822266e-01
8.530566215515136719e+00 6.721833229064941406e+00 -2.709429860115051270e-01 1.057422682642936707e-01 1.103459596633911133e-01 -5.632788687944412231e-02 9.866455793380737305e-01
8.968488693237304688e+00 6.748439788818359375e+00 -2.771410942077636719e-01 1.058363616466522217e-01 9.707043319940567017e-02 -7.320979982614517212e-02 9.869226813316345215e-01
9.406750679016113281e+00 6.776700496673583984e+00 -3.111016750335693359e-01 1.060648635029792786e-01 8.382917940616607666e-02 -9.135918319225311279e-02 9.865984320640563965e-01
9.841095924377441406e+00 6.809551715850830078e+00 -3.886035084724426270e-01 1.064044013619422913e-01 7.067370414733886719e-02 -1.105871796607971191e-01 9.856235980987548828e-01
1.027641582489013672e+01 6.835960388183593750e+00 -4.745965600013732910e-01 1.068326756358146667e-01 5.765708163380622864e-02 -1.307032406330108643e-01 9.839609265327453613e-01
1.071741676330566406e+01 6.851795673370361328e+00 -5.424615144729614258e-01 1.073287278413772583e-01 4.483437910676002502e-02 -1.515163779258728027e-01 9.815871119499206543e-01
1.116270923614501953e+01 6.860811710357666016e+00 -5.951690673828125000e-01 1.078731194138526917e-01 3.226188570261001587e-02 -1.728354245424270630e-01 9.784940481185913086e-01
1.161122512817382812e+01 6.865817546844482422e+00 -6.379595994949340820e-01 1.084479838609695435e-01 1.999679207801818848e-02 -1.944708973169326782e-01 9.746897220611572266e-01
1.206248760223388672e+01 6.867684364318847656e+00 -6.742944121360778809e-01 1.090373024344444275e-01 8.097130805253982544e-03 -2.162345200777053833e-01 9.702000021934509277e-01
1.251622295379638672e+01 6.865903377532958984e+00 -7.070403695106506348e-01 1.096269488334655762e-01 -3.378894180059432983e-03 -2.379424273967742920e-01 9.650668501853942871e-01
1.297232151031494141e+01 6.859335899353027344e+00 -7.373412847518920898e-01 1.102047637104988098e-01 -1.437324751168489456e-02 -2.594141364097595215e-01 9.593501091003417969e-01
1.343064212799072266e+01 6.846534252166748047e+00 -7.661700248718261719e-01 1.107605546712875366e-01 -2.482860535383224487e-02 -2.804745435714721680e-01 9.531263113021850586e-01
1.389107131958007812e+01 6.827447414398193359e+00 -7.943469285964965820e-01 1.112860888242721558e-01 -3.468806296586990356e-02 -3.009545803070068359e-01 9.464874863624572754e-01
1.435347175598144531e+01 6.800987243652343750e+00 -8.221972584724426270e-01 1.117750182747840881e-01 -4.389654472470283508e-02 -3.206911385059356689e-01 9.395406246185302734e-01
1.481762695312500000e+01 6.765453815460205078e+00 -8.500408530235290527e-01 1.122229173779487610e-01 -5.239952355623245239e-02 -3.395295143127441406e-01 9.324055314064025879e-01
1.528271675109863281e+01 6.715003490447998047e+00 -8.784936070442199707e-01 1.126267611980438232e-01 -6.014445051550865173e-02 -3.573203682899475098e-01 9.252134561538696289e-01
1.574759197235107422e+01 6.645730972290039062e+00 -9.082909822463989258e-01 1.129852160811424255e-01 -6.707981228828430176e-02 -3.739211559295654297e-01 9.181054234504699707e-01
1.620974540710449219e+01 6.549646854400634766e+00 -9.404217600822448730e-01 1.132977753877639771e-01 -7.315587997436523438e-02 -3.891967535018920898e-01 9.112287163734436035e-01
1.666430854797363281e+01 6.415125370025634766e+00 -9.750646948814392090e-01 1.135652810335159302e-01 -7.832312583923339844e-02 -4.030152857303619385e-01 9.047359824180603027e-01
1.710488700866699219e+01 6.234159946441650391e+00 -1.011429429054260254e+00 1.137885898351669312e-01 -8.253365755081176758e-02 -4.152510166168212891e-01 8.987808227539062500e-01
1.752569961547851562e+01 6.005792140960693359e+00 -1.047983407974243164e+00 1.139691323041915894e-01 -8.573915809392929077e-02 -4.257790744304656982e-01 8.935165405273437500e-01
1.793062973022460938e+01 5.745424747467041016e+00 -1.083440542221069336e+00 1.141111627221107483e-01 -8.791382610797882080e-02 -4.345172345638275146e-01 8.890694975852966309e-01
1.832509994506835938e+01 5.464854717254638672e+00 -1.117376685142517090e+00 1.142323985695838928e-01 -8.911811560392379761e-02 -4.415484070777893066e-01 8.854625821113586426e-01
1.871299934387207031e+01 5.170909404754638672e+00 -1.149422526359558105e+00 1.143522113561630249e-01 -8.943263441324234009e-02 -4.469908475875854492e-01 8.826803565025329590e-01
1.909978866577148438e+01 4.871307373046875000e+00 -1.180094003677368164e+00 1.144881919026374817e-01 -8.893691003322601318e-02 -4.509566128253936768e-01 8.806933760643005371e-01
1.948721694946289062e+01 4.568415641784667969e+00 -1.209813833236694336e+00 1.146563291549682617e-01 -8.770981431007385254e-02 -4.535523056983947754e-01 8.794607520103454590e-01
1.987602806091308594e+01 4.263328552246093750e+00 -1.238334298133850098e+00 1.148717254400253296e-01 -8.582848310470581055e-02 -4.548798203468322754e-01 8.789324760437011719e-01
2.026556396484375000e+01 3.955306291580200195e+00 -1.266032695770263672e+00 1.151482760906219482e-01 -8.336980640888214111e-02 -4.550371468067169189e-01 8.790515065193176270e-01
2.065616416931152344e+01 3.644836425781250000e+00 -1.293215274810791016e+00 1.154993847012519836e-01 -8.041003346443176270e-02 -4.541203379631042480e-01 8.797549605369567871e-01
2.104068756103515625e+01 3.334890127182006836e+00 -1.319060683250427246e+00 1.159377843141555786e-01 -7.702488452196121216e-02 -4.522230923175811768e-01 8.809766173362731934e-01
2.142046356201171875e+01 3.027222871780395508e+00 -1.344256520271301270e+00 1.164761334657669067e-01 -7.329010963439941406e-02 -4.494375288486480713e-01 8.826481103897094727e-01
2.179360389709472656e+01 2.719520092010498047e+00 -1.368204355239868164e+00 1.171266734600067139e-01 -6.928141415119171143e-02 -4.458564221858978271e-01 8.846996426582336426e-01
2.216165542602539062e+01 2.413782835006713867e+00 -1.391503930091857910e+00 1.179018765687942505e-01 -6.507462263107299805e-02 -4.415716826915740967e-01 8.870619535446166992e-01
2.252313995361328125e+01 2.108277559280395508e+00 -1.413785338401794434e+00 1.188143715262413025e-01 -6.074552983045578003e-02 -4.366765618324279785e-01 8.896666169166564941e-01
2.287845611572265625e+01 1.803538799285888672e+00 -1.435188531875610352e+00 1.198770031332969666e-01 -5.637010931968688965e-02 -4.312650859355926514e-01 8.924474120140075684e-01
2.322813415527343750e+01 1.500321030616760254e+00 -1.455955743789672852e+00 1.211026981472969055e-01 -5.202530324459075928e-02 -4.254325330257415771e-01 8.953405618667602539e-01
2.356944847106933594e+01 1.195483326911926270e+00 -1.475370407104492188e+00 1.225050091743469238e-01 -4.778759926557540894e-02 -4.192760288715362549e-01 8.982853293418884277e-01
2.390681648254394531e+01 8.942101597785949707e-01 -1.494629502296447754e+00 1.240977793931961060e-01 -4.373413324356079102e-02 -4.128946959972381592e-01 9.012241959571838379e-01
2.423278236389160156e+01 5.882922410964965820e-01 -1.511945724487304688e+00 1.258953809738159180e-01 -3.994211554527282715e-02 -4.063882231712341309e-01 9.041038155555725098e-01
2.455447769165039062e+01 2.856664955615997314e-01 -1.529057025909423828e+00 1.279124915599822998e-01 -3.648921102285385132e-02 -3.998589813709259033e-01 9.068735241889953613e-01
2.486570167541503906e+01 -2.005126886069774628e-02 -1.544595956802368164e+00 1.301643997430801392e-01 -3.345284610986709595e-02 -3.934107720851898193e-01 9.094867110252380371e-01
2.516928100585937500e+01 -3.258947730064392090e-01 -1.559200406074523926e+00 1.326595246791839600e-01 -3.088411130011081696e-02 -3.871302902698516846e-01 9.119089245796203613e-01
2.546378898620605469e+01 -6.328857541084289551e-01 -1.572622656822204590e+00 1.353781372308731079e-01 -2.872699685394763947e-02 -3.810355961322784424e-01 9.141440391540527344e-01
2.574546813964843750e+01 -9.446117877960205078e-01 -1.584061861038208008e+00 1.382932215929031372e-01 -2.689888514578342438e-02 -3.751281499862670898e-01 9.162042737007141113e-01
2.602058029174804688e+01 -1.254843711853027344e+00 -1.594899892807006836e+00 1.413776874542236328e-01 -2.531707286834716797e-02 -3.694080114364624023e-01 9.181008338928222656e-01
2.628136634826660156e+01 -1.570312500000000000e+00 -1.603740811347961426e+00 1.446041911840438843e-01 -2.389863692224025726e-02 -3.638744950294494629e-01 9.198444485664367676e-01
2.653645515441894531e+01 -1.883354425430297852e+00 -1.612197875976562500e+00 1.479455977678298950e-01 -2.256078086793422699e-02 -3.585274815559387207e-01 9.214451909065246582e-01
2.677785491943359375e+01 -2.200331926345825195e+00 -1.619144916534423828e+00 1.513744443655014038e-01 -2.122050896286964417e-02 -3.533661663532257080e-01 9.229127168655395508e-01
2.701316261291503906e+01 -2.515029191970825195e+00 -1.625788569450378418e+00 1.548634171485900879e-01 -1.979511603713035583e-02 -3.483895957469940186e-01 9.242565631866455078e-01
2.723726463317871094e+01 -2.831203460693359375e+00 -1.631706476211547852e+00 1.583850383758544922e-01 -1.820195466279983521e-02 -3.435972034931182861e-01 9.254856705665588379e-01
2.745438003540039062e+01 -3.145571231842041016e+00 -1.637639760971069336e+00 1.619119197130203247e-01 -1.635810360312461853e-02 -3.389875888824462891e-01 9.266090393066406250e-01
2.766395378112792969e+01 -3.458515644073486328e+00 -1.643593072891235352e+00 1.654165387153625488e-01 -1.418079808354377747e-02 -3.345595002174377441e-01 9.276347756385803223e-01
2.786656761169433594e+01 -3.769487142562866211e+00 -1.650726914405822754e+00 1.688711792230606079e-01 -1.158758625388145447e-02 -3.303114771842956543e-01 9.285702705383300781e-01
2.806506347656250000e+01 -4.076623439788818359e+00 -1.658951997756958008e+00 1.722481995820999146e-01 -8.495736867189407349e-03 -3.262411653995513916e-01 9.294218420982360840e-01
2.826027297973632812e+01 -4.379325866699218750e+00 -1.669611811637878418e+00 1.755196303129196167e-01 -4.822604358196258545e-03 -3.223456442356109619e-01 9.301950931549072266e-01
2.845746612548828125e+01 -4.673984050750732422e+00 -1.685310602188110352e+00 1.786572337150573730e-01 -4.856958985328674316e-04 -3.186220228672027588e-01 9.308928251266479492e-01
2.866121482849121094e+01 -4.956879615783691406e+00 -1.707635402679443359e+00 1.816323846578598022e-01 4.597257822751998901e-03 -3.150656521320343018e-01 9.315159916877746582e-01
2.887591743469238281e+01 -5.223698616027832031e+00 -1.738330006599426270e+00 1.844160407781600952e-01 1.050874963402748108e-02 -3.116712570190429688e-01 9.320629239082336426e-01
2.910363769531250000e+01 -5.471056938171386719e+00 -1.776785254478454590e+00 1.869786232709884644e-01 1.733064651489257812e-02 -3.084322214126586914e-01 9.325278997421264648e-01
2.934269905090332031e+01 -5.698903560638427734e+00 -1.819656968116760254e+00 1.891144961118698120e-01 2.520236745476722717e-02 -3.053346574306488037e-01 9.329369068145751953e-01
2.958827590942382812e+01 -5.911508560180664062e+00 -1.862574458122253418e+00 1.913183331489562988e-01 3.403312712907791138e-02 -3.023829162120819092e-01 9.331685900688171387e-01
2.983623886108398438e+01 -6.115773677825927734e+00 -1.902357101440429688e+00 1.930348873138427734e-01 4.403318092226982117e-02 -2.995598912239074707e-01 9.333073496818542480e-01
3.008312034606933594e+01 -6.315824985504150391e+00 -1.938058376312255859e+00 1.944194287061691284e-01 5.501159280538558960e-02 -2.969059050083160400e-01 9.332854747772216797e-01
3.032719612121582031e+01 -6.513791561126708984e+00 -1.969194293022155762e+00 1.954553127288818359e-01 6.679140031337738037e-02 -2.944672703742980957e-01 9.330730438232421875e-01
3.056667327880859375e+01 -6.711835861206054688e+00 -1.995092749595642090e+00 1.961272060871124268e-01 7.919568568468093872e-02 -2.922920882701873779e-01 9.326454401016235352e-01
3.080264091491699219e+01 -6.908129692077636719e+00 -2.019245624542236328e+00 1.964210718870162964e-01 9.204725176095962524e-02 -2.904305160045623779e-01 9.319850206375122070e-01
3.103256225585937500e+01 -7.106054306030273438e+00 -2.037697076797485352e+00 1.963246762752532959e-01 1.051694601774215698e-01 -2.889349460601806641e-01 9.310814142227172852e-01
3.125946235656738281e+01 -7.301427841186523438e+00 -2.055785417556762695e+00 1.958274245262145996e-01 1.183859184384346008e-01 -2.878600358963012695e-01 9.299317002296447754e-01
3.148151206970214844e+01 -7.496596336364746094e+00 -2.070763587951660156e+00 1.949204802513122559e-01 1.315210908651351929e-01 -2.872627973556518555e-01 9.285409450531005859e-01
3.170025825500488281e+01 -7.689555644989013672e+00 -2.084969997406005859e+00 1.935967206954956055e-01 1.444009393453598022e-01 -2.872021198272705078e-01 9.269216060638427734e-01
3.191543388366699219e+01 -7.880598068237304688e+00 -2.098175525665283203e+00 1.918504238128662109e-01 1.568521410226821899e-01 -2.877389192581176758e-01 9.250929951667785645e-01
3.212653350830078125e+01 -8.070329666137695312e+00 -2.109771728515625000e+00 1.896772682666778564e-01 1.687031984329223633e-01 -2.889356613159179688e-01 9.230806827545166016e-01
3.233464813232421875e+01 -8.257397651672363281e+00 -2.121101140975952148e+00 1.870738565921783447e-01 1.797839999198913574e-01 -2.908565402030944824e-01 9.209145307540893555e-01
3.253898239135742188e+01 -8.442707061767578125e+00 -2.131457567214965820e+00 1.840373575687408447e-01 1.899256110191345215e-01 -2.935664355754852295e-01 9.186279177665710449e-01
3.273970794677734375e+01 -8.626054763793945312e+00 -2.140996694564819336e+00 1.805650740861892700e-01 1.989603340625762939e-01 -2.971308827400207520e-01 9.162555336952209473e-01
3.293743515014648438e+01 -8.806672096252441406e+00 -2.150309324264526367e+00 1.766541153192520142e-01 2.067212462425231934e-01 -3.016152679920196533e-01 9.138313531875610352e-01
3.313143920898437500e+01 -8.985370635986328125e+00 -2.158969640731811523e+00 1.723005175590515137e-01 2.130415439605712891e-01 -3.070846498012542725e-01 9.113862514495849609e-01
3.332187271118164062e+01 -9.161974906921386719e+00 -2.167088508605957031e+00 1.673594713211059570e-01 2.172689139842987061e-01 -3.135958611965179443e-01 9.090889096260070801e-01
3.350933837890625000e+01 -9.335795402526855469e+00 -2.175058603286743164e+00 1.615426540374755859e-01 2.183704972267150879e-01 -3.212274312973022461e-01 9.072105884552001953e-01
3.369317245483398438e+01 -9.507352828979492188e+00 -2.182645320892333984e+00 1.558174937963485718e-01 2.194713205099105835e-01 -3.300496339797973633e-01 9.047764539718627930e-01
3.387313079833984375e+01 -9.676875114440917969e+00 -2.189816236495971680e+00 1.503170132637023926e-01 2.205589860677719116e-01 -3.400368988513946533e-01 9.017391204833984375e-01
3.405016708374023438e+01 -9.843527793884277344e+00 -2.196923255920410156e+00 1.436286866664886475e-01 2.171924859285354614e-01 -3.512847125530242920e-01 8.993315696716308594e-01
3.422384262084960938e+01 -1.000766086578369141e+01 -2.203932523727416992e+00 1.364841610193252563e-01 2.116584777832031250e-01 -3.636413216590881348e-01 8.968487977981567383e-01
3.439336776733398438e+01 -1.017013931274414062e+01 -2.210843563079833984e+00 1.289233863353729248e-01 2.040806561708450317e-01 -3.769455552101135254e-01 8.942270278930664062e-01
3.455999374389648438e+01 -1.032967948913574219e+01 -2.217731237411499023e+00 1.209868788719177246e-01 1.945838928222656250e-01 -3.910326361656188965e-01 8.913993835449218750e-01
3.472349929809570312e+01 -1.048655509948730469e+01 -2.224668025970458984e+00 1.127159297466278076e-01 1.832953840494155884e-01 -4.057351946830749512e-01 8.882999420166015625e-01
3.488240814208984375e+01 -1.064230728149414062e+01 -2.231921434402465820e+00 1.041539460420608521e-01 1.703457683324813843e-01 -4.208867251873016357e-01 8.848664164543151855e-01
3.503853988647460938e+01 -1.079512882232666016e+01 -2.239232063293457031e+00 9.534585475921630859e-02 1.558697074651718140e-01 -4.363198578357696533e-01 8.810441493988037109e-01
3.519126892089843750e+01 -1.094569301605224609e+01 -2.246819972991943359e+00 8.633912354707717896e-02 1.400069445371627808e-01 -4.518702030181884766e-01 8.767877817153930664e-01
3.533901596069335938e+01 -1.109559822082519531e+01 -2.255186796188354492e+00 7.718363404273986816e-02 1.229017004370689392e-01 -4.673782587051391602e-01 8.720638155937194824e-01
3.548412704467773438e+01 -1.124261951446533203e+01 -2.263651132583618164e+00 6.793155521154403687e-02 1.047034934163093567e-01 -4.826886951923370361e-01 8.668529987335205078e-01
3.562381744384765625e+01 -1.138940429687500000e+01 -2.273028612136840820e+00 5.863721296191215515e-02 8.556599915027618408e-02 -4.976532757282257080e-01 8.611511588096618652e-01
3.575851821899414062e+01 -1.153321552276611328e+01 -2.282780647277832031e+00 4.935703426599502563e-02 6.564698368310928345e-02 -5.121322870254516602e-01 8.549707531929016113e-01
3.588679122924804688e+01 -1.167528820037841797e+01 -2.293281793594360352e+00 4.014898091554641724e-02 4.510726779699325562e-02 -5.259941816329956055e-01 8.483416438102722168e-01
3.600865554809570312e+01 -1.181565856933593750e+01 -2.304520130157470703e+00 3.107256814837455750e-02 2.410988882184028625e-02 -5.391191244125366211e-01 8.413108587265014648e-01
3.612260055541992188e+01 -1.195536327362060547e+01 -2.316826820373535156e+00 2.218800783157348633e-02 2.818680368363857269e-03 -5.513976812362670898e-01 8.339426517486572266e-01
3.623005676269531250e+01 -1.209330272674560547e+01 -2.329812049865722656e+00 1.355627365410327911e-02 -1.860225573182106018e-02 -5.627325773239135742e-01 8.263185024261474609e-01
3.632485198974609375e+01 -1.223350048065185547e+01 -2.344841957092285156e+00 5.238132551312446594e-03 -3.999058157205581665e-02 -5.730374455451965332e-01 8.185361623764038086e-01
3.640970993041992188e+01 -1.237337589263916016e+01 -2.361099720001220703e+00 -2.705534920096397400e-03 -6.118571758270263672e-02 -5.822390913963317871e-01 8.107074499130249023e-01
3.648260498046875000e+01 -1.251368427276611328e+01 -2.378890991210937500e+00 -1.021462678909301758e-02 -8.203083276748657227e-02 -5.902743935585021973e-01 8.029587864875793457e-01
3.654251480102539062e+01 -1.265414524078369141e+01 -2.398212909698486328e+00 -1.722981408238410950e-02 -1.023730486631393433e-01 -5.970910787582397461e-01 7.954276204109191895e-01
3.658998489379882812e+01 -1.279352760314941406e+01 -2.418698787689208984e+00 -2.371134608983993530e-02 -1.220775842666625977e-01 -6.026760339736938477e-01 7.882361412048339844e-01
3.663033676147460938e+01 -1.292951393127441406e+01 -2.439293861389160156e+00 -2.969461306929588318e-02 -1.410659998655319214e-01 -6.071396470069885254e-01 7.814090251922607422e-01
3.666458511352539062e+01 -1.305890083312988281e+01 -2.459290027618408203e+00 -3.523474559187889099e-02 -1.592754870653152466e-01 -6.106204390525817871e-01 7.749403715133666992e-01
3.669392395019531250e+01 -1.318128871917724609e+01 -2.478472948074340820e+00 -4.038704559206962585e-02 -1.766446083784103394e-01 -6.132546663284301758e-01 7.688201069831848145e-01
3.671773529052734375e+01 -1.329666996002197266e+01 -2.496816873550415039e+00 -4.520770162343978882e-02 -1.931138485670089722e-01 -6.151774525642395020e-01 7.630335092544555664e-01
3.673743438720703125e+01 -1.340461635589599609e+01 -2.514094829559326172e+00 -4.975314438343048096e-02 -2.086250782012939453e-01 -6.165213584899902344e-01 7.575629949569702148e-01
3.675424194335937500e+01 -1.350487518310546875e+01 -2.530196428298950195e+00 -5.408018827438354492e-02 -2.231217324733734131e-01 -6.174177527427673340e-01 7.523877024650573730e-01
3.676649856567382812e+01 -1.359757328033447266e+01 -2.545142173767089844e+00 -5.824576318264007568e-02 -2.365483343601226807e-01 -6.179959774017333984e-01 7.474846243858337402e-01
3.677732849121093750e+01 -1.368223571777343750e+01 -2.558763265609741211e+00 -6.230688095092773438e-02 -2.488503158092498779e-01 -6.183835864067077637e-01 7.428277730941772461e-01
3.678408050537109375e+01 -1.375907230377197266e+01 -2.571099281311035156e+00 -6.632038950920104980e-02 -2.599737048149108887e-01 -6.187054514884948730e-01 7.383893132209777832e-01
3.678989028930664062e+01 -1.382773208618164062e+01 -2.582062959671020508e+00 -7.034361362457275391e-02 -2.698649764060974121e-01 -6.190850734710693359e-01 7.341378331184387207e-01
3.679319381713867188e+01 -1.388824653625488281e+01 -2.591639280319213867e+00 -7.443309575319290161e-02 -2.784704864025115967e-01 -6.196424365043640137e-01 7.300392389297485352e-01
3.679497528076171875e+01 -1.394052505493164062e+01 -2.599819898605346680e+00 -7.864602655172348022e-02 -2.857365310192108154e-01 -6.204944849014282227e-01 7.260550260543823242e-01
3.679639434814453125e+01 -1.398445987701416016e+01 -2.606595516204833984e+00 -8.303894102573394775e-02 -2.916080951690673828e-01 -6.217548847198486328e-01 7.221426963806152344e-01
3.679648971557617188e+01 -1.402002143859863281e+01 -2.611933469772338867e+00 -8.766815811395645142e-02 -2.960290610790252686e-01 -6.235322356224060059e-01 7.182538509368896484e-01
3.679550552368164062e+01 -1.404716491699218750e+01 -2.615831851959228516e+00 -9.259030967950820923e-02 -2.989420294761657715e-01 -6.259303092956542969e-01 7.143332362174987793e-01
3.679463958740234375e+01 -1.406584644317626953e+01 -2.618307352066040039e+00 -9.786100685596466064e-02 -3.002870678901672363e-01 -6.290459036827087402e-01 7.103183269500732422e-01
3.679388046264648438e+01 -1.407602977752685547e+01 -2.619346857070922852e+00 -1.035357490181922913e-01 -3.000014126300811768e-01 -6.329701542854309082e-01 7.061362862586975098e-01
3.679323959350585938e+01 -1.407767581939697266e+01 -2.618936061859130859e+00 -1.096691414713859558e-01 -2.980198860168457031e-01 -6.377834677696228027e-01 7.017043232917785645e-01
3.679240036010742188e+01 -1.408352470397949219e+01 -2.618902444839477539e+00 -1.163148954510688782e-01 -2.942736148834228516e-01 -6.435580849647521973e-01 6.969267725944519043e-01
3.679138565063476562e+01 -1.409354972839355469e+01 -2.619232654571533203e+00 -1.235024183988571167e-01 -2.887312769889831543e-01 -6.503212451934814453e-01 6.917107105255126953e-01
3.679022979736328125e+01 -1.410777568817138672e+01 -2.619943857192993164e+00 -1.311676651239395142e-01 -2.815210521221160889e-01 -6.579657196998596191e-01 6.860189437866210938e-01
3.678899765014648438e+01 -1.412624263763427734e+01 -2.621062517166137695e+00 -1.392217278480529785e-01 -2.728120088577270508e-01 -6.663491725921630859e-01 6.798306107521057129e-01
3.678687286376953125e+01 -1.413784122467041016e+01 -2.620959997177124023e+00 -1.475753337144851685e-01 -2.627753317356109619e-01 -6.753302812576293945e-01 6.731266975402832031e-01
3.678548812866210938e+01 -1.414270496368408203e+01 -2.619738817214965820e+00 -1.561397314071655273e-01 -2.515857517719268799e-01 -6.847707033157348633e-01 6.658935546875000000e-01
3.678493499755859375e+01 -1.414087867736816406e+01 -2.617431640625000000e+00 -1.648258417844772339e-01 -2.394213676452636719e-01 -6.945371627807617188e-01 6.581245660781860352e-01
3.678383255004882812e+01 -1.414594650268554688e+01 -2.615986347198486328e+00 -1.735465377569198608e-01 -2.264657020568847656e-01 -7.045035958290100098e-01 6.498227119445800781e-01
3.678221130371093750e+01 -1.415796375274658203e+01 -2.615438222885131836e+00 -1.822158545255661011e-01 -2.129061669111251831e-01 -7.145531773567199707e-01 6.410008072853088379e-01
3.678007125854492188e+01 -1.417696475982666016e+01 -2.615826368331909180e+00 -1.907501816749572754e-01 -1.989350318908691406e-01 -7.245792746543884277e-01 6.316835880279541016e-01
3.677743148803710938e+01 -1.420300006866455078e+01 -2.617193460464477539e+00 -1.990689635276794434e-01 -1.847486495971679688e-01 -7.344871163368225098e-01 6.219068169593811035e-01
3.677260208129882812e+01 -1.423588085174560547e+01 -2.619486093521118164e+00 -2.070943713188171387e-01 -1.705468147993087769e-01 -7.441945075988769531e-01 6.117190122604370117e-01
3.676511764526367188e+01 -1.427557563781738281e+01 -2.622721433639526367e+00 -2.147527635097503662e-01 -1.565324515104293823e-01 -7.536324262619018555e-01 6.011795401573181152e-01
3.675590896606445312e+01 -1.432220649719238281e+01 -2.626995801925659180e+00 -2.219742983579635620e-01 -1.429104804992675781e-01 -7.627448439598083496e-01 5.903595685958862305e-01
3.674081802368164062e+01 -1.437485599517822266e+01 -2.632059335708618164e+00 -2.286928594112396240e-01 -1.298875808715820312e-01 -7.714886069297790527e-01 5.793394446372985840e-01
3.672102355957031250e+01 -1.443354225158691406e+01 -2.638007164001464844e+00 -2.348458021879196167e-01 -1.176702231168746948e-01 -7.798329591751098633e-01 5.682090520858764648e-01
3.669456481933593750e+01 -1.449754810333251953e+01 -2.644701480865478516e+00 -2.403752207756042480e-01 -1.064652949571609497e-01 -7.877585887908935547e-01 5.570647716522216797e-01
3.665969085693359375e+01 -1.456577396392822266e+01 -2.651964664459228516e+00 -2.452256083488464355e-01 -9.647919982671737671e-02 -7.952554225921630859e-01 5.460082888603210449e-01
3.661593246459960938e+01 -1.463750743865966797e+01 -2.659717321395874023e+00 -2.493446320295333862e-01 -8.791624009609222412e-02 -8.023205399513244629e-01 5.351443886756896973e-01
3.656426239013671875e+01 -1.471297359466552734e+01 -2.668076038360595703e+00 -2.526813447475433350e-01 -8.098106831312179565e-02 -8.089564442634582520e-01 5.245793461799621582e-01
3.654039382934570312e+01 -1.474619865417480469e+01 -2.671758413314819336e+00 -2.551857829093933105e-01 -7.587508112192153931e-02 -8.151675462722778320e-01 5.144170522689819336e-01
