-6.037028789520263672e+00 -1.556513118743896484e+01 -3.354886293411254883e+00 1.031871661543846130e-01 -1.601133793592453003e-01 9.313275814056396484e-01 3.103951215744018555e-01
-6.331143856048583984e+00 -1.560654258728027344e+01 -3.378092050552368164e+00 8.460201323032379150e-02 -1.607045680284500122e-01 9.306840896606445312e-01 3.175587654113769531e-01
-6.632548809051513672e+00 -1.564182090759277344e+01 -3.384988307952880859e+00 6.585472822189331055e-02 -1.611827760934829712e-01 9.294643998146057129e-01 3.252371847629547119e-01
-6.940068244934082031e+00 -1.567337894439697266e+01 -3.378714561462402344e+00 4.719001427292823792e-02 -1.615582108497619629e-01 9.277076125144958496e-01 3.332125544548034668e-01
-7.253000259399414062e+00 -1.570360279083251953e+01 -3.360943555831909180e+00 2.885480597615242004e-02 -1.618459373712539673e-01 9.254749417304992676e-01 3.412759006023406982e-01
-7.570785999298095703e+00 -1.573614692687988281e+01 -3.333661317825317383e+00 1.109739765524864197e-02 -1.620641052722930908e-01 9.228499531745910645e-01 3.492279648780822754e-01
-7.879251480102539062e+00 -1.577547359466552734e+01 -3.300715208053588867e+00 -5.833674222230911255e-03 -1.622339785099029541e-01 9.199368953704833984e-01 3.568784296512603760e-01
-8.175340652465820312e+00 -1.583779239654541016e+01 -3.266674757003784180e+00 -2.169040963053703308e-02 -1.623809039592742920e-01 9.168598055839538574e-01 3.640466034412384033e-01
-8.433573722839355469e+00 -1.597695255279541016e+01 -3.248322010040283203e+00 -3.622585535049438477e-02 -1.625331193208694458e-01 9.137588143348693848e-01 3.705605864524841309e-01
-8.596812248229980469e+00 -1.621212768554687500e+01 -3.276127815246582031e+00 -4.919556528329849243e-02 -1.627201586961746216e-01 9.107870459556579590e-01 3.762565255165100098e-01
-8.715915679931640625e+00 -1.646162033081054688e+01 -3.329607963562011719e+00 -6.035676598548889160e-02 -1.629740297794342041e-01 9.081050753593444824e-01 3.809746801853179932e-01
-8.831073760986328125e+00 -1.670174217224121094e+01 -3.391405582427978516e+00 -6.802750378847122192e-02 -1.597684919834136963e-01 9.064856767654418945e-01 3.848764598369598389e-01
-8.947022438049316406e+00 -1.693181610107421875e+01 -3.454735755920410156e+00 -7.401680201292037964e-02 -1.571926772594451904e-01 9.052264690399169922e-01 3.877845406532287598e-01
-9.064295768737792969e+00 -1.715194702148437500e+01 -3.517643928527832031e+00 -7.850034534931182861e-02 -1.552246063947677612e-01 9.043238162994384766e-01 3.897967636585235596e-01
-9.183458328247070312e+00 -1.736190414428710938e+01 -3.579305410385131836e+00 -8.164294809103012085e-02 -1.538274884223937988e-01 9.037587642669677734e-01 3.910137414932250977e-01
-9.305500030517578125e+00 -1.756106376647949219e+01 -3.639170408248901367e+00 -8.359985798597335815e-02 -1.529536545276641846e-01 9.035007953643798828e-01 3.915386497974395752e-01
-9.432504653930664062e+00 -1.774787139892578125e+01 -3.696619749069213867e+00 -8.451902121305465698e-02 -1.525471806526184082e-01 9.035108685493469238e-01 3.914765417575836182e-01
-9.565390586853027344e+00 -1.792107963562011719e+01 -3.751042366027832031e+00 -8.454324305057525635e-02 -1.525465399026870728e-01 9.037426114082336426e-01 3.909362554550170898e-01
-9.706830978393554688e+00 -1.807753372192382812e+01 -3.801503181457519531e+00 -8.381152153015136719e-02 -1.528868973255157471e-01 9.041460752487182617e-01 3.900269865989685059e-01
-9.861248970031738281e+00 -1.821047782897949219e+01 -3.846128463745117188e+00 -8.246077597141265869e-02 -1.535018533468246460e-01 9.046685099601745605e-01 3.888602554798126221e-01
-1.003104496002197266e+01 -1.831072807312011719e+01 -3.882228851318359375e+00 -8.062767237424850464e-02 -1.543247550725936890e-01 9.052560925483703613e-01 3.875490725040435791e-01
-1.021215915679931641e+01 -1.837131309509277344e+01 -3.907382011413574219e+00 -7.844920456409454346e-02 -1.552899777889251709e-01 9.058559536933898926e-01 3.862065970897674561e-01
-1.039527416229248047e+01 -1.839362335205078125e+01 -3.921320676803588867e+00 -7.606390118598937988e-02 -1.563335210084915161e-01 9.064161181449890137e-01 3.849465847015380859e-01
-1.057224559783935547e+01 -1.838840866088867188e+01 -3.926637411117553711e+00 -7.361184805631637573e-02 -1.573935151100158691e-01 9.068862795829772949e-01 3.838826417922973633e-01
-1.073998165130615234e+01 -1.836771965026855469e+01 -3.926667451858520508e+00 -7.123544812202453613e-02 -1.584100425243377686e-01 9.072178602218627930e-01 3.831283450126647949e-01
-1.089849376678466797e+01 -1.834026336669921875e+01 -3.924025297164916992e+00 -6.907897442579269409e-02 -1.593250334262847900e-01 9.073647856712341309e-01 3.827959299087524414e-01
-1.104832458496093750e+01 -1.831036186218261719e+01 -3.920121908187866211e+00 -6.728856265544891357e-02 -1.600812077522277832e-01 9.072812795639038086e-01 3.829970955848693848e-01
-1.118935394287109375e+01 -1.827833938598632812e+01 -3.914926052093505859e+00 -6.601132452487945557e-02 -1.606212556362152100e-01 9.069228768348693848e-01 3.838413953781127930e-01
-1.132232856750488281e+01 -1.824772834777832031e+01 -3.909725904464721680e+00 -6.539508700370788574e-02 -1.608858704566955566e-01 9.062434434890747070e-01 3.854374587535858154e-01
-1.144713973999023438e+01 -1.821816825866699219e+01 -3.904301643371582031e+00 -6.558652222156524658e-02 -1.608123183250427246e-01 9.051957130432128906e-01 3.878898024559020996e-01
-1.156398010253906250e+01 -1.819057655334472656e+01 -3.899373054504394531e+00 -6.645689159631729126e-02 -1.596988439559936523e-01 9.038397073745727539e-01 3.913480937480926514e-01
-1.167260742187500000e+01 -1.816417884826660156e+01 -3.894578695297241211e+00 -6.797824800014495850e-02 -1.572224199771881104e-01 9.021777510643005371e-01 3.958981335163116455e-01
-1.177333736419677734e+01 -1.813988304138183594e+01 -3.890123844146728516e+00 -7.051134109497070312e-02 -1.544042527675628662e-01 9.000441431999206543e-01 4.013825654983520508e-01
-1.187461376190185547e+01 -1.811556625366210938e+01 -3.885595560073852539e+00 -7.394697517156600952e-02 -1.512881070375442505e-01 8.974649310111999512e-01 4.076769649982452393e-01
-1.197633171081542969e+01 -1.809074211120605469e+01 -3.880754947662353516e+00 -7.817641645669937134e-02 -1.479174345731735229e-01 8.944653868675231934e-01 4.146572947502136230e-01
-1.207864189147949219e+01 -1.806588363647460938e+01 -3.875839710235595703e+00 -8.309033513069152832e-02 -1.443358659744262695e-01 8.910729885101318359e-01 4.221990406513214111e-01
-1.218157577514648438e+01 -1.804098129272460938e+01 -3.870844602584838867e+00 -8.857971429824829102e-02 -1.405877023935317993e-01 8.873184323310852051e-01 4.301798045635223389e-01
-1.228506660461425781e+01 -1.801570701599121094e+01 -3.865652322769165039e+00 -9.453553706407546997e-02 -1.367186009883880615e-01 8.832373023033142090e-01 4.384778738021850586e-01
-1.238920402526855469e+01 -1.799030685424804688e+01 -3.860358238220214844e+00 -1.008492857217788696e-01 -1.327749788761138916e-01 8.788707852363586426e-01 4.469747841358184814e-01
-1.249401950836181641e+01 -1.796479988098144531e+01 -3.854977369308471680e+00 -1.074127480387687683e-01 -1.288044601678848267e-01 8.742664456367492676e-01 4.555548727512359619e-01
-1.259949398040771484e+01 -1.793902397155761719e+01 -3.849493980407714844e+00 -1.141182184219360352e-01 -1.248554065823554993e-01 8.694793581962585449e-01 4.641055464744567871e-01
-1.270566177368164062e+01 -1.791302299499511719e+01 -3.843919038772583008e+00 -1.208591014146804810e-01 -1.209776476025581360e-01 8.645715713500976562e-01 4.725182950496673584e-01
-1.281255245208740234e+01 -1.788684463500976562e+01 -3.838262319564819336e+00 -1.275299042463302612e-01 -1.172219067811965942e-01 8.596127629280090332e-01 4.806882441043853760e-01
-1.292016983032226562e+01 -1.786042976379394531e+01 -3.832568168640136719e+00 -1.340262591838836670e-01 -1.136403605341911316e-01 8.546791076660156250e-01 4.885145127773284912e-01
-1.302851867675781250e+01 -1.783373069763183594e+01 -3.826846122741699219e+00 -1.402446031570434570e-01 -1.102851629257202148e-01 8.498538732528686523e-01 4.959000349044799805e-01
-1.313762092590332031e+01 -1.780678176879882812e+01 -3.821062564849853516e+00 -1.460831612348556519e-01 -1.072098463773727417e-01 8.452258110046386719e-01 5.027515292167663574e-01
-1.324748706817626953e+01 -1.777956008911132812e+01 -3.815296649932861328e+00 -1.514408886432647705e-01 -1.044680625200271606e-01 8.408880233764648438e-01 5.089787840843200684e-01
-1.335812759399414062e+01 -1.775205612182617188e+01 -3.809609174728393555e+00 -1.562178134918212891e-01 -1.021137982606887817e-01 8.369374275207519531e-01 5.144944190979003906e-01
-1.346953105926513672e+01 -1.772421264648437500e+01 -3.803887844085693359e+00 -1.603147387504577637e-01 -1.002012193202972412e-01 8.334732055664062500e-01 5.192122459411621094e-01
-1.358172798156738281e+01 -1.769607925415039062e+01 -3.798274517059326172e+00 -1.636331677436828613e-01 -9.878505766391754150e-02 8.305947184562683105e-01 5.230469107627868652e-01
-1.369473361968994141e+01 -1.766766166687011719e+01 -3.792849063873291016e+00 -1.660743057727813721e-01 -9.791900962591171265e-02 8.283999562263488770e-01 5.259133577346801758e-01
-1.380843067169189453e+01 -1.763884162902832031e+01 -3.787613391876220703e+00 -1.671289056539535522e-01 -9.693752974271774292e-02 8.270381689071655273e-01 5.279003977775573730e-01
-1.392297172546386719e+01 -1.760986709594726562e+01 -3.782656669616699219e+00 -1.674044430255889893e-01 -9.661903232336044312e-02 8.263624906539916992e-01 5.289285778999328613e-01
-1.403831768035888672e+01 -1.758066940307617188e+01 -3.777864933013916016e+00 -1.670101732015609741e-01 -9.687770158052444458e-02 8.262913823127746582e-01 5.291168093681335449e-01
-1.415443229675292969e+01 -1.755123519897460938e+01 -3.773074865341186523e+00 -1.660508364439010620e-01 -9.762334823608398438e-02 8.267386555671691895e-01 5.285829305648803711e-01
-1.427165412902832031e+01 -1.752293014526367188e+01 -3.768797636032104492e+00 -1.646278500556945801e-01 -9.876381605863571167e-02 8.276145458221435547e-01 5.274443030357360840e-01
-1.438959217071533203e+01 -1.749435424804687500e+01 -3.764491558074951172e+00 -1.628413349390029907e-01 -1.002063900232315063e-01 8.288283944129943848e-01 5.258182287216186523e-01
-1.450325870513916016e+01 -1.746886634826660156e+01 -3.760789632797241211e+00 -1.607914417982101440e-01 -1.018590927124023438e-01 8.302893042564392090e-01 5.238227844238281250e-01
-1.461233139038085938e+01 -1.744517135620117188e+01 -3.757411956787109375e+00 -1.585793495178222656e-01 -1.036317273974418640e-01 8.319081664085388184e-01 5.215762853622436523e-01
-1.471686935424804688e+01 -1.742382812500000000e+01 -3.754380464553833008e+00 -1.563078612089157104e-01 -1.054364591836929321e-01 8.335970044136047363e-01 5.191984772682189941e-01
-1.481709289550781250e+01 -1.740603446960449219e+01 -3.751870632171630859e+00 -1.540819555521011353e-01 -1.071881651878356934e-01 8.352704048156738281e-01 5.168100595474243164e-01
-1.491244792938232422e+01 -1.738911628723144531e+01 -3.749484777450561523e+00 -1.520088016986846924e-01 -1.088045462965965271e-01 8.368458747863769531e-01 5.145324468612670898e-01
-1.500352001190185547e+01 -1.737713813781738281e+01 -3.747668981552124023e+00 -1.501978337764739990e-01 -1.102055609226226807e-01 8.382429480552673340e-01 5.124881267547607422e-01
-1.508975028991699219e+01 -1.736667442321777344e+01 -3.746125459671020508e+00 -1.485794931650161743e-01 -1.110160648822784424e-01 8.394222259521484375e-01 5.108520984649658203e-01
-1.517102527618408203e+01 -1.735740661621093750e+01 -3.744852304458618164e+00 -1.471725851297378540e-01 -1.110010147094726562e-01 8.403275012969970703e-01 5.097731351852416992e-01
-1.524772167205810547e+01 -1.735366249084472656e+01 -3.744124174118041992e+00 -1.462988108396530151e-01 -1.104262024164199829e-01 8.408350944519042969e-01 5.093122720718383789e-01
-1.531939411163330078e+01 -1.735029792785644531e+01 -3.743495941162109375e+00 -1.460666954517364502e-01 -1.092089340090751648e-01 8.408653140068054199e-01 5.095915198326110840e-01
-1.538603115081787109e+01 -1.734734344482421875e+01 -3.742970466613769531e+00 -1.465840637683868408e-01 -1.072659716010093689e-01 8.403340578079223633e-01 5.107306838035583496e-01
-1.544764137268066406e+01 -1.734974479675292969e+01 -3.742891073226928711e+00 -1.479576081037521362e-01 -1.045133322477340698e-01 8.391513824462890625e-01 5.128454566001892090e-01
-1.550418758392333984e+01 -1.735251998901367188e+01 -3.742904663085937500e+00 -1.502924859523773193e-01 -1.008661165833473206e-01 8.372182250022888184e-01 5.160463452339172363e-01
-1.555566120147705078e+01 -1.735538101196289062e+01 -3.742985248565673828e+00 -1.536915004253387451e-01 -9.623771905899047852e-02 8.344239592552185059e-01 5.204362273216247559e-01
-1.560206031799316406e+01 -1.735835456848144531e+01 -3.743126153945922852e+00 -1.582144796848297119e-01 -9.057047963142395020e-02 8.306734561920166016e-01 5.260671973228454590e-01
-1.564312458038330078e+01 -1.736476516723632812e+01 -3.743507623672485352e+00 -1.637584120035171509e-01 -8.392722904682159424e-02 8.259827494621276855e-01 5.328149795532226562e-01
-1.567914772033691406e+01 -1.737147331237792969e+01 -3.743939161300659180e+00 -1.701793968677520752e-01 -7.640142738819122314e-02 8.203954696655273438e-01 5.405117273330688477e-01
-1.571021938323974609e+01 -1.737777709960937500e+01 -3.744369983673095703e+00 -1.773331463336944580e-01 -6.808787584304809570e-02 8.139577507972717285e-01 5.489898324012756348e-01
-1.573636817932128906e+01 -1.738364219665527344e+01 -3.744792461395263672e+00 -1.850748956203460693e-01 -5.908261239528656006e-02 8.067218065261840820e-01 5.580828785896301270e-01
-1.575761890411376953e+01 -1.738906288146972656e+01 -3.745195150375366211e+00 -1.932612657546997070e-01 -4.948349297046661377e-02 7.987480163574218750e-01 5.676293969154357910e-01
-1.577400016784667969e+01 -1.739398956298828125e+01 -3.745573043823242188e+00 -2.017498910427093506e-01 -3.938991576433181763e-02 7.901074886322021484e-01 5.774734616279602051e-01
-1.578553295135498047e+01 -1.739840698242187500e+01 -3.745919704437255859e+00 -2.104006260633468628e-01 -2.890346944332122803e-02 7.808839082717895508e-01 5.874661803245544434e-01
-1.579223632812500000e+01 -1.740227508544921875e+01 -3.746235847473144531e+00 -2.190763950347900391e-01 -1.812718808650970459e-02 7.711742520332336426e-01 5.974673032760620117e-01
-1.579412555694580078e+01 -1.740556144714355469e+01 -3.746522665023803711e+00 -2.276427298784255981e-01 -7.164545357227325439e-03 7.610894441604614258e-01 6.073470115661621094e-01
-1.579551219940185547e+01 -1.740880393981933594e+01 -3.746777772903442383e+00 -2.359701991081237793e-01 3.879345953464508057e-03 7.507545351982116699e-01 6.169850826263427734e-01
-1.579640483856201172e+01 -1.741196823120117188e+01 -3.747010469436645508e+00 -2.439325898885726929e-01 1.490008085966110229e-02 7.403084039688110352e-01 6.262732744216918945e-01
-1.579680347442626953e+01 -1.741501426696777344e+01 -3.747231960296630859e+00 -2.514095306396484375e-01 2.579233050346374512e-02 7.299029827117919922e-01 6.351137757301330566e-01
-1.579670715332031250e+01 -1.741790008544921875e+01 -3.747456073760986328e+00 -2.582842707633972168e-01 3.645268082618713379e-02 7.197015285491943359e-01 6.434207558631896973e-01
-1.579904365539550781e+01 -1.742098617553710938e+01 -3.747695207595825195e+00 -2.644457817077636719e-01 4.677763581275939941e-02 7.098776698112487793e-01 6.511173844337463379e-01
-1.580380344390869141e+01 -1.742423248291015625e+01 -3.747968673706054688e+00 -2.697860598564147949e-01 5.666618049144744873e-02 7.006135582923889160e-01 6.581376791000366211e-01
-1.581097412109375000e+01 -1.742761230468750000e+01 -3.748300075531005859e+00 -2.742015719413757324e-01 6.601822376251220703e-02 6.920970678329467773e-01 6.644220948219299316e-01
-1.582042980194091797e+01 -1.743165969848632812e+01 -3.748737812042236328e+00 -2.775912582874298096e-01 7.473550736904144287e-02 6.845204234123229980e-01 6.699175238609313965e-01
-1.583215045928955078e+01 -1.743640136718750000e+01 -3.749307870864868164e+00 -2.798553109169006348e-01 8.272135257720947266e-02 6.780770421028137207e-01 6.745736598968505859e-01
-1.584619235992431641e+01 -1.744139099121093750e+01 -3.750015258789062500e+00 -2.808940410614013672e-01 8.988072723150253296e-02 6.729588508605957031e-01 6.783409714698791504e-01
-1.586256885528564453e+01 -1.744685554504394531e+01 -3.750737905502319336e+00 -2.782875895500183105e-01 9.331419318914413452e-02 6.695660948753356934e-01 6.822972893714904785e-01
-1.588124275207519531e+01 -1.745246124267578125e+01 -3.751662492752075195e+00 -2.752280533313751221e-01 9.674331545829772949e-02 6.675464510917663574e-01 6.850342750549316406e-01
-1.590220832824707031e+01 -1.745822715759277344e+01 -3.752770185470581055e+00 -2.717766463756561279e-01 1.001649722456932068e-01 6.668080091476440430e-01 6.866378188133239746e-01
-1.592546844482421875e+01 -1.746419334411621094e+01 -3.754040956497192383e+00 -2.680095136165618896e-01 1.035698130726814270e-01 6.672448515892028809e-01 6.871888041496276855e-01
-1.595102977752685547e+01 -1.747038078308105469e+01 -3.755447387695312500e+00 -2.640119791030883789e-01 1.069428548216819763e-01 6.687393784523010254e-01 6.867667436599731445e-01
-1.597890377044677734e+01 -1.747680664062500000e+01 -3.756962299346923828e+00 -2.598757147789001465e-01 1.102632433176040649e-01 6.711675524711608887e-01 6.854492425918579102e-01
-1.600909423828125000e+01 -1.748350524902343750e+01 -3.758556365966796875e+00 -2.556943893432617188e-01 1.135043054819107056e-01 6.744022369384765625e-01 6.833146214485168457e-01
-1.604138565063476562e+01 -1.749131774902343750e+01 -3.760228872299194336e+00 -2.515608072280883789e-01 1.166331544518470764e-01 6.783172488212585449e-01 6.804406642913818359e-01
-1.607541656494140625e+01 -1.750168418884277344e+01 -3.761955976486206055e+00 -2.463749647140502930e-01 1.183015927672386169e-01 6.829878091812133789e-01 6.773711442947387695e-01
-1.611173820495605469e+01 -1.751268005371093750e+01 -3.763632059097290039e+00 -2.398946136236190796e-01 1.182013154029846191e-01 6.883777976036071777e-01 6.742514371871948242e-01
-1.615035820007324219e+01 -1.752423858642578125e+01 -3.765280723571777344e+00 -2.333301901817321777e-01 1.175997778773307800e-01 6.941983699798583984e-01 6.706831455230712891e-01
-1.619127845764160156e+01 -1.753638648986816406e+01 -3.766875028610229492e+00 -2.268047034740447998e-01 1.165386885404586792e-01 7.003372907638549805e-01 6.667127609252929688e-01
-1.623450279235839844e+01 -1.754914474487304688e+01 -3.768393516540527344e+00 -2.204427421092987061e-01 1.150603741407394409e-01 7.066864371299743652e-01 6.623898744583129883e-01
-1.627924919128417969e+01 -1.756465339660644531e+01 -3.769870519638061523e+00 -2.143702059984207153e-01 1.132075563073158264e-01 7.131410241127014160e-01 6.577683687210083008e-01
-1.632582664489746094e+01 -1.758211898803710938e+01 -3.771262168884277344e+00 -2.087142616510391235e-01 1.110237538814544678e-01 7.196010947227478027e-01 6.529060602188110352e-01
-1.637464714050292969e+01 -1.760042381286621094e+01 -3.772518873214721680e+00 -2.036033272743225098e-01 1.085532009601593018e-01 7.259706258773803711e-01 6.478645801544189453e-01
-1.642571640014648438e+01 -1.761960411071777344e+01 -3.773622274398803711e+00 -1.991670727729797363e-01 1.058403700590133667e-01 7.321580052375793457e-01 6.427090764045715332e-01
-1.647871208190917969e+01 -1.764037513732910156e+01 -3.774562835693359375e+00 -1.955359429121017456e-01 1.029299348592758179e-01 7.380748987197875977e-01 6.375080347061157227e-01
-1.653275299072265625e+01 -1.766472625732421875e+01 -3.775347232818603516e+00 -1.928409636020660400e-01 9.986731410026550293e-02 7.436363697052001953e-01 6.323319077491760254e-01
-1.658896446228027344e+01 -1.769015121459960938e+01 -3.775933027267456055e+00 -1.912140548229217529e-01 9.669731557369232178e-02 7.487596273422241211e-01 6.272526383399963379e-01
-1.664734077453613281e+01 -1.771668815612792969e+01 -3.776315212249755859e+00 -1.907489448785781860e-01 9.346461296081542969e-02 7.533712387084960938e-01 6.223431825637817383e-01
-1.669982337951660156e+01 -1.774168968200683594e+01 -3.776422739028930664e+00 -1.913907527923583984e-01 9.021048247814178467e-02 7.574337124824523926e-01 6.176778078079223633e-01
-1.674617576599121094e+01 -1.776561546325683594e+01 -3.776274442672729492e+00 -1.930461078882217407e-01 8.697545528411865234e-02 7.609167695045471191e-01 6.133304834365844727e-01
-1.678728485107421875e+01 -1.778678131103515625e+01 -3.775913000106811523e+00 -1.956211328506469727e-01 8.380025625228881836e-02 7.637891173362731934e-01 6.093736290931701660e-01
-1.682313346862792969e+01 -1.780520057678222656e+01 -3.775360584259033203e+00 -1.990224421024322510e-01 8.072482049465179443e-02 7.660185098648071289e-01 6.058787107467651367e-01
-1.685371780395507812e+01 -1.782087898254394531e+01 -3.774638652801513672e+00 -2.031554430723190308e-01 7.778944075107574463e-02 7.675723433494567871e-01 6.029173731803894043e-01
-1.687903022766113281e+01 -1.783385658264160156e+01 -3.773764610290527344e+00 -2.079262733459472656e-01 7.503429055213928223e-02 7.684170007705688477e-01 6.005596518516540527e-01
-1.689880371093750000e+01 -1.784457015991210938e+01 -3.772736787796020508e+00 -2.132405638694763184e-01 7.249887287616729736e-02 7.685183882713317871e-01 5.988755226135253906e-01
-1.691316032409667969e+01 -1.785283088684082031e+01 -3.771582603454589844e+00 -2.190036922693252563e-01 7.022330164909362793e-02 7.678416967391967773e-01 5.979341864585876465e-01
-1.692234802246093750e+01 -1.785820198059082031e+01 -3.770338773727416992e+00 -2.251211404800415039e-01 6.824684888124465942e-02 7.663509249687194824e-01 5.978035926818847656e-01
-1.692636108398437500e+01 -1.786071205139160156e+01 -3.769017934799194336e+00 -2.314973771572113037e-01 6.660924851894378662e-02 7.640084028244018555e-01 5.985509157180786133e-01
-1.693358612060546875e+01 -1.786553192138671875e+01 -3.767699003219604492e+00 -2.380369454622268677e-01 6.534961611032485962e-02 7.607748508453369141e-01 6.002411842346191406e-01
-1.694401359558105469e+01 -1.787268066406250000e+01 -3.766393899917602539e+00 -2.446432709693908691e-01 6.450667977333068848e-02 7.566076517105102539e-01 6.029373407363891602e-01
-1.695764541625976562e+01 -1.788217163085937500e+01 -3.765114068984985352e+00 -2.512190639972686768e-01 6.411872059106826782e-02 7.514612674713134766e-01 6.066990494728088379e-01
-1.697448158264160156e+01 -1.789405250549316406e+01 -3.763870239257812500e+00 -2.576652169227600098e-01 6.422392278909683228e-02 7.452857494354248047e-01 6.115825176239013672e-01
-1.699452781677246094e+01 -1.790831565856933594e+01 -3.762673854827880859e+00 -2.638814151287078857e-01 6.485933810472488403e-02 7.380255460739135742e-01 6.176391243934631348e-01
-1.701779365539550781e+01 -1.792501831054687500e+01 -3.761534452438354492e+00 -2.697650492191314697e-01 6.606136262416839600e-02 7.296198010444641113e-01 6.249141097068786621e-01
-1.704429244995117188e+01 -1.794416999816894531e+01 -3.760464906692504883e+00 -2.752112746238708496e-01 6.786512583494186401e-02 7.199997901916503906e-01 6.334456801414489746e-01
-1.707404327392578125e+01 -1.796580505371093750e+01 -3.759475708007812500e+00 -2.801119089126586914e-01 7.030469179153442383e-02 7.090886831283569336e-01 6.432633399963378906e-01
-1.710660362243652344e+01 -1.799069786071777344e+01 -3.758510112762451172e+00 -2.843561172485351562e-01 7.341197878122329712e-02 6.968006491661071777e-01 6.543860435485839844e-01
-1.714206504821777344e+01 -1.801877403259277344e+01 -3.757584095001220703e+00 -2.878487110137939453e-01 7.719954103231430054e-02 6.830734014511108398e-01 6.667789220809936523e-01
-1.718082427978515625e+01 -1.804945755004882812e+01 -3.756754159927368164e+00 -2.905715703964233398e-01 8.160828053951263428e-02 6.679757237434387207e-01 6.802328824996948242e-01
-1.722294616699218750e+01 -1.808274459838867188e+01 -3.755985021591186523e+00 -2.920335829257965088e-01 8.592402189970016479e-02 6.516505479812622070e-01 6.947554349899291992e-01
-1.726831436157226562e+01 -1.811887168884277344e+01 -3.755867242813110352e+00 -2.908026576042175293e-01 9.238488227128982544e-02 6.339185237884521484e-01 7.106659412384033203e-01
-1.731617736816406250e+01 -1.815885734558105469e+01 -3.755841493606567383e+00 -2.882746160030364990e-01 9.999442845582962036e-02 6.150254011154174805e-01 7.270780801773071289e-01
-1.736730766296386719e+01 -1.820148849487304688e+01 -3.755764007568359375e+00 -2.854837775230407715e-01 1.077040284872055054e-01 5.952673554420471191e-01 7.433407902717590332e-01
-1.742191696166992188e+01 -1.824638557434082031e+01 -3.755681753158569336e+00 -2.824490666389465332e-01 1.154280900955200195e-01 5.748314261436462402e-01 7.592546939849853516e-01
-1.747953414916992188e+01 -1.829410171508789062e+01 -3.755426645278930664e+00 -2.791974544525146484e-01 1.230850741267204285e-01 5.539197921752929688e-01 7.746428251266479492e-01
-1.753976058959960938e+01 -1.834505844116210938e+01 -3.754860162734985352e+00 -2.757634818553924561e-01 1.305972933769226074e-01 5.327488780021667480e-01 7.893525362014770508e-01
-1.760333633422851562e+01 -1.839814949035644531e+01 -3.754264354705810547e+00 -2.721891105175018311e-01 1.378920972347259521e-01 5.115466713905334473e-01 8.032550811767578125e-01
-1.766937065124511719e+01 -1.845437049865722656e+01 -3.753374576568603516e+00 -2.685230076313018799e-01 1.449018418788909912e-01 4.905516803264617920e-01 8.162462115287780762e-01
-1.773805618286132812e+01 -1.851337814331054688e+01 -3.752260684967041016e+00 -2.647587954998016357e-01 1.514275074005126953e-01 4.700053036212921143e-01 8.282918930053710938e-01
-1.780947303771972656e+01 -1.857493209838867188e+01 -3.750978231430053711e+00 -2.608788311481475830e-01 1.571996808052062988e-01 4.501465260982513428e-01 8.394036889076232910e-01
-1.788285636901855469e+01 -1.863975524902343750e+01 -3.749382734298706055e+00 -2.571428418159484863e-01 1.625942587852478027e-01 4.312488138675689697e-01 8.493910431861877441e-01
-1.795875358581542969e+01 -1.870704460144042969e+01 -3.747662782669067383e+00 -2.536242008209228516e-01 1.676008999347686768e-01 4.135783016681671143e-01 8.582177758216857910e-01
-1.803641891479492188e+01 -1.877753829956054688e+01 -3.745709657669067383e+00 -2.503940463066101074e-01 1.722074449062347412e-01 3.974016606807708740e-01 8.658633232116699219e-01
-1.811610031127929688e+01 -1.885079574584960938e+01 -3.743662595748901367e+00 -2.475223541259765625e-01 1.763964444398880005e-01 3.829874396324157715e-01 8.723173737525939941e-01
-1.819772720336914062e+01 -1.892679214477539062e+01 -3.741521596908569336e+00 -2.450775057077407837e-01 1.801450401544570923e-01 3.706006407737731934e-01 8.775760531425476074e-01
-1.828137397766113281e+01 -1.900642013549804688e+01 -3.739482879638671875e+00 -2.431272268295288086e-01 1.834211945533752441e-01 3.605053126811981201e-01 8.816357851028442383e-01
-1.836749839782714844e+01 -1.908910179138183594e+01 -3.737676858901977539e+00 -2.417377829551696777e-01 1.861825883388519287e-01 3.529599308967590332e-01 8.844875097274780273e-01
-1.845634460449218750e+01 -1.917533683776855469e+01 -3.737126350402832031e+00 -2.371919751167297363e-01 1.888948380947113037e-01 3.473112583160400391e-01 8.873745799064636230e-01
-1.854813194274902344e+01 -1.926423263549804688e+01 -3.737595796585083008e+00 -2.328984886407852173e-01 1.910013109445571899e-01 3.441017866134643555e-01 8.893091678619384766e-01
-1.864370727539062500e+01 -1.935498046875000000e+01 -3.739591598510742188e+00 -2.288769483566284180e-01 1.925853937864303589e-01 3.430655300617218018e-01 8.904112577438354492e-01
-1.874439048767089844e+01 -1.944619178771972656e+01 -3.742895364761352539e+00 -2.251423895359039307e-01 1.937253177165985107e-01 3.439276814460754395e-01 8.907834291458129883e-01
-1.885151863098144531e+01 -1.953629302978515625e+01 -3.746931076049804688e+00 -2.217075824737548828e-01 1.944927126169204712e-01 3.464062511920928955e-01 8.905172944068908691e-01
-1.896596527099609375e+01 -1.962402725219726562e+01 -3.750918388366699219e+00 -2.185848057270050049e-01 1.949519068002700806e-01 3.502139449119567871e-01 8.896991610527038574e-01
-1.908792114257812500e+01 -1.970879745483398438e+01 -3.754122257232666016e+00 -2.157883048057556152e-01 1.951591968536376953e-01 3.550593256950378418e-01 8.884149193763732910e-01
-1.921701049804687500e+01 -1.979079055786132812e+01 -3.756046056747436523e+00 -2.133332639932632446e-01 1.951630264520645142e-01 3.606488704681396484e-01 8.867539763450622559e-01
-1.935260963439941406e+01 -1.987069702148437500e+01 -3.756478786468505859e+00 -2.112372219562530518e-01 1.950039267539978027e-01 3.666883111000061035e-01 8.848118185997009277e-01
-1.949412155151367188e+01 -1.994938850402832031e+01 -3.755427122116088867e+00 -2.095188796520233154e-01 1.947153955698013306e-01 3.728842437267303467e-01 8.826919794082641602e-01
-1.964098548889160156e+01 -2.002785682678222656e+01 -3.753306150436401367e+00 -2.081976830959320068e-01 1.943249702453613281e-01 3.789455592632293701e-01 8.805065155029296875e-01
-1.979296875000000000e+01 -2.010662460327148438e+01 -3.750352621078491211e+00 -2.072915136814117432e-01 1.938564330339431763e-01 3.845848143100738525e-01 8.783760666847229004e-01
-1.994998741149902344e+01 -2.018594741821289062e+01 -3.746690034866333008e+00 -2.068180739879608154e-01 1.933309435844421387e-01 3.895186483860015869e-01 8.764272332191467285e-01
-2.011222457885742188e+01 -2.026555633544921875e+01 -3.742358207702636719e+00 -2.067912817001342773e-01 1.927707940340042114e-01 3.934683799743652344e-01 8.747910261154174805e-01
-2.027955245971679688e+01 -2.034582901000976562e+01 -3.737560272216796875e+00 -2.072221636772155762e-01 1.922013908624649048e-01 3.961596786975860596e-01 8.735989332199096680e-01
-2.045205116271972656e+01 -2.042669868469238281e+01 -3.732403516769409180e+00 -2.081170678138732910e-01 1.916550099849700928e-01 3.973210453987121582e-01 8.729785680770874023e-01
-2.063004875183105469e+01 -2.050789070129394531e+01 -3.726968288421630859e+00 -2.085918784141540527e-01 1.888209134340286255e-01 3.966490328311920166e-01 8.737881183624267578e-01
-2.081388664245605469e+01 -2.058852005004882812e+01 -3.721647977828979492e+00 -2.093331813812255859e-01 1.855301707983016968e-01 3.938784301280975342e-01 8.755671977996826172e-01
-2.100442314147949219e+01 -2.066658210754394531e+01 -3.717236757278442383e+00 -2.103834450244903564e-01 1.819091439247131348e-01 3.887180685997009277e-01 8.783770203590393066e-01
-2.120413970947265625e+01 -2.073462295532226562e+01 -3.712173938751220703e+00 -2.117324769496917725e-01 1.779568791389465332e-01 3.808649182319641113e-01 8.822939395904541016e-01
-2.107892036437988281e+01 -2.068340682983398438e+01 -3.667181253433227539e+00 -2.133479267358779907e-01 1.736769825220108032e-01 3.701022267341613770e-01 8.873236775398254395e-01
-2.087439346313476562e+01 -2.062893104553222656e+01 -3.625596761703491211e+00 -2.151334881782531738e-01 1.691123396158218384e-01 3.566006124019622803e-01 8.932830095291137695e-01
-2.066481399536132812e+01 -2.057695198059082031e+01 -3.584852933883666992e+00 -2.169757783412933350e-01 1.643161177635192871e-01 3.406298160552978516e-01 8.999406099319458008e-01
-2.045086288452148438e+01 -2.052495956420898438e+01 -3.544897317886352539e+00 -2.187626063823699951e-01 1.593429148197174072e-01 3.224643766880035400e-01 9.070664644241333008e-01
-2.023266410827636719e+01 -2.047208976745605469e+01 -3.506100416183471680e+00 -2.203836590051651001e-01 1.542502343654632568e-01 3.023867011070251465e-01 9.144397974014282227e-01
-2.001052284240722656e+01 -2.041835975646972656e+01 -3.470737934112548828e+00 -2.155331671237945557e-01 1.509821563959121704e-01 2.796816229820251465e-01 9.233244061470031738e-01
-1.978427124023437500e+01 -2.036219215393066406e+01 -3.438113927841186523e+00 -2.099871039390563965e-01 1.474647969007492065e-01 2.556870579719543457e-01 9.320856332778930664e-01
-1.955385398864746094e+01 -2.030306625366210938e+01 -3.408805370330810547e+00 -2.045897394418716431e-01 1.435017883777618408e-01 2.308674156665802002e-01 9.403458237648010254e-01
-1.931910514831542969e+01 -2.024129867553710938e+01 -3.383215904235839844e+00 -1.994495689868927002e-01 1.391794234514236450e-01 2.055655717849731445e-01 9.479407668113708496e-01
-1.907975959777832031e+01 -2.017730331420898438e+01 -3.362767219543457031e+00 -1.946551948785781860e-01 1.346235573291778564e-01 1.801230758428573608e-01 9.547468423843383789e-01
-1.883562660217285156e+01 -2.011189460754394531e+01 -3.347262382507324219e+00 -1.902719140052795410e-01 1.299916356801986694e-01 1.548797786235809326e-01 9.606825709342956543e-01
-1.858635520935058594e+01 -2.004615592956542969e+01 -3.338227510452270508e+00 -1.863400191068649292e-01 1.254644095897674561e-01 1.301739662885665894e-01 9.657074213027954102e-01
-1.833170318603515625e+01 -1.998124504089355469e+01 -3.336055755615234375e+00 -1.828748583793640137e-01 1.212362200021743774e-01 1.063424497842788696e-01 9.698194265365600586e-01
-1.807147598266601562e+01 -1.991860389709472656e+01 -3.342709302902221680e+00 -1.798689216375350952e-01 1.175062879920005798e-01 8.372138440608978271e-02 9.730519652366638184e-01
-1.781883430480957031e+01 -1.986105918884277344e+01 -3.356599569320678711e+00 -1.772955656051635742e-01 1.144695132970809937e-01 6.264736503362655640e-02 9.754683375358581543e-01
-1.757392501831054688e+01 -1.980814933776855469e+01 -3.376227378845214844e+00 -1.751142740249633789e-01 1.123094633221626282e-01 4.345884174108505249e-02 9.771554470062255859e-01
-1.733680343627929688e+01 -1.975965690612792969e+01 -3.400584697723388672e+00 -1.732776463031768799e-01 1.111912205815315247e-01 2.649751864373683929e-02 9.782174229621887207e-01
-1.710746574401855469e+01 -1.971449089050292969e+01 -3.427232027053833008e+00 -1.717390418052673340e-01 1.112565994262695312e-01 1.211028452962636948e-02 9.787650108337402344e-01
-1.688587188720703125e+01 -1.967208862304687500e+01 -3.455193996429443359e+00 -1.704617589712142944e-01 1.126194670796394348e-01 6.515663117170333862e-04 9.789071083068847656e-01
-1.667196083068847656e+01 -1.963158226013183594e+01 -3.483207941055297852e+00 -1.694285720586776733e-01 1.153610721230506897e-01 -7.514489814639091492e-03 9.787385463714599609e-01
-1.646629524230957031e+01 -1.959322738647460938e+01 -3.512861251831054688e+00 -1.586103588342666626e-01 1.193593889474868774e-01 -1.334374956786632538e-02 9.800092577934265137e-01
-1.626849555969238281e+01 -1.955544471740722656e+01 -3.541275024414062500e+00 -1.468162089586257935e-01 1.245153471827507019e-01 -1.603219658136367798e-02 9.811645150184631348e-01
-1.607874488830566406e+01 -1.951709365844726562e+01 -3.567272186279296875e+00 -1.342055499553680420e-01 1.306999325752258301e-01 -1.588052511215209961e-02 9.821681380271911621e-01
-1.589815139770507812e+01 -1.947286987304687500e+01 -3.587471246719360352e+00 -1.209355816245079041e-01 1.377808153629302979e-01 -1.318917050957679749e-02 9.829634428024291992e-01
-1.573334407806396484e+01 -1.940574264526367188e+01 -3.597945451736450195e+00 -1.071632057428359985e-01 1.456239968538284302e-01 -8.260551840066909790e-03 9.834843873977661133e-01
-1.558605194091796875e+01 -1.932109832763671875e+01 -3.603007078170776367e+00 -9.304551035165786743e-02 1.540943086147308350e-01 -1.397075131535530090e-03 9.836642742156982422e-01
-1.545083236694335938e+01 -1.923269462585449219e+01 -3.607033014297485352e+00 -7.874194532632827759e-02 1.630570292472839355e-01 7.096409797668457031e-03 9.834437966346740723e-01
-1.532430362701416016e+01 -1.914644432067871094e+01 -3.611195564270019531e+00 -6.441499292850494385e-02 1.723784655332565308e-01 1.691500656306743622e-02 9.827768206596374512e-01
-1.520565414428710938e+01 -1.906368064880371094e+01 -3.615761756896972656e+00 -5.022841319441795349e-02 1.819270104169845581e-01 2.775228023529052734e-02 9.816361069679260254e-01
-1.509413337707519531e+01 -1.898557662963867188e+01 -3.620546102523803711e+00 -3.634998574852943420e-02 1.915743201971054077e-01 3.930247947573661804e-02 9.800170063972473145e-01
-1.498981571197509766e+01 -1.891212844848632812e+01 -3.625489473342895508e+00 -2.294819056987762451e-02 2.011963278055191040e-01 5.126048624515533447e-02 9.779396057128906250e-01
-1.489260005950927734e+01 -1.884356880187988281e+01 -3.630281209945678711e+00 -1.019392721354961395e-02 2.106735706329345703e-01 6.332326680421829224e-02 9.754500389099121094e-01
-1.480259513854980469e+01 -1.877986717224121094e+01 -3.634935140609741211e+00 1.742023974657058716e-03 2.198921144008636475e-01 7.519043982028961182e-02 9.726206660270690918e-01
-1.471978855133056641e+01 -1.872113800048828125e+01 -3.639273643493652344e+00 1.268832385540008545e-02 2.287436425685882568e-01 8.656525611877441406e-02 9.695472121238708496e-01
-1.464422416687011719e+01 -1.866742706298828125e+01 -3.643231153488159180e+00 2.247419022023677826e-02 2.371254563331604004e-01 9.715495258569717407e-02 9.663473963737487793e-01
-1.457592487335205078e+01 -1.861881256103515625e+01 -3.646708965301513672e+00 3.092968091368675232e-02 2.449397444725036621e-01 1.066708788275718689e-01 9.631559252738952637e-01
-1.451495075225830078e+01 -1.857531738281250000e+01 -3.649669170379638672e+00 3.788576275110244751e-02 2.520930171012878418e-01 1.148279756307601929e-01 9.601188898086547852e-01
-1.446134090423583984e+01 -1.853699111938476562e+01 -3.652051925659179688e+00 4.317430406808853149e-02 2.584946155548095703e-01 1.213439106941223145e-01 9.573882222175598145e-01
-1.441513252258300781e+01 -1.850388145446777344e+01 -3.653789043426513672e+00 4.662777110934257507e-02 2.640546560287475586e-01 1.259373575448989868e-01 9.551129341125488281e-01
-1.437635993957519531e+01 -1.847603034973144531e+01 -3.654814958572387695e+00 4.807872697710990906e-02 2.686820328235626221e-01 1.283264607191085815e-01 9.534311294555664062e-01
-1.434490299224853516e+01 -1.845341300964355469e+01 -3.655170202255249023e+00 4.808645695447921753e-02 2.687287926673889160e-01 1.288003623485565186e-01 9.533535242080688477e-01
-1.432088088989257812e+01 -1.843612670898437500e+01 -3.654750823974609375e+00 4.600410163402557373e-02 2.682148516178131104e-01 1.269045174121856689e-01 9.538551568984985352e-01
-1.430429935455322266e+01 -1.842410087585449219e+01 -3.653633832931518555e+00 4.197150096297264099e-02 2.672165930271148682e-01 1.227985173463821411e-01 9.548582434654235840e-01
-1.429514408111572266e+01 -1.841727447509765625e+01 -3.651885271072387695e+00 3.613531216979026794e-02 2.658458948135375977e-01 1.166481822729110718e-01 9.562497735023498535e-01
-1.429339981079101562e+01 -1.841562461853027344e+01 -3.649558067321777344e+00 2.865405753254890442e-02 2.642395198345184326e-01 1.086308062076568604e-01 9.578913450241088867e-01
-1.428642654418945312e+01 -1.841002845764160156e+01 -3.646811962127685547e+00 1.970326900482177734e-02 2.625482380390167236e-01 9.893999993801116943e-02 9.596307277679443359e-01
-1.427419567108154297e+01 -1.840044403076171875e+01 -3.643711566925048828e+00 9.479094296693801880e-03 2.609269618988037109e-01 8.778958022594451904e-02 9.613116979598999023e-01
-1.425666809082031250e+01 -1.838681030273437500e+01 -3.640327692031860352e+00 -1.800158992409706116e-03 2.595219910144805908e-01 7.541500031948089600e-02 9.627864360809326172e-01
-1.423380184173583984e+01 -1.836909103393554688e+01 -3.636736392974853516e+00 -1.389602292329072952e-02 2.584614157676696777e-01 6.207144260406494141e-02 9.639251828193664551e-01
-1.420553970336914062e+01 -1.834724617004394531e+01 -3.633017539978027344e+00 -2.655475586652755737e-02 2.578455805778503418e-01 4.802879318594932556e-02 9.646262526512145996e-01
-1.417182445526123047e+01 -1.832123947143554688e+01 -3.629253387451171875e+00 -3.951583057641983032e-02 2.577404677867889404e-01 3.356416895985603333e-02 9.648221731185913086e-01
-1.413259696960449219e+01 -1.829107475280761719e+01 -3.625523567199707031e+00 -5.252020806074142456e-02 2.581739425659179688e-01 1.895214617252349854e-02 9.644836187362670898e-01
-1.408780765533447266e+01 -1.825674247741699219e+01 -3.621900558471679688e+00 -6.532786786556243896e-02 2.589294612407684326e-01 4.439583979547023773e-03 9.636742472648620605e-01
-1.403756427764892578e+01 -1.821830940246582031e+01 -3.618280649185180664e+00 -7.801689952611923218e-02 2.549964189529418945e-01 -1.023710332810878754e-02 9.637351036071777344e-01
-1.398165512084960938e+01 -1.817588424682617188e+01 -3.614687919616699219e+00 -9.036579728126525879e-02 2.509894371032714844e-01 -2.464050799608230591e-02 9.634474515914916992e-01
-1.392012310028076172e+01 -1.812935066223144531e+01 -3.611313343048095703e+00 -1.021970286965370178e-01 2.470044642686843872e-01 -3.856537118554115295e-02 9.628381133079528809e-01
-1.385292530059814453e+01 -1.807874870300292969e+01 -3.608211040496826172e+00 -1.133347600698471069e-01 2.431414425373077393e-01 -5.180896818637847900e-02 9.619528055191040039e-01
-1.378001785278320312e+01 -1.802412605285644531e+01 -3.605428457260131836e+00 -1.236064508557319641e-01 2.395042330026626587e-01 -6.417067348957061768e-02 9.608544707298278809e-01
-1.370117378234863281e+01 -1.796577644348144531e+01 -3.602748394012451172e+00 -1.328423619270324707e-01 2.361991703510284424e-01 -7.545128464698791504e-02 9.596197009086608887e-01
-1.361639499664306641e+01 -1.790369606018066406e+01 -3.600275754928588867e+00 -1.408754438161849976e-01 2.333343327045440674e-01 -8.545480668544769287e-02 9.583353400230407715e-01
-1.352676963806152344e+01 -1.783826065063476562e+01 -3.600037813186645508e+00 -1.393407881259918213e-01 2.301785349845886230e-01 -9.601639211177825928e-02 9.583228826522827148e-01
-1.343101692199707031e+01 -1.776902770996093750e+01 -3.599716186523437500e+00 -1.381206214427947998e-01 2.275780886411666870e-01 -1.047691702842712402e-01 9.582036137580871582e-01
-1.332879257202148438e+01 -1.769656181335449219e+01 -3.598740100860595703e+00 -1.371512115001678467e-01 2.255558520555496216e-01 -1.118470728397369385e-01 9.580209851264953613e-01
-1.323017215728759766e+01 -1.762693405151367188e+01 -3.597826957702636719e+00 -1.363833397626876831e-01 2.241129577159881592e-01 -1.173740178346633911e-01 9.578080177307128906e-01
-1.313506412506103516e+01 -1.756032752990722656e+01 -3.596786499023437500e+00 -1.357809007167816162e-01 2.232330292463302612e-01 -1.214638799428939819e-01 9.575892090797424316e-01
-1.304306888580322266e+01 -1.749738311767578125e+01 -3.594955921173095703e+00 -1.353188604116439819e-01 2.228858619928359985e-01 -1.242216080427169800e-01 9.573817253112792969e-01
-1.295479297637939453e+01 -1.743725013732910156e+01 -3.593227386474609375e+00 -1.349812299013137817e-01 2.230305075645446777e-01 -1.257459074258804321e-01 9.571965932846069336e-01
-1.287017631530761719e+01 -1.738004875183105469e+01 -3.591460466384887695e+00 -1.347593516111373901e-01 2.236175835132598877e-01 -1.261303424835205078e-01 9.570402503013610840e-01
-1.278853607177734375e+01 -1.732688522338867188e+01 -3.588528871536254883e+00 -1.346503645181655884e-01 2.245910614728927612e-01 -1.254635304212570190e-01 9.569153189659118652e-01
-1.271073246002197266e+01 -1.727644538879394531e+01 -3.585762977600097656e+00 -1.346550881862640381e-01 2.258905023336410522e-01 -1.238325685262680054e-01 9.568212628364562988e-01
-1.263678646087646484e+01 -1.722871017456054688e+01 -3.583159685134887695e+00 -1.347771584987640381e-01 2.274519354104995728e-01 -1.213224381208419800e-01 9.567557573318481445e-01
-1.255470466613769531e+01 -1.717788124084472656e+01 -3.578844547271728516e+00 -1.350212991237640381e-01 2.292096018791198730e-01 -1.180177181959152222e-01 9.567151665687561035e-01
-1.246528434753417969e+01 -1.712263107299804688e+01 -3.574118614196777344e+00 -1.353922337293624878e-01 2.310967147350311279e-01 -1.140039116144180298e-01 9.566955566406250000e-01
-1.236799049377441406e+01 -1.706396865844726562e+01 -3.567982673645019531e+00 -1.358934640884399414e-01 2.330469936132431030e-01 -1.093677282333374023e-01 9.566925764083862305e-01
-1.226544189453125000e+01 -1.700340843200683594e+01 -3.560657978057861328e+00 -1.365267634391784668e-01 2.349950522184371948e-01 -1.041974276304244995e-01 9.567030072212219238e-01
-1.215732669830322266e+01 -1.694167518615722656e+01 -3.551444053649902344e+00 -1.372910588979721069e-01 2.368774712085723877e-01 -9.858378767967224121e-02 9.567242860794067383e-01
-1.204381656646728516e+01 -1.687852478027343750e+01 -3.540579080581665039e+00 -1.381818503141403198e-01 2.386338710784912109e-01 -9.262061864137649536e-02 9.567553997039794922e-01
-1.192462539672851562e+01 -1.681474113464355469e+01 -3.527350902557373047e+00 -1.391076892614364624e-01 2.401994019746780396e-01 -8.642484247684478760e-02 9.568092823028564453e-01
-1.180015945434570312e+01 -1.675094604492187500e+01 -3.512217998504638672e+00 -1.362959891557693481e-01 2.412058860063552856e-01 -8.104427158832550049e-02 9.574313759803771973e-01
-1.167029190063476562e+01 -1.668618583679199219e+01 -3.494881629943847656e+00 -1.337682455778121948e-01 2.419905960559844971e-01 -7.556872069835662842e-02 9.580376148223876953e-01
-1.153677177429199219e+01 -1.661627388000488281e+01 -3.478662014007568359e+00 -1.315898746252059937e-01 2.425253689289093018e-01 -7.005129754543304443e-02 9.586231708526611328e-01
-1.140544128417968750e+01 -1.653107833862304688e+01 -3.469031333923339844e+00 -1.297434568405151367e-01 2.428349405527114868e-01 -6.447008252143859863e-02 9.591878652572631836e-01
-1.128282833099365234e+01 -1.642474174499511719e+01 -3.467542648315429688e+00 -1.281898468732833862e-01 2.429565638303756714e-01 -5.878410115838050842e-02 9.597311615943908691e-01
-1.116315746307373047e+01 -1.630708503723144531e+01 -3.468175649642944336e+00 -1.268903017044067383e-01 2.429272681474685669e-01 -5.295246094465255737e-02 9.602505564689636230e-01
-1.104071712493896484e+01 -1.618445777893066406e+01 -3.469650268554687500e+00 -1.258051991462707520e-01 2.427837401628494263e-01 -4.693381488323211670e-02 9.607425332069396973e-01
-1.091378879547119141e+01 -1.605859756469726562e+01 -3.473377704620361328e+00 -1.248952001333236694e-01 2.425620257854461670e-01 -4.068696498870849609e-02 9.612020850181579590e-01
-1.078089714050292969e+01 -1.593117141723632812e+01 -3.481625795364379883e+00 -1.241208761930465698e-01 2.422982156276702881e-01 -3.417050838470458984e-02 9.616225361824035645e-01
-1.064079189300537109e+01 -1.580398368835449219e+01 -3.496581315994262695e+00 -1.234418898820877075e-01 2.420279085636138916e-01 -2.734342962503433228e-02 9.619963169097900391e-01
-1.048994731903076172e+01 -1.568350028991699219e+01 -3.526309728622436523e+00 -1.228188648819923401e-01 2.417863309383392334e-01 -2.016452327370643616e-02 9.623141288757324219e-01
-1.032368755340576172e+01 -1.558425235748291016e+01 -3.579564094543457031e+00 -1.222109720110893250e-01 2.416080683469772339e-01 -1.259231194853782654e-02 9.625650644302368164e-01
-1.014181327819824219e+01 -1.551233386993408203e+01 -3.646258354187011719e+00 -1.215782240033149719e-01 2.415276914834976196e-01 -4.586163908243179321e-03 9.627367258071899414e-01
-9.956930160522460938e+00 -1.545864677429199219e+01 -3.705805540084838867e+00 -1.208796575665473938e-01 2.415789216756820679e-01 3.895042464137077332e-03 9.628149271011352539e-01
-9.772783279418945312e+00 -1.541004371643066406e+01 -3.753104686737060547e+00 -1.200748458504676819e-01 2.417949438095092773e-01 1.289205253124237061e-02 9.627829194068908691e-01
-9.591581344604492188e+00 -1.536665534973144531e+01 -3.794894933700561523e+00 -1.191223487257957458e-01 2.422082871198654175e-01 2.244547940790653229e-02 9.626220464706420898e-01
-9.413945198059082031e+00 -1.532976055145263672e+01 -3.834383964538574219e+00 -1.179807186126708984e-01 2.428508102893829346e-01 3.259517997503280640e-02 9.623104929924011230e-01
-9.240517616271972656e+00 -1.529879379272460938e+01 -3.873237848281860352e+00 -1.166086643934249878e-01 2.437531948089599609e-01 4.338115826249122620e-02 9.618237614631652832e-01
-9.071682929992675781e+00 -1.527297306060791016e+01 -3.912016630172729492e+00 -1.149640083312988281e-01 2.449451237916946411e-01 5.484256148338317871e-02 9.611334204673767090e-01
-8.907655715942382812e+00 -1.525225067138671875e+01 -3.951128482818603516e+00 -1.130044236779212952e-01 2.464552372694015503e-01 6.701792776584625244e-02 9.602074623107910156e-01
-8.748665809631347656e+00 -1.523590278625488281e+01 -3.990620136260986328e+00 -1.106877028942108154e-01 2.483102679252624512e-01 7.994501292705535889e-02 9.590093493461608887e-01
-8.594826698303222656e+00 -1.522266578674316406e+01 -4.030117511749267578e+00 -1.079707816243171692e-01 2.505356967449188232e-01 9.366038441658020020e-02 9.574977755546569824e-01
-8.446306228637695312e+00 -1.521217250823974609e+01 -4.069436073303222656e+00 -1.045839488506317139e-01 2.495328933000564575e-01 1.079413890838623047e-01 9.566316604614257812e-01
-8.302963256835937500e+00 -1.520396423339843750e+01 -4.108197689056396484e+00 -1.006336361169815063e-01 2.487054467201232910e-01 1.229378581047058105e-01 9.554605484008789062e-01
-8.164812088012695312e+00 -1.519631290435791016e+01 -4.145851135253906250e+00 -9.615497291088104248e-02 2.481109499931335449e-01 1.384682059288024902e-01 9.539505243301391602e-01
-8.031823158264160156e+00 -1.518981933593750000e+01 -4.182199001312255859e+00 -9.119944274425506592e-02 2.477985918521881104e-01 1.543402671813964844e-01 9.520806074142456055e-01
-7.895560264587402344e+00 -1.518306159973144531e+01 -4.219478130340576172e+00 -8.583410084247589111e-02 2.478069514036178589e-01 1.703506708145141602e-01 9.498446583747863770e-01
-7.755898475646972656e+00 -1.517610359191894531e+01 -4.257007122039794922e+00 -8.014154434204101562e-02 2.481600195169448853e-01 1.862861514091491699e-01 9.472546577453613281e-01
-7.613016128540039062e+00 -1.516876888275146484e+01 -4.295207977294921875e+00 -7.421548664569854736e-02 2.488650232553482056e-01 2.019248753786087036e-01 9.443435668945312500e-01
-7.466728210449218750e+00 -1.516041946411132812e+01 -4.332987785339355469e+00 -6.815840303897857666e-02 2.499102056026458740e-01 2.170395106077194214e-01 9.411658644676208496e-01
-7.317221641540527344e+00 -1.515122985839843750e+01 -4.370819091796875000e+00 -6.207691878080368042e-02 2.512643337249755859e-01 2.314008176326751709e-01 9.377986788749694824e-01
-7.164357662200927734e+00 -1.514043426513671875e+01 -4.407716751098632812e+00 -5.607677251100540161e-02 2.528775334358215332e-01 2.447810024023056030e-01 9.343395829200744629e-01
-7.008199214935302734e+00 -1.512758731842041016e+01 -4.443307876586914062e+00 -5.025806277990341187e-02 2.546832263469696045e-01 2.569573223590850830e-01 9.309046268463134766e-01
-6.848827838897705078e+00 -1.511306095123291016e+01 -4.477894783020019531e+00 -4.471202939748764038e-02 2.566019296646118164e-01 2.677150070667266846e-01 9.276232719421386719e-01
-6.686092376708984375e+00 -1.509372043609619141e+01 -4.508378982543945312e+00 -3.951796889305114746e-02 2.585449814796447754e-01 2.768490612506866455e-01 9.246336221694946289e-01
-6.520349979400634766e+00 -1.507086372375488281e+01 -4.536000251770019531e+00 -3.474186733365058899e-02 2.604205608367919922e-01 2.841644287109375000e-01 9.220762848854064941e-01
-6.351647853851318359e+00 -1.504328060150146484e+01 -4.559519767761230469e+00 -3.043594211339950562e-02 2.621375620365142822e-01 2.894757390022277832e-01 9.200876355171203613e-01
-6.180272102355957031e+00 -1.501063442230224609e+01 -4.577849864959716797e+00 -2.663958072662353516e-02 2.636122107505798340e-01 2.926052212715148926e-01 9.187933206558227539e-01
-6.006062984466552734e+00 -1.497651290893554688e+01 -4.594081401824951172e+00 -2.338042110204696655e-02 2.647721171379089355e-01 2.933802008628845215e-01 9.183012843132019043e-01
-5.828796386718750000e+00 -1.494292449951171875e+01 -4.609570026397705078e+00 -2.067595720291137695e-02 2.655616700649261475e-01 2.916303873062133789e-01 9.186953306198120117e-01
-5.648176193237304688e+00 -1.491324138641357422e+01 -4.626770496368408203e+00 -1.853390038013458252e-02 2.659451365470886230e-01 2.871860265731811523e-01 9.200293421745300293e-01
-5.464185714721679688e+00 -1.489241218566894531e+01 -4.649350643157958984e+00 -1.695206016302108765e-02 2.659116983413696289e-01 2.798756361007690430e-01 9.223194122314453125e-01
-5.277756214141845703e+00 -1.488663005828857422e+01 -4.682013034820556641e+00 -1.395411416888237000e-02 2.596061825752258301e-01 2.704877555370330811e-01 9.269552826881408691e-01
-5.094836235046386719e+00 -1.490205001831054688e+01 -4.728359222412109375e+00 -1.132586970925331116e-02 2.522548139095306396e-01 2.583959400653839111e-01 9.324541687965393066e-01
-4.926091194152832031e+00 -1.494001960754394531e+01 -4.787833690643310547e+00 -9.022600948810577393e-03 2.439772486686706543e-01 2.438785731792449951e-01 9.385717511177062988e-01
-4.771314620971679688e+00 -1.499477481842041016e+01 -4.854174613952636719e+00 -6.999801844358444214e-03 2.348954081535339355e-01 2.272178232669830322e-01 9.450646638870239258e-01
-4.626417160034179688e+00 -1.505775356292724609e+01 -4.919458389282226562e+00 -5.213312804698944092e-03 2.251360416412353516e-01 2.087030708789825439e-01 9.516983032226562500e-01
-4.488193035125732422e+00 -1.512518501281738281e+01 -4.978302001953125000e+00 -3.619227558374404907e-03 2.148319929838180542e-01 1.886319667100906372e-01 9.582546949386596680e-01
-4.354108810424804688e+00 -1.519160079956054688e+01 -5.029688835144042969e+00 -2.173963934183120728e-03 2.041239589452743530e-01 1.673115789890289307e-01 9.645389318466186523e-01
-4.224626541137695312e+00 -1.525638103485107422e+01 -5.075718402862548828e+00 -8.344035595655441284e-04 1.931606382131576538e-01 1.450581550598144531e-01 9.703846573829650879e-01
-4.098012447357177734e+00 -1.531778812408447266e+01 -5.112606525421142578e+00 4.421528428792953491e-04 1.820987313985824585e-01 1.221964806318283081e-01 9.756577014923095703e-01
-3.975895881652832031e+00 -1.537626457214355469e+01 -5.145299434661865234e+00 1.697853207588195801e-03 1.711025983095169067e-01 9.905825555324554443e-02 9.802592992782592773e-01
-3.858122587203979492e+00 -1.543115711212158203e+01 -5.173554420471191406e+00 2.974267117679119110e-03 1.603435426950454712e-01 7.598027586936950684e-02 9.841281175613403320e-01
-3.743466615676879883e+00 -1.548152351379394531e+01 -5.194115638732910156e+00 4.312378354370594025e-03 1.499987691640853882e-01 5.330207198858261108e-02 9.872388839721679688e-01
-3.634196758270263672e+00 -1.552933597564697266e+01 -5.213871479034423828e+00 5.752673838287591934e-03 1.402498781681060791e-01 3.136371448636054993e-02 9.896025657653808594e-01
-3.529963254928588867e+00 -1.557427215576171875e+01 -5.231991291046142578e+00 7.335181348025798798e-03 1.312821656465530396e-01 1.050365902483463287e-02 9.912622570991516113e-01
-3.428786516189575195e+00 -1.561374950408935547e+01 -5.242138385772705078e+00 9.099680930376052856e-03 1.232828572392463684e-01 -8.942991495132446289e-03 9.922895431518554688e-01
-3.332836866378784180e+00 -1.565095138549804688e+01 -5.251910686492919922e+00 1.108586043119430542e-02 1.164404824376106262e-01 -2.664520032703876495e-02 9.927782416343688965e-01
-3.242036104202270508e+00 -1.568594169616699219e+01 -5.261298179626464844e+00 1.333369780331850052e-02 1.109436079859733582e-01 -4.227723553776741028e-02 9.928374886512756348e-01
-3.156301259994506836e+00 -1.571875953674316406e+01 -5.270294189453125000e+00 1.588379219174385071e-02 1.069805771112442017e-01 -5.551816150546073914e-02 9.925827980041503906e-01
-3.075012207031250000e+00 -1.574832439422607422e+01 -5.276624202728271484e+00 1.877776347100734711e-02 1.047382652759552002e-01 -6.605103611946105957e-02 9.921262860298156738e-01
-2.997893095016479492e+00 -1.577424812316894531e+01 -5.279452323913574219e+00 2.205869555473327637e-02 1.044022068381309509e-01 -7.356166839599609375e-02 9.915655851364135742e-01
-2.925744533538818359e+00 -1.579835891723632812e+01 -5.282268047332763672e+00 2.575696632266044617e-02 1.060946881771087646e-01 -7.783374190330505371e-02 9.909704923629760742e-01
-2.858613252639770508e+00 -1.582066822052001953e+01 -5.285060882568359375e+00 2.984578534960746765e-02 1.096917167305946350e-01 -7.903707772493362427e-02 9.903687238693237305e-01
-2.796569824218750000e+00 -1.584116172790527344e+01 -5.287821769714355469e+00 3.428316116333007812e-02 1.150040999054908752e-01 -7.743636518716812134e-02 9.897485971450805664e-01
-2.739682674407958984e+00 -1.585982418060302734e+01 -5.290547370910644531e+00 3.902619704604148865e-02 1.218396425247192383e-01 -7.329396903514862061e-02 9.890702962875366211e-01
-2.688022375106811523e+00 -1.587663078308105469e+01 -5.293241024017333984e+00 4.403117671608924866e-02 1.300032585859298706e-01 -6.687176227569580078e-02 9.882755279541015625e-01
-2.641655206680297852e+00 -1.589155197143554688e+01 -5.295901298522949219e+00 4.925359040498733521e-02 1.392980366945266724e-01 -5.843138322234153748e-02 9.872972965240478516e-01
-2.600649356842041016e+00 -1.590455532073974609e+01 -5.298532009124755859e+00 5.464847013354301453e-02 1.495256721973419189e-01 -4.823659360408782959e-02 9.860674142837524414e-01
-2.565075635910034180e+00 -1.591560554504394531e+01 -5.301129817962646484e+00 6.017038226127624512e-02 1.604875028133392334e-01 -3.655236959457397461e-02 9.845238327980041504e-01
-2.534777879714965820e+00 -1.592395496368408203e+01 -5.302438735961914062e+00 6.577391922473907471e-02 1.719849854707717896e-01 -2.364654466509819031e-02 9.826167821884155273e-01
-2.510036468505859375e+00 -1.593026828765869141e+01 -5.303663253784179688e+00 7.141386717557907104e-02 1.838211715221405029e-01 -9.788543917238712311e-03 9.803133010864257812e-01
-2.490996122360229492e+00 -1.593477058410644531e+01 -5.305171489715576172e+00 7.704567164182662964e-02 1.958011537790298462e-01 4.749726504087448120e-03 9.776008129119873047e-01
-2.477719783782958984e+00 -1.593743610382080078e+01 -5.306941509246826172e+00 8.262579888105392456e-02 2.077336013317108154e-01 1.969570852816104889e-02 9.744905829429626465e-01
-2.470273494720458984e+00 -1.593827629089355469e+01 -5.308948993682861328e+00 8.811201155185699463e-02 2.194317281246185303e-01 3.477650508284568787e-02 9.710183739662170410e-01
-2.458266496658325195e+00 -1.594035148620605469e+01 -5.310836791992187500e+00 9.346382319927215576e-02 2.307135760784149170e-01 4.972006380558013916e-02 9.672453999519348145e-01
-2.441747903823852539e+00 -1.594368648529052734e+01 -5.312572002410888672e+00 9.864253550767898560e-02 2.414034903049468994e-01 6.425603479146957397e-02 9.632576107978820801e-01
-2.420778751373291016e+00 -1.594830989837646484e+01 -5.314117431640625000e+00 1.036116555333137512e-01 2.513315081596374512e-01 7.811672985553741455e-02 9.591636657714843750e-01
-2.395402669906616211e+00 -1.595423793792724609e+01 -5.315435886383056641e+00 1.083366274833679199e-01 2.603338658809661865e-01 9.103775024414062500e-02 9.550924301147460938e-01
-2.365668773651123047e+00 -1.596151351928710938e+01 -5.316485881805419922e+00 1.127850934863090515e-01 2.682521343231201172e-01 1.027580648660659790e-01 9.511892795562744141e-01
-2.331611394882202148e+00 -1.597017574310302734e+01 -5.317228794097900391e+00 1.169261783361434937e-01 2.749324142932891846e-01 1.130200922489166260e-01 9.476111531257629395e-01
-2.293266534805297852e+00 -1.598025798797607422e+01 -5.317625045776367188e+00 1.207305341958999634e-01 2.802236080169677734e-01 1.215690225362777710e-01 9.445209503173828125e-01
-2.249548196792602539e+00 -1.599202632904052734e+01 -5.316318988800048828e+00 1.180489510297775269e-01 2.813637554645538330e-01 1.305835992097854614e-01 9.433169364929199219e-01
-2.201801776885986328e+00 -1.600524330139160156e+01 -5.314866065979003906e+00 1.160820722579956055e-01 2.821809649467468262e-01 1.371649205684661865e-01 9.423823356628417969e-01
-2.149987697601318359e+00 -1.601992225646972656e+01 -5.313267707824707031e+00 1.148052066564559937e-01 2.827028632164001465e-01 1.414237618446350098e-01 9.417526721954345703e-01
-2.094081878662109375e+00 -1.603607368469238281e+01 -5.311522483825683594e+00 1.141851320862770081e-01 2.829538583755493164e-01 1.434881389141082764e-01 9.414403438568115234e-01
-2.034013509750366211e+00 -1.605369186401367188e+01 -5.309647560119628906e+00 1.142715066671371460e-01 2.825976014137268066e-01 1.435822248458862305e-01 9.415225386619567871e-01
-1.969623923301696777e+00 -1.607271385192871094e+01 -5.307721614837646484e+00 1.154351830482482910e-01 2.799659073352813721e-01 1.422465890645980835e-01 9.423691630363464355e-01
-1.900978922843933105e+00 -1.609316444396972656e+01 -5.305675983428955078e+00 1.172565668821334839e-01 2.764729261398315430e-01 1.393085271120071411e-01 9.436136484146118164e-01
-1.827863693237304688e+00 -1.611414527893066406e+01 -5.301845550537109375e+00 1.196510344743728638e-01 2.721633315086364746e-01 1.349172890186309814e-01 9.452026486396789551e-01
-1.750292897224426270e+00 -1.613588905334472656e+01 -5.296691894531250000e+00 1.225304156541824341e-01 2.670744657516479492e-01 1.292263269424438477e-01 9.470787048339843750e-01
-1.668325185775756836e+00 -1.615892982482910156e+01 -5.291242599487304688e+00 1.258047521114349365e-01 2.612389922142028809e-01 1.223916485905647278e-01 9.491826295852661133e-01
-1.581926226615905762e+00 -1.618324661254882812e+01 -5.285496711730957031e+00 1.293838024139404297e-01 2.546890974044799805e-01 1.145703047513961792e-01 9.514551758766174316e-01
-1.491049766540527344e+00 -1.620882225036621094e+01 -5.279450416564941406e+00 1.331786960363388062e-01 2.474581897258758545e-01 1.059190109372138977e-01 9.538390636444091797e-01
-1.395656704902648926e+00 -1.623566436767578125e+01 -5.273100852966308594e+00 1.371032893657684326e-01 2.395841479301452637e-01 9.659295529127120972e-02 9.562801718711853027e-01
-1.295246601104736328e+00 -1.626395988464355469e+01 -5.265601158142089844e+00 1.372798681259155273e-01 2.307649552822113037e-01 8.765871822834014893e-02 9.592797160148620605e-01
-1.190097570419311523e+00 -1.629360389709472656e+01 -5.257424354553222656e+00 1.358256042003631592e-01 2.213449478149414062e-01 7.864242792129516602e-02 9.624828100204467773e-01
-1.080273389816284180e+00 -1.632367134094238281e+01 -5.246915817260742188e+00 1.340136677026748657e-01 2.115286141633987427e-01 6.933791935443878174e-02 9.656543135643005371e-01
-9.658056497573852539e-01 -1.635463333129882812e+01 -5.235190391540527344e+00 1.318454295396804810e-01 2.013942450284957886e-01 5.985876917839050293e-02 9.687486290931701660e-01
-8.466894626617431641e-01 -1.638679122924804688e+01 -5.222987174987792969e+00 1.293232440948486328e-01 1.910220384597778320e-01 5.031932890415191650e-02 9.717273116111755371e-01
-7.229052782058715820e-01 -1.642015075683593750e+01 -5.210312366485595703e+00 1.264504790306091309e-01 1.804939806461334229e-01 4.083437100052833557e-02 9.745587706565856934e-01
-5.944311618804931641e-01 -1.645470237731933594e+01 -5.197174072265625000e+00 1.232316866517066956e-01 1.698935627937316895e-01 3.151909261941909790e-02 9.772188067436218262e-01
-4.612451195716857910e-01 -1.649044418334960938e+01 -5.183577060699462891e+00 1.196800172328948975e-01 1.592988669872283936e-01 2.247257530689239502e-02 9.796915650367736816e-01
-3.233935534954071045e-01 -1.652709388732910156e+01 -5.168302536010742188e+00 1.158403307199478149e-01 1.487616896629333496e-01 1.372899860143661499e-02 9.819687008857727051e-01
-1.808740198612213135e-01 -1.656468200683593750e+01 -5.151450157165527344e+00 1.117656230926513672e-01 1.383269280195236206e-01 5.306202918291091919e-03 9.840456247329711914e-01
-3.364013507962226868e-02 -1.660344123840332031e+01 -5.134094238281250000e+00 1.075092032551765442e-01 1.280401200056076050e-01 -2.778165042400360107e-03 9.859207272529602051e-01
1.183105409145355225e-01 -1.664337348937988281e+01 -5.116244316101074219e+00 1.031246706843376160e-01 1.179464608430862427e-01 -1.050668209791183472e-02 9.875947833061218262e-01
2.749828994274139404e-01 -1.668447685241699219e+01 -5.097913265228271484e+00 9.866581857204437256e-02 1.080916672945022583e-01 -1.786218769848346710e-02 9.890714287757873535e-01
4.362865984439849854e-01 -1.672686576843261719e+01 -5.078548908233642578e+00 9.418652206659317017e-02 9.852113574743270874e-02 -2.482778206467628479e-02 9.903565049171447754e-01
5.891186594963073730e-01 -1.676728057861328125e+01 -5.058955192565917969e+00 8.974079787731170654e-02 8.928033709526062012e-02 -3.138725459575653076e-02 9.914587736129760742e-01
7.336865067481994629e-01 -1.680549240112304688e+01 -5.040409564971923828e+00 8.538257330656051636e-02 8.041466027498245239e-02 -3.752361983060836792e-02 9.923886656761169434e-01
8.699951171875000000e-01 -1.684149932861328125e+01 -5.022919654846191406e+00 8.116586506366729736e-02 7.196906954050064087e-02 -4.322156310081481934e-02 9.931588768959045410e-01
9.980517625808715820e-01 -1.687530708312988281e+01 -5.006496429443359375e+00 7.714449614286422729e-02 6.398861110210418701e-02 -4.846515133976936340e-02 9.937832355499267578e-01
1.117861270904541016e+00 -1.690691375732421875e+01 -4.991148471832275391e+00 7.337216287851333618e-02 5.651789903640747070e-02 -5.323892086744308472e-02 9.942775964736938477e-01
1.229216337203979492e+00 -1.693690299987792969e+01 -4.976400852203369141e+00 6.990244239568710327e-02 4.960125312209129333e-02 -5.752786993980407715e-02 9.946576952934265137e-01
1.332219243049621582e+00 -1.696500968933105469e+01 -4.962491512298583984e+00 6.678867340087890625e-02 4.328284040093421936e-02 -6.131649389863014221e-02 9.949402809143066406e-01
1.427019000053405762e+00 -1.699085426330566406e+01 -4.949743747711181641e+00 6.408402323722839355e-02 3.760637342929840088e-02 -6.459034234285354614e-02 9.951417446136474609e-01
1.513622999191284180e+00 -1.701444816589355469e+01 -4.938167572021484375e+00 6.184148415923118591e-02 3.261534124612808228e-02 -6.733449548482894897e-02 9.952778816223144531e-01
1.592031240463256836e+00 -1.703577995300292969e+01 -4.927772521972656250e+00 6.011382490396499634e-02 2.835317701101303101e-02 -6.953413784503936768e-02 9.953628778457641602e-01
1.662253379821777344e+00 -1.705487251281738281e+01 -4.918568134307861328e+00 5.895364284515380859e-02 2.486272715032100677e-02 -7.117411494255065918e-02 9.954097270965576172e-01
1.724291920661926270e+00 -1.707170867919921875e+01 -4.910563945770263672e+00 5.841335654258728027e-02 2.218675613403320312e-02 -7.223976403474807739e-02 9.954280257225036621e-01
1.778151869773864746e+00 -1.708629798889160156e+01 -4.903771877288818359e+00 5.854523181915283203e-02 2.036795951426029205e-02 -7.271593064069747925e-02 9.954245090484619141e-01
1.823832988739013672e+00 -1.709864234924316406e+01 -4.898196220397949219e+00 5.937319993972778320e-02 1.942231692373752594e-02 -7.260458171367645264e-02 9.954025149345397949e-01
1.861320734024047852e+00 -1.710872459411621094e+01 -4.893814563751220703e+00 6.080813333392143250e-02 1.926025003194808960e-02 -7.197792828083038330e-02 9.953645467758178711e-01
1.890588283538818359e+00 -1.711656761169433594e+01 -4.890601158142089844e+00 6.273256242275238037e-02 1.976583711802959442e-02 -7.092608511447906494e-02 9.953106641769409180e-01
1.911562442779541016e+00 -1.712233924865722656e+01 -4.888492107391357422e+00 6.502889841794967651e-02 2.082294598221778870e-02 -6.953845918178558350e-02 9.952396154403686523e-01
1.924277305603027344e+00 -1.712587928771972656e+01 -4.887492656707763672e+00 6.757955253124237061e-02 2.231561392545700073e-02 -6.790488213300704956e-02 9.951502084732055664e-01
1.928752422332763672e+00 -1.712702560424804688e+01 -4.887605667114257812e+00 7.026699930429458618e-02 2.412778697907924652e-02 -6.611521542072296143e-02 9.950422644615173340e-01
1.935961842536926270e+00 -1.712895393371582031e+01 -4.887365818023681641e+00 7.297382503747940063e-02 2.614346519112586975e-02 -6.425905227661132812e-02 9.949181675910949707e-01
1.945881247520446777e+00 -1.713166999816894531e+01 -4.886744976043701172e+00 7.558280229568481445e-02 2.824673987925052643e-02 -6.242695078253746033e-02 9.947825074195861816e-01
1.958498477935791016e+00 -1.713517570495605469e+01 -4.885715007781982422e+00 7.797690480947494507e-02 3.032181598246097565e-02 -6.070871651172637939e-02 9.946429133415222168e-01
1.973784089088439941e+00 -1.713946723937988281e+01 -4.884249210357666016e+00 8.003932982683181763e-02 3.225289657711982727e-02 -5.919535830616950989e-02 9.945096373558044434e-01
1.991730928421020508e+00 -1.714455604553222656e+01 -4.882318019866943359e+00 8.165340870618820190e-02 3.392419219017028809e-02 -5.797679349780082703e-02 9.943946599960327148e-01
2.012311935424804688e+00 -1.715043830871582031e+01 -4.879894256591796875e+00 8.270255476236343384e-02 3.522031009197235107e-02 -5.714413151144981384e-02 9.943109750747680664e-01
2.035515069961547852e+00 -1.715712356567382812e+01 -4.876948356628417969e+00 8.307024091482162476e-02 3.602542728185653687e-02 -5.678791552782058716e-02 9.942718744277954102e-01
2.061313390731811523e+00 -1.716460990905761719e+01 -4.873451232910156250e+00 8.263974636793136597e-02 3.622400760650634766e-02 -5.699825286865234375e-02 9.942885041236877441e-01
2.089699745178222656e+00 -1.717291069030761719e+01 -4.869377136230468750e+00 8.129402995109558105e-02 3.570024296641349792e-02 -5.786577984690666199e-02 9.943681955337524414e-01
2.120641946792602539e+00 -1.718201065063476562e+01 -4.864696979522705078e+00 7.891564816236495972e-02 3.433805331587791443e-02 -5.948019772768020630e-02 9.945125579833984375e-01
2.154125928878784180e+00 -1.719190788269042969e+01 -4.859384059906005859e+00 7.538640499114990234e-02 3.202120587229728699e-02 -6.193118169903755188e-02 9.947140216827392578e-01
2.190122127532958984e+00 -1.720260620117187500e+01 -4.853413105010986328e+00 7.058734446763992310e-02 2.863304130733013153e-02 -6.530677527189254761e-02 9.949535727500915527e-01
2.228610754013061523e+00 -1.721408081054687500e+01 -4.846758842468261719e+00 6.439867615699768066e-02 2.405657991766929626e-02 -6.969510018825531006e-02 9.951968193054199219e-01
2.269557952880859375e+00 -1.722631835937500000e+01 -4.839401245117187500e+00 5.669987201690673828e-02 1.817488856613636017e-02 -7.518127560615539551e-02 9.953907132148742676e-01
2.312946796417236328e+00 -1.723928642272949219e+01 -4.831330299377441406e+00 4.741566255688667297e-02 1.091265305876731873e-02 -8.181560039520263672e-02 9.954590797424316406e-01
2.358774423599243164e+00 -1.725296401977539062e+01 -4.822584629058837891e+00 3.665438666939735413e-02 2.361856400966644287e-03 -8.950932323932647705e-02 9.953084588050842285e-01
2.407063007354736328e+00 -1.726730918884277344e+01 -4.813216209411621094e+00 2.457189932465553284e-02 -7.342544849961996078e-03 -9.813891351222991943e-02 9.948422312736511230e-01
2.457819700241088867e+00 -1.728229522705078125e+01 -4.803275585174560547e+00 1.132649183273315430e-02 -1.806336455047130585e-02 -1.075794324278831482e-01 9.939678907394409180e-01
2.511071681976318359e+00 -1.729789543151855469e+01 -4.792818546295166016e+00 -2.921025035902857780e-03 -2.966223470866680145e-02 -1.177050173282623291e-01 9.926012158393859863e-01
2.555969238281250000e+00 -1.731094169616699219e+01 -4.783320426940917969e+00 -1.800713501870632172e-02 -4.199813678860664368e-02 -1.283894479274749756e-01 9.906704425811767578e-01
2.592199563980102539e+00 -1.732254409790039062e+01 -4.774898052215576172e+00 -3.376593813300132751e-02 -5.492889136075973511e-02 -1.395063400268554688e-01 9.881198406219482422e-01
2.620180606842041016e+00 -1.733140563964843750e+01 -4.767530441284179688e+00 -5.003001913428306580e-02 -6.831139326095581055e-02 -1.509301364421844482e-01 9.849115014076232910e-01
2.639968156814575195e+00 -1.733743667602539062e+01 -4.761263370513916016e+00 -6.663034856319427490e-02 -8.200138807296752930e-02 -1.625373214483261108e-01 9.810289144515991211e-01
2.651601552963256836e+00 -1.734064483642578125e+01 -4.756142616271972656e+00 -8.339776098728179932e-02 -9.585594385862350464e-02 -1.742062568664550781e-01 9.764777421951293945e-01
2.655114650726318359e+00 -1.734104537963867188e+01 -4.752208232879638672e+00 -1.001641675829887390e-01 -1.097330972552299500e-01 -1.858188658952713013e-01 9.712863564491271973e-01
2.652267932891845703e+00 -1.733921432495117188e+01 -4.749272823333740234e+00 -1.167630478739738464e-01 -1.234926581382751465e-01 -1.972607076168060303e-01 9.655071496963500977e-01
2.649367570877075195e+00 -1.733720207214355469e+01 -4.746549129486083984e+00 -1.330304145812988281e-01 -1.369974911212921143e-01 -2.084222286939620972e-01 9.592157006263732910e-01
2.646459817886352539e+00 -1.733504295349121094e+01 -4.744060039520263672e+00 -1.488056629896163940e-01 -1.501139104366302490e-01 -2.191988974809646606e-01 9.525095820426940918e-01
2.643579006195068359e+00 -1.733279228210449219e+01 -4.741820335388183594e+00 -1.639334410429000854e-01 -1.627132445573806763e-01 -2.294920533895492554e-01 9.455071091651916504e-01
2.640766620635986328e+00 -1.733047866821289062e+01 -4.739840984344482422e+00 -1.782622188329696655e-01 -1.746700406074523926e-01 -2.392085641622543335e-01 9.383454322814941406e-01
2.638054132461547852e+00 -1.732816886901855469e+01 -4.738122463226318359e+00 -1.916461288928985596e-01 -1.858651190996170044e-01 -2.482606321573257446e-01 9.311780929565429688e-01
2.635478496551513672e+00 -1.732590293884277344e+01 -4.736664772033691406e+00 -2.039441764354705811e-01 -1.961828470230102539e-01 -2.565661966800689697e-01 9.241714477539062500e-01
2.637949228286743164e+00 -1.732532119750976562e+01 -4.734820365905761719e+00 -2.150201499462127686e-01 -2.055120766162872314e-01 -2.640473246574401855e-01 9.175021648406982422e-01
2.645498037338256836e+00 -1.732647514343261719e+01 -4.732578754425048828e+00 -2.247413992881774902e-01 -2.137458026409149170e-01 -2.706299126148223877e-01 9.113525152206420898e-01
2.658569335937500000e+00 -1.733024406433105469e+01 -4.731157779693603516e+00 -2.273897826671600342e-01 -2.225221693515777588e-01 -2.748931050300598145e-01 9.073100686073303223e-01
2.676662445068359375e+00 -1.733569335937500000e+01 -4.729054450988769531e+00 -2.296602874994277954e-01 -2.299457788467407227e-01 -2.784321308135986328e-01 9.038011431694030762e-01
2.699746131896972656e+00 -1.734281730651855469e+01 -4.726265907287597656e+00 -2.315741330385208130e-01 -2.360990047454833984e-01 -2.813556790351867676e-01 9.008160829544067383e-01
2.727802753448486328e+00 -1.735159111022949219e+01 -4.722792625427246094e+00 -2.331559211015701294e-01 -2.410671859979629517e-01 -2.837576866149902344e-01 8.983354568481445312e-01
2.760800838470458984e+00 -1.736201095581054688e+01 -4.718636989593505859e+00 -2.344327121973037720e-01 -2.449378669261932373e-01 -2.857210338115692139e-01 8.963314890861511230e-01
2.798730373382568359e+00 -1.737406730651855469e+01 -4.713801383972167969e+00 -2.354328036308288574e-01 -2.477997392416000366e-01 -2.873175442218780518e-01 8.947710990905761719e-01
2.841562509536743164e+00 -1.738774299621582031e+01 -4.708288669586181641e+00 -2.361850738525390625e-01 -2.497429251670837402e-01 -2.886105775833129883e-01 8.936156034469604492e-01
2.889286994934082031e+00 -1.740302658081054688e+01 -4.702103137969970703e+00 -2.367186993360519409e-01 -2.508585155010223389e-01 -2.896566092967987061e-01 8.928232192993164062e-01
2.941889524459838867e+00 -1.741991233825683594e+01 -4.695250511169433594e+00 -2.370628714561462402e-01 -2.512376904487609863e-01 -2.905070185661315918e-01 8.923488259315490723e-01
2.999350547790527344e+00 -1.743838882446289062e+01 -4.687736034393310547e+00 -2.372466325759887695e-01 -2.509724497795104980e-01 -2.912087440490722656e-01 8.921458721160888672e-01
3.061662435531616211e+00 -1.745844268798828125e+01 -4.679564952850341797e+00 -2.372990399599075317e-01 -2.501548528671264648e-01 -2.918067872524261475e-01 8.921661376953125000e-01
3.127973556518554688e+00 -1.748256301879882812e+01 -4.671184539794921875e+00 -2.372490763664245605e-01 -2.488768994808197021e-01 -2.923442721366882324e-01 8.923609256744384766e-01
3.198549747467041016e+00 -1.750992202758789062e+01 -4.662456512451171875e+00 -2.371256649494171143e-01 -2.472299039363861084e-01 -2.928642630577087402e-01 8.926809430122375488e-01
3.273842811584472656e+00 -1.753910636901855469e+01 -4.653137207031250000e+00 -2.369582653045654297e-01 -2.453061789274215698e-01 -2.934104204177856445e-01 8.930766582489013672e-01
3.353835344314575195e+00 -1.757011222839355469e+01 -4.643232822418212891e+00 -2.367761880159378052e-01 -2.431966066360473633e-01 -2.940268218517303467e-01 8.934990763664245605e-01
3.438513040542602539e+00 -1.760292434692382812e+01 -4.632749557495117188e+00 -2.366096973419189453e-01 -2.409921288490295410e-01 -2.947604060173034668e-01 8.938987255096435547e-01
3.527863740921020508e+00 -1.763753318786621094e+01 -4.621692180633544922e+00 -2.364892065525054932e-01 -2.387829720973968506e-01 -2.956587672233581543e-01 8.942266702651977539e-01
3.618898868560791016e+00 -1.768108367919921875e+01 -4.611263751983642578e+00 -2.364461123943328857e-01 -2.366587817668914795e-01 -2.967721521854400635e-01 8.944339752197265625e-01
3.714243173599243164e+00 -1.772720718383789062e+01 -4.600407123565673828e+00 -2.365128248929977417e-01 -2.347086966037750244e-01 -2.981529533863067627e-01 8.944709300994873047e-01
3.814055204391479492e+00 -1.777546882629394531e+01 -4.589053630828857422e+00 -2.367229163646697998e-01 -2.330212593078613281e-01 -2.998548448085784912e-01 8.942875862121582031e-01
3.915500402450561523e+00 -1.783168983459472656e+01 -4.578538894653320312e+00 -2.350906133651733398e-01 -2.323450446128845215e-01 -3.014041185379028320e-01 8.943733572959899902e-01
4.017734050750732422e+00 -1.789676284790039062e+01 -4.568588256835937500e+00 -2.337900996208190918e-01 -2.319538295269012451e-01 -3.033888041973114014e-01 8.941447138786315918e-01
4.122731685638427734e+00 -1.796632766723632812e+01 -4.558500766754150391e+00 -2.328046262264251709e-01 -2.318309396505355835e-01 -3.058184087276458740e-01 8.936059474945068359e-01
4.220776081085205078e+00 -1.805354499816894531e+01 -4.550375461578369141e+00 -2.321165502071380615e-01 -2.319600284099578857e-01 -3.087009191513061523e-01 8.927599191665649414e-01
4.313125133514404297e+00 -1.815270423889160156e+01 -4.543321609497070312e+00 -2.317083626985549927e-01 -2.323238551616668701e-01 -3.120445609092712402e-01 8.916081190109252930e-01
4.391560077667236328e+00 -1.826954460144042969e+01 -4.538233757019042969e+00 -2.315614521503448486e-01 -2.329050302505493164e-01 -3.158564567565917969e-01 8.901512622833251953e-01
4.445602893829345703e+00 -1.840521049499511719e+01 -4.534955501556396484e+00 -2.316579520702362061e-01 -2.336857318878173828e-01 -3.201441168785095215e-01 8.883880376815795898e-01
4.477126598358154297e+00 -1.855318832397460938e+01 -4.530627727508544922e+00 -2.319786846637725830e-01 -2.346480488777160645e-01 -3.249138593673706055e-01 8.863165974617004395e-01
4.503144264221191406e+00 -1.870704460144042969e+01 -4.520464420318603516e+00 -2.325049340724945068e-01 -2.357734739780426025e-01 -3.301719427108764648e-01 8.839337825775146484e-01
4.536413669586181641e+00 -1.886371612548828125e+01 -4.501582622528076172e+00 -2.332167625427246094e-01 -2.370432764291763306e-01 -3.359236121177673340e-01 8.812353610992431641e-01
4.576215744018554688e+00 -1.902272415161132812e+01 -4.474153995513916016e+00 -2.340949922800064087e-01 -2.384388297796249390e-01 -3.421741724014282227e-01 8.782159686088562012e-01
4.622216701507568359e+00 -1.918338775634765625e+01 -4.437513351440429688e+00 -2.351191490888595581e-01 -2.399404346942901611e-01 -3.489278554916381836e-01 8.748696446418762207e-01
4.673051834106445312e+00 -1.934577560424804688e+01 -4.392552375793457031e+00 -2.362691462039947510e-01 -2.415288090705871582e-01 -3.561890423297882080e-01 8.711889982223510742e-01
4.727648735046386719e+00 -1.950999069213867188e+01 -4.339793205261230469e+00 -2.375240325927734375e-01 -2.431834787130355835e-01 -3.639604747295379639e-01 8.671659231185913086e-01
4.785075664520263672e+00 -1.967591667175292969e+01 -4.278946876525878906e+00 -2.388633787631988525e-01 -2.448844462633132935e-01 -3.722454905509948730e-01 8.627914786338806152e-01
4.844311237335205078e+00 -1.984365272521972656e+01 -4.210069656372070312e+00 -2.402653545141220093e-01 -2.466110587120056152e-01 -3.810452818870544434e-01 8.580560684204101562e-01
4.905319690704345703e+00 -2.001399803161621094e+01 -4.134329319000244141e+00 -2.417082786560058594e-01 -2.483427822589874268e-01 -3.903607726097106934e-01 8.529486656188964844e-01
4.968073844909667969e+00 -2.018678665161132812e+01 -4.051705837249755859e+00 -2.431707680225372314e-01 -2.500576376914978027e-01 -4.001931548118591309e-01 8.474577069282531738e-01
5.032541275024414062e+00 -2.036274909973144531e+01 -3.963939666748046875e+00 -2.446297258138656616e-01 -2.517346739768981934e-01 -4.105408489704132080e-01 8.415712714195251465e-01
5.098722934722900391e+00 -2.054221153259277344e+01 -3.871796131134033203e+00 -2.460633218288421631e-01 -2.533518373966217041e-01 -4.214032590389251709e-01 8.352753520011901855e-01
5.118874549865722656e+00 -2.059834480285644531e+01 -3.842565774917602539e+00 -2.474509626626968384e-01 -2.548897266387939453e-01 -4.327686131000518799e-01 8.285593390464782715e-01
