-1.252536535263061523e+00 -4.931689262390136719e+00 -3.414879798889160156e+00 -0.000000000000000000e+00 -0.000000000000000000e+00 9.450552463531494141e-01 3.269105553627014160e-01
-1.058867216110229492e+00 -5.078354358673095703e+00 -3.487390041351318359e+00 1.116450657718814909e-04 3.622470539994537830e-04 9.450871348381042480e-01 3.268181383609771729e-01
-8.643066287040710449e-01 -5.229848384857177734e+00 -3.560265541076660156e+00 -5.332507425919175148e-04 1.173535245470702648e-03 9.450195431709289551e-01 3.270111083984375000e-01
-6.706811189651489258e-01 -5.388617992401123047e+00 -3.632833242416381836e+00 -1.801177859306335449e-03 2.354619558900594711e-03 9.448680281639099121e-01 3.274382650852203369e-01
-4.802953898906707764e-01 -5.557348728179931641e+00 -3.704236984252929688e+00 -3.558638505637645721e-03 3.826254047453403473e-03 9.446467161178588867e-01 3.280477523803710938e-01
-2.960961759090423584e-01 -5.738901138305664062e+00 -3.773384809494018555e+00 -5.672164261341094971e-03 5.509201902896165848e-03 9.443704485893249512e-01 3.287886977195739746e-01
-1.218188479542732239e-01 -5.936064243316650391e+00 -3.838892221450805664e+00 -8.008132688701152802e-03 7.324166595935821533e-03 9.440547823905944824e-01 3.296099305152893066e-01
3.803711012005805969e-02 -6.151088714599609375e+00 -3.899088621139526367e+00 -1.043300889432430267e-02 9.191883727908134460e-03 9.437172412872314453e-01 3.304611444473266602e-01
1.785620003938674927e-01 -6.385058403015136719e+00 -3.952148437500000000e+00 -1.281326450407505035e-02 1.103310100734233856e-02 9.433764815330505371e-01 3.312924802303314209e-01
2.951879799365997314e-01 -6.637407302856445312e+00 -3.996367216110229492e+00 -1.501546241343021393e-02 1.276859827339649200e-02 9.430541396141052246e-01 3.320548236370086670e-01
3.860644400119781494e-01 -6.905439376831054688e+00 -4.031152248382568359e+00 -1.690603978931903839e-02 1.431913115084171295e-02 9.427725672721862793e-01 3.326996862888336182e-01
4.543408155441284180e-01 -7.184721469879150391e+00 -4.058049678802490234e+00 -1.835160888731479645e-02 1.560552604496479034e-02 9.425558447837829590e-01 3.331789672374725342e-01
5.029589533805847168e-01 -7.472260475158691406e+00 -4.078487396240234375e+00 -1.921873539686203003e-02 1.654861122369766235e-02 9.424282908439636230e-01 3.334450721740722656e-01
5.323730111122131348e-01 -7.766235351562500000e+00 -4.093157291412353516e+00 -1.937393285334110260e-02 1.706919260323047638e-02 9.424142241477966309e-01 3.334497511386871338e-01
5.468261837959289551e-01 -8.064897537231445312e+00 -4.103895187377929688e+00 -1.868394948542118073e-02 1.708814315497875214e-02 9.425358176231384277e-01 3.331442773342132568e-01
5.480297803878784180e-01 -8.367450714111328125e+00 -4.111690044403076172e+00 -1.701504550874233246e-02 1.652616076171398163e-02 9.428122639656066895e-01 3.324790596961975098e-01
5.370630025863647461e-01 -8.673310279846191406e+00 -4.117386817932128906e+00 -1.423364691436290741e-02 1.530395634472370148e-02 9.432578682899475098e-01 3.314026296138763428e-01
5.148437619209289551e-01 -8.980341911315917969e+00 -4.121812820434570312e+00 -1.020621135830879211e-02 1.334221567958593369e-02 9.438800811767578125e-01 3.298606872558593750e-01
4.820117056369781494e-01 -9.288192749023437500e+00 -4.125903129577636719e+00 -4.798850044608116150e-03 1.056147739291191101e-02 9.446769952774047852e-01 3.277968466281890869e-01
4.389575123786926270e-01 -9.596548080444335938e+00 -4.130246639251708984e+00 2.121785888448357582e-03 6.882440764456987381e-03 9.456353187561035156e-01 3.251492977142333984e-01
3.861718773841857910e-01 -9.905170440673828125e+00 -4.134807586669921875e+00 1.068916730582714081e-02 2.225819509476423264e-03 9.467267990112304688e-01 3.218528628349304199e-01
3.244555592536926270e-01 -1.021393013000488281e+01 -4.139543533325195312e+00 2.098511904478073120e-02 -3.457283135503530502e-03 9.479007124900817871e-01 3.178551197052001953e-01
2.549121081829071045e-01 -1.052285575866699219e+01 -4.144412517547607422e+00 3.289078548550605774e-02 -1.009652577340602875e-02 9.490708112716674805e-01 3.131785094738006592e-01
1.631982326507568359e-01 -1.082707500457763672e+01 -4.149785518646240234e+00 4.623502120375633240e-02 -1.759059913456439972e-02 9.501433968544006348e-01 3.078643083572387695e-01
2.869140543043613434e-02 -1.111672782897949219e+01 -4.156158924102783203e+00 6.084476783871650696e-02 -2.583735808730125427e-02 9.510271549224853516e-01 3.019562363624572754e-01
-1.417626887559890747e-01 -1.139046382904052734e+01 -4.163304805755615234e+00 7.654534280300140381e-02 -3.473332524299621582e-02 9.516375064849853516e-01 2.955004572868347168e-01
-3.486084043979644775e-01 -1.164016056060791016e+01 -4.171144485473632812e+00 9.316015988588333130e-02 -4.417412728071212769e-02 9.518982768058776855e-01 2.885474562644958496e-01
-5.602148175239562988e-01 -1.188854503631591797e+01 -4.178992748260498047e+00 1.105114147067070007e-01 -5.405395105481147766e-02 9.517452716827392578e-01 2.811517119407653809e-01
-7.962573170661926270e-01 -1.211675262451171875e+01 -4.187232017517089844e+00 1.284208595752716064e-01 -6.426778435707092285e-02 9.511281847953796387e-01 2.733731269836425781e-01
-1.033591270446777344e+00 -1.234627437591552734e+01 -4.195425987243652344e+00 1.467098891735076904e-01 -7.470896840095520020e-02 9.500121474266052246e-01 2.652765810489654541e-01
-1.278081059455871582e+00 -1.257074642181396484e+01 -4.202961921691894531e+00 1.652014851570129395e-01 -8.527244627475738525e-02 9.483789801597595215e-01 2.569324374198913574e-01
-1.531176686286926270e+00 -1.278860855102539062e+01 -4.209699630737304688e+00 1.837198436260223389e-01 -9.585340321063995361e-02 9.462284445762634277e-01 2.484166771173477173e-01
-1.785585880279541016e+00 -1.300772953033447266e+01 -4.216435432434082031e+00 2.020921111106872559e-01 -1.063489466905593872e-01 9.435781240463256836e-01 2.398098856210708618e-01
-2.045139074325561523e+00 -1.322351551055908203e+01 -4.222152233123779297e+00 2.201496064662933350e-01 -1.166578233242034912e-01 9.404641985893249512e-01 2.311974316835403442e-01
-2.312106847763061523e+00 -1.343323230743408203e+01 -4.226251125335693359e+00 2.377272248268127441e-01 -1.266812980175018311e-01 9.369396567344665527e-01 2.226693034172058105e-01
-2.580410003662109375e+00 -1.364414978027343750e+01 -4.230403423309326172e+00 2.546654641628265381e-01 -1.363232284784317017e-01 9.330750703811645508e-01 2.143180221319198608e-01
-2.850561380386352539e+00 -1.385558605194091797e+01 -4.234400749206542969e+00 2.708106637001037598e-01 -1.454910337924957275e-01 9.289557933807373047e-01 2.062401175498962402e-01
-3.130732297897338867e+00 -1.405676269531250000e+01 -4.234627723693847656e+00 2.860141992568969727e-01 -1.540948152542114258e-01 9.246810078620910645e-01 1.985339522361755371e-01
-3.412275314331054688e+00 -1.425905227661132812e+01 -4.234960079193115234e+00 3.001331984996795654e-01 -1.620474904775619507e-01 9.203613400459289551e-01 1.912994235754013062e-01
-3.695185422897338867e+00 -1.446245098114013672e+01 -4.235421180725097656e+00 3.130301535129547119e-01 -1.692658960819244385e-01 9.161167144775390625e-01 1.846378743648529053e-01
-3.985878705978393555e+00 -1.465753841400146484e+01 -4.232099533081054688e+00 3.245714008808135986e-01 -1.756683290004730225e-01 9.120733737945556641e-01 1.786507964134216309e-01
-4.272533893585205078e+00 -1.484281253814697266e+01 -4.226926326751708984e+00 3.346610963344573975e-01 -1.811971366405487061e-01 9.083477854728698730e-01 1.734179407358169556e-01
-4.551716327667236328e+00 -1.502331066131591797e+01 -4.222019672393798828e+00 3.433398604393005371e-01 -1.858837008476257324e-01 9.050007462501525879e-01 1.689338386058807373e-01
-4.825370788574218750e+00 -1.519576644897460938e+01 -4.216062545776367188e+00 3.506786823272705078e-01 -1.897797435522079468e-01 9.020683169364929199e-01 1.651689708232879639e-01
-5.099926471710205078e+00 -1.534931564331054688e+01 -4.204697608947753906e+00 3.567458391189575195e-01 -1.929355561733245850e-01 8.995748162269592285e-01 1.620909869670867920e-01
-5.366930007934570312e+00 -1.549852466583251953e+01 -4.193586826324462891e+00 3.587621748447418213e-01 -1.953063011169433594e-01 8.987593054771423340e-01 1.593014001846313477e-01
-5.626255989074707031e+00 -1.564342784881591797e+01 -4.182854652404785156e+00 3.589811921119689941e-01 -1.970469951629638672e-01 8.986944556236267090e-01 1.570127308368682861e-01
-5.882071495056152344e+00 -1.577567863464355469e+01 -4.169867992401123047e+00 3.594712316989898682e-01 -1.963386386632919312e-01 8.990604281425476074e-01 1.546659767627716064e-01
-6.135703086853027344e+00 -1.589203071594238281e+01 -4.152788162231445312e+00 3.597763776779174805e-01 -1.957790404558181763e-01 8.993001580238342285e-01 1.532667279243469238e-01
-6.381110668182373047e+00 -1.600483894348144531e+01 -4.136246681213378906e+00 3.598628342151641846e-01 -1.956200152635574341e-01 8.993676900863647461e-01 1.528693139553070068e-01
-6.618308067321777344e+00 -1.611407279968261719e+01 -4.120244026184082031e+00 3.597464561462402344e-01 -1.958339363336563110e-01 8.992767333984375000e-01 1.534039825201034546e-01
-6.848609447479248047e+00 -1.621629333496093750e+01 -4.103544712066650391e+00 3.594448864459991455e-01 -1.963869482278823853e-01 8.990397453308105469e-01 1.547867506742477417e-01
-7.077519416809082031e+00 -1.629700088500976562e+01 -4.081073284149169922e+00 3.590583801269531250e-01 -1.967740505933761597e-01 8.987715244293212891e-01 1.567378342151641846e-01
-7.298344612121582031e+00 -1.637461471557617188e+01 -4.059806823730468750e+00 3.589025437831878662e-01 -1.953039318323135376e-01 8.988455533981323242e-01 1.584982126951217651e-01
-7.510844707489013672e+00 -1.644932556152343750e+01 -4.039445877075195312e+00 3.587246835231781006e-01 -1.935650408267974854e-01 8.989168405532836914e-01 1.606162488460540771e-01
-7.715175628662109375e+00 -1.652111244201660156e+01 -4.019823074340820312e+00 3.561498522758483887e-01 -1.915122419595718384e-01 8.999969363212585449e-01 1.627445816993713379e-01
-7.912226200103759766e+00 -1.658642578125000000e+01 -3.999758243560791016e+00 3.513059318065643311e-01 -1.891595274209976196e-01 9.020083546638488770e-01 1.648741662502288818e-01
-8.105325698852539062e+00 -1.663179588317871094e+01 -3.974838256835937500e+00 3.458708226680755615e-01 -1.866052299737930298e-01 9.042167067527770996e-01 1.671639978885650635e-01
-8.289921760559082031e+00 -1.667517089843750000e+01 -3.951047182083129883e+00 3.398914933204650879e-01 -1.838878393173217773e-01 9.065896272659301758e-01 1.695705056190490723e-01
-8.466016769409179688e+00 -1.671654701232910156e+01 -3.928374528884887695e+00 3.334158658981323242e-01 -1.810463666915893555e-01 9.090955257415771484e-01 1.720507293939590454e-01
-8.633614540100097656e+00 -1.675593185424804688e+01 -3.906810760498046875e+00 3.264919519424438477e-01 -1.781203150749206543e-01 9.117039442062377930e-01 1.745619028806686401e-01
-8.792719841003417969e+00 -1.679331588745117188e+01 -3.886347532272338867e+00 3.191711604595184326e-01 -1.751463264226913452e-01 9.143859148025512695e-01 1.770644932985305786e-01
-8.943334579467773438e+00 -1.682871055603027344e+01 -3.866981029510498047e+00 3.115108609199523926e-01 -1.721489429473876953e-01 9.171116948127746582e-01 1.795323342084884644e-01
-9.086714744567871094e+00 -1.685337448120117188e+01 -3.845960617065429688e+00 3.035709559917449951e-01 -1.691509485244750977e-01 9.198527932167053223e-01 1.819432377815246582e-01
-9.222064018249511719e+00 -1.687287521362304688e+01 -3.825034141540527344e+00 2.954131364822387695e-01 -1.661749184131622314e-01 9.225832819938659668e-01 1.842744350433349609e-01
-9.348817825317382812e+00 -1.689113807678222656e+01 -3.805432081222534180e+00 2.870988845825195312e-01 -1.632437705993652344e-01 9.252793192863464355e-01 1.865046471357345581e-01
-9.466976165771484375e+00 -1.690815925598144531e+01 -3.787151336669921875e+00 2.786909043788909912e-01 -1.603812575340270996e-01 9.279194474220275879e-01 1.886124163866043091e-01
-9.576544761657714844e+00 -1.692394065856933594e+01 -3.770189762115478516e+00 2.702527642250061035e-01 -1.576115041971206665e-01 9.304850697517395020e-01 1.905770897865295410e-01
-9.677521705627441406e+00 -1.693847656250000000e+01 -3.754544019699096680e+00 2.618488669395446777e-01 -1.549589931964874268e-01 9.329594373703002930e-01 1.923786997795104980e-01
-9.769915580749511719e+00 -1.695177268981933594e+01 -3.740212202072143555e+00 2.535435855388641357e-01 -1.524482369422912598e-01 9.353289604187011719e-01 1.939974427223205566e-01
-9.853721618652343750e+00 -1.696381759643554688e+01 -3.727190494537353516e+00 2.454028427600860596e-01 -1.501048803329467773e-01 9.375816583633422852e-01 1.954143196344375610e-01
-9.928950309753417969e+00 -1.697461891174316406e+01 -3.715478420257568359e+00 2.374923676252365112e-01 -1.479538232088088989e-01 9.397081136703491211e-01 1.966104656457901001e-01
-9.995596885681152344e+00 -1.698417854309082031e+01 -3.705070018768310547e+00 2.298784554004669189e-01 -1.460211426019668579e-01 9.417009353637695312e-01 1.975679099559783936e-01
-1.005366897583007812e+01 -1.699248504638671875e+01 -3.695965528488159180e+00 2.226276695728302002e-01 -1.443326026201248169e-01 9.435542225837707520e-01 1.982687115669250488e-01
-1.010316848754882812e+01 -1.699954605102539062e+01 -3.688162088394165039e+00 2.158065587282180786e-01 -1.429142802953720093e-01 9.452636837959289551e-01 1.986952275037765503e-01
-1.014422130584716797e+01 -1.700322723388671875e+01 -3.681013107299804688e+00 2.094818800687789917e-01 -1.417926400899887085e-01 9.468255043029785156e-01 1.988304555416107178e-01
-1.017671394348144531e+01 -1.700546836853027344e+01 -3.675106763839721680e+00 2.037203907966613770e-01 -1.409936696290969849e-01 9.482372999191284180e-01 1.986572146415710449e-01
-1.020060729980468750e+01 -1.700708961486816406e+01 -3.670677900314331055e+00 1.985887140035629272e-01 -1.405435949563980103e-01 9.494963288307189941e-01 1.981579810380935669e-01
-1.021590328216552734e+01 -1.700808143615722656e+01 -3.667725801467895508e+00 1.941529363393783569e-01 -1.404687613248825073e-01 9.505995512008666992e-01 1.973159462213516235e-01
-1.022260189056396484e+01 -1.700843620300292969e+01 -3.666245698928833008e+00 1.904793381690979004e-01 -1.407951265573501587e-01 9.515429735183715820e-01 1.961131989955902100e-01
-1.022794818878173828e+01 -1.700869178771972656e+01 -3.664944410324096680e+00 1.876329630613327026e-01 -1.415485590696334839e-01 9.523209929466247559e-01 1.945320516824722290e-01
-1.023193931579589844e+01 -1.700884246826171875e+01 -3.663820028305053711e+00 1.856561899185180664e-01 -1.427413970232009888e-01 9.529296159744262695e-01 1.925662010908126831e-01
-1.023457241058349609e+01 -1.700889205932617188e+01 -3.662882566452026367e+00 1.844997107982635498e-01 -1.443315297365188599e-01 9.533784985542297363e-01 1.902567297220230103e-01
-1.023583698272705078e+01 -1.700883293151855469e+01 -3.662141561508178711e+00 1.840907931327819824e-01 -1.462637484073638916e-01 9.536782503128051758e-01 1.876572072505950928e-01
-1.024644851684570312e+01 -1.700946235656738281e+01 -3.659697294235229492e+00 1.843566149473190308e-01 -1.484815627336502075e-01 9.538381695747375488e-01 1.848198473453521729e-01
-1.026639747619628906e+01 -1.701076126098632812e+01 -3.655560255050659180e+00 1.852235943078994751e-01 -1.509298086166381836e-01 9.538667798042297363e-01 1.817980110645294189e-01
-1.029567718505859375e+01 -1.701273918151855469e+01 -3.649740457534790039e+00 1.866194158792495728e-01 -1.535518318414688110e-01 9.537721276283264160e-01 1.786438971757888794e-01
-1.033427810668945312e+01 -1.701539421081542969e+01 -3.642251491546630859e+00 1.884700208902359009e-01 -1.562922596931457520e-01 9.535633325576782227e-01 1.754101812839508057e-01
-1.038218879699707031e+01 -1.701873588562011719e+01 -3.633102416992187500e+00 1.907032579183578491e-01 -1.590948551893234253e-01 9.532499909400939941e-01 1.721499264240264893e-01
-1.043940258026123047e+01 -1.702276420593261719e+01 -3.622305870056152344e+00 1.932463198900222778e-01 -1.619041562080383301e-01 9.528431892395019531e-01 1.689161956310272217e-01
-1.050591182708740234e+01 -1.702746582031250000e+01 -3.609873533248901367e+00 1.960266232490539551e-01 -1.646647304296493530e-01 9.523559808731079102e-01 1.657628268003463745e-01
-1.058170509338378906e+01 -1.703285598754882812e+01 -3.595817804336547852e+00 1.989723592996597290e-01 -1.673219650983810425e-01 9.518024921417236328e-01 1.627432554960250854e-01
-1.066677856445312500e+01 -1.703892517089843750e+01 -3.580150127410888672e+00 2.020117342472076416e-01 -1.698207855224609375e-01 9.511994123458862305e-01 1.599118709564208984e-01
-1.076112270355224609e+01 -1.704566764831542969e+01 -3.562882661819458008e+00 2.050738483667373657e-01 -1.721068024635314941e-01 9.505646824836730957e-01 1.573231667280197144e-01
-1.086472892761230469e+01 -1.705309104919433594e+01 -3.544028759002685547e+00 2.080877870321273804e-01 -1.741260290145874023e-01 9.499182105064392090e-01 1.550319194793701172e-01
-1.097759342193603516e+01 -1.706118583679199219e+01 -3.523600339889526367e+00 2.109831422567367554e-01 -1.758246421813964844e-01 9.492810368537902832e-01 1.530927866697311401e-01
-1.109970474243164062e+01 -1.706995010375976562e+01 -3.501611232757568359e+00 2.136894762516021729e-01 -1.771490722894668579e-01 9.486749172210693359e-01 1.515609771013259888e-01
-1.123106098175048828e+01 -1.707938957214355469e+01 -3.478074312210083008e+00 2.161368429660797119e-01 -1.780454218387603760e-01 9.481227993965148926e-01 1.504915952682495117e-01
-1.137156391143798828e+01 -1.708214759826660156e+01 -3.450854301452636719e+00 2.182552218437194824e-01 -1.784603893756866455e-01 9.476467967033386230e-01 1.499401032924652100e-01
-1.152128124237060547e+01 -1.708419418334960938e+01 -3.421709537506103516e+00 2.199741750955581665e-01 -1.783404946327209473e-01 9.472685456275939941e-01 1.499610245227813721e-01
-1.168021583557128906e+01 -1.708636665344238281e+01 -3.390897035598754883e+00 2.212236076593399048e-01 -1.776310801506042480e-01 9.470080137252807617e-01 1.506092995405197144e-01
-1.184836006164550781e+01 -1.708866119384765625e+01 -3.358423948287963867e+00 2.219508141279220581e-01 -1.762972623109817505e-01 9.468774199485778809e-01 1.519220024347305298e-01
-1.201895523071289062e+01 -1.709099006652832031e+01 -3.325603485107421875e+00 2.221791446208953857e-01 -1.743793189525604248e-01 9.468649029731750488e-01 1.538668125867843628e-01
-1.219200611114501953e+01 -1.709335899353027344e+01 -3.292419910430908203e+00 2.219495326280593872e-01 -1.719361096620559692e-01 9.469516873359680176e-01 1.563932150602340698e-01
-1.236742496490478516e+01 -1.709436035156250000e+01 -3.258448362350463867e+00 2.213029712438583374e-01 -1.690265238285064697e-01 9.471169710159301758e-01 1.594509631395339966e-01
-1.254484272003173828e+01 -1.708850479125976562e+01 -3.222082376480102539e+00 2.202802598476409912e-01 -1.657093614339828491e-01 9.473391771316528320e-01 1.629893779754638672e-01
-1.272472763061523438e+01 -1.708259201049804688e+01 -3.185273408889770508e+00 2.189218550920486450e-01 -1.620433330535888672e-01 9.475970268249511719e-01 1.669576913118362427e-01
-1.290708732604980469e+01 -1.707661056518554688e+01 -3.148006439208984375e+00 2.172691375017166138e-01 -1.580873727798461914e-01 9.478696584701538086e-01 1.713054329156875610e-01
-1.309192943572998047e+01 -1.707058143615722656e+01 -3.110264539718627930e+00 2.153633981943130493e-01 -1.539003849029541016e-01 9.481368660926818848e-01 1.759817600250244141e-01
-1.327925968170166016e+01 -1.706449699401855469e+01 -3.072034597396850586e+00 2.132456004619598389e-01 -1.495421677827835083e-01 9.483804702758789062e-01 1.809363514184951782e-01
-1.346869373321533203e+01 -1.705495643615722656e+01 -3.032286882400512695e+00 2.109579443931579590e-01 -1.450724303722381592e-01 9.485833048820495605e-01 1.861193478107452393e-01
-1.366021347045898438e+01 -1.704175186157226562e+01 -2.990945100784301758e+00 2.085433006286621094e-01 -1.405511349439620972e-01 9.487308263778686523e-01 1.914803832769393921e-01
-1.385423469543457031e+01 -1.702840805053710938e+01 -2.949039936065673828e+00 2.060443609952926636e-01 -1.360388398170471191e-01 9.488107562065124512e-01 1.969703882932662964e-01
-1.405076026916503906e+01 -1.701492691040039062e+01 -2.906556129455566406e+00 2.035046666860580444e-01 -1.315966695547103882e-01 9.488127231597900391e-01 2.025401592254638672e-01
-1.424980354309082031e+01 -1.700130844116210938e+01 -2.863479137420654297e+00 2.009679526090621948e-01 -1.272856295108795166e-01 9.487293958663940430e-01 2.081414610147476196e-01
-1.445090198516845703e+01 -1.698456954956054688e+01 -2.818828582763671875e+00 1.984792649745941162e-01 -1.231674104928970337e-01 9.485552310943603516e-01 2.137260884046554565e-01
-1.465414619445800781e+01 -1.696522331237792969e+01 -2.772753238677978516e+00 1.960830241441726685e-01 -1.193038225173950195e-01 9.482874870300292969e-01 2.192465662956237793e-01
-1.485991954803466797e+01 -1.694565391540527344e+01 -2.726018905639648438e+00 1.938247978687286377e-01 -1.157567203044891357e-01 9.479250907897949219e-01 2.246558070182800293e-01
-1.506822872161865234e+01 -1.692586326599121094e+01 -2.678612947463989258e+00 1.917500793933868408e-01 -1.125885099172592163e-01 9.474693536758422852e-01 2.299072593450546265e-01
-1.527885246276855469e+01 -1.690474128723144531e+01 -2.630041837692260742e+00 1.899050623178482056e-01 -1.098612993955612183e-01 9.469226598739624023e-01 2.349550873041152954e-01
-1.549156856536865234e+01 -1.688115119934082031e+01 -2.579811096191406250e+00 1.883359551429748535e-01 -1.076377555727958679e-01 9.462884068489074707e-01 2.397537231445312500e-01
-1.570683574676513672e+01 -1.685728454589843750e+01 -2.528855562210083008e+00 1.870700418949127197e-01 -1.059613525867462158e-01 9.455736279487609863e-01 2.442691028118133545e-01
-1.592465019226074219e+01 -1.683313941955566406e+01 -2.477181673049926758e+00 1.860634088516235352e-01 -1.048000007867813110e-01 9.447951316833496094e-01 2.485147416591644287e-01
-1.614225959777832031e+01 -1.680895423889160156e+01 -2.424531698226928711e+00 1.852525025606155396e-01 -1.041031479835510254e-01 9.439703226089477539e-01 2.525154650211334229e-01
-1.635983276367187500e+01 -1.678475570678710938e+01 -2.371631145477294922e+00 1.845739483833312988e-01 -1.038194745779037476e-01 9.431151747703552246e-01 2.562960684299468994e-01
-1.657739448547363281e+01 -1.676049232482910156e+01 -2.318622112274169922e+00 1.839634478092193604e-01 -1.038976162672042847e-01 9.422445893287658691e-01 2.598800957202911377e-01
-1.679468536376953125e+01 -1.673481941223144531e+01 -2.265087842941284180e+00 1.833575814962387085e-01 -1.042862832546234131e-01 9.413722753524780273e-01 2.632918655872344971e-01
-1.701197242736816406e+01 -1.670915031433105469e+01 -2.211487770080566406e+00 1.826920211315155029e-01 -1.049340292811393738e-01 9.405110478401184082e-01 2.665547430515289307e-01
-1.722896385192871094e+01 -1.668016052246093750e+01 -2.158401489257812500e+00 1.819022893905639648e-01 -1.057890504598617554e-01 9.396734237670898438e-01 2.696924805641174316e-01
-1.744583892822265625e+01 -1.664981460571289062e+01 -2.105609178543090820e+00 1.809245049953460693e-01 -1.068001389503479004e-01 9.388712644577026367e-01 2.727285623550415039e-01
-1.766209983825683594e+01 -1.661144447326660156e+01 -2.055614471435546875e+00 1.796939820051193237e-01 -1.079153269529342651e-01 9.381158351898193359e-01 2.756860554218292236e-01
-1.787590599060058594e+01 -1.656154823303222656e+01 -2.011283159255981445e+00 1.781462430953979492e-01 -1.090831384062767029e-01 9.374185204505920410e-01 2.785880863666534424e-01
-1.808395195007324219e+01 -1.648934555053710938e+01 -1.979499816894531250e+00 1.762166917324066162e-01 -1.102516949176788330e-01 9.367889165878295898e-01 2.814577519893646240e-01
-1.827317619323730469e+01 -1.637609291076660156e+01 -1.976413488388061523e+00 1.738407611846923828e-01 -1.113691031932830811e-01 9.362369775772094727e-01 2.843175530433654785e-01
-1.843366622924804688e+01 -1.622820281982421875e+01 -2.005532264709472656e+00 1.709533184766769409e-01 -1.123834401369094849e-01 9.357707500457763672e-01 2.871898412704467773e-01
-1.857590675354003906e+01 -1.606746482849121094e+01 -2.050559759140014648e+00 1.674893200397491455e-01 -1.132423356175422668e-01 9.353967905044555664e-01 2.900968790054321289e-01
-1.870608520507812500e+01 -1.590023899078369141e+01 -2.102951526641845703e+00 1.633832901716232300e-01 -1.138936728239059448e-01 9.351203441619873047e-01 2.930599451065063477e-01
-1.882847785949707031e+01 -1.572943782806396484e+01 -2.157991886138916016e+00 1.585693955421447754e-01 -1.142848432064056396e-01 9.349437355995178223e-01 2.960995733737945557e-01
-1.894587516784667969e+01 -1.555648899078369141e+01 -2.212879896163940430e+00 1.529819816350936890e-01 -1.143627464771270752e-01 9.348667263984680176e-01 2.992354333400726318e-01
-1.906013870239257812e+01 -1.538222122192382812e+01 -2.265773057937622070e+00 1.465537548065185547e-01 -1.140743792057037354e-01 9.348853826522827148e-01 3.024868667125701904e-01
-1.917257499694824219e+01 -1.520716762542724609e+01 -2.315303325653076172e+00 1.392182707786560059e-01 -1.133659631013870239e-01 9.349915385246276855e-01 3.058713674545288086e-01
-1.928414916992187500e+01 -1.503170871734619141e+01 -2.360313892364501953e+00 1.309471577405929565e-01 -1.122034937143325806e-01 9.351677298545837402e-01 3.093935251235961914e-01
-1.939571189880371094e+01 -1.485615730285644531e+01 -2.399384498596191406e+00 1.218689829111099243e-01 -1.106350049376487732e-01 9.353768825531005859e-01 3.130142986774444580e-01
-1.950853729248046875e+01 -1.468094730377197266e+01 -2.429232358932495117e+00 1.121531054377555847e-01 -1.087293103337287903e-01 9.355803728103637695e-01 3.166843354701995850e-01
-1.962283325195312500e+01 -1.450694274902343750e+01 -2.451393604278564453e+00 1.019702181220054626e-01 -1.065553426742553711e-01 9.357457756996154785e-01 3.203558921813964844e-01
-1.973896980285644531e+01 -1.433470630645751953e+01 -2.465872526168823242e+00 9.149066358804702759e-02 -1.041833460330963135e-01 9.358471035957336426e-01 3.239839076995849609e-01
-1.985723114013671875e+01 -1.416479015350341797e+01 -2.472762346267700195e+00 8.088717609643936157e-02 -1.016847193241119385e-01 9.358657598495483398e-01 3.275249898433685303e-01
-1.997783088684082031e+01 -1.399768543243408203e+01 -2.472253084182739258e+00 7.033285498619079590e-02 -9.913150966167449951e-02 9.357911944389343262e-01 3.309396505355834961e-01
-2.010194778442382812e+01 -1.383481407165527344e+01 -2.462504625320434570e+00 6.000145524740219116e-02 -9.659619629383087158e-02 9.356207251548767090e-01 3.341897726058959961e-01
-2.022906494140625000e+01 -1.367636203765869141e+01 -2.445393562316894531e+00 5.006729811429977417e-02 -9.415268898010253906e-02 9.353591203689575195e-01 3.372414410114288330e-01
-2.035886383056640625e+01 -1.352238750457763672e+01 -2.421907901763916016e+00 4.070463776588439941e-02 -9.187497198581695557e-02 9.350187182426452637e-01 3.400618433952331543e-01
-2.049118041992187500e+01 -1.337298774719238281e+01 -2.392583370208740234e+00 3.208782523870468140e-02 -8.983791619539260864e-02 9.346175193786621094e-01 3.426215648651123047e-01
-2.062703132629394531e+01 -1.322988700866699219e+01 -2.355925798416137695e+00 2.439074590802192688e-02 -8.811645209789276123e-02 9.341785311698913574e-01 3.448927700519561768e-01
-2.076573753356933594e+01 -1.309284114837646484e+01 -2.313454866409301758e+00 1.778762228786945343e-02 -8.678543567657470703e-02 9.337278604507446289e-01 3.468486070632934570e-01
-2.090606880187988281e+01 -1.296022891998291016e+01 -2.267328977584838867e+00 1.245153695344924927e-02 -8.592024445533752441e-02 9.332932829856872559e-01 3.484629094600677490e-01
-2.104829978942871094e+01 -1.283269977569580078e+01 -2.217209815979003906e+00 8.555809035897254944e-03 -8.559609949588775635e-02 9.329004883766174316e-01 3.497093915939331055e-01
-2.119246482849121094e+01 -1.271057605743408203e+01 -2.163517713546752930e+00 6.272902712225914001e-03 -8.588735014200210571e-02 9.325726032257080078e-01 3.505601286888122559e-01
-2.133745574951171875e+01 -1.259194755554199219e+01 -2.108106613159179688e+00 5.776036530733108521e-03 -8.686847239732742310e-02 9.323250651359558105e-01 3.509851694107055664e-01
-2.148361587524414062e+01 -1.247744560241699219e+01 -2.050724506378173828e+00 7.237279787659645081e-03 -8.861294388771057129e-02 9.321635961532592773e-01 3.509507179260253906e-01
-2.163164710998535156e+01 -1.236826133728027344e+01 -1.991399168968200684e+00 1.082874275743961334e-02 -9.119316935539245605e-02 9.320803284645080566e-01 3.504180610179901123e-01
-2.178404235839843750e+01 -1.226071739196777344e+01 -1.930016398429870605e+00 1.672247797250747681e-02 -9.468009322881698608e-02 9.320495128631591797e-01 3.493416905403137207e-01
-2.194144439697265625e+01 -1.215582942962646484e+01 -1.866662263870239258e+00 2.502192929387092590e-02 -9.911476075649261475e-02 9.320226311683654785e-01 3.476835191249847412e-01
-2.210493850708007812e+01 -1.205528259277343750e+01 -1.801858186721801758e+00 3.555939346551895142e-02 -1.044248044490814209e-01 9.319283962249755859e-01 3.454571664333343506e-01
-2.227669715881347656e+01 -1.196259212493896484e+01 -1.737113356590270996e+00 4.809747263789176941e-02 -1.105073764920234680e-01 9.316861033439636230e-01 3.426887392997741699e-01
-2.246088790893554688e+01 -1.188608360290527344e+01 -1.676349759101867676e+00 6.239709258079528809e-02 -1.172595322132110596e-01 9.312151074409484863e-01 3.394044041633605957e-01
-2.266200447082519531e+01 -1.184396457672119141e+01 -1.629194855690002441e+00 7.821727544069290161e-02 -1.245776712894439697e-01 9.304372668266296387e-01 3.356319367885589600e-01
-2.287497711181640625e+01 -1.185085868835449219e+01 -1.608763694763183594e+00 9.531447291374206543e-02 -1.323578357696533203e-01 9.292837977409362793e-01 3.314032852649688721e-01
-2.309029579162597656e+01 -1.188295364379882812e+01 -1.608609557151794434e+00 1.134439110755920410e-01 -1.404962092638015747e-01 9.276974201202392578e-01 3.267548382282257080e-01
-2.330865478515625000e+01 -1.191462898254394531e+01 -1.615751862525939941e+00 1.323595941066741943e-01 -1.488906592130661011e-01 9.256365299224853516e-01 3.217290043830871582e-01
-2.353079795837402344e+01 -1.194066333770751953e+01 -1.623715758323669434e+00 1.518158167600631714e-01 -1.574405878782272339e-01 9.230769872665405273e-01 3.163753151893615723e-01
-2.375628852844238281e+01 -1.196403312683105469e+01 -1.631792545318603516e+00 1.715681403875350952e-01 -1.660474985837936401e-01 9.200146198272705078e-01 3.107502162456512451e-01
-2.398495101928710938e+01 -1.198625469207763672e+01 -1.639472365379333496e+00 1.913742125034332275e-01 -1.746158897876739502e-01 9.164663553237915039e-01 3.049176931381225586e-01
-2.421666908264160156e+01 -1.200857925415039062e+01 -1.646101951599121094e+00 2.109953165054321289e-01 -1.830544769763946533e-01 9.124699831008911133e-01 2.989491224288940430e-01
-2.445120048522949219e+01 -1.203365707397460938e+01 -1.649410724639892578e+00 2.301976233720779419e-01 -1.912754476070404053e-01 9.080853462219238281e-01 2.929228246212005615e-01
-2.456582260131835938e+01 -1.208418464660644531e+01 -1.622649550437927246e+00 2.487530112266540527e-01 -1.991957724094390869e-01 9.033923745155334473e-01 2.869237959384918213e-01
-2.432850265502929688e+01 -1.212059497833251953e+01 -1.598467707633972168e+00 2.664399147033691406e-01 -2.067369818687438965e-01 8.984902501106262207e-01 2.810421288013458252e-01
-2.408704948425292969e+01 -1.215659618377685547e+01 -1.586305499076843262e+00 2.830433249473571777e-01 -2.138248234987258911e-01 8.934959173202514648e-01 2.753736078739166260e-01
-2.384275245666503906e+01 -1.219560527801513672e+01 -1.579420089721679688e+00 2.983558475971221924e-01 -2.203901410102844238e-01 8.885394930839538574e-01 2.700178027153015137e-01
-2.359590339660644531e+01 -1.223846149444580078e+01 -1.577134013175964355e+00 3.121752440929412842e-01 -2.263670563697814941e-01 8.837640285491943359e-01 2.650768756866455078e-01
-2.334669113159179688e+01 -1.228542423248291016e+01 -1.578786015510559082e+00 3.243055343627929688e-01 -2.316932380199432373e-01 8.793196678161621094e-01 2.606550157070159912e-01
-2.309496307373046875e+01 -1.233535575866699219e+01 -1.582903146743774414e+00 3.345547020435333252e-01 -2.363083362579345703e-01 8.753605484962463379e-01 2.568567395210266113e-01
-2.284211349487304688e+01 -1.238804149627685547e+01 -1.590582251548767090e+00 3.361021280288696289e-01 -2.341021448373794556e-01 8.770314455032348633e-01 2.510921061038970947e-01
-2.258659362792968750e+01 -1.244364261627197266e+01 -1.600175380706787109e+00 3.373466730117797852e-01 -2.323051691055297852e-01 8.783590197563171387e-01 2.464081346988677979e-01
-2.232815170288085938e+01 -1.250118637084960938e+01 -1.610844969749450684e+00 3.382824063301086426e-01 -2.309403866529464722e-01 8.793472647666931152e-01 2.428575456142425537e-01
-2.206700134277343750e+01 -1.256149864196777344e+01 -1.623031020164489746e+00 3.389103114604949951e-01 -2.300179749727249146e-01 8.800056576728820801e-01 2.404610812664031982e-01
-2.180273437500000000e+01 -1.262301254272460938e+01 -1.635598659515380859e+00 3.392373621463775635e-01 -2.295353114604949951e-01 8.803469538688659668e-01 2.392081916332244873e-01
-2.153569030761718750e+01 -1.268697261810302734e+01 -1.649070382118225098e+00 3.392763137817382812e-01 -2.294777333736419678e-01 8.803875446319580078e-01 2.390587776899337769e-01
-2.126550674438476562e+01 -1.275194263458251953e+01 -1.662708044052124023e+00 3.390449583530426025e-01 -2.298194617033004761e-01 8.801462650299072266e-01 2.399457097053527832e-01
-2.099242401123046875e+01 -1.281881809234619141e+01 -1.676515460014343262e+00 3.385646939277648926e-01 -2.305264472961425781e-01 8.796437382698059082e-01 2.417817711830139160e-01
-2.071625518798828125e+01 -1.288673305511474609e+01 -1.690284371376037598e+00 3.378596305847167969e-01 -2.315584421157836914e-01 8.789017796516418457e-01 2.444647848606109619e-01
-2.043709754943847656e+01 -1.295607852935791016e+01 -1.703627228736877441e+00 3.369558751583099365e-01 -2.328716814517974854e-01 8.779436945915222168e-01 2.478836476802825928e-01
-2.015488052368164062e+01 -1.302643966674804688e+01 -1.716283559799194336e+00 3.358799815177917480e-01 -2.344208210706710815e-01 8.767929077148437500e-01 2.519237995147705078e-01
-1.986977958679199219e+01 -1.309777355194091797e+01 -1.728024601936340332e+00 3.322271108627319336e-01 -2.358201593160629272e-01 8.765519261360168457e-01 2.562628984451293945e-01
-1.958187294006347656e+01 -1.316974067687988281e+01 -1.736974716186523438e+00 3.234613537788391113e-01 -2.366023361682891846e-01 8.783433437347412109e-01 2.605859339237213135e-01
-1.929088783264160156e+01 -1.324223136901855469e+01 -1.743542432785034180e+00 3.139248490333557129e-01 -2.372840642929077148e-01 8.802444934844970703e-01 2.651737034320831299e-01
-1.899674797058105469e+01 -1.331486797332763672e+01 -1.746283173561096191e+00 3.037368655204772949e-01 -2.378233522176742554e-01 8.822208642959594727e-01 2.699449062347412109e-01
-1.869951057434082031e+01 -1.338607883453369141e+01 -1.744669198989868164e+00 2.937828302383422852e-01 -2.357144355773925781e-01 8.849013447761535645e-01 2.740073800086975098e-01
-1.839851570129394531e+01 -1.345383262634277344e+01 -1.737810373306274414e+00 2.835957705974578857e-01 -2.329009771347045898e-01 8.877136111259460449e-01 2.780199646949768066e-01
-1.809297561645507812e+01 -1.351399898529052734e+01 -1.726275324821472168e+00 2.731103003025054932e-01 -2.299728691577911377e-01 8.904625177383422852e-01 2.821340858936309814e-01
-1.778193283081054688e+01 -1.355921363830566406e+01 -1.713150858879089355e+00 2.624323368072509766e-01 -2.269689142704010010e-01 8.931066989898681641e-01 2.863123416900634766e-01
-1.746475028991699219e+01 -1.357054615020751953e+01 -1.709551334381103516e+00 2.516692578792572021e-01 -2.239299267530441284e-01 8.956095576286315918e-01 2.905193567276000977e-01
-1.714162063598632812e+01 -1.353154754638671875e+01 -1.735333561897277832e+00 2.409126758575439453e-01 -2.208891808986663818e-01 8.979451060295104980e-01 2.947261929512023926e-01
-1.681869125366210938e+01 -1.345452594757080078e+01 -1.787141323089599609e+00 2.301867306232452393e-01 -2.178504914045333862e-01 9.001091718673706055e-01 2.989290654659271240e-01
-1.649116134643554688e+01 -1.336602020263671875e+01 -1.851934432983398438e+00 2.194980233907699585e-01 -2.148098945617675781e-01 9.021028280258178711e-01 3.031297922134399414e-01
-1.614828491210937500e+01 -1.329956531524658203e+01 -1.912483453750610352e+00 2.088530659675598145e-01 -2.117630690336227417e-01 9.039275050163269043e-01 3.073302507400512695e-01
-1.578759002685546875e+01 -1.328680133819580078e+01 -1.953355312347412109e+00 1.982586979866027832e-01 -2.087062895298004150e-01 9.055842161178588867e-01 3.115324079990386963e-01
-1.542286491394042969e+01 -1.335943794250488281e+01 -1.958952903747558594e+00 1.877213120460510254e-01 -2.056350409984588623e-01 9.070746898651123047e-01 3.157380819320678711e-01
-1.508913135528564453e+01 -1.353840827941894531e+01 -1.916815757751464844e+00 1.772477030754089355e-01 -2.025453597307205200e-01 9.084003567695617676e-01 3.199490606784820557e-01
-1.479615783691406250e+01 -1.379024410247802734e+01 -1.853486895561218262e+00 1.668441146612167358e-01 -1.994332373142242432e-01 9.095628857612609863e-01 3.241676390171051025e-01
-1.452924728393554688e+01 -1.408557605743408203e+01 -1.804976820945739746e+00 1.565171331167221069e-01 -1.962949931621551514e-01 9.105640053749084473e-01 3.283959031105041504e-01
-1.428234672546386719e+01 -1.440519046783447266e+01 -1.812246084213256836e+00 1.462731361389160156e-01 -1.931260526180267334e-01 9.114056229591369629e-01 3.326353132724761963e-01
-1.404762649536132812e+01 -1.472481441497802734e+01 -1.905533075332641602e+00 1.361185759305953979e-01 -1.899227052927017212e-01 9.120894670486450195e-01 3.368887305259704590e-01
-1.379934787750244141e+01 -1.501453590393066406e+01 -2.058507919311523438e+00 1.260592341423034668e-01 -1.866806149482727051e-01 9.126176238059997559e-01 3.411576747894287109e-01
-1.349703502655029297e+01 -1.524780273437500000e+01 -2.217308998107910156e+00 1.161018610000610352e-01 -1.833963692188262939e-01 9.129918813705444336e-01 3.454444706439971924e-01
-1.312836837768554688e+01 -1.540480899810791016e+01 -2.335062503814697266e+00 1.062525212764739990e-01 -1.800653189420700073e-01 9.132146835327148438e-01 3.497510850429534912e-01
-1.273460578918457031e+01 -1.552108860015869141e+01 -2.431863546371459961e+00 9.651693701744079590e-02 -1.766839027404785156e-01 9.132879376411437988e-01 3.540796637535095215e-01
-1.235064888000488281e+01 -1.565547847747802734e+01 -2.553041219711303711e+00 8.690132200717926025e-02 -1.732482910156250000e-01 9.132137298583984375e-01 3.584324419498443604e-01
-1.200879001617431641e+01 -1.586381340026855469e+01 -2.705049037933349609e+00 7.741178572177886963e-02 -1.697539389133453369e-01 9.129943847656250000e-01 3.628113269805908203e-01
-1.164783191680908203e+01 -1.608959007263183594e+01 -2.771159887313842773e+00 6.805394589900970459e-02 -1.661977171897888184e-01 9.126321673393249512e-01 3.672186732292175293e-01
-1.126217365264892578e+01 -1.628293418884277344e+01 -2.747804880142211914e+00 5.883338302373886108e-02 -1.625746786594390869e-01 9.121291637420654297e-01 3.716564178466796875e-01
-1.086751651763916016e+01 -1.644726943969726562e+01 -2.682774305343627930e+00 4.975631088018417358e-02 -1.588817983865737915e-01 9.114876985549926758e-01 3.761264085769653320e-01
-1.046681118011474609e+01 -1.657911109924316406e+01 -2.586937904357910156e+00 4.083760455250740051e-02 -1.551229059696197510e-01 9.107097387313842773e-01 3.806268870830535889e-01
-1.006240653991699219e+01 -1.666441345214843750e+01 -2.459683418273925781e+00 3.213336691260337830e-02 -1.513347029685974121e-01 9.097983241081237793e-01 3.851391673088073730e-01
-9.661076545715332031e+00 -1.668646049499511719e+01 -2.299514055252075195e+00 2.370836213231086731e-02 -1.475623100996017456e-01 9.087592363357543945e-01 3.896406292915344238e-01
-9.266952514648437500e+00 -1.666294479370117188e+01 -2.121045827865600586e+00 1.562843099236488342e-02 -1.438515484333038330e-01 9.076008796691894531e-01 3.941104412078857422e-01
-8.871597290039062500e+00 -1.663311004638671875e+01 -1.945611476898193359e+00 7.958654314279556274e-03 -1.402481645345687866e-01 9.063344597816467285e-01 3.985284268856048584e-01
-8.465632438659667969e+00 -1.663557624816894531e+01 -1.793121933937072754e+00 7.639937102794647217e-04 -1.367984712123870850e-01 9.049730300903320312e-01 4.028765559196472168e-01
-8.050506591796875000e+00 -1.666324234008789062e+01 -1.669099330902099609e+00 -5.890227854251861572e-03 -1.335490494966506958e-01 9.035316705703735352e-01 4.071367084980010986e-01
-7.628187179565429688e+00 -1.668891525268554688e+01 -1.570808410644531250e+00 -1.193970441818237305e-02 -1.305465400218963623e-01 9.020277261734008789e-01 4.112919270992279053e-01
-7.199280738830566406e+00 -1.667879867553710938e+01 -1.503659009933471680e+00 -1.731988415122032166e-02 -1.278372555971145630e-01 9.004784822463989258e-01 4.153265357017517090e-01
-6.769815444946289062e+00 -1.662178230285644531e+01 -1.469834566116333008e+00 -2.196613699197769165e-02 -1.254681944847106934e-01 8.989029526710510254e-01 4.192238748073577881e-01
-6.341940879821777344e+00 -1.654392623901367188e+01 -1.461331486701965332e+00 -2.581485360860824585e-02 -1.234857589006423950e-01 8.973196744918823242e-01 4.229683279991149902e-01
-5.919135570526123047e+00 -1.644411087036132812e+01 -1.463975787162780762e+00 -2.880180627107620239e-02 -1.219363138079643250e-01 8.957465291023254395e-01 4.265443384647369385e-01
-5.521402359008789062e+00 -1.626852416992187500e+01 -1.472171902656555176e+00 -3.086295723915100098e-02 -1.208663210272789001e-01 8.942003250122070312e-01 4.299354851245880127e-01
-5.142977237701416016e+00 -1.605361366271972656e+01 -1.482016921043395996e+00 -3.193448856472969055e-02 -1.203211769461631775e-01 8.926959037780761719e-01 4.331245720386505127e-01
-4.775012016296386719e+00 -1.582083415985107422e+01 -1.492351651191711426e+00 -3.195222467184066772e-02 -1.203469783067703247e-01 8.912451863288879395e-01 4.360935986042022705e-01
-4.413884162902832031e+00 -1.557718181610107422e+01 -1.502883911132812500e+00 -3.085230477154254913e-02 -1.209880933165550232e-01 8.898564577102661133e-01 4.388225674629211426e-01
-4.056774616241455078e+00 -1.532725524902343750e+01 -1.513480544090270996e+00 -2.857073396444320679e-02 -1.222893521189689636e-01 8.885335922241210938e-01 4.412902295589447021e-01
-3.702758789062500000e+00 -1.507258796691894531e+01 -1.524075269699096680e+00 -2.504255250096321106e-02 -1.242943555116653442e-01 8.872749209403991699e-01 4.434716999530792236e-01
-3.350969076156616211e+00 -1.481448650360107422e+01 -1.534597754478454590e+00 -2.020383626222610474e-02 -1.270457953214645386e-01 8.860720396041870117e-01 4.453399181365966797e-01
-3.000207424163818359e+00 -1.455461406707763672e+01 -1.545060038566589355e+00 -1.398975029587745667e-02 -1.305856406688690186e-01 8.849090933799743652e-01 4.468640685081481934e-01
-2.651208400726318359e+00 -1.429199218750000000e+01 -1.555387258529663086e+00 -6.363462656736373901e-03 -1.349305212497711182e-01 8.837661743164062500e-01 4.480070769786834717e-01
-2.303300619125366211e+00 -1.402754878997802734e+01 -1.565569400787353516e+00 2.600725740194320679e-03 -1.400020867586135864e-01 8.826356530189514160e-01 4.487170577049255371e-01
-1.956115722656250000e+00 -1.376176261901855469e+01 -1.575659155845642090e+00 1.280019804835319519e-02 -1.456982046365737915e-01 8.815112709999084473e-01 4.489386677742004395e-01
-1.610778808593750000e+00 -1.349318790435791016e+01 -1.585404276847839355e+00 2.413099631667137146e-02 -1.519156396389007568e-01 8.803876042366027832e-01 4.486168026924133301e-01
-1.266313433647155762e+00 -1.322309494018554688e+01 -1.594923019409179688e+00 3.648925572633743286e-02 -1.585511267185211182e-01 8.792597651481628418e-01 4.476965665817260742e-01
-9.230371117591857910e-01 -1.295108890533447266e+01 -1.604132652282714844e+00 4.976925626397132874e-02 -1.655014008283615112e-01 8.781257271766662598e-01 4.461249411106109619e-01
-5.823144316673278809e-01 -1.267545890808105469e+01 -1.612511515617370605e+00 6.386479735374450684e-02 -1.726631224155426025e-01 8.769863247871398926e-01 4.438509345054626465e-01
-2.448413074016571045e-01 -1.239544391632080078e+01 -1.619650840759277344e+00 7.866775989532470703e-02 -1.799336969852447510e-01 8.758466839790344238e-01 4.408263266086578369e-01
8.307860791683197021e-02 -1.210395526885986328e+01 -1.621462345123291016e+00 9.407109767198562622e-02 -1.872105747461318970e-01 8.747164011001586914e-01 4.370058476924896240e-01
3.825073242187500000e-01 -1.178370094299316406e+01 -1.605463266372680664e+00 1.099653542041778564e-01 -1.943925619125366211e-01 8.736101984977722168e-01 4.323474764823913574e-01
6.331591606140136719e-01 -1.142651844024658203e+01 -1.559056401252746582e+00 1.262423098087310791e-01 -2.013793140649795532e-01 8.725482821464538574e-01 4.268123507499694824e-01
8.508349657058715820e-01 -1.105041027069091797e+01 -1.491627812385559082e+00 1.427924335002899170e-01 -2.080719470977783203e-01 8.715553879737854004e-01 4.203660190105438232e-01
1.059880375862121582e+00 -1.067031192779541016e+01 -1.416852116584777832e+00 1.595075726509094238e-01 -2.143726646900177002e-01 8.706618547439575195e-01 4.129765629768371582e-01
1.270932555198669434e+00 -1.029110813140869141e+01 -1.341207861900329590e+00 1.762797832489013672e-01 -2.201861292123794556e-01 8.699018955230712891e-01 4.046160876750946045e-01
1.482573151588439941e+00 -9.912006378173828125e+00 -1.264836430549621582e+00 1.930020302534103394e-01 -2.254172861576080322e-01 8.693148493766784668e-01 3.952580690383911133e-01
1.694006323814392090e+00 -9.532538414001464844e+00 -1.187765121459960938e+00 2.095676362514495850e-01 -2.299744635820388794e-01 8.689416646957397461e-01 3.848812580108642578e-01
1.904973149299621582e+00 -9.152583122253417969e+00 -1.110018849372863770e+00 2.258724570274353027e-01 -2.337661087512969971e-01 8.688268661499023438e-01 3.734636306762695312e-01
2.114968299865722656e+00 -8.771924018859863281e+00 -1.031296968460083008e+00 2.418125122785568237e-01 -2.367030084133148193e-01 8.690152764320373535e-01 3.609859049320220947e-01
2.323310613632202148e+00 -8.390258789062500000e+00 -9.513106942176818848e-01 2.572858035564422607e-01 -2.386969029903411865e-01 8.695518970489501953e-01 3.474296331405639648e-01
2.530055999755859375e+00 -8.007631301879882812e+00 -8.702358603477478027e-01 2.721911668777465820e-01 -2.396612763404846191e-01 8.704794645309448242e-01 3.327759802341461182e-01
2.734543323516845703e+00 -7.623784065246582031e+00 -7.876772880554199219e-01 2.864379286766052246e-01 -2.395357489585876465e-01 8.718178868293762207e-01 3.170322179794311523e-01
2.934501886367797852e+00 -7.237875938415527344e+00 -7.022991776466369629e-01 2.999694943428039551e-01 -2.383670359849929810e-01 8.735052943229675293e-01 3.003129661083221436e-01
3.129069805145263672e+00 -6.849697113037109375e+00 -6.137133836746215820e-01 3.127399682998657227e-01 -2.362302690744400024e-01 8.754621744155883789e-01 2.827628850936889648e-01
3.314985275268554688e+00 -6.454799652099609375e+00 -5.186050534248352051e-01 3.247056305408477783e-01 -2.332025319337844849e-01 8.776144981384277344e-01 2.645289897918701172e-01
3.475544452667236328e+00 -6.046103477478027344e+00 -4.189900159835815430e-01 3.358256816864013672e-01 -2.293636649847030640e-01 8.798947334289550781e-01 2.457614690065383911e-01
3.554797172546386719e+00 -5.606801509857177734e+00 -3.416284024715423584e-01 3.425874114036560059e-01 -2.244319468736648560e-01 8.837803602218627930e-01 2.262660712003707886e-01
3.535763978958129883e+00 -5.149540901184082031e+00 -3.167210221290588379e-01 3.477801680564880371e-01 -2.163733839988708496e-01 8.888632059097290039e-01 2.053135335445404053e-01
3.453557014465332031e+00 -4.694081783294677734e+00 -3.438877761363983154e-01 3.527859747409820557e-01 -2.081117928028106689e-01 8.934577703475952148e-01 1.842951178550720215e-01
3.355639457702636719e+00 -4.239985466003417969e+00 -3.938584923744201660e-01 3.575264215469360352e-01 -1.998582780361175537e-01 8.974987864494323730e-01 1.634849905967712402e-01
3.253825664520263672e+00 -3.784780263900756836e+00 -4.562284648418426514e-01 3.619620800018310547e-01 -1.917078495025634766e-01 9.009718298912048340e-01 1.431117653846740723e-01
3.154689788818359375e+00 -3.327026367187500000e+00 -5.280922055244445801e-01 3.660624325275421143e-01 -1.837573349475860596e-01 9.038824439048767090e-01 1.234015226364135742e-01
3.056056976318359375e+00 -2.866191387176513672e+00 -6.025497317314147949e-01 3.698054254055023193e-01 -1.761033833026885986e-01 9.062536358833312988e-01 1.045738756656646729e-01
2.960920333862304688e+00 -2.415444374084472656e+00 -6.778332591056823730e-01 3.731774687767028809e-01 -1.688402146100997925e-01 9.081248044967651367e-01 8.683706820011138916e-02
2.869101524353027344e+00 -1.974580049514770508e+00 -7.524355649948120117e-01 3.761719763278961182e-01 -1.620589047670364380e-01 9.095476269721984863e-01 7.038788497447967529e-02
2.780231952667236328e+00 -1.543598651885986328e+00 -8.259856700897216797e-01 -3.787884414196014404e-01 1.558453738689422607e-01 -9.105829596519470215e-01 -5.540769919753074646e-02
2.694506883621215820e+00 -1.122319340705871582e+00 -8.977685570716857910e-01 -3.810306489467620850e-01 1.502802222967147827e-01 -9.112969636917114258e-01 -4.206363856792449951e-02
2.611830949783325195e+00 -7.107519507408142090e-01 -9.678039550781250000e-01 -3.829052150249481201e-01 1.454375088214874268e-01 -9.117568731307983398e-01 -3.050705790519714355e-02
2.531904220581054688e+00 -3.088720738887786865e-01 -1.035785555839538574e+00 -3.844200968742370605e-01 1.413847059011459351e-01 -9.120282530784606934e-01 -2.087428793311119080e-02
2.455493211746215820e+00 8.360351622104644775e-02 -1.100945711135864258e+00 -3.855826556682586670e-01 1.381827145814895630e-01 -9.121703505516052246e-01 -1.328853517770767212e-02
2.381486654281616211e+00 4.662841558456420898e-01 -1.164495229721069336e+00 -3.863983750343322754e-01 1.358850002288818359e-01 -9.122332334518432617e-01 -7.858391851186752319e-03
2.310165882110595703e+00 8.400195240974426270e-01 -1.224385023117065430e+00 -3.817953169345855713e-01 1.315754801034927368e-01 -9.148311018943786621e-01 -2.058956772089004517e-03
2.241403818130493164e+00 1.204121112823486328e+00 -1.282224416732788086e+00 -3.762818872928619385e-01 1.278921067714691162e-01 -9.176339507102966309e-01 1.900155097246170044e-03
2.175395488739013672e+00 1.558754801750183105e+00 -1.337285757064819336e+00 -3.699350953102111816e-01 1.247697621583938599e-01 -9.206318855285644531e-01 4.166964441537857056e-03
2.112900257110595703e+00 1.904370069503784180e+00 -1.387637019157409668e+00 -3.628275990486145020e-01 1.221403852105140686e-01 -9.238041043281555176e-01 4.890393465757369995e-03
2.052502393722534180e+00 2.240209817886352539e+00 -1.436608910560607910e+00 -3.550286293029785156e-01 1.199357956647872925e-01 -9.271203875541687012e-01 4.218719899654388428e-03
1.995974063873291016e+00 2.567285060882568359e+00 -1.479116201400756836e+00 -3.466046452522277832e-01 1.180858835577964783e-01 -9.305457472801208496e-01 2.301137894392013550e-03
1.942036032676696777e+00 2.884907245635986328e+00 -1.518640160560607910e+00 -3.376222848892211914e-01 1.165212094783782959e-01 -9.340415000915527344e-01 -7.131733000278472900e-04
1.891101002693176270e+00 3.193251848220825195e+00 -1.553649544715881348e+00 -3.281466662883758545e-01 1.151714548468589783e-01 -9.375677704811096191e-01 -4.675343632698059082e-03
1.844477534294128418e+00 3.492959022521972656e+00 -1.580068588256835938e+00 -3.182449042797088623e-01 1.139665320515632629e-01 -9.410860538482666016e-01 -9.435385465621948242e-03
1.800002455711364746e+00 3.782968759536743164e+00 -1.604339003562927246e+00 -3.079848289489746094e-01 1.128375530242919922e-01 -9.445595145225524902e-01 -1.484419032931327820e-02
1.760566353797912598e+00 4.064281940460205078e+00 -1.617571353912353516e+00 -2.974357604980468750e-01 1.117151379585266113e-01 -9.479562640190124512e-01 -2.075122855603694916e-02
1.723286151885986328e+00 4.335830211639404297e+00 -1.628380417823791504e+00 -2.866701781749725342e-01 1.105314046144485474e-01 -9.512484073638916016e-01 -2.700727060437202454e-02
1.690729975700378418e+00 4.598134517669677734e+00 -1.628809213638305664e+00 2.757612764835357666e-01 -1.092194467782974243e-01 9.544146060943603516e-01 3.346255794167518616e-02
1.661191344261169434e+00 4.850581169128417969e+00 -1.623880267143249512e+00 2.647860944271087646e-01 -1.077125072479248047e-01 9.574387669563293457e-01 3.996729850769042969e-02
1.634907245635986328e+00 5.093198299407958984e+00 -1.612736463546752930e+00 2.538224756717681885e-01 -1.059461310505867004e-01 9.603120684623718262e-01 4.637300595641136169e-02
1.612717270851135254e+00 5.325502872467041016e+00 -1.592136502265930176e+00 2.429509162902832031e-01 -1.038561761379241943e-01 9.630313515663146973e-01 5.253120511770248413e-02
1.592697739601135254e+00 5.547504901885986328e+00 -1.567446231842041016e+00 2.322531193494796753e-01 -1.013792082667350769e-01 9.655994772911071777e-01 5.829437449574470520e-02
1.573627948760986328e+00 5.759345531463623047e+00 -1.541254878044128418e+00 2.218122035264968872e-01 -9.845344722270965576e-02 9.680247306823730469e-01 6.351590901613235474e-02
1.552749037742614746e+00 5.961489200592041016e+00 -1.520360708236694336e+00 2.117116451263427734e-01 -9.501704573631286621e-02 9.703190922737121582e-01 6.804982572793960571e-02
1.526411056518554688e+00 6.153803348541259766e+00 -1.514828205108642578e+00 2.020354717969894409e-01 -9.100909531116485596e-02 9.724972248077392578e-01 7.175103574991226196e-02
1.494636178016662598e+00 6.335058689117431641e+00 -1.527116417884826660e+00 1.928468495607376099e-01 -8.638748526573181152e-02 9.745737910270690918e-01 7.452010363340377808e-02
1.460361242294311523e+00 6.504428386688232422e+00 -1.552565932273864746e+00 1.841281056404113770e-01 -8.118651807308197021e-02 9.765567183494567871e-01 7.643529772758483887e-02
1.426132798194885254e+00 6.662138462066650391e+00 -1.586382985115051270e+00 1.758398860692977905e-01 -7.545848935842514038e-02 9.784485101699829102e-01 7.761988043785095215e-02
1.393779277801513672e+00 6.808916091918945312e+00 -1.624438405036926270e+00 1.679419428110122681e-01 -6.925604492425918579e-02 9.802470803260803223e-01 7.819690555334091187e-02
1.364328622817993164e+00 6.945522308349609375e+00 -1.663684010505676270e+00 1.603936851024627686e-01 -6.263065338134765625e-02 9.819480776786804199e-01 7.828860729932785034e-02
1.338652372360229492e+00 7.072558403015136719e+00 -1.702268004417419434e+00 1.531534492969512939e-01 -5.563497543334960938e-02 9.835454225540161133e-01 7.801824808120727539e-02
1.317446231842041016e+00 7.190659046173095703e+00 -1.738110661506652832e+00 1.461805999279022217e-01 -4.832038283348083496e-02 9.850324392318725586e-01 7.750809937715530396e-02
1.299414038658142090e+00 7.299657821655273438e+00 -1.770808100700378418e+00 1.394330859184265137e-01 -4.073952510952949524e-02 9.864015579223632812e-01 7.688064128160476685e-02
1.285759210586547852e+00 7.399950981140136719e+00 -1.799477815628051758e+00 1.328700482845306396e-01 -3.294384479522705078e-02 9.876461029052734375e-01 7.625813782215118408e-02
1.274780273437500000e+00 7.491030216217041016e+00 -1.824591636657714844e+00 1.264498829841613770e-01 -2.498556673526763916e-02 9.887598156929016113e-01 7.576359808444976807e-02
1.267397403717041016e+00 7.573163986206054688e+00 -1.845461368560791016e+00 1.201316416263580322e-01 -1.691698655486106873e-02 9.897368550300598145e-01 7.551853358745574951e-02
1.260964274406433105e+00 7.645551681518554688e+00 -1.864113092422485352e+00 1.138744279742240906e-01 -8.790035732090473175e-03 9.905720949172973633e-01 7.564517110586166382e-02
1.257773399353027344e+00 7.708315372467041016e+00 -1.880557179450988770e+00 1.076375320553779602e-01 -6.568357348442077637e-04 9.912605285644531250e-01 7.626549899578094482e-02
1.255578637123107910e+00 7.761322975158691406e+00 -1.894757390022277832e+00 1.013793423771858215e-01 7.430772297084331512e-03 9.917967319488525391e-01 7.750068604946136475e-02
1.254013657569885254e+00 7.804526329040527344e+00 -1.906694293022155762e+00 9.505980461835861206e-02 1.542093232274055481e-02 9.921743869781494141e-01 7.947190105915069580e-02
1.252365708351135254e+00 7.855136394500732422e+00 -1.920332551002502441e+00 8.863704651594161987e-02 2.326215617358684540e-02 9.923856258392333984e-01 8.229942619800567627e-02
1.253054141998291016e+00 7.912729263305664062e+00 -1.937469720840454102e+00 8.206967264413833618e-02 3.090310096740722656e-02 9.924190640449523926e-01 8.610339462757110596e-02
1.254050254821777344e+00 7.977651119232177734e+00 -1.956525206565856934e+00 7.531584054231643677e-02 3.829275444149971008e-02 9.922599196434020996e-01 9.100259095430374146e-02
1.255361318588256836e+00 8.049897193908691406e+00 -1.977463603019714355e+00 6.833254545927047729e-02 4.538048803806304932e-02 9.918870925903320312e-01 9.711456298828125000e-02
1.259938955307006836e+00 8.128125190734863281e+00 -2.004519701004028320e+00 6.107651814818382263e-02 5.211597681045532227e-02 9.912727475166320801e-01 1.045563519001007080e-01
1.265568852424621582e+00 8.213339805603027344e+00 -2.034425258636474609e+00 5.351558327674865723e-02 5.845995619893074036e-02 9.903822541236877441e-01 1.134077757596969604e-01
1.273637652397155762e+00 8.304155349731445312e+00 -2.070342779159545898e+00 4.566523432731628418e-02 6.441590934991836548e-02 9.891843795776367188e-01 1.236110702157020569e-01
1.284697294235229492e+00 8.400068283081054688e+00 -2.113482236862182617e+00 3.755509480834007263e-02 6.999747455120086670e-02 9.876463413238525391e-01 1.350721865892410278e-01
1.298259258270263672e+00 8.500522613525390625e+00 -2.163792371749877930e+00 2.921410650014877319e-02 7.521829754114151001e-02 9.857355952262878418e-01 1.476958245038986206e-01
1.315617680549621582e+00 8.603583335876464844e+00 -2.224789381027221680e+00 2.067179232835769653e-02 8.009183406829833984e-02 9.834187626838684082e-01 1.613861173391342163e-01
1.336196303367614746e+00 8.708203315734863281e+00 -2.296194314956665039e+00 1.195886917412281036e-02 8.463143557310104370e-02 9.806643724441528320e-01 1.760449856519699097e-01
1.360317349433898926e+00 8.813559532165527344e+00 -2.379148483276367188e+00 3.106108866631984711e-03 8.885070681571960449e-02 9.774430990219116211e-01 1.915743649005889893e-01
1.388469219207763672e+00 8.914804458618164062e+00 -2.476999521255493164e+00 -5.854913964867591858e-03 9.276335686445236206e-02 9.737293720245361328e-01 2.078747451305389404e-01
1.419252872467041016e+00 9.016875267028808594e+00 -2.584556818008422852e+00 -1.489204913377761841e-02 9.638337045907974243e-02 9.695013165473937988e-01 2.248460501432418823e-01
1.454326152801513672e+00 9.107192039489746094e+00 -2.710739374160766602e+00 -2.397256344556808472e-02 9.972507506608963013e-02 9.647425413131713867e-01 2.423882037401199341e-01
1.491469740867614746e+00 9.198559761047363281e+00 -2.844959974288940430e+00 -3.306356072425842285e-02 1.028033271431922913e-01 9.594423770904541016e-01 2.604006826877593994e-01
1.531899333000183105e+00 9.283398628234863281e+00 -2.991719484329223633e+00 -4.213173687458038330e-02 1.056333929300308228e-01 9.535965323448181152e-01 2.787835299968719482e-01
1.574597120285034180e+00 9.368783950805664062e+00 -3.146328687667846680e+00 -5.114366859197616577e-02 1.082311645150184631e-01 9.472070336341857910e-01 2.974376380443572998e-01
1.619924306869506836e+00 9.452959060668945312e+00 -3.309686183929443359e+00 -6.006586551666259766e-02 1.106129735708236694e-01 9.402835965156555176e-01 3.162648379802703857e-01
1.667946696281433105e+00 9.538510322570800781e+00 -3.480244636535644531e+00 -6.886501610279083252e-02 1.127960011363029480e-01 9.328430891036987305e-01 3.351692259311676025e-01
1.718151807785034180e+00 9.626294136047363281e+00 -3.657697677612304688e+00 -7.750806957483291626e-02 1.147978305816650391e-01 9.249096512794494629e-01 3.540565073490142822e-01
1.771740674972534180e+00 9.719169616699218750e+00 -3.840245246887207031e+00 -8.596259355545043945e-02 1.166368424892425537e-01 9.165154099464416504e-01 3.728348016738891602e-01
1.827773451805114746e+00 9.818168640136718750e+00 -4.027526378631591797e+00 -9.419665485620498657e-02 1.183319836854934692e-01 9.076995253562927246e-01 3.914154767990112305e-01
1.886723637580871582e+00 9.925185203552246094e+00 -4.218377590179443359e+00 -1.021790951490402222e-01 1.199026852846145630e-01 8.985090851783752441e-01 4.097122848033905029e-01
1.949311494827270508e+00 1.004787063598632812e+01 -4.407478332519531250e+00 -1.098794043064117432e-01 1.213692352175712585e-01 8.889970779418945312e-01 4.276449382305145264e-01
2.014919281005859375e+00 1.018675231933593750e+01 -4.593237876892089844e+00 -1.172755211591720581e-01 1.227490752935409546e-01 8.792229294776916504e-01 4.451361000537872314e-01
2.083561897277832031e+00 1.034747982025146484e+01 -4.769441604614257812e+00 -1.243738159537315369e-01 1.240478456020355225e-01 8.692440390586853027e-01 4.621233940124511719e-01
2.154421329498291016e+00 1.053703594207763672e+01 -4.925829410552978516e+00 -1.311891078948974609e-01 1.252687573432922363e-01 8.591206073760986328e-01 4.785487353801727295e-01
2.224204063415527344e+00 1.075620555877685547e+01 -5.054340839385986328e+00 -1.377369016408920288e-01 1.264155358076095581e-01 8.489158749580383301e-01 4.943575859069824219e-01
2.288400888442993164e+00 1.100241661071777344e+01 -5.147625446319580078e+00 -1.440337151288986206e-01 1.274925470352172852e-01 8.386963009834289551e-01 5.094981789588928223e-01
2.344829082489013672e+00 1.126776790618896484e+01 -5.210035324096679688e+00 -1.500971764326095581e-01 1.285046935081481934e-01 8.285307288169860840e-01 5.239218473434448242e-01
2.392939329147338867e+00 1.154719257354736328e+01 -5.247188568115234375e+00 -1.559454947710037231e-01 1.294574290513992310e-01 8.184902071952819824e-01 5.375829935073852539e-01
2.433337450027465820e+00 1.183766555786132812e+01 -5.265041351318359375e+00 -1.615978181362152100e-01 1.303565502166748047e-01 8.086475133895874023e-01 5.504384636878967285e-01
2.467106819152832031e+00 1.213758754730224609e+01 -5.268413066864013672e+00 -1.670741140842437744e-01 1.312083303928375244e-01 7.990763783454895020e-01 5.624479055404663086e-01
2.492499828338623047e+00 1.244611835479736328e+01 -5.256978034973144531e+00 -1.723945736885070801e-01 1.320191323757171631e-01 7.898514270782470703e-01 5.735726952552795410e-01
2.511403799057006836e+00 1.276247501373291016e+01 -5.236620903015136719e+00 -1.775805056095123291e-01 1.327959597110748291e-01 7.810473442077636719e-01 5.837769508361816406e-01
2.526596546173095703e+00 1.308665943145751953e+01 -5.211201190948486328e+00 -1.826529204845428467e-01 1.335454434156417847e-01 7.727384567260742188e-01 5.930250883102416992e-01
2.534125804901123047e+00 1.341841793060302734e+01 -5.178172588348388672e+00 -1.876337677240371704e-01 1.342747211456298828e-01 7.649984955787658691e-01 6.012828946113586426e-01
2.539182186126708984e+00 1.375786590576171875e+01 -5.142138481140136719e+00 -1.925448775291442871e-01 1.349903792142868042e-01 7.578995227813720703e-01 6.085164546966552734e-01
2.540539503097534180e+00 1.410493087768554688e+01 -5.101946830749511719e+00 -1.974080801010131836e-01 1.356992721557617188e-01 7.515119910240173340e-01 6.146913766860961914e-01
2.539040565490722656e+00 1.445959949493408203e+01 -5.058214187622070312e+00 -2.022451907396316528e-01 1.364077329635620117e-01 7.459036111831665039e-01 6.197722554206848145e-01
2.535761594772338867e+00 1.482202148437500000e+01 -5.012007236480712891e+00 -2.070777714252471924e-01 1.371218264102935791e-01 7.411389350891113281e-01 6.237224936485290527e-01
2.529672861099243164e+00 1.519199657440185547e+01 -4.962004184722900391e+00 -2.119272798299789429e-01 1.378468573093414307e-01 7.372788190841674805e-01 6.265022158622741699e-01
2.522685527801513672e+00 1.556982421875000000e+01 -4.910263061523437500e+00 -2.168140262365341187e-01 1.385877430438995361e-01 7.343800663948059082e-01 6.280692815780639648e-01
2.513576507568359375e+00 1.595524406433105469e+01 -4.855018138885498047e+00 -2.217582017183303833e-01 1.393485665321350098e-01 7.324938178062438965e-01 6.283772587776184082e-01
2.503854990005493164e+00 1.634448242187500000e+01 -4.798311710357666016e+00 -2.235892117023468018e-01 1.372679173946380615e-01 7.323750257492065430e-01 6.283248662948608398e-01
2.493344783782958984e+00 1.673751449584960938e+01 -4.739820957183837891e+00 -2.253618687391281128e-01 1.351498961448669434e-01 7.332037687301635742e-01 6.271832585334777832e-01
2.482646465301513672e+00 1.713424301147460938e+01 -4.679215431213378906e+00 -2.270323038101196289e-01 1.330431401729583740e-01 7.348482608795166016e-01 6.251029968261718750e-01
2.472343683242797852e+00 1.753472709655761719e+01 -4.617167472839355469e+00 -2.285623550415039062e-01 1.309956014156341553e-01 7.371739149093627930e-01 6.222331523895263672e-01
2.463188409805297852e+00 1.793889045715332031e+01 -4.553437232971191406e+00 -2.299212068319320679e-01 1.290535032749176025e-01 7.400440573692321777e-01 6.187214255332946777e-01
2.457255840301513672e+00 1.834668922424316406e+01 -4.487887382507324219e+00 -2.310864478349685669e-01 1.272593885660171509e-01 7.433207035064697266e-01 6.147181391716003418e-01
2.454887628555297852e+00 1.875818824768066406e+01 -4.421398639678955078e+00 -2.320431619882583618e-01 1.256519705057144165e-01 7.468649148941040039e-01 6.103771924972534180e-01
2.455082893371582031e+00 1.917370796203613281e+01 -4.356530666351318359e+00 -2.327838093042373657e-01 1.242652535438537598e-01 7.505372762680053711e-01 6.058577895164489746e-01
2.453010082244873047e+00 1.959421157836914062e+01 -4.300803661346435547e+00 -2.333075404167175293e-01 1.231277137994766235e-01 7.541989088058471680e-01 6.013244986534118652e-01
2.437099456787109375e+00 2.002018737792968750e+01 -4.265701770782470703e+00 -2.336172014474868774e-01 1.222643554210662842e-01 7.577116489410400391e-01 5.969484448432922363e-01
2.401040077209472656e+00 2.044985771179199219e+01 -4.252808094024658203e+00 -2.337184101343154907e-01 1.216964423656463623e-01 7.609390020370483398e-01 5.929059982299804688e-01
2.354672908782958984e+00 2.088235855102539062e+01 -4.252390861511230469e+00 -2.336158603429794312e-01 1.214444935321807861e-01 7.637468576431274414e-01 5.893774628639221191e-01
2.307206869125366211e+00 2.131820106506347656e+01 -4.258374691009521484e+00 -2.333105802536010742e-01 1.215307787060737610e-01 7.660033702850341797e-01 5.865451097488403320e-01
2.264118671417236328e+00 2.175788307189941406e+01 -4.266542434692382812e+00 -2.327964752912521362e-01 1.219828724861145020e-01 7.675793766975402832e-01 5.845920443534851074e-01
2.232468128204345703e+00 2.220189476013183594e+01 -4.274026870727539062e+00 -2.320562303066253662e-01 1.228379309177398682e-01 7.683473229408264160e-01 5.836978554725646973e-01
2.216796875000000000e+00 2.264997100830078125e+01 -4.278131484985351562e+00 -2.268491536378860474e-01 1.207804679870605469e-01 7.691542506217956543e-01 5.851095914840698242e-01
2.220720052719116211e+00 2.310147857666015625e+01 -4.276313781738281250e+00 -2.162982523441314697e-01 1.151960939168930054e-01 7.699894905090332031e-01 5.891190171241760254e-01
2.237473011016845703e+00 2.355583000183105469e+01 -4.268365383148193359e+00 -2.036951929330825806e-01 1.087740287184715271e-01 7.698655724525451660e-01 5.949652194976806641e-01
2.262275457382202148e+00 2.401275634765625000e+01 -4.252604961395263672e+00 -1.888916045427322388e-01 1.014495864510536194e-01 7.685763239860534668e-01 6.027590632438659668e-01
2.286313533782958984e+00 2.447229385375976562e+01 -4.226109504699707031e+00 -1.717331856489181519e-01 9.315377473831176758e-02 7.658817172050476074e-01 6.125807166099548340e-01
2.297219276428222656e+00 2.493446731567382812e+01 -4.187509536743164062e+00 -1.521353870630264282e-01 8.383280038833618164e-02 7.615375518798828125e-01 6.244097352027893066e-01
2.292319297790527344e+00 2.540008163452148438e+01 -4.152962684631347656e+00 -1.303153783082962036e-01 7.350516319274902344e-02 7.554100751876831055e-01 6.379424333572387695e-01
2.274958372116088867e+00 2.586964225769042969e+01 -4.151665687561035156e+00 -1.065750569105148315e-01 6.221370026469230652e-02 7.474052906036376953e-01 6.528066396713256836e-01
2.251801729202270508e+00 2.633816337585449219e+01 -4.214248657226562500e+00 -8.122985810041427612e-02 5.000754445791244507e-02 7.374481558799743652e-01 6.686338782310485840e-01
2.221953153610229492e+00 2.680546569824218750e+01 -4.305713176727294922e+00 -5.460914224386215210e-02 3.694321587681770325e-02 7.254911065101623535e-01 6.850663423538208008e-01
2.177897930145263672e+00 2.727966499328613281e+01 -4.365662097930908203e+00 -2.705485001206398010e-02 2.308626659214496613e-02 7.115212082862854004e-01 7.017640471458435059e-01
2.115485906600952148e+00 2.775772666931152344e+01 -4.346237659454345703e+00 1.078772358596324921e-03 8.508891798555850983e-03 6.955657005310058594e-01 7.184112668037414551e-01
2.025414943695068359e+00 2.822655677795410156e+01 -4.251964569091796875e+00 2.942987717688083649e-02 -6.708670407533645630e-03 6.776955127716064453e-01 7.347229123115539551e-01
1.876996994018554688e+00 2.868098640441894531e+01 -4.143901348114013672e+00 5.763150751590728760e-02 -2.248042076826095581e-02 6.580258607864379883e-01 7.504500150680541992e-01
1.610158681869506836e+00 2.908183860778808594e+01 -4.116626262664794922e+00 8.531714975833892822e-02 -3.871662914752960205e-02 6.367176175117492676e-01 7.653839588165283203e-01
1.206542968750000000e+00 2.929216003417968750e+01 -4.282649993896484375e+00 1.121239066123962402e-01 -5.532432347536087036e-02 6.139744520187377930e-01 7.793604135513305664e-01
7.759594321250915527e-01 2.936384963989257812e+01 -4.505524635314941406e+00 1.376982331275939941e-01 -7.221122086048126221e-02 5.900391340255737305e-01 7.922617197036743164e-01
3.208642601966857910e-01 2.941034126281738281e+01 -4.671724796295166016e+00 1.616992205381393433e-01 -8.928695321083068848e-02 5.651894211769104004e-01 8.040162920951843262e-01
-1.528906226158142090e-01 2.949683761596679688e+01 -4.690284252166748047e+00 1.838013231754302979e-01 -1.064652055501937866e-01 5.397312045097351074e-01 8.145996332168579102e-01
-6.105737090110778809e-01 2.960509490966796875e+01 -4.592906475067138672e+00 2.036971598863601685e-01 -1.236663162708282471e-01 5.139922499656677246e-01 8.240303993225097656e-01
-1.057949185371398926e+00 2.970947837829589844e+01 -4.460689067840576172e+00 2.210980951786041260e-01 -1.408193111419677734e-01 4.883152544498443604e-01 8.323664069175720215e-01
-1.497727036476135254e+00 2.981374168395996094e+01 -4.313490390777587891e+00 2.357334196567535400e-01 -1.578623354434967041e-01 4.630499482154846191e-01 8.396986722946166992e-01
-1.909177184104919434e+00 2.994366645812988281e+01 -4.123892307281494141e+00 2.473484426736831665e-01 -1.747452020645141602e-01 4.385443925857543945e-01 8.461452722549438477e-01
-2.200290441513061523e+00 3.014051437377929688e+01 -3.823556423187255859e+00 2.557010054588317871e-01 -1.914286017417907715e-01 4.151390790939331055e-01 8.518401980400085449e-01
-2.330578565597534180e+00 3.027182579040527344e+01 -3.408519744873046875e+00 2.605568170547485352e-01 -2.078848183155059814e-01 3.931589126586914062e-01 8.569247722625732422e-01
-2.380542039871215820e+00 2.984950828552246094e+01 -3.424260854721069336e+00 2.585809528827667236e-01 -2.254705131053924561e-01 3.720206022262573242e-01 8.624961376190185547e-01
-2.376584529876708984e+00 2.951118850708007812e+01 -3.728661298751831055e+00 2.563038468360900879e-01 -2.413367182016372681e-01 3.533259630203247070e-01 8.667327165603637695e-01
-2.202951669692993164e+00 2.930236434936523438e+01 -4.088649272918701172e+00 2.539989948272705078e-01 -2.556596398353576660e-01 3.371628522872924805e-01 8.697378039360046387e-01
-1.899472594261169434e+00 2.907879829406738281e+01 -4.338735103607177734e+00 2.460240870714187622e-01 -2.707393467426300049e-01 3.217556774616241455e-01 8.732958436012268066e-01
-1.564765572547912598e+00 2.884409904479980469e+01 -4.526237010955810547e+00 2.352645397186279297e-01 -2.854340970516204834e-01 3.077211081981658936e-01 8.766331672668457031e-01
-1.221501469612121582e+00 2.860412979125976562e+01 -4.680066585540771484e+00 2.222160398960113525e-01 -2.995919287204742432e-01 2.950185537338256836e-01 8.796753883361816406e-01
-8.805615305900573730e-01 2.835581398010253906e+01 -4.814011573791503906e+00 2.071545571088790894e-01 -3.131427466869354248e-01 2.835384309291839600e-01 8.824027776718139648e-01
-5.471386313438415527e-01 2.809768676757812500e+01 -4.935603141784667969e+00 1.903557181358337402e-01 -3.260163962841033936e-01 2.731691300868988037e-01 8.847918510437011719e-01
-2.254956066608428955e-01 2.782580184936523438e+01 -5.045917034149169922e+00 1.720959991216659546e-01 -3.381442427635192871e-01 2.637991011142730713e-01 8.868209719657897949e-01
7.954833656549453735e-02 2.753766059875488281e+01 -5.146591186523437500e+00 1.526536941528320312e-01 -3.494600951671600342e-01 2.553189396858215332e-01 8.884743452072143555e-01
3.750976622104644775e-01 2.724351310729980469e+01 -5.242430210113525391e+00 1.323086321353912354e-01 -3.599010407924652100e-01 2.476227879524230957e-01 8.897464275360107422e-01
6.452758908271789551e-01 2.692737579345703125e+01 -5.327624320983886719e+00 1.106090992689132690e-01 -3.665565848350524902e-01 2.408801317214965820e-01 8.918400406837463379e-01
9.085937142372131348e-01 2.661000823974609375e+01 -5.410037517547607422e+00 8.853472769260406494e-02 -3.724342286586761475e-01 2.348655164241790771e-01 8.934720754623413086e-01
1.156962871551513672e+00 2.628385162353515625e+01 -5.486369609832763672e+00 6.658631563186645508e-02 -3.782336115837097168e-01 2.293618321418762207e-01 8.943705558776855469e-01
1.400070786476135254e+00 2.595819091796875000e+01 -5.560787677764892578e+00 4.509311169385910034e-02 -3.839053511619567871e-01 2.242013216018676758e-01 8.946043252944946289e-01
1.633540034294128418e+00 2.562928009033203125e+01 -5.631574630737304688e+00 2.437838912010192871e-02 -3.893746137619018555e-01 2.192276567220687866e-01 8.942775130271911621e-01
1.853288531303405762e+00 2.529592895507812500e+01 -5.698908329010009766e+00 4.749894142150878906e-03 -3.945450484752655029e-01 2.143046706914901733e-01 8.935239315032958984e-01
2.025078058242797852e+00 2.493588829040527344e+01 -5.753899574279785156e+00 -1.350466161966323853e-02 -3.993055820465087891e-01 2.093239724636077881e-01 8.924998641014099121e-01
2.195397853851318359e+00 2.457921600341796875e+01 -5.808789730072021484e+00 -3.012228012084960938e-02 -4.035392999649047852e-01 2.042070329189300537e-01 8.913743495941162109e-01
2.283620595932006836e+00 2.419578361511230469e+01 -5.842969417572021484e+00 -4.486280679702758789e-02 -4.071311950683593750e-01 1.989042758941650391e-01 8.903192877769470215e-01
2.363903760910034180e+00 2.381248664855957031e+01 -5.876886367797851562e+00 -4.593174904584884644e-02 -4.038594663143157959e-01 2.003363072872161865e-01 8.914332389831542969e-01
2.439738750457763672e+00 2.343202781677246094e+01 -5.909526348114013672e+00 -4.772572964429855347e-02 -4.001332223415374756e-01 2.005953639745712280e-01 8.929597139358520508e-01
2.479348182678222656e+00 2.304881095886230469e+01 -5.932123661041259766e+00 -5.014643818140029907e-02 -3.960116505622863770e-01 1.997841596603393555e-01 8.948442339897155762e-01
2.518339872360229492e+00 2.266911888122558594e+01 -5.954490184783935547e+00 -5.309900641441345215e-02 -3.915376961231231689e-01 1.980141848325729370e-01 8.970335125923156738e-01
2.556743144989013672e+00 2.229296302795410156e+01 -5.976628780364990234e+00 -5.649285763502120972e-02 -3.867439329624176025e-01 1.954011619091033936e-01 8.994753956794738770e-01
2.588754892349243164e+00 2.191966247558593750e+01 -5.996075153350830078e+00 -6.024289131164550781e-02 -3.816558718681335449e-01 1.920616924762725830e-01 9.021207690238952637e-01
2.619958400726318359e+00 2.154989242553710938e+01 -6.015176296234130859e+00 -6.426961719989776611e-02 -3.762951195240020752e-01 1.881108134984970093e-01 9.049230217933654785e-01
2.650725126266479492e+00 2.118371009826660156e+01 -6.034082412719726562e+00 -6.849943846464157104e-02 -3.706818222999572754e-01 1.836601942777633667e-01 9.078390002250671387e-01
2.674467802047729492e+00 2.082049942016601562e+01 -6.049993991851806641e+00 -7.286408543586730957e-02 -3.648386895656585693e-01 1.788159161806106567e-01 9.108284115791320801e-01
2.695378303527832031e+00 2.046066665649414062e+01 -6.064675331115722656e+00 -7.730130106210708618e-02 -3.587897717952728271e-01 1.736786663532257080e-01 9.138544797897338867e-01
2.716022968292236328e+00 2.010445594787597656e+01 -6.079203128814697266e+00 -8.175399154424667358e-02 -3.525649905204772949e-01 1.683414429426193237e-01 9.168835282325744629e-01
2.731293916702270508e+00 1.975157356262207031e+01 -6.091407299041748047e+00 -8.617068082094192505e-02 -3.461984097957611084e-01 1.628901362419128418e-01 9.198847413063049316e-01
2.739487171173095703e+00 1.940192413330078125e+01 -6.100559711456298828e+00 -9.050510078668594360e-02 -3.397309184074401855e-01 1.574024856090545654e-01 9.228305220603942871e-01
2.747602462768554688e+00 1.905591964721679688e+01 -6.109619617462158203e+00 -9.471636265516281128e-02 -3.332086801528930664e-01 1.519481241703033447e-01 9.256956577301025391e-01
2.755251407623291016e+00 1.871355438232421875e+01 -6.118358612060546875e+00 -9.876859188079833984e-02 -3.266843855381011963e-01 1.465883702039718628e-01 9.284577965736389160e-01
2.754946231842041016e+00 1.837462425231933594e+01 -6.122511863708496094e+00 -1.026307865977287292e-01 -3.202164173126220703e-01 1.413769423961639404e-01 9.310965538024902344e-01
2.754692316055297852e+00 1.803934478759765625e+01 -6.126629352569580078e+00 -1.062766909599304199e-01 -3.138676583766937256e-01 1.363602578639984131e-01 9.335942268371582031e-01
2.754494667053222656e+00 1.770771980285644531e+01 -6.130715847015380859e+00 -1.096840649843215942e-01 -3.077066242694854736e-01 1.315775960683822632e-01 9.359344840049743652e-01
2.750866651535034180e+00 1.737973594665527344e+01 -6.131529331207275391e+00 -1.128343492746353149e-01 -3.018053770065307617e-01 1.270626187324523926e-01 9.381029009819030762e-01
2.745588302612304688e+00 1.704622077941894531e+01 -6.130821228027343750e+00 -1.157121360301971436e-01 -2.962393760681152344e-01 1.228438019752502441e-01 9.400862455368041992e-01
2.740756750106811523e+00 1.670706939697265625e+01 -6.130735397338867188e+00 -1.154576689004898071e-01 -2.907148897647857666e-01 1.198200136423110962e-01 9.422301054000854492e-01
2.734621524810791016e+00 1.636243629455566406e+01 -6.127367496490478516e+00 -1.155076622962951660e-01 -2.857151627540588379e-01 1.168946772813796997e-01 9.441188573837280273e-01
2.727363109588623047e+00 1.601232910156250000e+01 -6.121185302734375000e+00 -1.158241927623748779e-01 -2.812432944774627686e-01 1.140849664807319641e-01 9.457650780677795410e-01
2.719992637634277344e+00 1.565670394897460938e+01 -6.114824771881103516e+00 -1.163683086633682251e-01 -2.773025333881378174e-01 1.114078462123870850e-01 9.471800327301025391e-01
2.714389562606811523e+00 1.529572200775146484e+01 -6.101333618164062500e+00 -1.171020418405532837e-01 -2.738959193229675293e-01 1.088797152042388916e-01 9.483740329742431641e-01
2.708998918533325195e+00 1.492924785614013672e+01 -6.086518287658691406e+00 -1.179863885045051575e-01 -2.710253894329071045e-01 1.065174639225006104e-01 9.493569135665893555e-01
2.705466270446777344e+00 1.455755329132080078e+01 -6.065310478210449219e+00 -1.189831197261810303e-01 -2.686936855316162109e-01 1.043371930718421936e-01 9.501370787620544434e-01
2.702812433242797852e+00 1.418047809600830078e+01 -6.040863513946533203e+00 -1.200530603528022766e-01 -2.669026255607604980e-01 1.023552715778350830e-01 9.507228136062622070e-01
2.703437328338623047e+00 1.379855442047119141e+01 -6.007331848144531250e+00 -1.211576163768768311e-01 -2.656534314155578613e-01 1.005880385637283325e-01 9.511209726333618164e-01
2.706586837768554688e+00 1.341166019439697266e+01 -5.967967987060546875e+00 -1.222577244043350220e-01 -2.649479210376739502e-01 9.905152022838592529e-02 9.513382911682128906e-01
2.714052677154541016e+00 1.302016067504882812e+01 -5.920317173004150391e+00 -1.233143657445907593e-01 -2.647872567176818848e-01 9.776158630847930908e-02 9.513800144195556641e-01
2.728405714035034180e+00 1.262438964843750000e+01 -5.864115238189697266e+00 -1.242885589599609375e-01 -2.651721537113189697e-01 9.673429280519485474e-02 9.512509703636169434e-01
2.752768516540527344e+00 1.222396469116210938e+01 -5.804773807525634766e+00 -1.251408010721206665e-01 -2.661038041114807129e-01 9.598535299301147461e-02 9.509549736976623535e-01
2.792089700698852539e+00 1.181672859191894531e+01 -5.768470287322998047e+00 -1.258320510387420654e-01 -2.675822079181671143e-01 9.553031623363494873e-02 9.504945874214172363e-01
2.850283145904541016e+00 1.140466308593750000e+01 -5.780790328979492188e+00 -1.263222843408584595e-01 -2.696076035499572754e-01 9.538494795560836792e-02 9.498717188835144043e-01
2.945654153823852539e+00 1.099430179595947266e+01 -5.783548355102539062e+00 -1.265723258256912231e-01 -2.721801102161407471e-01 9.556445479393005371e-02 9.490863680839538574e-01
3.080007314682006836e+00 1.063322257995605469e+01 -5.611228942871093750e+00 -1.265422105789184570e-01 -2.752986252307891846e-01 9.608425199985504150e-02 9.481379389762878418e-01
3.192612171173095703e+00 1.032789516448974609e+01 -5.325500965118408203e+00 -1.261916607618331909e-01 -2.789624035358428955e-01 9.695942699909210205e-02 9.470240473747253418e-01
3.259030580520629883e+00 9.989477157592773438e+00 -5.055779933929443359e+00 -1.254805624485015869e-01 -2.831696271896362305e-01 9.820497035980224609e-02 9.457406401634216309e-01
3.274331092834472656e+00 9.598647117614746094e+00 -4.848393440246582031e+00 -1.243684291839599609e-01 -2.879185676574707031e-01 9.983539581298828125e-02 9.442818760871887207e-01
3.243752479553222656e+00 9.169818878173828125e+00 -4.719572067260742188e+00 -1.223688423633575439e-01 -2.931449711322784424e-01 1.019977554678916931e-01 9.427026510238647461e-01
3.184077024459838867e+00 8.724809646606445312e+00 -4.645467281341552734e+00 -1.200999468564987183e-01 -2.988507449626922607e-01 1.044760420918464661e-01 9.409298300743103027e-01
3.104523897171020508e+00 8.272719383239746094e+00 -4.604695796966552734e+00 -1.175778657197952271e-01 -3.049625158309936523e-01 1.072283387184143066e-01 9.389757513999938965e-01
3.011640548706054688e+00 7.816298484802246094e+00 -4.580723285675048828e+00 -1.148201823234558105e-01 -3.114075064659118652e-01 1.102126240730285645e-01 9.368537068367004395e-01
2.906572103500366211e+00 7.356440067291259766e+00 -4.566085815429687500e+00 -1.118469238281250000e-01 -3.181132078170776367e-01 1.133868247270584106e-01 9.345788955688476562e-01
2.788264036178588867e+00 6.894057273864746094e+00 -4.553280353546142578e+00 -1.086805686354637146e-01 -3.250080347061157227e-01 1.167086809873580933e-01 9.321681261062622070e-01
2.649594783782958984e+00 6.432343482971191406e+00 -4.526628494262695312e+00 -1.053467988967895508e-01 -3.320216536521911621e-01 1.201357394456863403e-01 9.296402931213378906e-01
2.477482795715332031e+00 5.983349323272705078e+00 -4.446967601776123047e+00 -1.018749922513961792e-01 -3.390835225582122803e-01 1.236253753304481506e-01 9.270169734954833984e-01
2.269037961959838867e+00 5.600117206573486328e+00 -4.222743988037109375e+00 -9.829796105623245239e-02 -3.461259305477142334e-01 1.271343529224395752e-01 9.243220686912536621e-01
2.081862688064575195e+00 5.300063133239746094e+00 -3.871230363845825195e+00 -9.465269744396209717e-02 -3.530817031860351562e-01 1.306186914443969727e-01 9.215816855430603027e-01
1.924848556518554688e+00 5.024101257324218750e+00 -3.492266654968261719e+00 -9.098020941019058228e-02 -3.598856925964355469e-01 1.340338438749313354e-01 9.188251495361328125e-01
1.782336354255676270e+00 4.755961894989013672e+00 -3.108128547668457031e+00 -8.732572942972183228e-02 -3.664741516113281250e-01 1.373341381549835205e-01 9.160841107368469238e-01
1.648227453231811523e+00 4.489208698272705078e+00 -2.726073741912841797e+00 -8.373847603797912598e-02 -3.727855384349822998e-01 1.404726505279541016e-01 9.133926033973693848e-01
1.519279718399047852e+00 4.215678691864013672e+00 -2.353252172470092773e+00 -8.027165383100509644e-02 -3.787597417831420898e-01 1.434013992547988892e-01 9.107873439788818359e-01
1.390856862068176270e+00 3.914150238037109375e+00 -2.009698390960693359e+00 -7.698189467191696167e-02 -3.843384981155395508e-01 1.460709571838378906e-01 9.083065986633300781e-01
1.246091246604919434e+00 3.537978410720825195e+00 -1.775205612182617188e+00 -7.392903417348861694e-02 -3.894651234149932861e-01 1.484309136867523193e-01 9.059910178184509277e-01
1.077829599380493164e+00 3.108950138092041016e+00 -1.715190410614013672e+00 -7.117509841918945312e-02 -3.940842747688293457e-01 1.504295468330383301e-01 9.038819670677185059e-01
9.331908822059631348e-01 2.673071146011352539e+00 -1.677686452865600586e+00 -6.878381967544555664e-02 -3.981411755084991455e-01 1.520147174596786499e-01 9.020221233367919922e-01
8.534985184669494629e-01 2.236537933349609375e+00 -1.576169371604919434e+00 -6.681940704584121704e-02 -4.015810191631317139e-01 1.531340181827545166e-01 9.004541635513305664e-01
8.773559331893920898e-01 1.806054592132568359e+00 -1.445717096328735352e+00 -6.534500420093536377e-02 -4.043494760990142822e-01 1.537353694438934326e-01 8.992201089859008789e-01
9.881908893585205078e-01 1.392939448356628418e+00 -1.318442106246948242e+00 -6.450899690389633179e-02 -4.042997658252716064e-01 1.546114385128021240e-01 8.991527557373046875e-01
1.143852472305297852e+00 9.946972727775573730e-01 -1.206493139266967773e+00 -6.380558758974075317e-02 -4.041727781295776367e-01 1.548959314823150635e-01 8.992109894752502441e-01
1.307590246200561523e+00 5.993164181709289551e-01 -1.117093801498413086e+00 -6.316334009170532227e-02 -4.039713740348815918e-01 1.546943187713623047e-01 8.993815779685974121e-01
1.456765055656433105e+00 1.976562440395355225e-01 -1.061344623565673828e+00 -6.251418590545654297e-02 -4.036993384361267090e-01 1.541131138801574707e-01 8.996486663818359375e-01
1.557136178016662598e+00 -2.162158191204071045e-01 -1.065765976905822754e+00 -6.179185956716537476e-02 -4.033614695072174072e-01 1.532606184482574463e-01 8.999956846237182617e-01
1.560825109481811523e+00 -6.269237995147705078e-01 -1.157440781593322754e+00 -6.093190610408782959e-02 -4.029631614685058594e-01 1.522460728883743286e-01 9.004050493240356445e-01
1.462519526481628418e+00 -1.006870150566101074e+00 -1.299371600151062012e+00 -5.987010151147842407e-02 -4.025100767612457275e-01 1.511802375316619873e-01 9.008582234382629395e-01
1.299697279930114746e+00 -1.364272475242614746e+00 -1.426704645156860352e+00 -5.873203277587890625e-02 -4.014007747173309326e-01 1.503362953662872314e-01 9.015691280364990234e-01
1.104562997817993164e+00 -1.716196298599243164e+00 -1.493644952774047852e+00 -5.784093588590621948e-02 -3.983539342880249023e-01 1.501559317111968994e-01 9.030070304870605469e-01
9.022973179817199707e-01 -2.064203977584838867e+00 -1.520627379417419434e+00 -5.667848140001296997e-02 -3.947970271110534668e-01 1.503573358058929443e-01 9.046079516410827637e-01
7.087597250938415527e-01 -2.411875009536743164e+00 -1.542556762695312500e+00 -5.516826361417770386e-02 -3.907536268234252930e-01 1.510381996631622314e-01 9.063417911529541016e-01
5.368505716323852539e-01 -2.762866258621215820e+00 -1.587477326393127441e+00 -5.323245376348495483e-02 -3.862477540969848633e-01 1.522959172725677490e-01 9.081767201423645020e-01
3.907934427261352539e-01 -3.114614248275756836e+00 -1.665094614028930664e+00 -5.079428106546401978e-02 -3.813020586967468262e-01 1.542273163795471191e-01 9.100782871246337891e-01
2.608300745487213135e-01 -3.462280273437500000e+00 -1.763329386711120605e+00 -4.777607321739196777e-02 -3.759376704692840576e-01 1.569289416074752808e-01 9.120096564292907715e-01
1.311694234609603882e-01 -3.802724599838256836e+00 -1.867917418479919434e+00 -4.410035163164138794e-02 -3.701747357845306396e-01 1.604960560798645020e-01 9.139292836189270020e-01
-5.968505889177322388e-02 -4.099130630493164062e+00 -1.981397032737731934e+00 -3.968960046768188477e-02 -3.640310168266296387e-01 1.650230586528778076e-01 9.157912135124206543e-01
-2.892968654632568359e-01 -4.295107364654541016e+00 -2.192291736602783203e+00 -3.446612507104873657e-02 -3.575221896171569824e-01 1.706028729677200317e-01 9.175426959991455078e-01
-4.996923804283142090e-01 -4.472651481628417969e+00 -2.430734395980834961e+00 -2.835240960121154785e-02 -3.506607711315155029e-01 1.773263663053512573e-01 9.191238284111022949e-01
-7.012206912040710449e-01 -4.644843578338623047e+00 -2.673325777053833008e+00 -2.127092331647872925e-02 -3.434561491012573242e-01 1.852820217609405518e-01 9.204651117324829102e-01
-8.970068097114562988e-01 -4.813208103179931641e+00 -2.916044950485229492e+00 -1.314465701580047607e-02 -3.359134495258331299e-01 1.945551186800003052e-01 9.214867353439331055e-01
-1.088539958000183105e+00 -4.978452205657958984e+00 -3.157102584838867188e+00 -3.923766314983367920e-03 -3.280329108238220215e-01 2.051931023597717285e-01 9.221034049987792969e-01
-1.278383731842041016e+00 -5.142470359802246094e+00 -3.397959470748901367e+00 6.332263350486755371e-03 -3.198108375072479248e-01 2.171030640602111816e-01 9.222511649131774902e-01
-1.275363683700561523e+00 -5.141650199890136719e+00 -3.401012420654296875e+00 1.753666996955871582e-02 -3.112436234951019287e-01 2.301563620567321777e-01 9.218719601631164551e-01
