1.876570510864257812e+01 -1.313401317596435547e+01 -2.846471965312957764e-01 -0.000000000000000000e+00 -0.000000000000000000e+00 9.212728738784790039e-01 3.889167308807373047e-01
1.853030586242675781e+01 -1.319723129272460938e+01 -2.864166200160980225e-01 -9.143598377704620361e-03 -3.054996719583868980e-03 9.183207750320434570e-01 3.957196474075317383e-01
1.830031204223632812e+01 -1.325993824005126953e+01 -2.877520620822906494e-01 -1.919244788587093353e-02 -6.419927347451448441e-03 9.149963259696960449e-01 4.029542803764343262e-01
1.807585144042968750e+01 -1.332271194458007812e+01 -2.885388135910034180e-01 -2.998395077884197235e-02 -1.003864035010337830e-02 9.113048315048217773e-01 4.105161726474761963e-01
1.785704231262207031e+01 -1.338602066040039062e+01 -2.886883616447448730e-01 -4.135540500283241272e-02 -1.385624893009662628e-02 9.072590470314025879e-01 4.183047115802764893e-01
1.764398574829101562e+01 -1.345021724700927734e+01 -2.881384193897247314e-01 -5.314338579773902893e-02 -1.781609654426574707e-02 9.028804898262023926e-01 4.262219369411468506e-01
1.743680381774902344e+01 -1.351567268371582031e+01 -2.868261635303497314e-01 -6.518445909023284912e-02 -2.186276763677597046e-02 8.982013463973999023e-01 4.341742694377899170e-01
1.723563385009765625e+01 -1.358270263671875000e+01 -2.846990823745727539e-01 -7.731554657220840454e-02 -2.594034187495708466e-02 8.932641744613647461e-01 4.420731365680694580e-01
1.704050827026367188e+01 -1.365123176574707031e+01 -2.817993164062500000e-01 -8.937418460845947266e-02 -2.999316342175006866e-02 8.881222605705261230e-01 4.498350024223327637e-01
1.685146522521972656e+01 -1.372119998931884766e+01 -2.781652808189392090e-01 -1.011988520622253418e-01 -3.396621346473693848e-02 8.828403353691101074e-01 4.573818147182464600e-01
1.666826438903808594e+01 -1.379180145263671875e+01 -2.740478515625000000e-01 -1.126298531889915466e-01 -3.780465945601463318e-02 8.774929642677307129e-01 4.646410942077636719e-01
1.649057006835937500e+01 -1.386205196380615234e+01 -2.697271704673767090e-01 -1.235085129737854004e-01 -4.145433381199836731e-02 8.721652030944824219e-01 4.715453088283538818e-01
1.631825256347656250e+01 -1.393152809143066406e+01 -2.653796374797821045e-01 -1.336782276630401611e-01 -4.486141353845596313e-02 8.669500350952148438e-01 4.780324995517730713e-01
1.615088653564453125e+01 -1.399910259246826172e+01 -2.612725794315338135e-01 -1.429844051599502563e-01 -4.797309264540672302e-02 8.619481921195983887e-01 4.840447604656219482e-01
1.598848438262939453e+01 -1.406475448608398438e+01 -2.574414014816284180e-01 -1.512742340564727783e-01 -5.073720961809158325e-02 8.572654724121093750e-01 4.895281195640563965e-01
1.583093261718750000e+01 -1.412813472747802734e+01 -2.539953589439392090e-01 -1.583958864212036133e-01 -5.310171470046043396e-02 8.530116677284240723e-01 4.944310784339904785e-01
1.567824840545654297e+01 -1.418923759460449219e+01 -2.509637475013732910e-01 -1.641987711191177368e-01 -5.501474440097808838e-02 8.492973446846008301e-01 4.987043142318725586e-01
1.553051471710205078e+01 -1.424820995330810547e+01 -2.482916265726089478e-01 -1.685329079627990723e-01 -5.642539262771606445e-02 8.462328910827636719e-01 5.022974014282226562e-01
1.538751029968261719e+01 -1.430443572998046875e+01 -2.462359517812728882e-01 -1.712478399276733398e-01 -5.728187412023544312e-02 8.439238071441650391e-01 5.051591992378234863e-01
1.524948215484619141e+01 -1.435849666595458984e+01 -2.446081489324569702e-01 -1.721916496753692627e-01 -5.753214657306671143e-02 8.424686789512634277e-01 5.072343945503234863e-01
1.511644268035888672e+01 -1.441039276123046875e+01 -2.434362769126892090e-01 -1.712106466293334961e-01 -5.712363123893737793e-02 8.419561982154846191e-01 5.084618926048278809e-01
1.498823451995849609e+01 -1.445970535278320312e+01 -2.428753674030303955e-01 -1.681982278823852539e-01 -5.602505058050155640e-02 8.424386382102966309e-01 5.087904334068298340e-01
1.486490726470947266e+01 -1.450659656524658203e+01 -2.428503334522247314e-01 -1.632447540760040283e-01 -5.429459363222122192e-02 8.438651561737060547e-01 5.082271695137023926e-01
1.474654960632324219e+01 -1.455134582519531250e+01 -2.432348579168319702e-01 -1.564882695674896240e-01 -5.201132595539093018e-02 8.461503386497497559e-01 5.067896842956542969e-01
1.463313674926757812e+01 -1.459396171569824219e+01 -2.439916878938674927e-01 -1.480660736560821533e-01 -4.925495386123657227e-02 8.491996526718139648e-01 5.044903159141540527e-01
1.452464485168457031e+01 -1.463445568084716797e+01 -2.450830042362213135e-01 -1.381144076585769653e-01 -4.610441252589225769e-02 8.529122471809387207e-01 5.013377070426940918e-01
1.442086124420166016e+01 -1.467234420776367188e+01 -2.466192543506622314e-01 -1.267706751823425293e-01 -4.263878613710403442e-02 8.571838736534118652e-01 4.973397850990295410e-01
1.432192993164062500e+01 -1.470808410644531250e+01 -2.484210133552551270e-01 -1.141732111573219299e-01 -3.893760219216346741e-02 8.619094491004943848e-01 4.925044178962707520e-01
1.422785472869873047e+01 -1.474175739288330078e+01 -2.504223585128784180e-01 -1.004620194435119629e-01 -3.508096560835838318e-02 8.669847249984741211e-01 4.868409037590026855e-01
1.413861274719238281e+01 -1.477337646484375000e+01 -2.525756657123565674e-01 -8.577945828437805176e-02 -3.114884905517101288e-02 8.723094463348388672e-01 4.803622961044311523e-01
1.405418682098388672e+01 -1.480295658111572266e+01 -2.548345923423767090e-01 -7.026990503072738647e-02 -2.722242102026939392e-02 8.777875304222106934e-01 4.730855524539947510e-01
1.397456550598144531e+01 -1.483051013946533203e+01 -2.571508586406707764e-01 -5.408035963773727417e-02 -2.338298782706260681e-02 8.833306431770324707e-01 4.650327265262603760e-01
1.389973354339599609e+01 -1.485605525970458984e+01 -2.594763040542602539e-01 -3.735981136560440063e-02 -1.971224322915077209e-02 8.888579010963439941e-01 4.562317430973052979e-01
1.382966804504394531e+01 -1.487954044342041016e+01 -2.617822289466857910e-01 -2.025911770761013031e-02 -1.629128120839595795e-02 8.942978978157043457e-01 4.467164278030395508e-01
1.376429367065429688e+01 -1.490078544616699219e+01 -2.640789747238159180e-01 -2.930452348664402962e-03 -1.320255640894174576e-02 8.995897173881530762e-01 4.365266561508178711e-01
1.370372772216796875e+01 -1.492010498046875000e+01 -2.662347257137298584e-01 1.447258982807397842e-02 -1.052705943584442139e-02 9.046829938888549805e-01 4.257094264030456543e-01
1.364798355102539062e+01 -1.493751430511474609e+01 -2.682025134563446045e-01 3.179686516523361206e-02 -8.346091955900192261e-03 9.095387458801269531e-01 4.143170118331909180e-01
1.359707736968994141e+01 -1.495303535461425781e+01 -2.699420154094696045e-01 4.888886958360671997e-02 -6.740104407072067261e-03 9.141289591789245605e-01 4.024085402488708496e-01
1.355103111267089844e+01 -1.496668910980224609e+01 -2.714129686355590820e-01 6.559617817401885986e-02 -5.789062008261680603e-03 9.184369444847106934e-01 3.900477588176727295e-01
1.350987434387207031e+01 -1.497849559783935547e+01 -2.725805640220642090e-01 8.176801353693008423e-02 -5.572197958827018738e-03 9.224566221237182617e-01 3.773019909858703613e-01
1.347363281250000000e+01 -1.498847579956054688e+01 -2.734130918979644775e-01 9.725499153137207031e-02 -6.167929619550704956e-03 9.261909127235412598e-01 3.642438650131225586e-01
1.344233894348144531e+01 -1.499664878845214844e+01 -2.738903760910034180e-01 1.119316965341567993e-01 -7.627613842487335205e-03 9.296497106552124023e-01 3.509480059146881104e-01
1.341602039337158203e+01 -1.500303554534912109e+01 -2.740270793437957764e-01 1.257574111223220825e-01 -9.895447641611099243e-03 9.328372478485107422e-01 3.374935090541839600e-01
1.339470100402832031e+01 -1.500765228271484375e+01 -2.738513052463531494e-01 1.387141197919845581e-01 -1.288872957229614258e-02 9.357572197914123535e-01 3.239609301090240479e-01
1.337840557098388672e+01 -1.501051998138427734e+01 -2.733898758888244629e-01 1.507849991321563721e-01 -1.652438193559646606e-02 9.384155869483947754e-01 3.104303479194641113e-01
1.336715507507324219e+01 -1.501164722442626953e+01 -2.726727128028869629e-01 1.619551926851272583e-01 -2.071937173604965210e-02 9.408204555511474609e-01 2.969819009304046631e-01
1.335717296600341797e+01 -1.501245403289794922e+01 -2.717138528823852539e-01 1.722104996442794800e-01 -2.539043687283992767e-02 9.429822564125061035e-01 2.836958467960357666e-01
1.334847354888916016e+01 -1.501294517517089844e+01 -2.705444395542144775e-01 1.815382689237594604e-01 -3.045458905398845673e-02 9.449148178100585938e-01 2.706520855426788330e-01
1.334107971191406250e+01 -1.501313209533691406e+01 -2.691992223262786865e-01 1.899276673793792725e-01 -3.582938387989997864e-02 9.466337561607360840e-01 2.579309940338134766e-01
1.333500480651855469e+01 -1.501301765441894531e+01 -2.677111625671386719e-01 1.973683238029479980e-01 -4.143251851201057434e-02 9.481579661369323730e-01 2.456122636795043945e-01
1.333026504516601562e+01 -1.501260185241699219e+01 -2.661157250404357910e-01 2.038511782884597778e-01 -4.718249291181564331e-02 9.495089054107666016e-01 2.337760031223297119e-01
1.332687187194824219e+01 -1.501188564300537109e+01 -2.644451856613159180e-01 2.093686014413833618e-01 -5.299840867519378662e-02 9.507098197937011719e-01 2.225011885166168213e-01
1.331694316864013672e+01 -1.501378154754638672e+01 -2.626953125000000000e-01 2.139129787683486938e-01 -5.879983305931091309e-02 9.517858624458312988e-01 2.118668407201766968e-01
1.330048656463623047e+01 -1.501828479766845703e+01 -2.608990371227264404e-01 2.174774706363677979e-01 -6.450748443603515625e-02 9.527633190155029297e-01 2.019513994455337524e-01
1.327751636505126953e+01 -1.502538776397705078e+01 -2.590875327587127686e-01 2.200557291507720947e-01 -7.004198431968688965e-02 9.536694288253784180e-01 1.928321272134780884e-01
1.324804401397705078e+01 -1.503508472442626953e+01 -2.572918534278869629e-01 2.216409295797348022e-01 -7.532558590173721313e-02 9.545308947563171387e-01 1.845860481262207031e-01
1.321207809448242188e+01 -1.504736328125000000e+01 -2.555413842201232910e-01 2.222264707088470459e-01 -8.027990162372589111e-02 9.553736448287963867e-01 1.772894412279129028e-01
1.316963577270507812e+01 -1.506221389770507812e+01 -2.538653612136840820e-01 2.218049764633178711e-01 -8.482773602008819580e-02 9.562216997146606445e-01 1.710170805454254150e-01
1.312072277069091797e+01 -1.507962989807128906e+01 -2.522881925106048584e-01 2.203675359487533569e-01 -8.889190852642059326e-02 9.570958018302917480e-01 1.658431887626647949e-01
1.306535339355468750e+01 -1.509959888458251953e+01 -2.508361637592315674e-01 2.179046571254730225e-01 -9.239436686038970947e-02 9.580127596855163574e-01 1.618406176567077637e-01
1.300354003906250000e+01 -1.512211513519287109e+01 -2.495318502187728882e-01 2.144045382738113403e-01 -9.525793045759201050e-02 9.589836001396179199e-01 1.590815335512161255e-01
1.293514823913574219e+01 -1.514678192138671875e+01 -2.484637349843978882e-01 2.098711282014846802e-01 -9.742310643196105957e-02 9.600115418434143066e-01 1.576090455055236816e-01
1.286028861999511719e+01 -1.517392539978027344e+01 -2.475622445344924927e-01 2.043750882148742676e-01 -9.890678524971008301e-02 9.610860943794250488e-01 1.573590338230133057e-01
1.277894973754882812e+01 -1.520354747772216797e+01 -2.468115240335464478e-01 1.980025321245193481e-01 -9.974440187215805054e-02 9.621884226799011230e-01 1.582384705543518066e-01
1.269111537933349609e+01 -1.523565006256103516e+01 -2.461962848901748657e-01 1.908394396305084229e-01 -9.997018426656723022e-02 9.632947444915771484e-01 1.601541638374328613e-01
1.259676933288574219e+01 -1.527022647857666016e+01 -2.457025051116943359e-01 1.829703450202941895e-01 -9.961896389722824097e-02 9.643779397010803223e-01 1.630117893218994141e-01
1.249589538574218750e+01 -1.530727291107177734e+01 -2.453155517578125000e-01 1.744806766510009766e-01 -9.872503578662872314e-02 9.654095172882080078e-01 1.667168140411376953e-01
1.238847827911376953e+01 -1.534679126739501953e+01 -2.450201362371444702e-01 1.654553413391113281e-01 -9.732304513454437256e-02 9.663602709770202637e-01 1.711741387844085693e-01
1.227450180053710938e+01 -1.538878154754638672e+01 -2.448022365570068359e-01 1.559802293777465820e-01 -9.544754773378372192e-02 9.672032594680786133e-01 1.762893348932266235e-01
1.215394783020019531e+01 -1.543324279785156250e+01 -2.446484267711639404e-01 1.461420953273773193e-01 -9.313400089740753174e-02 9.679133892059326172e-01 1.819675266742706299e-01
1.202657794952392578e+01 -1.547955513000488281e+01 -2.446252405643463135e-01 1.360290050506591797e-01 -9.041778743267059326e-02 9.684696793556213379e-01 1.881142258644104004e-01
1.189249038696289062e+01 -1.552803707122802734e+01 -2.446795552968978882e-01 1.257291138172149658e-01 -8.733502030372619629e-02 9.688559174537658691e-01 1.946359574794769287e-01
1.175175666809082031e+01 -1.557893657684326172e+01 -2.447680681943893433e-01 1.153321862220764160e-01 -8.392299711704254150e-02 9.690599441528320312e-01 2.014401406049728394e-01
1.160435867309570312e+01 -1.563225269317626953e+01 -2.448809742927551270e-01 1.049292534589767456e-01 -8.021917939186096191e-02 9.690766930580139160e-01 2.084345966577529907e-01
1.145028305053710938e+01 -1.568798351287841797e+01 -2.450085431337356567e-01 9.461195766925811768e-02 -7.626131176948547363e-02 9.689064621925354004e-01 2.155295312404632568e-01
1.128950500488281250e+01 -1.574611568450927734e+01 -2.451452612876892090e-01 8.447215706110000610e-02 -7.208806276321411133e-02 9.685563445091247559e-01 2.226351201534271240e-01
1.112192630767822266e+01 -1.580640125274658203e+01 -2.453088313341140747e-01 7.460349053144454956e-02 -6.773848831653594971e-02 9.680393338203430176e-01 2.296642363071441650e-01
1.094721412658691406e+01 -1.586794662475585938e+01 -2.455773800611495972e-01 6.509929895401000977e-02 -6.325227767229080200e-02 9.673750400543212891e-01 2.365310490131378174e-01
1.076573181152343750e+01 -1.593181610107421875e+01 -2.458471655845642090e-01 5.605341121554374695e-02 -5.866898596286773682e-02 9.665884971618652344e-01 2.431511282920837402e-01
1.057746315002441406e+01 -1.599800777435302734e+01 -2.461157143115997314e-01 4.755962640047073364e-02 -5.402823910117149353e-02 9.657110571861267090e-01 2.494418472051620483e-01
1.038238620758056641e+01 -1.606649971008300781e+01 -2.463818341493606567e-01 3.971222043037414551e-02 -4.937033355236053467e-02 9.647775888442993164e-01 2.553227543830871582e-01
1.018048763275146484e+01 -1.613728523254394531e+01 -2.466467171907424927e-01 3.258515149354934692e-02 -4.473213106393814087e-02 9.638249874114990234e-01 2.607271075248718262e-01
9.971288681030273438e+00 -1.620895576477050781e+01 -2.470123171806335449e-01 2.617450058460235596e-02 -4.014122113585472107e-02 9.628792405128479004e-01 2.656446397304534912e-01
9.755067825317382812e+00 -1.628233146667480469e+01 -2.474145442247390747e-01 2.045622654259204865e-02 -3.562175482511520386e-02 9.619618058204650879e-01 2.700775563716888428e-01
9.532000541687011719e+00 -1.635792732238769531e+01 -2.478124946355819702e-01 1.540544629096984863e-02 -3.119781613349914551e-02 9.610919356346130371e-01 2.740286886692047119e-01
9.302087783813476562e+00 -1.643574142456054688e+01 -2.482018917798995972e-01 1.099804323166608810e-02 -2.689312770962715149e-02 9.602864384651184082e-01 2.774993777275085449e-01
9.065326690673828125e+00 -1.651576805114746094e+01 -2.485797107219696045e-01 7.208650000393390656e-03 -2.273178659379482269e-02 9.595602750778198242e-01 2.804912328720092773e-01
8.820907592773437500e+00 -1.659554672241210938e+01 -2.490893453359603882e-01 4.012197256088256836e-03 -1.873716153204441071e-02 9.589270949363708496e-01 2.830047905445098877e-01
8.567017555236816406e+00 -1.667809295654296875e+01 -2.495916634798049927e-01 1.383665483444929123e-03 -1.493222545832395554e-02 9.583978652954101562e-01 2.850412726402282715e-01
8.303716659545898438e+00 -1.676359558105468750e+01 -2.500689625740051270e-01 -7.021704223006963730e-04 -1.134098786860704422e-02 9.579828381538391113e-01 2.866001725196838379e-01
8.031005859375000000e+00 -1.685204887390136719e+01 -2.505169510841369629e-01 -2.270432189106941223e-03 -7.985945791006088257e-03 9.576901197433471680e-01 2.876814603805541992e-01
7.754437923431396484e+00 -1.693891716003417969e+01 -2.510626018047332764e-01 -3.346623620018362999e-03 -4.890270531177520752e-03 9.575263857841491699e-01 2.882843911647796631e-01
7.474429607391357422e+00 -1.702552604675292969e+01 -2.516302466392517090e-01 -3.956067375838756561e-03 -2.077258192002773285e-03 9.574972987174987793e-01 2.884076535701751709e-01
7.191336631774902344e+00 -1.711298942565917969e+01 -2.521569728851318359e-01 -4.123894032090902328e-03 4.303799942135810852e-04 9.576063752174377441e-01 2.880499064922332764e-01
6.905938148498535156e+00 -1.720106697082519531e+01 -2.526354789733886719e-01 -3.875644179061055183e-03 2.609852701425552368e-03 9.578565955162048340e-01 2.872088551521301270e-01
6.617183685302734375e+00 -1.728627204895019531e+01 -2.532153129577636719e-01 -3.236383898183703423e-03 4.438104107975959778e-03 9.582490324974060059e-01 2.858822941780090332e-01
6.325777530670166016e+00 -1.737093925476074219e+01 -2.537841796875000000e-01 -2.231449121609330177e-03 5.892313085496425629e-03 9.587837457656860352e-01 2.840670943260192871e-01
6.032052040100097656e+00 -1.745618629455566406e+01 -2.542828321456909180e-01 -8.861696114763617516e-04 6.949639413505792618e-03 9.594592452049255371e-01 2.817603945732116699e-01
5.735975265502929688e+00 -1.754190444946289062e+01 -2.547064125537872314e-01 7.741629378870129585e-04 7.587221451103687286e-03 9.602729678153991699e-01 2.789582610130310059e-01
5.435927391052246094e+00 -1.762233543395996094e+01 -2.552838027477264404e-01 2.724367426708340645e-03 7.782167289406061172e-03 9.612207412719726562e-01 2.756569385528564453e-01
5.133543014526367188e+00 -1.770330429077148438e+01 -2.557659745216369629e-01 4.938828758895397186e-03 7.511708419770002365e-03 9.622971415519714355e-01 2.718515098094940186e-01
4.828823566436767578e+00 -1.778481101989746094e+01 -2.561468482017517090e-01 7.387877441942691803e-03 6.764275953173637390e-03 9.634920358657836914e-01 2.675498723983764648e-01
4.521008014678955078e+00 -1.786390113830566406e+01 -2.565509080886840820e-01 1.002348307520151138e-02 5.573744885623455048e-03 9.647797942161560059e-01 2.628082931041717529e-01
4.210144519805908203e+00 -1.794071006774902344e+01 -2.569775283336639404e-01 1.279317773878574371e-02 3.985346294939517975e-03 9.661332368850708008e-01 2.576953172683715820e-01
3.896976947784423828e+00 -1.801805305480957031e+01 -2.573205530643463135e-01 1.564484834671020508e-02 2.044247230514883995e-03 9.675254225730895996e-01 2.522805631160736084e-01
3.581246376037597656e+00 -1.809480094909667969e+01 -2.576306164264678955e-01 1.852588355541229248e-02 -2.041938714683055878e-04 9.689316749572753906e-01 2.466336488723754883e-01
3.262204170227050781e+00 -1.816779708862304688e+01 -2.580444216728210449e-01 2.138412743806838989e-02 -2.714695641770958900e-03 9.703290462493896484e-01 2.408252954483032227e-01
2.940896511077880859e+00 -1.824132347106933594e+01 -2.583978176116943359e-01 2.416682429611682892e-02 -5.441778339445590973e-03 9.716973900794982910e-01 2.349266260862350464e-01
2.617254972457885742e+00 -1.831501197814941406e+01 -2.587127685546875000e-01 2.682188153266906738e-02 -8.340181782841682434e-03 9.730188250541687012e-01 2.290093749761581421e-01
2.290362834930419922e+00 -1.838470268249511719e+01 -2.591680884361267090e-01 2.929694578051567078e-02 -1.136430539190769196e-02 9.742783308029174805e-01 2.231458872556686401e-01
1.961247563362121582e+00 -1.845491218566894531e+01 -2.595904469490051270e-01 3.154012933373451233e-02 -1.446902379393577576e-02 9.754635095596313477e-01 2.174093127250671387e-01
1.629848599433898926e+00 -1.852528762817382812e+01 -2.600048780441284180e-01 3.349922597408294678e-02 -1.760877482593059540e-02 9.765641093254089355e-01 2.118731588125228882e-01
1.295452594757080078e+00 -1.859234046936035156e+01 -2.605627477169036865e-01 3.512230515480041504e-02 -2.073850668966770172e-02 9.775725603103637695e-01 2.066114246845245361e-01
9.588775634765625000e-01 -1.865990257263183594e+01 -2.611218094825744629e-01 3.635771200060844421e-02 -2.381327375769615173e-02 9.784827828407287598e-01 2.016987204551696777e-01
6.199826002120971680e-01 -1.872718048095703125e+01 -2.617010474205017090e-01 3.715350478887557983e-02 -2.678758278489112854e-02 9.792908430099487305e-01 1.972094476222991943e-01
2.783645689487457275e-01 -1.879203796386718750e+01 -2.623352110385894775e-01 3.745802119374275208e-02 -2.961681038141250610e-02 9.799929857254028320e-01 1.932183802127838135e-01
-6.538665294647216797e-02 -1.885739326477050781e+01 -2.630047500133514404e-01 3.721964359283447266e-02 -3.225587680935859680e-02 9.805866479873657227e-01 1.897999495267868042e-01
-4.116064310073852539e-01 -1.892135429382324219e+01 -2.636584341526031494e-01 3.638704121112823486e-02 -3.466011583805084229e-02 9.810681343078613281e-01 1.870289593935012817e-01
-7.602282762527465820e-01 -1.898419380187988281e+01 -2.643170058727264404e-01 3.490780293941497803e-02 -3.678484261035919189e-02 9.814330339431762695e-01 1.849796324968338013e-01
-1.111022353172302246e+00 -1.904703140258789062e+01 -2.649938762187957764e-01 3.273046761751174927e-02 -3.858505189418792725e-02 9.816744923591613770e-01 1.837254762649536133e-01
-1.464433550834655762e+00 -1.910725021362304688e+01 -2.654571533203125000e-01 2.980276569724082947e-02 -4.001611471176147461e-02 9.817826151847839355e-01 1.833394467830657959e-01
-1.819956660270690918e+00 -1.916764068603515625e+01 -2.659460306167602539e-01 2.609909325838088989e-02 -4.104948043823242188e-02 9.817469120025634766e-01 1.838664710521697998e-01
-2.178206205368041992e+00 -1.922457313537597656e+01 -2.658215165138244629e-01 2.170026116073131561e-02 -4.172198474407196045e-02 9.815670847892761230e-01 1.852413415908813477e-01
-2.538840293884277344e+00 -1.928007316589355469e+01 -2.654522657394409180e-01 1.671410351991653442e-02 -4.208673909306526184e-02 9.812448620796203613e-01 1.873708814382553101e-01
-2.902044534683227539e+00 -1.933305549621582031e+01 -2.646594047546386719e-01 1.124805957078933716e-02 -4.219713807106018066e-02 9.807809591293334961e-01 1.901615858078002930e-01
-3.267935752868652344e+00 -1.938258171081542969e+01 -2.633776664733886719e-01 5.410355981439352036e-03 -4.210653156042098999e-02 9.801772236824035645e-01 1.935208439826965332e-01
-3.636277437210083008e+00 -1.943036651611328125e+01 -2.620050013065338135e-01 -6.916271522641181946e-04 -4.186793416738510132e-02 9.794372320175170898e-01 1.973553746938705444e-01
-4.006729125976562500e+00 -1.947917938232421875e+01 -2.611248791217803955e-01 -6.949473638087511063e-03 -4.153496399521827698e-02 9.785676598548889160e-01 2.015729546546936035e-01
-4.379202842712402344e+00 -1.952981948852539062e+01 -2.611120641231536865e-01 -1.325504668056964874e-02 -4.116116091609001160e-02 9.775789380073547363e-01 2.060816138982772827e-01
-4.753596305847167969e+00 -1.958308410644531250e+01 -2.624316215515136719e-01 -1.950020715594291687e-02 -4.080034419894218445e-02 9.764847159385681152e-01 2.107907384634017944e-01
-5.129703044891357422e+00 -1.964031410217285156e+01 -2.658764719963073730e-01 -2.557680755853652954e-02 -4.050632938742637634e-02 9.753036499023437500e-01 2.156099826097488403e-01
-5.506843090057373047e+00 -1.970510673522949219e+01 -2.738372683525085449e-01 -3.137674182653427124e-02 -4.033305495977401733e-02 9.740586876869201660e-01 2.204503118991851807e-01
-5.883472919464111328e+00 -1.978333091735839844e+01 -2.908056676387786865e-01 -3.679224848747253418e-02 -4.033488407731056213e-02 9.727762341499328613e-01 2.252236604690551758e-01
-6.253821849822998047e+00 -1.988968849182128906e+01 -3.290814161300659180e-01 -4.171541705727577209e-02 -4.056586325168609619e-02 9.714868664741516113e-01 2.298422306776046753e-01
-6.604381084442138672e+00 -2.004263687133789062e+01 -4.025921523571014404e-01 -4.603882879018783569e-02 -4.108032584190368652e-02 9.702236652374267578e-01 2.342198789119720459e-01
-6.934938907623291016e+00 -2.023797035217285156e+01 -4.827105700969696045e-01 -4.965525120496749878e-02 -4.193274676799774170e-02 9.690216183662414551e-01 2.382707744836807251e-01
-7.263935565948486328e+00 -2.044753456115722656e+01 -5.433135628700256348e-01 -5.245741456747055054e-02 -4.317753016948699951e-02 9.679172039031982422e-01 2.419090420007705688e-01
-7.587971210479736328e+00 -2.066145515441894531e+01 -6.255792379379272461e-01 -5.433841049671173096e-02 -4.486920684576034546e-02 9.669461250305175781e-01 2.450495511293411255e-01
-7.900687217712402344e+00 -2.087305450439453125e+01 -7.549542188644409180e-01 -5.519096180796623230e-02 -4.706208407878875732e-02 9.661419391632080078e-01 2.476062476634979248e-01
-8.235160827636718750e+00 -2.106251716613769531e+01 -8.699224591255187988e-01 -5.490788817405700684e-02 -4.981067776679992676e-02 9.655347466468811035e-01 2.494927048683166504e-01
-8.591575622558593750e+00 -2.123489189147949219e+01 -9.504174590110778809e-01 -5.338178202509880066e-02 -5.316923931241035461e-02 9.651488661766052246e-01 2.506212294101715088e-01
-8.958079338073730469e+00 -2.139944839477539062e+01 -1.012580513954162598e+00 -5.055221170186996460e-02 -5.717127770185470581e-02 9.649934172630310059e-01 2.509252727031707764e-01
-9.330633163452148438e+00 -2.156014823913574219e+01 -1.064590454101562500e+00 -4.654751718044281006e-02 -6.176516041159629822e-02 9.650399684906005859e-01 2.504318952560424805e-01
-9.705363273620605469e+00 -2.171516609191894531e+01 -1.105012774467468262e+00 -4.154374450445175171e-02 -6.687772274017333984e-02 9.652488827705383301e-01 2.491906881332397461e-01
-1.007955265045166016e+01 -2.186814880371093750e+01 -1.142047762870788574e+00 -3.571679070591926575e-02 -7.243608683347702026e-02 9.655798673629760742e-01 2.472506910562515259e-01
-1.045401382446289062e+01 -2.201780700683593750e+01 -1.172660470008850098e+00 -2.924316748976707458e-02 -7.836712151765823364e-02 9.659937620162963867e-01 2.446620017290115356e-01
-1.082721138000488281e+01 -2.216651725769042969e+01 -1.202392578125000000e+00 -2.229936793446540833e-02 -8.459740132093429565e-02 9.664551019668579102e-01 2.414756119251251221e-01
-1.120051574707031250e+01 -2.231189918518066406e+01 -1.225465655326843262e+00 -1.506261341273784637e-02 -9.105390310287475586e-02 9.669333100318908691e-01 2.377439290285110474e-01
-1.157236576080322266e+01 -2.245665168762207031e+01 -1.248392939567565918e+00 -7.710218429565429688e-03 -9.766422957181930542e-02 9.674037694931030273e-01 2.335213124752044678e-01
-1.194303417205810547e+01 -2.260021400451660156e+01 -1.270074486732482910e+00 -4.196930676698684692e-04 -1.043557971715927124e-01 9.678488969802856445e-01 2.288630157709121704e-01
-1.231294631958007812e+01 -2.274173736572265625e+01 -1.288848876953125000e+00 6.630996242165565491e-03 -1.110569015145301819e-01 9.682580232620239258e-01 2.238274365663528442e-01
-1.268137168884277344e+01 -2.288266563415527344e+01 -1.307511568069458008e+00 1.326478458940982819e-02 -1.176967918872833252e-01 9.686281681060791016e-01 2.184738963842391968e-01
-1.304831504821777344e+01 -2.302297401428222656e+01 -1.326040029525756836e+00 1.930401660501956940e-02 -1.242056638002395630e-01 9.689631462097167969e-01 2.128635495901107788e-01
-1.341446399688720703e+01 -2.316113281250000000e+01 -1.342286348342895508e+00 2.457199990749359131e-02 -1.305136382579803467e-01 9.692724347114562988e-01 2.070586383342742920e-01
-1.377910232543945312e+01 -2.329871559143066406e+01 -1.358458280563354492e+00 2.889219298958778381e-02 -1.365528851747512817e-01 9.695712327957153320e-01 2.011224776506423950e-01
-1.414223384857177734e+01 -2.343570709228515625e+01 -1.374567866325378418e+00 3.208841383457183838e-02 -1.422549933195114136e-01 9.698776006698608398e-01 1.951187551021575928e-01
-1.450408267974853516e+01 -2.357154273986816406e+01 -1.390140295028686523e+00 3.398517519235610962e-02 -1.475532352924346924e-01 9.702113270759582520e-01 1.891112625598907471e-01
-1.486476516723632812e+01 -2.370595169067382812e+01 -1.404960870742797852e+00 3.440666943788528442e-02 -1.523803174495697021e-01 9.705914855003356934e-01 1.831629723310470581e-01
-1.522392272949218750e+01 -2.383977890014648438e+01 -1.419765591621398926e+00 3.317765146493911743e-02 -1.566691398620605469e-01 9.710335135459899902e-01 1.773355752229690552e-01
-1.558155441284179688e+01 -2.397301292419433594e+01 -1.434570908546447754e+00 3.012262098491191864e-02 -1.603523194789886475e-01 9.715464711189270020e-01 1.716896146535873413e-01
-1.593797779083251953e+01 -2.410482597351074219e+01 -1.449122309684753418e+00 2.506506256759166718e-02 -1.633611470460891724e-01 9.721292257308959961e-01 1.662821918725967407e-01
-1.629309272766113281e+01 -2.423544883728027344e+01 -1.463512539863586426e+00 1.788926310837268829e-02 -1.656437367200851440e-01 9.727637171745300293e-01 1.611608266830444336e-01
-1.664667129516601562e+01 -2.436547279357910156e+01 -1.477947354316711426e+00 8.720323443412780762e-03 -1.672171503305435181e-01 9.734058976173400879e-01 1.563432514667510986e-01
-1.699869537353515625e+01 -2.449489784240722656e+01 -1.492434024810791016e+00 -2.256436273455619812e-03 -1.681147664785385132e-01 9.740006923675537109e-01 1.518386155366897583e-01
-1.734953498840332031e+01 -2.462267112731933594e+01 -1.507101416587829590e+00 -1.485452428460121155e-02 -1.683695912361145020e-01 9.744887351989746094e-01 1.476565897464752197e-01
-1.769898414611816406e+01 -2.474933052062988281e+01 -1.521888971328735352e+00 -2.888555824756622314e-02 -1.680151820182800293e-01 9.748108983039855957e-01 1.438058614730834961e-01
-1.804683494567871094e+01 -2.487540435791015625e+01 -1.536737680435180664e+00 -4.416047781705856323e-02 -1.670849323272705078e-01 9.749100208282470703e-01 1.402962952852249146e-01
-1.839307594299316406e+01 -2.500088882446289062e+01 -1.551646709442138672e+00 -6.048864871263504028e-02 -1.656140238046646118e-01 9.747340083122253418e-01 1.371382027864456177e-01
-1.873822402954101562e+01 -2.512420845031738281e+01 -1.567352294921875000e+00 -7.767839729785919189e-02 -1.636389940977096558e-01 9.742383360862731934e-01 1.343430429697036743e-01
-1.908182907104492188e+01 -2.524658584594726562e+01 -1.583336114883422852e+00 -9.549854695796966553e-02 -1.609147936105728149e-01 9.734347462654113770e-01 1.319514065980911255e-01
-1.942375755310058594e+01 -2.536840248107910156e+01 -1.599351763725280762e+00 -1.138004213571548462e-01 -1.577990502119064331e-01 9.722449183464050293e-01 1.299564838409423828e-01
-1.976416397094726562e+01 -2.548919868469238281e+01 -1.615695714950561523e+00 -1.324076056480407715e-01 -1.544607579708099365e-01 9.706364274024963379e-01 1.283551007509231567e-01
-2.010357284545898438e+01 -2.560727500915527344e+01 -1.633588790893554688e+00 -1.511220186948776245e-01 -1.509033143520355225e-01 9.686177372932434082e-01 1.271616816520690918e-01
-2.044127464294433594e+01 -2.572481918334960938e+01 -1.651458740234375000e+00 -1.697480678558349609e-01 -1.471344679594039917e-01 9.662097096443176270e-01 1.263950467109680176e-01
-2.077724838256835938e+01 -2.584183502197265625e+01 -1.669297456741333008e+00 -1.880931556224822998e-01 -1.431668400764465332e-01 9.634460806846618652e-01 1.260780394077301025e-01
-2.111258316040039062e+01 -2.595457267761230469e+01 -1.690404057502746582e+00 -2.059680670499801636e-01 -1.390183418989181519e-01 9.603723883628845215e-01 1.262378543615341187e-01
-2.144627189636230469e+01 -2.606641960144042969e+01 -1.711786508560180664e+00 -2.231874763965606689e-01 -1.347127854824066162e-01 9.570449590682983398e-01 1.269041150808334351e-01
-2.177843475341796875e+01 -2.617684745788574219e+01 -1.733757853507995605e+00 -2.395603209733963013e-01 -1.302077472209930420e-01 9.535408020019531250e-01 1.281277984380722046e-01
-2.211004066467285156e+01 -2.628241920471191406e+01 -1.758734107017517090e+00 -2.549233436584472656e-01 -1.256428658962249756e-01 9.499205350875854492e-01 1.299193948507308960e-01
-2.243985748291015625e+01 -2.638753509521484375e+01 -1.783566832542419434e+00 -2.691092193126678467e-01 -1.211018338799476624e-01 9.462617039680480957e-01 1.323001384735107422e-01
-2.276486968994140625e+01 -2.648439407348632812e+01 -1.811199307441711426e+00 -2.819507718086242676e-01 -1.166400909423828125e-01 9.426518678665161133e-01 1.353003233671188354e-01
-2.308288764953613281e+01 -2.657850837707519531e+01 -1.838264107704162598e+00 -2.827053964138031006e-01 -1.147988140583038330e-01 9.417495131492614746e-01 1.414453089237213135e-01
-2.339651870727539062e+01 -2.666292953491210938e+01 -1.867232680320739746e+00 -2.834836840629577637e-01 -1.128634512424468994e-01 9.407604336738586426e-01 1.478800028562545776e-01
-2.370536804199218750e+01 -2.673900985717773438e+01 -1.895997881889343262e+00 -2.842717468738555908e-01 -1.108635365962982178e-01 9.396954178810119629e-01 1.545039713382720947e-01
-2.401020622253417969e+01 -2.680332374572753906e+01 -1.922862529754638672e+00 -2.850563526153564453e-01 -1.088300123810768127e-01 9.385676383972167969e-01 1.612127870321273804e-01
-2.431197738647460938e+01 -2.685054588317871094e+01 -1.941221237182617188e+00 -2.858250439167022705e-01 -1.067951768636703491e-01 9.373945593833923340e-01 1.678992807865142822e-01
-2.460953140258789062e+01 -2.687768936157226562e+01 -1.930522441864013672e+00 -2.865653932094573975e-01 -1.047923117876052856e-01 9.361966848373413086e-01 1.744552999734878540e-01
-2.489402008056640625e+01 -2.689505386352539062e+01 -1.865433931350708008e+00 -2.872664630413055420e-01 -1.028549373149871826e-01 9.349973201751708984e-01 1.807728409767150879e-01
-2.515230178833007812e+01 -2.691122245788574219e+01 -1.743204951286315918e+00 -2.879180908203125000e-01 -1.010163724422454834e-01 9.338225126266479492e-01 1.867463886737823486e-01
-2.538056373596191406e+01 -2.693586349487304688e+01 -1.582855820655822754e+00 -2.885112166404724121e-01 -9.930972754955291748e-02 9.327003955841064453e-01 1.922726631164550781e-01
-2.558834457397460938e+01 -2.697421264648437500e+01 -1.408862233161926270e+00 -2.890377640724182129e-01 -9.776663035154342651e-02 9.316595792770385742e-01 1.972538232803344727e-01
-2.578471183776855469e+01 -2.702643966674804688e+01 -1.235212326049804688e+00 -2.894524037837982178e-01 -9.624178707599639893e-02 9.307479858398437500e-01 2.016508579254150391e-01
-2.597493171691894531e+01 -2.708850860595703125e+01 -1.068090796470642090e+00 -2.896537780761718750e-01 -9.434448927640914917e-02 9.300358295440673828e-01 2.055066674947738647e-01
-2.616233253479003906e+01 -2.715409088134765625e+01 -9.093822836875915527e-01 -2.897225320339202881e-01 -9.251282364130020142e-02 9.295070767402648926e-01 2.086115032434463501e-01
-2.634900856018066406e+01 -2.721959877014160156e+01 -7.603918313980102539e-01 -2.896561920642852783e-01 -9.078134596347808838e-02 9.291855096817016602e-01 2.108843773603439331e-01
-2.653676033020019531e+01 -2.728249931335449219e+01 -6.227404475212097168e-01 -2.894551455974578857e-01 -8.919099718332290649e-02 9.290919899940490723e-01 2.122466564178466797e-01
-2.672741699218750000e+01 -2.734027290344238281e+01 -4.986889660358428955e-01 -2.891227602958679199e-01 -8.778742700815200806e-02 9.292434453964233398e-01 2.126213014125823975e-01
-2.692380714416503906e+01 -2.738901710510253906e+01 -3.932134807109832764e-01 -2.886647880077362061e-01 -8.662255108356475830e-02 9.296526908874511719e-01 2.119317650794982910e-01
-2.712504005432128906e+01 -2.742703247070312500e+01 -3.080132901668548584e-01 -2.880888283252716064e-01 -8.575358241796493530e-02 9.303271770477294922e-01 2.101007401943206787e-01
-2.732797241210937500e+01 -2.745617103576660156e+01 -2.414849847555160522e-01 -2.874028086662292480e-01 -8.524271100759506226e-02 9.312697649002075195e-01 2.070510238409042358e-01
-2.753001976013183594e+01 -2.747863006591796875e+01 -1.915240436792373657e-01 -2.866147458553314209e-01 -8.515686541795730591e-02 9.324762225151062012e-01 2.027027904987335205e-01
-2.772899436950683594e+01 -2.749707984924316406e+01 -1.575250178575515747e-01 -2.775721549987792969e-01 -8.802315592765808105e-02 9.357581138610839844e-01 1.989032030105590820e-01
-2.792316818237304688e+01 -2.751539802551269531e+01 -1.346075385808944702e-01 -2.679702043533325195e-01 -9.136977791786193848e-02 9.392786622047424316e-01 1.939049512147903442e-01
-2.812243270874023438e+01 -2.754166984558105469e+01 -1.199249252676963806e-01 -2.578898370265960693e-01 -9.513509273529052734e-02 9.429522752761840820e-01 1.878378689289093018e-01
-2.832378387451171875e+01 -2.758703041076660156e+01 -1.130932569503784180e-01 -2.474131435155868530e-01 -9.925697743892669678e-02 9.466964006423950195e-01 1.808326542377471924e-01
-2.838726043701171875e+01 -2.766220092773437500e+01 -1.603686511516571045e-01 -2.366248220205307007e-01 -1.036735549569129944e-01 9.504336118698120117e-01 1.730220019817352295e-01
-2.818205261230468750e+01 -2.764240455627441406e+01 -2.149444520473480225e-01 -2.256112098693847656e-01 -1.083236932754516602e-01 9.540922045707702637e-01 1.645404100418090820e-01
-2.797218704223632812e+01 -2.761076164245605469e+01 -2.661047279834747314e-01 -2.144614756107330322e-01 -1.131464689970016479e-01 9.576098322868347168e-01 1.555238962173461914e-01
-2.775858879089355469e+01 -2.757563209533691406e+01 -3.203973174095153809e-01 -2.032676339149475098e-01 -1.180825158953666687e-01 9.609320759773254395e-01 1.461108326911926270e-01
-2.754141807556152344e+01 -2.753936004638671875e+01 -3.798114061355590820e-01 -1.921236813068389893e-01 -1.230725497007369995e-01 9.640151858329772949e-01 1.364413499832153320e-01
-2.732079124450683594e+01 -2.750311660766601562e+01 -4.452526867389678955e-01 -1.811264306306838989e-01 -1.280592530965805054e-01 9.668257236480712891e-01 1.266573667526245117e-01
-2.709531593322753906e+01 -2.746760177612304688e+01 -5.123254060745239258e-01 -1.703743040561676025e-01 -1.329865455627441406e-01 9.693405032157897949e-01 1.169016361236572266e-01
-2.686335182189941406e+01 -2.743397331237792969e+01 -5.758904814720153809e-01 -1.599680781364440918e-01 -1.377998292446136475e-01 9.715473651885986328e-01 1.073182597756385803e-01
-2.662339019775390625e+01 -2.740347671508789062e+01 -6.297057867050170898e-01 -1.500095129013061523e-01 -1.424459517002105713e-01 9.734433889389038086e-01 9.805226325988769531e-02
-2.637398910522460938e+01 -2.737886619567871094e+01 -6.626678109169006348e-01 -1.406016796827316284e-01 -1.468730270862579346e-01 9.750353097915649414e-01 8.924864232540130615e-02
-2.611662101745605469e+01 -2.736584472656250000e+01 -6.546624898910522461e-01 -1.318484991788864136e-01 -1.510313302278518677e-01 9.763379693031311035e-01 8.105260133743286133e-02
-2.585719108581542969e+01 -2.736651802062988281e+01 -6.103314161300659180e-01 -1.238540187478065491e-01 -1.548716723918914795e-01 9.773724079132080078e-01 7.360906898975372314e-02
-2.559491348266601562e+01 -2.737868118286132812e+01 -5.541436672210693359e-01 -1.167224645614624023e-01 -1.583465933799743652e-01 9.781640172004699707e-01 6.706265360116958618e-02
-2.532393264770507812e+01 -2.739740943908691406e+01 -5.237694978713989258e-01 -1.105579659342765808e-01 -1.614091098308563232e-01 9.787413477897644043e-01 6.155744940042495728e-02
-2.504619789123535156e+01 -2.742112731933593750e+01 -5.229730010032653809e-01 -1.054639294743537903e-01 -1.640121340751647949e-01 9.791328310966491699e-01 5.723704397678375244e-02
-2.476406860351562500e+01 -2.745371437072753906e+01 -5.243652462959289551e-01 -1.015430763363838196e-01 -1.661090850830078125e-01 9.793641567230224609e-01 5.424452945590019226e-02
-2.447877120971679688e+01 -2.749697685241699219e+01 -5.053204298019409180e-01 -9.880588203668594360e-02 -1.665117144584655762e-01 9.796550869941711426e-01 5.279303342103958130e-02
-2.419170761108398438e+01 -2.754747581481933594e+01 -4.627178907394409180e-01 -9.728494286537170410e-02 -1.666760444641113281e-01 9.797871708869934082e-01 5.264843255281448364e-02
-2.389985466003417969e+01 -2.759665870666503906e+01 -4.149889945983886719e-01 -9.690141677856445312e-02 -1.666295528411865234e-01 9.797769188880920410e-01 5.368208885192871094e-02
-2.360138702392578125e+01 -2.764150238037109375e+01 -3.713708519935607910e-01 -9.757824242115020752e-02 -1.663901209831237793e-01 9.796341657638549805e-01 5.576365441083908081e-02
-2.329583930969238281e+01 -2.768074226379394531e+01 -3.359082043170928955e-01 -9.924035519361495972e-02 -1.659683138132095337e-01 9.793634414672851562e-01 5.876037478446960449e-02
-2.298375892639160156e+01 -2.771529769897460938e+01 -3.082519471645355225e-01 -1.018142327666282654e-01 -1.653697192668914795e-01 9.789667725563049316e-01 6.253690272569656372e-02
-2.266564369201660156e+01 -2.774645042419433594e+01 -2.878393530845642090e-01 -1.052281931042671204e-01 -1.645966917276382446e-01 9.784436225891113281e-01 6.695525348186492920e-02
-2.234182167053222656e+01 -2.777593231201171875e+01 -2.749847471714019775e-01 -1.092837154865264893e-01 -1.619101315736770630e-01 9.780839681625366211e-01 7.206971198320388794e-02
-2.201265525817871094e+01 -2.780500984191894531e+01 -2.699432373046875000e-01 -1.139788553118705750e-01 -1.585316061973571777e-01 9.776765704154968262e-01 7.762151956558227539e-02
-2.167845344543457031e+01 -2.783459854125976562e+01 -2.738586366176605225e-01 -1.192338764667510986e-01 -1.544641256332397461e-01 9.772182703018188477e-01 8.347769081592559814e-02
-2.133961868286132812e+01 -2.786558532714843750e+01 -2.886541783809661865e-01 -1.249679550528526306e-01 -1.496925055980682373e-01 9.767106175422668457e-01 8.950754255056381226e-02
-2.099687004089355469e+01 -2.789905166625976562e+01 -3.174523711204528809e-01 -1.311003714799880981e-01 -1.442013382911682129e-01 9.761571288108825684e-01 9.558083117008209229e-02
-2.065163040161132812e+01 -2.793653297424316406e+01 -3.653961122035980225e-01 -1.375503540039062500e-01 -1.379755586385726929e-01 9.755647778511047363e-01 1.015673130750656128e-01
-2.030718040466308594e+01 -2.798041725158691406e+01 -4.412304461002349854e-01 -1.442373692989349365e-01 -1.310019493103027344e-01 9.749425053596496582e-01 1.073362454771995544e-01
-1.996820449829101562e+01 -2.803150177001953125e+01 -5.527807474136352539e-01 -1.510813087224960327e-01 -1.232673972845077515e-01 9.743025302886962891e-01 1.127577945590019226e-01
-1.963425254821777344e+01 -2.808314895629882812e+01 -6.925323605537414551e-01 -1.580021083354949951e-01 -1.147592216730117798e-01 9.736588001251220703e-01 1.177030876278877258e-01
-1.929862976074218750e+01 -2.812174987792968750e+01 -8.451550006866455078e-01 -1.649202108383178711e-01 -1.054658293724060059e-01 9.730282425880432129e-01 1.220426186919212341e-01
-1.895026397705078125e+01 -2.813681411743164062e+01 -9.842260479927062988e-01 -1.717562377452850342e-01 -9.537570178508758545e-02 9.724277853965759277e-01 1.256479620933532715e-01
-1.858241653442382812e+01 -2.811166381835937500e+01 -1.074769854545593262e+00 -1.784309893846511841e-01 -8.447796106338500977e-02 9.718752503395080566e-01 1.283910274505615234e-01
-1.820455551147460938e+01 -2.805344200134277344e+01 -1.111899375915527344e+00 -1.848653256893157959e-01 -7.276120781898498535e-02 9.713872075080871582e-01 1.301440745592117310e-01
-1.782431793212890625e+01 -2.797079086303710938e+01 -1.105499863624572754e+00 -1.909937113523483276e-01 -6.023781001567840576e-02 9.709690213203430176e-01 1.308135092258453369e-01
-1.744520759582519531e+01 -2.787084007263183594e+01 -1.067716598510742188e+00 -1.968053877353668213e-01 -4.701158404350280762e-02 9.705887436866760254e-01 1.304407417774200439e-01
-1.706708908081054688e+01 -2.775936889648437500e+01 -1.009414076805114746e+00 -2.023035585880279541e-01 -3.321022540330886841e-02 9.702078700065612793e-01 1.291003227233886719e-01
-1.668548011779785156e+01 -2.763663101196289062e+01 -9.330437779426574707e-01 -2.074918150901794434e-01 -1.896159909665584564e-02 9.697896242141723633e-01 1.268694102764129639e-01
-1.630076789855957031e+01 -2.750322151184082031e+01 -8.400542736053466797e-01 -2.123745679855346680e-01 -4.394479095935821533e-03 9.693013429641723633e-01 1.238243430852890015e-01
-1.591374683380126953e+01 -2.735895919799804688e+01 -7.306445240974426270e-01 -2.169576883316040039e-01 1.036142185330390930e-02 9.687164425849914551e-01 1.200433373451232910e-01
-1.552807140350341797e+01 -2.719986724853515625e+01 -6.011584401130676270e-01 -2.212480008602142334e-01 2.517682127654552460e-02 9.680137038230895996e-01 1.156056523323059082e-01
-1.514817142486572266e+01 -2.701533699035644531e+01 -4.565893411636352539e-01 -2.252541333436965942e-01 3.992217406630516052e-02 9.671795964241027832e-01 1.105915680527687073e-01
-1.478142070770263672e+01 -2.678527832031250000e+01 -3.133441209793090820e-01 -2.289860844612121582e-01 5.446809157729148865e-02 9.662071466445922852e-01 1.050822958350181580e-01
-1.443109130859375000e+01 -2.649947357177734375e+01 -2.009179592132568359e-01 -2.324560433626174927e-01 6.868569552898406982e-02 9.650978446006774902e-01 9.915971755981445312e-02
-1.409351921081542969e+01 -2.616989135742187500e+01 -1.355969160795211792e-01 -2.356776595115661621e-01 8.244697749614715576e-02 9.638603925704956055e-01 9.290697425603866577e-02
-1.376548767089843750e+01 -2.581148338317871094e+01 -1.084393262863159180e-01 -2.386662960052490234e-01 9.562484174966812134e-02 9.625113010406494141e-01 8.640730381011962891e-02
-1.344696521759033203e+01 -2.543047332763671875e+01 -1.078848242759704590e-01 -2.414394021034240723e-01 1.080934032797813416e-01 9.610742330551147461e-01 7.974442839622497559e-02
-1.315007781982421875e+01 -2.504226493835449219e+01 -1.285479664802551270e-01 -2.440157085657119751e-01 1.197279617190361023e-01 9.595791697502136230e-01 7.300169765949249268e-02
-1.288051891326904297e+01 -2.464525032043457031e+01 -1.706158369779586792e-01 -2.464151382446289062e-01 1.304054558277130127e-01 9.580622315406799316e-01 6.626337021589279175e-02
-1.265215301513671875e+01 -2.423533630371093750e+01 -2.392309457063674927e-01 -2.486593872308731079e-01 1.400038301944732666e-01 9.565635323524475098e-01 5.961238592863082886e-02
-1.247372913360595703e+01 -2.381570816040039062e+01 -3.390539586544036865e-01 -2.507704794406890869e-01 1.484023034572601318e-01 9.551271796226501465e-01 5.313171446323394775e-02
-1.233888435363769531e+01 -2.339637565612792969e+01 -4.700585901737213135e-01 -2.527712285518646240e-01 1.554810255765914917e-01 9.537988305091857910e-01 4.690384864807128906e-02
-1.219587993621826172e+01 -2.299239158630371094e+01 -6.251342892646789551e-01 2.546847462654113770e-01 -1.611205935478210449e-01 -9.526247978210449219e-01 -4.101025313138961792e-02
-1.203774738311767578e+01 -2.259633064270019531e+01 -7.746160626411437988e-01 2.565336823463439941e-01 -1.652017682790756226e-01 -9.516493082046508789e-01 -3.553182631731033325e-02
-1.188481998443603516e+01 -2.219880294799804688e+01 -9.129784703254699707e-01 2.576209306716918945e-01 -1.635010540485382080e-01 -9.518634676933288574e-01 -2.923538908362388611e-02
-1.173663139343261719e+01 -2.180252647399902344e+01 -1.047630548477172852e+00 2.585400342941284180e-01 -1.620438247919082642e-01 -9.520133137702941895e-01 -2.386035397648811340e-02
-1.159542465209960938e+01 -2.140741729736328125e+01 -1.180565714836120605e+00 2.593063712120056152e-01 -1.608146429061889648e-01 -9.521159529685974121e-01 -1.934063062071800232e-02
-1.146868419647216797e+01 -2.101043701171875000e+01 -1.309609293937683105e+00 2.599345743656158447e-01 -1.597972810268402100e-01 -9.521843791007995605e-01 -1.560946553945541382e-02
-1.130421352386474609e+01 -2.061682510375976562e+01 -1.370347261428833008e+00 2.604382932186126709e-01 -1.589747965335845947e-01 -9.522289633750915527e-01 -1.259944960474967957e-02
-1.109614372253417969e+01 -2.024265098571777344e+01 -1.385125041007995605e+00 2.608386278152465820e-01 -1.576470881700515747e-01 -9.523703455924987793e-01 -1.005389913916587830e-02
-1.088213443756103516e+01 -1.987611579895019531e+01 -1.396893262863159180e+00 2.611766755580902100e-01 -1.516032963991165161e-01 -9.532878994941711426e-01 -6.750330328941345215e-03
-1.067143154144287109e+01 -1.951251411437988281e+01 -1.416309118270874023e+00 2.614128589630126953e-01 -1.443663537502288818e-01 -9.543629288673400879e-01 -3.582578152418136597e-03
-1.046763134002685547e+01 -1.915042686462402344e+01 -1.448315382003784180e+00 2.615567743778228760e-01 -1.360028088092803955e-01 -9.555579423904418945e-01 -4.948899149894714355e-04
-1.027320003509521484e+01 -1.878946495056152344e+01 -1.495779395103454590e+00 2.616194486618041992e-01 -1.265804767608642578e-01 -9.568311572074890137e-01 2.572841942310333252e-03
-1.009344005584716797e+01 -1.842947769165039062e+01 -1.566826105117797852e+00 2.616117000579833984e-01 -1.161694824695587158e-01 -9.581397175788879395e-01 5.685601383447647095e-03
-9.934454917907714844e+00 -1.807092666625976562e+01 -1.665803194046020508e+00 2.615428566932678223e-01 -1.048419103026390076e-01 -9.594394564628601074e-01 8.913597092032432556e-03
-9.800844192504882812e+00 -1.771394538879394531e+01 -1.782086133956909180e+00 2.600731849670410156e-01 -9.276694059371948242e-02 -9.610410928726196289e-01 1.249265484511852264e-02
-9.705032348632812500e+00 -1.735413169860839844e+01 -1.906324386596679688e+00 2.570499777793884277e-01 -8.001603931188583374e-02 -9.629390239715576172e-01 1.646443456411361694e-02
-9.647290229797363281e+00 -1.699029731750488281e+01 -2.023772478103637695e+00 2.532961666584014893e-01 -6.659699976444244385e-02 -9.648701548576354980e-01 2.077247388660907745e-02
-9.643238067626953125e+00 -1.662058258056640625e+01 -2.114854574203491211e+00 2.487600445747375488e-01 -5.258337408304214478e-02 -9.668011665344238281e-01 2.547432668507099152e-02
-9.688940048217773438e+00 -1.625179672241210938e+01 -2.167473793029785156e+00 2.433901280164718628e-01 -3.804926201701164246e-02 -9.686977863311767578e-01 3.062784671783447266e-02
-9.735696792602539062e+00 -1.588524341583251953e+01 -2.165344238281250000e+00 2.371356785297393799e-01 -2.306955307722091675e-02 -9.705243706703186035e-01 3.628974407911300659e-02
-9.633275985717773438e+00 -1.556671619415283203e+01 -2.081676483154296875e+00 2.299465388059616089e-01 -7.719784975051879883e-03 -9.722434878349304199e-01 4.251614585518836975e-02
-9.325790405273437500e+00 -1.547732067108154297e+01 -1.948442935943603516e+00 2.217735648155212402e-01 7.923815399408340454e-03 -9.738156795501708984e-01 4.936167970299720764e-02
-8.996268272399902344e+00 -1.551857376098632812e+01 -1.834395051002502441e+00 2.125966548919677734e-01 2.377378568053245544e-02 -9.751946330070495605e-01 5.685827136039733887e-02
-8.677343368530273438e+00 -1.560897159576416016e+01 -1.738123774528503418e+00 2.025104910135269165e-01 3.969796746969223022e-02 -9.763172864913940430e-01 6.494753062725067139e-02
-8.366087913513183594e+00 -1.570855045318603516e+01 -1.647926568984985352e+00 1.916420161724090576e-01 5.555314198136329651e-02 -9.771273732185363770e-01 7.354824244976043701e-02
-8.063554763793945312e+00 -1.582254981994628906e+01 -1.566086411476135254e+00 1.801220327615737915e-01 7.119598984718322754e-02 -9.775825142860412598e-01 8.258002251386642456e-02
-7.766676902770996094e+00 -1.593594932556152344e+01 -1.486240863800048828e+00 1.680848747491836548e-01 8.648349344730377197e-02 -9.776558279991149902e-01 9.196234494447708130e-02
-7.478044033050537109e+00 -1.605821800231933594e+01 -1.412916183471679688e+00 1.556684374809265137e-01 1.012738272547721863e-01 -9.773357510566711426e-01 1.016158461570739746e-01
-7.194621562957763672e+00 -1.617841339111328125e+01 -1.340969800949096680e+00 1.430134922266006470e-01 1.154277324676513672e-01 -9.766266345977783203e-01 1.114625185728073120e-01
-6.916737079620361328e+00 -1.629763793945312500e+01 -1.271027207374572754e+00 1.302629709243774414e-01 1.288072168827056885e-01 -9.755490422248840332e-01 1.214256882667541504e-01
-6.645611286163330078e+00 -1.641989517211914062e+01 -1.205219745635986328e+00 1.175615787506103516e-01 1.412777006626129150e-01 -9.741385579109191895e-01 1.314306408166885376e-01
-6.379622459411621094e+00 -1.653986930847167969e+01 -1.140834331512451172e+00 1.050547882914543152e-01 1.527076810598373413e-01 -9.724444746971130371e-01 1.414054334163665771e-01
-6.118768215179443359e+00 -1.665753173828125000e+01 -1.077905893325805664e+00 9.288854151964187622e-02 1.629685461521148682e-01 -9.705293774604797363e-01 1.512801945209503174e-01
-5.863798618316650391e+00 -1.677522468566894531e+01 -1.017890572547912598e+00 8.120843768119812012e-02 1.719351559877395630e-01 -9.684659838676452637e-01 1.609876155853271484e-01
-5.614310264587402344e+00 -1.689161300659179688e+01 -9.600469470024108887e-01 7.015911489725112915e-02 1.794846951961517334e-01 -9.663360118865966797e-01 1.704629212617874146e-01
-5.369951248168945312e+00 -1.700551033020019531e+01 -9.037219285964965820e-01 5.988430231809616089e-02 1.854967772960662842e-01 -9.642266631126403809e-01 1.796438694000244141e-01
-5.130696773529052734e+00 -1.711640548706054688e+01 -8.501025438308715820e-01 5.146320909261703491e-02 1.850598454475402832e-01 -9.631609916687011719e-01 1.882162839174270630e-01
-4.897002220153808594e+00 -1.722611808776855469e+01 -7.985949516296386719e-01 4.384195059537887573e-02 1.845244467258453369e-01 -9.619797468185424805e-01 1.965287327766418457e-01
-4.668677806854248047e+00 -1.733406639099121094e+01 -7.487493753433227539e-01 3.706644847989082336e-02 1.839733123779296875e-01 -9.607121348381042480e-01 2.044801115989685059e-01
-4.445504188537597656e+00 -1.743956184387207031e+01 -7.000500559806823730e-01 3.118783608078956604e-02 1.834422498941421509e-01 -9.593975543975830078e-01 2.119726985692977905e-01
-4.227465152740478516e+00 -1.754259300231933594e+01 -6.524944901466369629e-01 2.625557407736778259e-02 1.829681098461151123e-01 -9.580754637718200684e-01 2.189173251390457153e-01
-4.014563560485839844e+00 -1.764324760437011719e+01 -6.062096953392028809e-01 2.232055738568305969e-02 1.825880855321884155e-01 -9.567819237709045410e-01 2.252368777990341187e-01
-3.806988954544067383e+00 -1.774137687683105469e+01 -5.638678073883056641e-01 2.129486203193664551e-02 1.745118498802185059e-01 -9.570066332817077637e-01 2.307173460721969604e-01
-3.604555606842041016e+00 -1.783683776855468750e+01 -5.232257246971130371e-01 2.185643836855888367e-02 1.642504632472991943e-01 -9.576421380043029785e-01 2.355115711688995361e-01
-3.407246112823486328e+00 -1.792967605590820312e+01 -4.842376708984375000e-01 2.386149391531944275e-02 1.520176082849502563e-01 -9.585890769958496094e-01 2.396416068077087402e-01
-3.215039014816284180e+00 -1.801993942260742188e+01 -4.468554556369781494e-01 2.716541476547718048e-02 1.380265206098556519e-01 -9.597395658493041992e-01 2.431269437074661255e-01
-3.027878284454345703e+00 -1.810766410827636719e+01 -4.111559987068176270e-01 3.162278980016708374e-02 1.224920675158500671e-01 -9.609820246696472168e-01 2.459862679243087769e-01
-2.845612049102783203e+00 -1.819285202026367188e+01 -3.775927722454071045e-01 3.708748519420623779e-02 1.056310757994651794e-01 -9.622077941894531250e-01 2.482390254735946655e-01
-2.668386697769165039e+00 -1.827560424804687500e+01 -3.454461693763732910e-01 4.341227188706398010e-02 8.766470849514007568e-02 -9.633156061172485352e-01 2.499067783355712891e-01
-2.496185779571533203e+00 -1.835596656799316406e+01 -3.146533071994781494e-01 5.044984817504882812e-02 6.881630420684814453e-02 -9.642152190208435059e-01 2.510141432285308838e-01
-2.328997850418090820e+00 -1.843396949768066406e+01 -2.851458787918090820e-01 5.805247649550437927e-02 4.931323975324630737e-02 -9.648320078849792480e-01 2.515893280506134033e-01
-2.166818141937255859e+00 -1.850963783264160156e+01 -2.568542361259460449e-01 6.607270985841751099e-02 2.938629686832427979e-02 -9.651088714599609375e-01 2.516656219959259033e-01
-2.009204149246215820e+00 -1.858226966857910156e+01 -2.302252203226089478e-01 7.436405867338180542e-02 9.268096648156642914e-03 -9.650086164474487305e-01 2.512813806533813477e-01
-1.856531381607055664e+00 -1.865246963500976562e+01 -2.047552466392517090e-01 8.278127014636993408e-02 -1.080713421106338501e-02 -9.645156860351562500e-01 2.504799067974090576e-01
-1.708912968635559082e+00 -1.872039604187011719e+01 -1.802612245082855225e-01 9.118144214153289795e-02 -3.060462512075901031e-02 -9.636356234550476074e-01 2.493104189634323120e-01
