1.801170158386230469e+01 -1.003051471710205078e+01 4.117395877838134766e+00 -1.367202550172805786e-01 2.342897802591323853e-01 -6.063359603285789490e-02 9.605932831764221191e-01
1.823423004150390625e+01 -1.039128684997558594e+01 4.197574138641357422e+00 -1.366889178752899170e-01 2.263474613428115845e-01 -5.963584408164024353e-02 9.625625014305114746e-01
1.844655990600585938e+01 -1.077003860473632812e+01 4.271174430847167969e+00 -1.372475028038024902e-01 2.161111384630203247e-01 -6.078353896737098694e-02 9.647613167762756348e-01
1.866179084777832031e+01 -1.115749740600585938e+01 4.345896720886230469e+00 -1.383677870035171509e-01 2.037599682807922363e-01 -6.393057107925415039e-02 9.670828580856323242e-01
1.886603164672851562e+01 -1.156273365020751953e+01 4.411420345306396484e+00 -1.400187164545059204e-01 1.894718408584594727e-01 -6.893005222082138062e-02 9.694038629531860352e-01
1.906690597534179688e+01 -1.197629165649414062e+01 4.473010063171386719e+00 -1.421680003404617310e-01 1.734243184328079224e-01 -7.563175261020660400e-02 9.715926051139831543e-01
1.925837898254394531e+01 -1.240180873870849609e+01 4.524016380310058594e+00 -1.447820663452148438e-01 1.557979285717010498e-01 -8.388424664735794067e-02 9.735136032104492188e-01
1.944601058959960938e+01 -1.283612251281738281e+01 4.563467502593994141e+00 -1.478271633386611938e-01 1.367766708135604858e-01 -9.353390336036682129e-02 9.750337004661560059e-01
1.963785552978515625e+01 -1.327515602111816406e+01 4.594546794891357422e+00 -1.512694060802459717e-01 1.165496557950973511e-01 -1.044252738356590271e-01 9.760271906852722168e-01
1.984164428710937500e+01 -1.371495819091796875e+01 4.619829177856445312e+00 -1.550758779048919678e-01 9.531188756227493286e-02 -1.164013147354125977e-01 9.763799309730529785e-01
2.006347274780273438e+01 -1.415197277069091797e+01 4.643298625946044922e+00 -1.592150777578353882e-01 7.326372712850570679e-02 -1.293047368526458740e-01 9.759934544563293457e-01
2.030930900573730469e+01 -1.458205032348632812e+01 4.669118881225585938e+00 -1.636575758457183838e-01 5.061119049787521362e-02 -1.429773718118667603e-01 9.747882485389709473e-01
2.056609344482421875e+01 -1.499357891082763672e+01 4.695820331573486328e+00 -1.683762073516845703e-01 2.756522782146930695e-02 -1.572625488042831421e-01 9.727066159248352051e-01
2.082594680786132812e+01 -1.539114952087402344e+01 4.722591400146484375e+00 -1.733465045690536499e-01 4.340706393122673035e-03 -1.720056533813476562e-01 9.697144031524658203e-01
2.109098625183105469e+01 -1.577315139770507812e+01 4.749570369720458984e+00 -1.785480082035064697e-01 -1.884562708437442780e-02 -1.870545893907546997e-01 9.658033251762390137e-01
2.135957527160644531e+01 -1.614021110534667969e+01 4.776519775390625000e+00 -1.839639842510223389e-01 -4.177502915263175964e-02 -2.022621482610702515e-01 9.609901905059814453e-01
2.162666893005371094e+01 -1.649609565734863281e+01 4.803062915802001953e+00 -1.895811855792999268e-01 -6.422959268093109131e-02 -2.174860090017318726e-01 9.553183913230895996e-01
2.189960098266601562e+01 -1.683478736877441406e+01 4.829642295837402344e+00 -1.953921765089035034e-01 -8.599321544170379639e-02 -2.325906306505203247e-01 9.488564729690551758e-01
2.216873931884765625e+01 -1.716389656066894531e+01 4.855607032775878906e+00 -2.012635469436645508e-01 -1.068999469280242920e-01 -2.474423497915267944e-01 9.417205452919006348e-01
2.244251441955566406e+01 -1.747618293762207031e+01 4.881474971771240234e+00 -2.073874473571777344e-01 -1.267591416835784912e-01 -2.619875967502593994e-01 9.339619874954223633e-01
2.271332550048828125e+01 -1.777795600891113281e+01 4.906795024871826172e+00 -2.136327773332595825e-01 -1.454761326313018799e-01 -2.761586606502532959e-01 9.257073402404785156e-01
2.298714065551757812e+01 -1.806375122070312500e+01 4.931799888610839844e+00 -2.197576165199279785e-01 -1.630018502473831177e-01 -2.898662388324737549e-01 9.171229004859924316e-01
2.325994110107421875e+01 -1.833681678771972656e+01 4.956300258636474609e+00 -2.257934510707855225e-01 -1.792134344577789307e-01 -3.030667901039123535e-01 9.083228111267089844e-01
2.353444290161132812e+01 -1.859442901611328125e+01 4.980406761169433594e+00 -2.316782772541046143e-01 -1.940203458070755005e-01 -3.157067596912384033e-01 8.994501233100891113e-01
2.381129074096679688e+01 -1.883479881286621094e+01 5.004068374633789062e+00 -2.373525500297546387e-01 -2.073358446359634399e-01 -3.277377188205718994e-01 8.906533718109130859e-01
2.408786964416503906e+01 -1.906094932556152344e+01 5.027254104614257812e+00 -2.427591830492019653e-01 -2.190778702497482300e-01 -3.391154408454895020e-01 8.820847868919372559e-01
2.436931610107421875e+01 -1.926479530334472656e+01 5.051606178283691406e+00 -2.478432506322860718e-01 -2.291671633720397949e-01 -3.497981727123260498e-01 8.738977909088134766e-01
2.464775085449218750e+01 -1.945628356933593750e+01 5.076447486877441406e+00 -2.525510787963867188e-01 -2.375267595052719116e-01 -3.597471117973327637e-01 8.662453293800354004e-01
2.492852020263671875e+01 -1.962649917602539062e+01 5.104061603546142578e+00 -2.568300068378448486e-01 -2.440813034772872925e-01 -3.689248859882354736e-01 8.592771291732788086e-01
2.520712280273437500e+01 -1.978055381774902344e+01 5.134878635406494141e+00 -2.606267631053924561e-01 -2.487552464008331299e-01 -3.772933781147003174e-01 8.531377911567687988e-01
2.548185729980468750e+01 -1.992148399353027344e+01 5.168073654174804688e+00 -2.638873457908630371e-01 -2.514719367027282715e-01 -3.848143517971038818e-01 8.479641675949096680e-01
2.575476074218750000e+01 -2.004221725463867188e+01 5.208864688873291016e+00 -2.665547430515289307e-01 -2.521522939205169678e-01 -3.914459049701690674e-01 8.438826799392700195e-01
2.602131271362304688e+01 -2.015110588073730469e+01 5.255164623260498047e+00 -2.685695290565490723e-01 -2.507131695747375488e-01 -3.971426784992218018e-01 8.410058617591857910e-01
2.628095817565917969e+01 -2.024945259094238281e+01 5.306480407714843750e+00 -2.698673605918884277e-01 -2.470663785934448242e-01 -4.018532633781433105e-01 8.394306302070617676e-01
2.653257751464843750e+01 -2.033509063720703125e+01 5.369034290313720703e+00 -2.703775763511657715e-01 -2.411172986030578613e-01 -4.055185914039611816e-01 8.392335772514343262e-01
2.677386474609375000e+01 -2.041399192810058594e+01 5.439931392669677734e+00 -2.700231373310089111e-01 -2.327639609575271606e-01 -4.080706238746643066e-01 8.404682278633117676e-01
2.700465583801269531e+01 -2.048776245117187500e+01 5.517170429229736328e+00 -2.687176465988159180e-01 -2.218967229127883911e-01 -4.094290137290954590e-01 8.431611061096191406e-01
2.723214721679687500e+01 -2.056100082397460938e+01 5.610973358154296875e+00 -2.663655281066894531e-01 -2.083973288536071777e-01 -4.095017313957214355e-01 8.473064303398132324e-01
2.745702743530273438e+01 -2.063402938842773438e+01 5.716470718383789062e+00 -2.606446444988250732e-01 -1.932852417230606079e-01 -4.077015221118927002e-01 8.535131812095642090e-01
2.767968177795410156e+01 -2.070644760131835938e+01 5.832140922546386719e+00 -2.537334561347961426e-01 -1.757287085056304932e-01 -4.046340584754943848e-01 8.608193993568420410e-01
2.789955711364746094e+01 -2.077784156799316406e+01 5.958344459533691406e+00 -2.458166182041168213e-01 -1.559607088565826416e-01 -4.003872275352478027e-01 8.688731193542480469e-01
2.811529541015625000e+01 -2.084716033935546875e+01 6.096627235412597656e+00 -2.370770871639251709e-01 -1.342313438653945923e-01 -3.950390219688415527e-01 8.773371577262878418e-01
2.832799339294433594e+01 -2.091425895690917969e+01 6.244178295135498047e+00 -2.276943624019622803e-01 -1.108130216598510742e-01 -3.886604905128479004e-01 8.858999609947204590e-01
2.853789520263671875e+01 -2.097837448120117188e+01 6.400297641754150391e+00 -2.178441584110260010e-01 -8.600102365016937256e-02 -3.813199400901794434e-01 8.942834138870239258e-01
2.874542999267578125e+01 -2.103800582885742188e+01 6.564368247985839844e+00 -2.076990008354187012e-01 -6.011353060603141785e-02 -3.730876445770263672e-01 9.022489190101623535e-01
2.895241165161132812e+01 -2.108754920959472656e+01 6.735177516937255859e+00 -1.974283903837203979e-01 -3.348825126886367798e-02 -3.640405237674713135e-01 9.096015095710754395e-01
2.916110801696777344e+01 -2.107982063293457031e+01 6.903454303741455078e+00 -1.871989518404006958e-01 -6.478987634181976318e-03 -3.542670309543609619e-01 9.161929488182067871e-01
2.920042228698730469e+01 -2.082697868347167969e+01 6.904150962829589844e+00 -1.771736145019531250e-01 2.054807916283607483e-02 -3.438690900802612305e-01 9.219225645065307617e-01
2.918004035949707031e+01 -2.056085395812988281e+01 6.849822998046875000e+00 -1.675096750259399414e-01 4.722105711698532104e-02 -3.329658210277557373e-01 9.267385601997375488e-01
2.915989875793457031e+01 -2.029276847839355469e+01 6.795468807220458984e+00 -1.583574563264846802e-01 7.316380739212036133e-02 -3.216947019100189209e-01 9.306355714797973633e-01
2.913799476623535156e+01 -2.002253341674804688e+01 6.742817401885986328e+00 -1.498566567897796631e-01 9.800253063440322876e-02 -3.102130293846130371e-01 9.336521029472351074e-01
2.911346054077148438e+01 -1.975016403198242188e+01 6.692296028137207031e+00 -1.421338915824890137e-01 1.213678419589996338e-01 -2.986986041069030762e-01 9.358669519424438477e-01
2.908567047119140625e+01 -1.947566032409667969e+01 6.644337654113769531e+00 -1.352991461753845215e-01 1.428977847099304199e-01 -2.873507738113403320e-01 9.373920559883117676e-01
2.905412483215332031e+01 -1.919907188415527344e+01 6.599320411682128906e+00 -1.294430494308471680e-01 1.622398048639297485e-01 -2.763884961605072021e-01 9.383667111396789551e-01
2.901836395263671875e+01 -1.892045211791992188e+01 6.557611942291259766e+00 -1.246353983879089355e-01 1.790508180856704712e-01 -2.660493552684783936e-01 9.389485716819763184e-01
2.897794532775878906e+01 -1.863990402221679688e+01 6.519589900970458984e+00 -1.209248751401901245e-01 1.929968595504760742e-01 -2.565869092941284180e-01 9.393041729927062988e-01
2.892955970764160156e+01 -1.835812377929687500e+01 6.485435009002685547e+00 -1.183414906263351440e-01 2.037511169910430908e-01 -2.482649236917495728e-01 9.395984411239624023e-01
2.886925506591796875e+01 -1.807614135742187500e+01 6.454440116882324219e+00 -1.169017702341079712e-01 2.109908610582351685e-01 -2.413494139909744263e-01 9.399825334548950195e-01
2.879108047485351562e+01 -1.779604911804199219e+01 6.426258563995361328e+00 -1.151831001043319702e-01 2.141375839710235596e-01 -2.363802939653396606e-01 9.407455325126647949e-01
2.870296287536621094e+01 -1.751669311523437500e+01 6.399379730224609375e+00 -1.149554401636123657e-01 2.138359844684600830e-01 -2.329706251621246338e-01 9.416921734809875488e-01
2.860659408569335938e+01 -1.723760032653808594e+01 6.373569011688232422e+00 -1.161068230867385864e-01 2.103302925825119019e-01 -2.310842573642730713e-01 9.428045749664306641e-01
2.850052833557128906e+01 -1.695976257324218750e+01 6.348683834075927734e+00 -1.185194700956344604e-01 2.038553804159164429e-01 -2.306746840476989746e-01 9.440261125564575195e-01
2.838912582397460938e+01 -1.668160438537597656e+01 6.324267387390136719e+00 -1.220721453428268433e-01 1.946403682231903076e-01 -2.316886484622955322e-01 9.452692270278930664e-01
2.827373695373535156e+01 -1.640279769897460938e+01 6.300055027008056641e+00 -1.266406476497650146e-01 1.829104721546173096e-01 -2.340662181377410889e-01 9.464242458343505859e-01
2.815037345886230469e+01 -1.612499427795410156e+01 6.276273250579833984e+00 -1.320559531450271606e-01 1.688792854547500610e-01 -2.377506196498870850e-01 9.473729729652404785e-01
2.802580833435058594e+01 -1.584541988372802734e+01 6.252066612243652344e+00 -1.367866098880767822e-01 1.524123102426528931e-01 -2.428987771272659302e-01 9.481878280639648438e-01
2.789763069152832031e+01 -1.556518077850341797e+01 6.227798461914062500e+00 -1.420064717531204224e-01 1.340525746345520020e-01 -2.491730898618698120e-01 9.485656619071960449e-01
2.776358032226562500e+01 -1.528532409667968750e+01 6.203533649444580078e+00 -1.476858556270599365e-01 1.140518635511398315e-01 -2.564759552478790283e-01 9.483676552772521973e-01
2.762849617004394531e+01 -1.500366687774658203e+01 6.179059982299804688e+00 -1.537986397743225098e-01 9.267118573188781738e-02 -2.647186815738677979e-01 9.474608302116394043e-01
2.749240493774414062e+01 -1.472019958496093750e+01 6.154357910156250000e+00 -1.603214293718338013e-01 7.018221914768218994e-02 -2.738246023654937744e-01 9.457228183746337891e-01
2.735131263732910156e+01 -1.443686962127685547e+01 6.129456043243408203e+00 -1.672333627939224243e-01 4.686807096004486084e-02 -2.837311327457427979e-01 9.430445432662963867e-01
2.720769500732421875e+01 -1.415248775482177734e+01 6.104315280914306641e+00 -1.745163500308990479e-01 2.302397973835468292e-02 -2.943924367427825928e-01 9.393333196640014648e-01
2.706311798095703125e+01 -1.386628341674804688e+01 6.078906536102294922e+00 -1.821554303169250488e-01 -1.043014228343963623e-03 -3.057794570922851562e-01 9.345144033432006836e-01
2.691761589050292969e+01 -1.357825851440429688e+01 6.053230285644531250e+00 -1.901391744613647461e-01 -2.501460909843444824e-02 -3.178811073303222656e-01 9.285327196121215820e-01
2.676970481872558594e+01 -1.328915023803710938e+01 6.027264118194580078e+00 -1.984589397907257080e-01 -4.856066778302192688e-02 -3.307037353515625000e-01 9.213528037071228027e-01
2.661814117431640625e+01 -1.299959182739257812e+01 6.000998497009277344e+00 -2.071080505847930908e-01 -7.134060561656951904e-02 -3.442711830139160156e-01 9.129589796066284180e-01
2.646570587158203125e+01 -1.270814704895019531e+01 5.974489212036132812e+00 -2.160790115594863892e-01 -9.300354123115539551e-02 -3.586214184761047363e-01 9.033552408218383789e-01
2.631328582763671875e+01 -1.241645717620849609e+01 5.947905063629150391e+00 -2.253600060939788818e-01 -1.131915897130966187e-01 -3.738042414188385010e-01 8.925641179084777832e-01
2.616098022460937500e+01 -1.212519264221191406e+01 5.920090675354003906e+00 -2.300910800695419312e-01 -1.337275505065917969e-01 -3.891251087188720703e-01 8.819051980972290039e-01
2.600841712951660156e+01 -1.183409881591796875e+01 5.892005920410156250e+00 -2.340903729200363159e-01 -1.530528962612152100e-01 -4.048691689968109131e-01 8.705500960350036621e-01
2.585375404357910156e+01 -1.154417419433593750e+01 5.863674163818359375e+00 -2.374020516872406006e-01 -1.711620986461639404e-01 -4.209164977073669434e-01 8.585879206657409668e-01
2.569932365417480469e+01 -1.125423812866210938e+01 5.835142612457275391e+00 -2.400716543197631836e-01 -1.880521476268768311e-01 -4.371503293514251709e-01 8.461096882820129395e-01
2.554514884948730469e+01 -1.096430397033691406e+01 5.806449413299560547e+00 -2.421465814113616943e-01 -2.037239968776702881e-01 -4.534553289413452148e-01 8.332106471061706543e-01
2.539126014709472656e+01 -1.067439651489257812e+01 5.777636051177978516e+00 -2.436758279800415039e-01 -2.181818187236785889e-01 -4.697193503379821777e-01 8.199893236160278320e-01
2.523766517639160156e+01 -1.038453102111816406e+01 5.748744487762451172e+00 -2.447105795145034790e-01 -2.314324826002120972e-01 -4.858358800411224365e-01 8.065476417541503906e-01
2.508388328552246094e+01 -1.009500312805175781e+01 5.719822883605957031e+00 -2.453039288520812988e-01 -2.434868216514587402e-01 -5.017015337944030762e-01 7.929916381835937500e-01
2.492898559570312500e+01 -9.806331634521484375e+00 5.690924167633056641e+00 -2.455099225044250488e-01 -2.543583810329437256e-01 -5.172176361083984375e-01 7.794309258460998535e-01
2.477483558654785156e+01 -9.518586158752441406e+00 5.662147521972656250e+00 -2.453845888376235962e-01 -2.640635073184967041e-01 -5.322914719581604004e-01 7.659782767295837402e-01
2.462141990661621094e+01 -9.231795310974121094e+00 5.633534908294677734e+00 -2.449849843978881836e-01 -2.726213335990905762e-01 -5.468347668647766113e-01 7.527493834495544434e-01
2.446872901916503906e+01 -8.945987701416015625e+00 5.605124473571777344e+00 -2.443688213825225830e-01 -2.800536453723907471e-01 -5.607644319534301758e-01 7.398628592491149902e-01
2.431674766540527344e+01 -8.661189079284667969e+00 5.576954364776611328e+00 -2.435953021049499512e-01 -2.863837480545043945e-01 -5.740023851394653320e-01 7.274386882781982422e-01
2.416545295715332031e+01 -8.377429962158203125e+00 5.549058914184570312e+00 -2.427237927913665771e-01 -2.916367053985595703e-01 -5.864747166633605957e-01 7.155981063842773438e-01
2.401356697082519531e+01 -8.095410346984863281e+00 5.521512508392333984e+00 -2.418138384819030762e-01 -2.958387434482574463e-01 -5.981115698814392090e-01 7.044630050659179688e-01
2.386207771301269531e+01 -7.814603328704833984e+00 5.494304180145263672e+00 -2.403126209974288940e-01 -2.983424663543701172e-01 -6.091113090515136719e-01 6.944242119789123535e-01
2.371120071411132812e+01 -7.534908294677734375e+00 5.467455863952636719e+00 -2.389954626560211182e-01 -3.000184893608093262e-01 -6.191079020500183105e-01 6.852557063102722168e-01
2.356090736389160156e+01 -7.256368160247802734e+00 5.441006183624267578e+00 -2.383061498403549194e-01 -3.012530207633972168e-01 -6.278578042984008789e-01 6.769425868988037109e-01
2.341117095947265625e+01 -6.979012489318847656e+00 5.414984226226806641e+00 -2.382336407899856567e-01 -3.019425868988037109e-01 -6.353187561035156250e-01 6.696606874465942383e-01
2.326197052001953125e+01 -6.702869892120361328e+00 5.389409065246582031e+00 -2.387574464082717896e-01 -3.020054697990417480e-01 -6.414563655853271484e-01 6.635670661926269531e-01
2.311322975158691406e+01 -6.427952766418457031e+00 5.364266395568847656e+00 -2.388322502374649048e-01 -3.004564046859741211e-01 -6.467231512069702148e-01 6.591162681579589844e-01
2.296376419067382812e+01 -6.154910564422607422e+00 5.339616775512695312e+00 -2.391772568225860596e-01 -2.981228232383728027e-01 -6.508437991142272949e-01 6.559873819351196289e-01
2.281478691101074219e+01 -5.883067607879638672e+00 5.315350055694580078e+00 -2.397510558366775513e-01 -2.951212525367736816e-01 -6.538971662521362305e-01 6.540958881378173828e-01
2.266629409790039062e+01 -5.612407207489013672e+00 5.291430950164794922e+00 -2.405098974704742432e-01 -2.915645539760589600e-01 -6.559566855430603027e-01 6.533496975898742676e-01
2.251828575134277344e+01 -5.342916011810302734e+00 5.267822265625000000e+00 -2.414080351591110229e-01 -2.875630259513854980e-01 -6.570910215377807617e-01 6.536522507667541504e-01
2.237076377868652344e+01 -5.074581146240234375e+00 5.244482517242431641e+00 -2.423988133668899536e-01 -2.832262814044952393e-01 -6.573643088340759277e-01 6.549029946327209473e-01
2.222373008728027344e+01 -4.807386398315429688e+00 5.221376895904541016e+00 -2.434341609477996826e-01 -2.786619067192077637e-01 -6.568399071693420410e-01 6.569997072219848633e-01
2.207712936401367188e+01 -4.541356086730957031e+00 5.198472976684570312e+00 -2.444664984941482544e-01 -2.739779651165008545e-01 -6.555793881416320801e-01 6.598392128944396973e-01
2.192992210388183594e+01 -4.277036190032958984e+00 5.175827026367187500e+00 -2.454477399587631226e-01 -2.692822515964508057e-01 -6.536448001861572266e-01 6.633180975914001465e-01
2.178454780578613281e+01 -4.016183853149414062e+00 5.153512954711914062e+00 -2.463302463293075562e-01 -2.646828591823577881e-01 -6.510991454124450684e-01 6.673337817192077637e-01
2.164101028442382812e+01 -3.758784055709838867e+00 5.131495475769042969e+00 -2.470668405294418335e-01 -2.602885961532592773e-01 -6.480066776275634766e-01 6.717850565910339355e-01
2.149931335449218750e+01 -3.504817962646484375e+00 5.109735012054443359e+00 -2.476112544536590576e-01 -2.562095820903778076e-01 -6.444331407546997070e-01 6.765730977058410645e-01
2.135945510864257812e+01 -3.254266262054443359e+00 5.088194847106933594e+00 -2.479175627231597900e-01 -2.525559961795806885e-01 -6.404473185539245605e-01 6.816007494926452637e-01
2.122143936157226562e+01 -3.007110595703125000e+00 5.066839694976806641e+00 -2.479413449764251709e-01 -2.494392544031143188e-01 -6.361193656921386719e-01 6.867730617523193359e-01
2.108526611328125000e+01 -2.763329982757568359e+00 5.045632839202880859e+00 -2.476384490728378296e-01 -2.469713687896728516e-01 -6.315217614173889160e-01 6.919975280761718750e-01
2.094985771179199219e+01 -2.523494720458984375e+00 5.024676799774169922e+00 -2.469656616449356079e-01 -2.452656179666519165e-01 -6.267282962799072266e-01 6.971831321716308594e-01
2.081623649597167969e+01 -2.287019014358520508e+00 5.003806114196777344e+00 -2.458799481391906738e-01 -2.444352954626083374e-01 -6.218138337135314941e-01 7.022407054901123047e-01
2.068446731567382812e+01 -2.053852558135986328e+00 4.982979774475097656e+00 -2.443387061357498169e-01 -2.445934414863586426e-01 -6.168540716171264648e-01 7.070811986923217773e-01
2.055454063415527344e+01 -1.823974609375000000e+00 4.962164878845214844e+00 -2.422989755868911743e-01 -2.458536326885223389e-01 -6.119233369827270508e-01 7.116157412528991699e-01
2.042645454406738281e+01 -1.597366929054260254e+00 4.941329479217529297e+00 -2.397173494100570679e-01 -2.483283430337905884e-01 -6.070954203605651855e-01 7.157538533210754395e-01
2.030021286010742188e+01 -1.374011158943176270e+00 4.920453548431396484e+00 -2.365732640027999878e-01 -2.520819604396820068e-01 -6.024419665336608887e-01 7.194105386734008789e-01
2.017580986022949219e+01 -1.153874516487121582e+00 4.899565696716308594e+00 -2.329396456480026245e-01 -2.569894194602966309e-01 -5.980339646339416504e-01 7.225309014320373535e-01
2.005245399475097656e+01 -9.373595714569091797e-01 4.878833770751953125e+00 -2.289131283760070801e-01 -2.628777921199798584e-01 -5.939440727233886719e-01 7.250685691833496094e-01
1.993051910400390625e+01 -7.242260575294494629e-01 4.858234882354736328e+00 -2.245912253856658936e-01 -2.695747315883636475e-01 -5.902457237243652344e-01 7.269788384437561035e-01
1.981044197082519531e+01 -5.142028927803039551e-01 4.837735176086425781e+00 -2.200722396373748779e-01 -2.769089043140411377e-01 -5.870144367218017578e-01 7.282195687294006348e-01
1.969221115112304688e+01 -3.072570860385894775e-01 4.817370891571044922e+00 -2.154553979635238647e-01 -2.847099602222442627e-01 -5.843283534049987793e-01 7.287519574165344238e-01
1.957582664489746094e+01 -1.033551022410392761e-01 4.797177791595458984e+00 -2.108410149812698364e-01 -2.928084433078765869e-01 -5.822688937187194824e-01 7.285410761833190918e-01
1.946126937866210938e+01 9.753540158271789551e-02 4.777189731597900391e+00 -2.063309550285339355e-01 -3.010370135307312012e-01 -5.809198021888732910e-01 7.275551557540893555e-01
1.934853744506835938e+01 2.954473793506622314e-01 4.757439136505126953e+00 -2.020268440246582031e-01 -3.092290163040161133e-01 -5.803668498992919922e-01 7.257663011550903320e-01
1.923697471618652344e+01 4.900628626346588135e-01 4.738081932067871094e+00 -1.980322301387786865e-01 -3.172198534011840820e-01 -5.806986093521118164e-01 7.231485843658447266e-01
1.912054252624511719e+01 6.912902593612670898e-01 4.718311309814453125e+00 -1.944497227668762207e-01 -3.248449563980102539e-01 -5.820041298866271973e-01 7.196779847145080566e-01
1.900011634826660156e+01 8.996642827987670898e-01 4.697983741760253906e+00 -1.913823485374450684e-01 -3.319406807422637939e-01 -5.843723416328430176e-01 7.153301239013671875e-01
1.887568473815917969e+01 1.115222096443176270e+00 4.677127838134765625e+00 -1.889323294162750244e-01 -3.383427858352661133e-01 -5.878912806510925293e-01 7.100792527198791504e-01
1.874723815917968750e+01 1.338001728057861328e+00 4.655773162841796875e+00 -1.872007548809051514e-01 -3.438863158226013184e-01 -5.926457047462463379e-01 7.038957476615905762e-01
1.861477279663085938e+01 1.568083405494689941e+00 4.633908271789550781e+00 -1.856056004762649536e-01 -3.477468490600585938e-01 -5.990625619888305664e-01 6.969553828239440918e-01
1.847751235961914062e+01 1.805056691169738770e+00 4.611926078796386719e+00 -1.847991794347763062e-01 -3.503464758396148682e-01 -6.069381237030029297e-01 6.890083551406860352e-01
1.833576583862304688e+01 2.049089908599853516e+00 4.589767932891845703e+00 -1.854332387447357178e-01 -3.520202636718750000e-01 -6.160442829132080078e-01 6.798424720764160156e-01
1.819000053405761719e+01 2.300463199615478516e+00 4.567286014556884766e+00 -1.876397579908370972e-01 -3.525747656822204590e-01 -6.264005899429321289e-01 6.694062352180480957e-01
1.804024314880371094e+01 2.559217453002929688e+00 4.544521808624267578e+00 -1.915327906608581543e-01 -3.517926633358001709e-01 -6.380234956741333008e-01 6.576344966888427734e-01
1.788653755187988281e+01 2.825438261032104492e+00 4.522007465362548828e+00 -1.972020268440246582e-01 -3.494331836700439453e-01 -6.509216427803039551e-01 6.444445252418518066e-01
1.772897148132324219e+01 3.099256515502929688e+00 4.499588966369628906e+00 -2.030103504657745361e-01 -3.440599441528320312e-01 -6.658865809440612793e-01 6.300830841064453125e-01
1.756762886047363281e+01 3.380486488342285156e+00 4.476956367492675781e+00 -2.099704444408416748e-01 -3.366816639900207520e-01 -6.820244789123535156e-01 6.143293380737304688e-01
1.740435600280761719e+01 3.670112133026123047e+00 4.454985141754150391e+00 -2.179160416126251221e-01 -3.274439573287963867e-01 -6.989760398864746094e-01 5.972649455070495605e-01
1.723876762390136719e+01 3.967728137969970703e+00 4.433428764343261719e+00 -2.266819775104522705e-01 -3.165031969547271729e-01 -7.163892984390258789e-01 5.789883136749267578e-01
1.707408905029296875e+01 4.274960041046142578e+00 4.412847995758056641e+00 -2.361053526401519775e-01 -3.040283918380737305e-01 -7.339263558387756348e-01 5.596185326576232910e-01
1.691157150268554688e+01 4.592360973358154297e+00 4.393545150756835938e+00 -2.460287958383560181e-01 -2.902043461799621582e-01 -7.512705326080322266e-01 5.392996072769165039e-01
1.677098846435546875e+01 4.929018974304199219e+00 4.378903388977050781e+00 -2.563007771968841553e-01 -2.752311229705810547e-01 -7.681304812431335449e-01 5.182019472122192383e-01
1.675916862487792969e+01 5.290615081787109375e+00 4.383161544799804688e+00 -2.667795419692993164e-01 -2.593252062797546387e-01 -7.842469215393066406e-01 4.965237677097320557e-01
1.708885765075683594e+01 5.435230731964111328e+00 4.427186965942382812e+00 -2.773335874080657959e-01 -2.427175641059875488e-01 -7.993962168693542480e-01 4.744892120361328125e-01
1.747054290771484375e+01 5.425095081329345703e+00 4.477622032165527344e+00 -2.878438830375671387e-01 -2.256525009870529175e-01 -8.133926987648010254e-01 4.523484706878662109e-01
1.785663795471191406e+01 5.371968746185302734e+00 4.530899524688720703e+00 -2.982052564620971680e-01 -2.083851546049118042e-01 -8.260918855667114258e-01 4.303737282752990723e-01
1.824725723266601562e+01 5.299521923065185547e+00 4.588018894195556641e+00 -3.083273470401763916e-01 -1.911789327859878540e-01 -8.373895287513732910e-01 4.088563621044158936e-01
1.864354324340820312e+01 5.217757225036621094e+00 4.650509357452392578e+00 -3.181345760822296143e-01 -1.743028610944747925e-01 -8.472213745117187500e-01 3.881040513515472412e-01
1.904664230346679688e+01 5.134893894195556641e+00 4.720876216888427734e+00 -3.275660872459411621e-01 -1.580289602279663086e-01 -8.555591702461242676e-01 3.684369325637817383e-01
1.945762062072753906e+01 5.064537048339843750e+00 4.806045532226562500e+00 -3.365755379199981689e-01 -1.426289230585098267e-01 -8.624075055122375488e-01 3.501816391944885254e-01
1.987566375732421875e+01 5.010691642761230469e+00 4.907515525817871094e+00 -3.451282978057861328e-01 -1.283735334873199463e-01 -8.677961230278015137e-01 3.336715102195739746e-01
2.029902839660644531e+01 4.980212211608886719e+00 5.028479576110839844e+00 -3.532000184059143066e-01 -1.155292093753814697e-01 -8.717736005783081055e-01 3.192388713359832764e-01
2.072711563110351562e+01 4.972517490386962891e+00 5.163555622100830078e+00 -3.607735633850097656e-01 -1.043577939271926880e-01 -8.743975162506103516e-01 3.072147369384765625e-01
2.116434288024902344e+01 4.971116065979003906e+00 5.293797969818115234e+00 -3.678347170352935791e-01 -9.511587023735046387e-02 -8.757234215736389160e-01 2.979248166084289551e-01
2.160923957824707031e+01 4.968316078186035156e+00 5.423110008239746094e+00 -3.743682801723480225e-01 -8.805405348539352417e-02 -8.757930397987365723e-01 2.916869819164276123e-01
2.205636596679687500e+01 4.965661048889160156e+00 5.568869590759277344e+00 -3.764513134956359863e-01 -8.185746520757675171e-02 -8.762181997299194336e-01 2.895260453224182129e-01
2.250513648986816406e+01 4.963640689849853516e+00 5.731620788574218750e+00 -3.779759109020233154e-01 -7.780319452285766602e-02 -8.755567669868469238e-01 2.906562387943267822e-01
2.295952606201171875e+01 4.962025165557861328e+00 5.899675846099853516e+00 -3.790500462055206299e-01 -7.567815482616424561e-02 -8.738577365875244141e-01 2.949007153511047363e-01
2.342242431640625000e+01 4.960944175720214844e+00 6.065190315246582031e+00 -3.797558546066284180e-01 -7.526460289955139160e-02 -8.711336255073547363e-01 3.020709455013275146e-01
2.388251495361328125e+01 4.960848808288574219e+00 6.212962627410888672e+00 -3.801566064357757568e-01 -7.634593546390533447e-02 -8.673686385154724121e-01 3.119678795337677002e-01
2.429060554504394531e+01 4.934785366058349609e+00 6.286170005798339844e+00 -3.803032040596008301e-01 -7.871010899543762207e-02 -8.625255227088928223e-01 3.243824243545532227e-01
2.385941505432128906e+01 4.859431266784667969e+00 6.110710144042968750e+00 -3.802395761013031006e-01 -8.215390890836715698e-02 -8.565532565116882324e-01 3.390946388244628906e-01
2.342348670959472656e+01 4.799698829650878906e+00 5.959440231323242188e+00 -3.800064921379089355e-01 -8.648684620857238770e-02 -8.493935465812683105e-01 3.558731973171234131e-01
2.299214744567871094e+01 4.743340969085693359e+00 5.816245079040527344e+00 -3.796444833278656006e-01 -9.153294563293457031e-02 -8.409891724586486816e-01 3.744716048240661621e-01
2.256672096252441406e+01 4.688703536987304688e+00 5.678345680236816406e+00 -3.791940510272979736e-01 -9.713687747716903687e-02 -8.312900066375732422e-01 3.946305811405181885e-01
2.214800643920898438e+01 4.634787082672119141e+00 5.544067382812500000e+00 -3.786948621273040771e-01 -1.031659021973609924e-01 -8.202605843544006348e-01 4.160762429237365723e-01
2.173646163940429688e+01 4.581318378448486328e+00 5.412469387054443359e+00 -3.781841397285461426e-01 -1.095108538866043091e-01 -8.078885078430175781e-01 4.385205507278442383e-01
2.133242797851562500e+01 4.527790546417236328e+00 5.282977104187011719e+00 -3.776923120021820068e-01 -1.160881742835044861e-01 -7.941906452178955078e-01 4.616634845733642578e-01
2.093587303161621094e+01 4.474619865417480469e+00 5.155846595764160156e+00 -3.772401213645935059e-01 -1.228370890021324158e-01 -7.792202234268188477e-01 4.851976633071899414e-01
2.054714393615722656e+01 4.421393871307373047e+00 5.030398368835449219e+00 -3.768345415592193604e-01 -1.297172904014587402e-01 -7.630702257156372070e-01 5.088151097297668457e-01
2.016635704040527344e+01 4.368083953857421875e+00 4.906481742858886719e+00 -3.764677643775939941e-01 -1.367021203041076660e-01 -7.458765506744384766e-01 5.322148799896240234e-01
1.979317855834960938e+01 4.315501689910888672e+00 4.784978389739990234e+00 -3.761166036128997803e-01 -1.437718123197555542e-01 -7.278167605400085449e-01 5.551112890243530273e-01
1.942861747741699219e+01 4.262059688568115234e+00 4.663555145263671875e+00 -3.757469952106475830e-01 -1.509047001600265503e-01 -7.091065645217895508e-01 5.772432684898376465e-01
1.907185554504394531e+01 4.209255695343017578e+00 4.544109821319580078e+00 -3.753176033496856689e-01 -1.580722779035568237e-01 -6.899902224540710449e-01 5.983839035034179688e-01
1.872280502319335938e+01 4.157334327697753906e+00 4.426817417144775391e+00 -3.747894763946533203e-01 -1.652311384677886963e-01 -6.707335114479064941e-01 6.183428168296813965e-01
1.838257598876953125e+01 4.101809978485107422e+00 4.307607650756835938e+00 -3.624229431152343750e-01 -1.683846414089202881e-01 -6.517835855484008789e-01 6.445729136466979980e-01
1.805013084411621094e+01 4.047476768493652344e+00 4.190996170043945312e+00 -3.496006131172180176e-01 -1.691618114709854126e-01 -6.329134702682495117e-01 6.697642207145690918e-01
1.772594642639160156e+01 3.993637084960937500e+00 4.075824737548828125e+00 -3.365947604179382324e-01 -1.676726341247558594e-01 -6.142566800117492676e-01 6.937424540519714355e-01
1.741153526306152344e+01 3.937988281250000000e+00 3.958666801452636719e+00 -3.236394524574279785e-01 -1.640972793102264404e-01 -5.959221124649047852e-01 7.163842916488647461e-01
1.710465049743652344e+01 3.883826255798339844e+00 3.844168663024902344e+00 -3.109295070171356201e-01 -1.586675643920898438e-01 -5.779984593391418457e-01 7.376077771186828613e-01
1.680688285827636719e+01 3.828896284103393555e+00 3.729019165039062500e+00 -2.986231446266174316e-01 -1.516503691673278809e-01 -5.605593323707580566e-01 7.573636174201965332e-01
1.651908683776855469e+01 3.771931648254394531e+00 3.611355543136596680e+00 -2.868457138538360596e-01 -1.433340013027191162e-01 -5.436675548553466797e-01 7.756290435791015625e-01
1.623849868774414062e+01 3.716644287109375000e+00 3.496502876281738281e+00 -2.756957411766052246e-01 -1.340163946151733398e-01 -5.273834466934204102e-01 7.924002408981323242e-01
1.597132301330566406e+01 3.655462026596069336e+00 3.373587369918823242e+00 -2.652496993541717529e-01 -1.239977702498435974e-01 -5.117684602737426758e-01 8.076881766319274902e-01
1.571286678314208984e+01 3.593976974487304688e+00 3.250623703002929688e+00 -2.555662095546722412e-01 -1.135744899511337280e-01 -4.968887865543365479e-01 8.215157985687255859e-01
1.546794128417968750e+01 3.527345418930053711e+00 3.121244430541992188e+00 -2.466902732849121094e-01 -1.030359268188476562e-01 -4.828175306320190430e-01 8.339152336120605469e-01
1.523473358154296875e+01 3.457411527633666992e+00 2.987946033477783203e+00 -2.386559844017028809e-01 -9.266036748886108398e-02 -4.696376621723175049e-01 8.449247479438781738e-01
1.502095222473144531e+01 3.378146171569824219e+00 2.843713283538818359e+00 -2.314892858266830444e-01 -8.271436393260955811e-02 -4.574410021305084229e-01 8.545868992805480957e-01
1.482410717010498047e+01 3.292716026306152344e+00 2.693098783493041992e+00 -2.252106517553329468e-01 -7.345221191644668579e-02 -4.463281035423278809e-01 8.629462122917175293e-01
1.465345287322998047e+01 3.195248365402221680e+00 2.530098915100097656e+00 -2.198371440172195435e-01 -6.511456519365310669e-02 -4.364083409309387207e-01 8.700456023216247559e-01
1.452225017547607422e+01 3.081078529357910156e+00 2.353058338165283203e+00 -2.153849601745605469e-01 -5.792923271656036377e-02 -4.277975559234619141e-01 8.759238719940185547e-01
1.443496513366699219e+01 2.951994657516479492e+00 2.169591665267944336e+00 -2.118719220161437988e-01 -5.211095511913299561e-02 -4.206158816814422607e-01 8.806117177009582520e-01
1.437629222869873047e+01 2.814401149749755859e+00 1.990503549575805664e+00 -2.093206793069839478e-01 -4.786255210638046265e-02 -4.149852097034454346e-01 8.841273784637451172e-01
1.431571769714355469e+01 2.675715923309326172e+00 1.823474645614624023e+00 -2.077614665031433105e-01 -4.537359625101089478e-02 -4.110266864299774170e-01 8.864724636077880859e-01
1.423835563659667969e+01 2.540954589843750000e+00 1.671069860458374023e+00 -2.072363197803497314e-01 -4.482221603393554688e-02 -4.088569581508636475e-01 8.876260519027709961e-01
1.414238452911376953e+01 2.400569915771484375e+00 1.519811987876892090e+00 -2.038253247737884521e-01 -4.812663793563842773e-02 -4.083571135997772217e-01 8.884725570678710938e-01
1.402906417846679688e+01 2.255722045898437500e+00 1.371055841445922852e+00 -2.013483941555023193e-01 -5.335329473018646240e-02 -4.096943438053131104e-01 8.881232738494873047e-01
1.390057373046875000e+01 2.106817007064819336e+00 1.224097847938537598e+00 -1.997289061546325684e-01 -6.029717624187469482e-02 -4.128116965293884277e-01 8.865997195243835449e-01
1.375984191894531250e+01 1.953900694847106934e+00 1.077176451683044434e+00 -1.988862603902816772e-01 -6.875187158584594727e-02 -4.176441431045532227e-01 8.839065432548522949e-01
1.360942363739013672e+01 1.796243906021118164e+00 9.291082620620727539e-01 -1.987369656562805176e-01 -7.850943505764007568e-02 -4.241202175617218018e-01 8.800352215766906738e-01
1.341030120849609375e+01 1.635599374771118164e+00 8.476001024246215820e-01 -1.991949379444122314e-01 -8.936016261577606201e-02 -4.321621060371398926e-01 8.749697208404541016e-01
1.316950035095214844e+01 1.493764638900756836e+00 8.725469708442687988e-01 -2.001731842756271362e-01 -1.010923236608505249e-01 -4.416891634464263916e-01 8.686895966529846191e-01
1.292728805541992188e+01 1.364212036132812500e+00 9.269085526466369629e-01 -2.015832960605621338e-01 -1.134930849075317383e-01 -4.526176452636718750e-01 8.611741065979003906e-01
1.268534564971923828e+01 1.240062832832336426e+00 9.890033006668090820e-01 -2.033371031284332275e-01 -1.263473331928253174e-01 -4.648620486259460449e-01 8.524045944213867188e-01
1.244309425354003906e+01 1.121611952781677246e+00 1.055927753448486328e+00 -2.053469121456146240e-01 -1.394398510456085205e-01 -4.783360958099365234e-01 8.423678874969482422e-01
1.220025157928466797e+01 1.009349346160888672e+00 1.126628398895263672e+00 -2.075253725051879883e-01 -1.525540351867675781e-01 -4.929535686969757080e-01 8.310579061508178711e-01
1.195662975311279297e+01 9.040411114692687988e-01 1.200780630111694336e+00 -2.097874879837036133e-01 -1.654737442731857300e-01 -5.086288452148437500e-01 8.184768557548522949e-01
1.171203994750976562e+01 8.068872094154357910e-01 1.278477787971496582e+00 -2.120490074157714844e-01 -1.779834926128387451e-01 -5.252770185470581055e-01 8.046372532844543457e-01
1.146625709533691406e+01 7.198584079742431641e-01 1.360194087028503418e+00 -2.142282724380493164e-01 -1.898698210716247559e-01 -5.428149104118347168e-01 7.895617485046386719e-01
1.121903705596923828e+01 6.463909745216369629e-01 1.446901202201843262e+00 -2.162458747625350952e-01 -2.009212523698806763e-01 -5.611615180969238281e-01 7.732828259468078613e-01
1.097036457061767578e+01 5.929571390151977539e-01 1.540342926979064941e+00 -2.180246859788894653e-01 -2.109298408031463623e-01 -5.802377462387084961e-01 7.558425664901733398e-01
1.072142791748046875e+01 5.685632228851318359e-01 1.642226576805114746e+00 -2.194907516241073608e-01 -2.196909487247467041e-01 -5.999674797058105469e-01 7.372915148735046387e-01
1.047524070739746094e+01 5.768914818763732910e-01 1.751195669174194336e+00 -2.205719649791717529e-01 -2.270051538944244385e-01 -6.202752590179443359e-01 7.176874279975891113e-01
1.023565196990966797e+01 6.215948462486267090e-01 1.864644765853881836e+00 -2.211986035108566284e-01 -2.326777577400207520e-01 -6.410868167877197266e-01 6.970938444137573242e-01
1.000724315643310547e+01 7.068310379981994629e-01 1.977640390396118164e+00 -2.213036417961120605e-01 -2.365197092294692993e-01 -6.623289585113525391e-01 6.755763888359069824e-01
9.790548324584960938e+00 8.267736434936523438e-01 2.081207752227783203e+00 -2.208347618579864502e-01 -2.383929789066314697e-01 -6.838937997817993164e-01 6.532152295112609863e-01
9.579456329345703125e+00 9.720159769058227539e-01 2.160642147064208984e+00 -2.198001593351364136e-01 -2.383514940738677979e-01 -7.055402398109436035e-01 6.301502585411071777e-01
9.362587928771972656e+00 1.116253614425659180e+00 2.220492601394653320e+00 -2.182274013757705688e-01 -2.365031540393829346e-01 -7.270070314407348633e-01 6.065506935119628906e-01
9.130119323730468750e+00 1.210363149642944336e+00 2.301423311233520508e+00 -2.161500900983810425e-01 -2.329649031162261963e-01 -7.480503320693969727e-01 5.826037526130676270e-01
8.896803855895996094e+00 1.256110191345214844e+00 2.409448862075805664e+00 -2.136100530624389648e-01 -2.278641164302825928e-01 -7.684469223022460938e-01 5.585140585899353027e-01
8.666208267211914062e+00 1.283915400505065918e+00 2.525557756423950195e+00 -2.106549441814422607e-01 -2.213365435600280762e-01 -7.879977822303771973e-01 5.345036387443542480e-01
8.436163902282714844e+00 1.308525919914245605e+00 2.640706777572631836e+00 -2.073402404785156250e-01 -2.135267257690429688e-01 -8.065295815467834473e-01 5.108095407485961914e-01
8.204307556152343750e+00 1.339888930320739746e+00 2.748061418533325195e+00 -2.037275284528732300e-01 -2.045864760875701904e-01 -8.238958120346069336e-01 4.876834154129028320e-01
7.969572544097900391e+00 1.388220787048339844e+00 2.839413881301879883e+00 -1.998835653066635132e-01 -1.946730911731719971e-01 -8.399778604507446289e-01 4.653880596160888672e-01
7.733878135681152344e+00 1.468737125396728516e+00 2.898697376251220703e+00 -1.958812922239303589e-01 -1.839484721422195435e-01 -8.546833992004394531e-01 4.441956877708435059e-01
7.502668380737304688e+00 1.574982285499572754e+00 2.924108505249023438e+00 -1.917969733476638794e-01 -1.725764721632003784e-01 -8.679451942443847656e-01 4.243846833705902100e-01
7.273770809173583984e+00 1.686952471733093262e+00 2.929870843887329102e+00 -1.877095401287078857e-01 -1.607214808464050293e-01 -8.797181844711303711e-01 4.062383472919464111e-01
7.039284706115722656e+00 1.782528042793273926e+00 2.936856985092163086e+00 -1.837006807327270508e-01 -1.485469788312911987e-01 -8.899747729301452637e-01 3.900419175624847412e-01
6.797625541687011719e+00 1.851768136024475098e+00 2.955282211303710938e+00 -1.798519194126129150e-01 -1.362126618623733521e-01 -8.987011909484863281e-01 3.760792613029479980e-01
6.552748680114746094e+00 1.902673959732055664e+00 2.978438615798950195e+00 -1.762441098690032959e-01 -1.238740831613540649e-01 -9.058894515037536621e-01 3.646334707736968994e-01
6.306488037109375000e+00 1.942821025848388672e+00 3.000472307205200195e+00 -1.729565113782882690e-01 -1.116804108023643494e-01 -9.115321040153503418e-01 3.559815883636474609e-01
6.059604167938232422e+00 1.977697730064392090e+00 3.017369270324707031e+00 -1.700643002986907959e-01 -9.977372735738754272e-02 -9.156125187873840332e-01 3.503956198692321777e-01
5.812491416931152344e+00 2.010305166244506836e+00 3.025966167449951172e+00 -1.676388978958129883e-01 -8.828823268413543701e-02 -9.180968403816223145e-01 3.481386601924896240e-01
5.565042495727539062e+00 2.037645816802978516e+00 3.027640819549560547e+00 -1.657444238662719727e-01 -7.734887301921844482e-02 -9.189240932464599609e-01 3.494628369808197021e-01
5.317200660705566406e+00 2.056844949722290039e+00 3.023555278778076172e+00 -1.644380092620849609e-01 -6.707176566123962402e-02 -9.179953336715698242e-01 3.546066880226135254e-01
5.069141864776611328e+00 2.063143968582153320e+00 3.013791084289550781e+00 -1.637521684169769287e-01 -5.754900351166725159e-02 -9.152089357376098633e-01 3.636838495731353760e-01
4.821625709533691406e+00 2.055248260498046875e+00 2.999745607376098633e+00 -1.636553406715393066e-01 -4.881056398153305054e-02 -9.105952978134155273e-01 3.763650953769683838e-01
4.575772762298583984e+00 2.030392408370971680e+00 2.981219530105590820e+00 -1.640951931476593018e-01 -4.087137430906295776e-02 -9.042024612426757812e-01 3.921990096569061279e-01
4.331249713897705078e+00 2.000783681869506836e+00 2.958876371383666992e+00 -1.650171279907226562e-01 -3.374582156538963318e-02 -8.960664272308349609e-01 4.107254743576049805e-01
4.087311744689941406e+00 1.976752877235412598e+00 2.932662248611450195e+00 -1.663652211427688599e-01 -2.744838595390319824e-02 -8.862258791923522949e-01 4.314774572849273682e-01
3.843913555145263672e+00 1.964348673820495605e+00 2.903676748275756836e+00 -1.680857837200164795e-01 -2.199526131153106689e-02 -8.747336268424987793e-01 4.539873301982879639e-01
3.601887226104736328e+00 1.968242168426513672e+00 2.872449874877929688e+00 -1.701274216175079346e-01 -1.740253716707229614e-02 -8.616663813591003418e-01 4.777916371822357178e-01
3.362626791000366211e+00 1.989994406700134277e+00 2.839751482009887695e+00 -1.724435091018676758e-01 -1.368740946054458618e-02 -8.471329808235168457e-01 5.024357438087463379e-01
3.127053260803222656e+00 2.026805877685546875e+00 2.806176662445068359e+00 -1.749931424856185913e-01 -1.086769253015518188e-02 -8.312797546386718750e-01 5.274781584739685059e-01
2.887663602828979492e+00 2.077787399291992188e+00 2.770053148269653320e+00 -1.777426451444625854e-01 -8.961260318756103516e-03 -8.142936229705810547e-01 5.524972081184387207e-01
2.645136594772338867e+00 2.142357110977172852e+00 2.730867862701416016e+00 -1.806659996509552002e-01 -7.986240088939666748e-03 -7.964031696319580078e-01 5.770944952964782715e-01
2.400327205657958984e+00 2.220773935317993164e+00 2.688009500503540039e+00 -1.837458610534667969e-01 -7.960796356201171875e-03 -7.778777480125427246e-01 6.008995771408081055e-01
2.154404163360595703e+00 2.314038753509521484e+00 2.640681743621826172e+00 -1.869732737541198730e-01 -8.904613554477691650e-03 -7.590256333351135254e-01 6.235718727111816406e-01
1.909152746200561523e+00 2.423937320709228516e+00 2.587823390960693359e+00 -1.903485357761383057e-01 -1.083701103925704956e-02 -7.401889562606811523e-01 6.448025703430175781e-01
1.667399883270263672e+00 2.553221464157104492e+00 2.527957201004028320e+00 -1.938803941011428833e-01 -1.377943158149719238e-02 -7.217392921447753906e-01 6.643138527870178223e-01
1.433862328529357910e+00 2.705862998962402344e+00 2.459025144577026367e+00 -1.975850313901901245e-01 -1.775499433279037476e-02 -7.040697932243347168e-01 6.818583607673645020e-01
1.212797880172729492e+00 2.880218982696533203e+00 2.372557401657104492e+00 -2.014861404895782471e-01 -2.279001474380493164e-02 -6.875894665718078613e-01 6.972120404243469238e-01
1.024394512176513672e+00 3.047120332717895508e+00 2.213334798812866211e+00 -2.056120336055755615e-01 -2.891368418931961060e-02 -6.727142930030822754e-01 7.101711630821228027e-01
1.071442842483520508e+00 2.956784486770629883e+00 1.951861500740051270e+00 -2.099957764148712158e-01 -3.616018593311309814e-02 -6.598590612411499023e-01 7.205416560173034668e-01
1.231230497360229492e+00 2.735214710235595703e+00 1.781842589378356934e+00 -2.146708667278289795e-01 -4.456789791584014893e-02 -6.494289636611938477e-01 7.281292080879211426e-01
1.404372572898864746e+00 2.494640350341796875e+00 1.638715744018554688e+00 -2.196547687053680420e-01 -5.414883047342300415e-02 -6.417170763015747070e-01 7.328157424926757812e-01
1.585087895393371582e+00 2.240042686462402344e+00 1.514874815940856934e+00 -2.248995900154113770e-01 -6.479002535343170166e-02 -6.366198062896728516e-01 7.348044514656066895e-01
1.769450664520263672e+00 1.978649258613586426e+00 1.392092823982238770e+00 -2.303319573402404785e-01 -7.634449005126953125e-02 -6.339100599288940430e-01 7.343546748161315918e-01
1.957009196281433105e+00 1.708264708518981934e+00 1.274352431297302246e+00 -2.358715832233428955e-01 -8.866404742002487183e-02 -6.333382725715637207e-01 7.317006587982177734e-01
2.147211790084838867e+00 1.431038737297058105e+00 1.156105875968933105e+00 -2.414335161447525024e-01 -1.015980690717697144e-01 -6.346405744552612305e-01 7.270619869232177734e-01
2.338989257812500000e+00 1.145287394523620605e+00 1.039372563362121582e+00 -2.469295859336853027e-01 -1.149949580430984497e-01 -6.375456452369689941e-01 7.206506729125976562e-01
2.533283710479736328e+00 8.529620170593261719e-01 9.208758473396301270e-01 -2.522717416286468506e-01 -1.287019848823547363e-01 -6.417806744575500488e-01 7.126796245574951172e-01
2.726891994476318359e+00 5.510674715042114258e-01 8.026300072669982910e-01 -2.573728561401367188e-01 -1.425659954547882080e-01 -6.470765471458435059e-01 7.033676505088806152e-01
2.923798799514770508e+00 2.431518435478210449e-01 6.820043921470642090e-01 -2.621491551399230957e-01 -1.564345061779022217e-01 -6.531733870506286621e-01 6.929433941841125488e-01
3.116191387176513672e+00 -7.628173381090164185e-02 5.605273246765136719e-01 -2.665215730667114258e-01 -1.701565384864807129e-01 -6.598226428031921387e-01 6.816502809524536133e-01
3.312285184860229492e+00 -4.016662538051605225e-01 4.366680681705474854e-01 -2.704166471958160400e-01 -1.835836917161941528e-01 -6.667904853820800781e-01 6.697479486465454102e-01
3.499763011932373047e+00 -7.401537895202636719e-01 3.105072081089019775e-01 -2.737676203250885010e-01 -1.965702772140502930e-01 -6.738614439964294434e-01 6.575121283531188965e-01
3.689860820770263672e+00 -1.085379600524902344e+00 1.820617616176605225e-01 -2.765143513679504395e-01 -2.089755088090896606e-01 -6.808370947837829590e-01 6.452363133430480957e-01
3.864531278610229492e+00 -1.446019291877746582e+00 4.981322959065437317e-02 -2.786041200160980225e-01 -2.206625193357467651e-01 -6.875382065773010254e-01 6.332290172576904297e-01
4.036945819854736328e+00 -1.815407633781433105e+00 -8.520507812500000000e-02 -2.799899578094482422e-01 -2.314995676279067993e-01 -6.938028931617736816e-01 6.218127608299255371e-01
4.183554649353027344e+00 -2.202540159225463867e+00 -2.256365865468978882e-01 -2.806307971477508545e-01 -2.413599789142608643e-01 -6.994848847389221191e-01 6.113204360008239746e-01
4.300378322601318359e+00 -2.604984045028686523e+00 -3.715606629848480225e-01 -2.804892957210540771e-01 -2.501204907894134521e-01 -7.044497728347778320e-01 6.020929217338562012e-01
4.373554706573486328e+00 -3.023649930953979492e+00 -5.230309963226318359e-01 -2.795301079750061035e-01 -2.576613128185272217e-01 -7.085711359977722168e-01 5.944750308990478516e-01
4.378930568695068359e+00 -3.455490589141845703e+00 -6.779461503028869629e-01 -2.777181565761566162e-01 -2.638638317584991455e-01 -7.117245197296142578e-01 5.888095498085021973e-01
4.296750545501708984e+00 -3.888556957244873047e+00 -8.297185897827148438e-01 -2.750149965286254883e-01 -2.686092257499694824e-01 -7.137799263000488281e-01 5.854349136352539062e-01
4.123888969421386719e+00 -4.307244777679443359e+00 -9.692168831825256348e-01 -2.714017927646636963e-01 -2.718214988708496094e-01 -7.146416902542114258e-01 5.845865607261657715e-01
3.876442670822143555e+00 -4.703558444976806641e+00 -1.088959932327270508e+00 -2.669546008110046387e-01 -2.736045718193054199e-01 -7.143802642822265625e-01 5.861198306083679199e-01
3.583388566970825195e+00 -5.086055755615234375e+00 -1.181168198585510254e+00 -2.617669105529785156e-01 -2.741008400917053223e-01 -7.130940556526184082e-01 5.897826552391052246e-01
3.304582357406616211e+00 -5.492787837982177734e+00 -1.250065922737121582e+00 -2.559276521205902100e-01 -2.734481394290924072e-01 -7.108666896820068359e-01 5.953113436698913574e-01
3.072124004364013672e+00 -5.921932220458984375e+00 -1.301679611206054688e+00 -2.495229244232177734e-01 -2.717805504798889160e-01 -7.077756524085998535e-01 6.024344563484191895e-01
2.878916025161743164e+00 -6.361768722534179688e+00 -1.356711983680725098e+00 -2.426380813121795654e-01 -2.692322731018066406e-01 -7.038943767547607422e-01 6.108791828155517578e-01
2.706865072250366211e+00 -6.798882961273193359e+00 -1.433673620223999023e+00 -2.353600710630416870e-01 -2.659380733966827393e-01 -6.993002295494079590e-01 6.203722357749938965e-01
2.541543006896972656e+00 -7.225268363952636719e+00 -1.535159230232238770e+00 -2.277784794569015503e-01 -2.620357573032379150e-01 -6.940752863883972168e-01 6.306454539299011230e-01
2.376035213470458984e+00 -7.636237621307373047e+00 -1.661824345588684082e+00 -2.199860215187072754e-01 -2.576661109924316406e-01 -6.883117556571960449e-01 6.414368152618408203e-01
2.210815429687500000e+00 -8.034140586853027344e+00 -1.802193522453308105e+00 -2.120800614356994629e-01 -2.529745101928710938e-01 -6.821130514144897461e-01 6.524933576583862305e-01
2.046574592590332031e+00 -8.420880317687988281e+00 -1.949996948242187500e+00 -2.041623890399932861e-01 -2.481111139059066772e-01 -6.755949854850769043e-01 6.635736823081970215e-01
1.883478999137878418e+00 -8.797415733337402344e+00 -2.102174043655395508e+00 -1.963390558958053589e-01 -2.432307153940200806e-01 -6.688864231109619141e-01 6.744484901428222656e-01
1.721459865570068359e+00 -9.164381027221679688e+00 -2.256650447845458984e+00 -1.887203156948089600e-01 -2.384922802448272705e-01 -6.621296405792236328e-01 6.849015951156616211e-01
1.560209870338439941e+00 -9.522179603576660156e+00 -2.411846876144409180e+00 -1.814203411340713501e-01 -2.340592741966247559e-01 -6.554792523384094238e-01 6.947301030158996582e-01
1.399062514305114746e+00 -9.871043205261230469e+00 -2.566302537918090820e+00 -1.745563149452209473e-01 -2.300983220338821411e-01 -6.491003036499023438e-01 7.037425637245178223e-01
1.236513614654541016e+00 -1.021094703674316406e+01 -2.718251943588256836e+00 -1.682474911212921143e-01 -2.267787307500839233e-01 -6.431665420532226562e-01 7.117590904235839844e-01
1.069536089897155762e+00 -1.053963375091552734e+01 -2.869012355804443359e+00 -1.626146137714385986e-01 -2.242716848850250244e-01 -6.378572583198547363e-01 7.186075448989868164e-01
8.962109088897705078e-01 -1.085305118560791016e+01 -3.024009943008422852e+00 -1.577785760164260864e-01 -2.227488011121749878e-01 -6.333552598953247070e-01 7.241201996803283691e-01
7.149218320846557617e-01 -1.114274597167968750e+01 -3.194977998733520508e+00 -1.538599133491516113e-01 -2.223818004131317139e-01 -6.298419237136840820e-01 7.281295657157897949e-01
5.320336818695068359e-01 -1.140018272399902344e+01 -3.395600557327270508e+00 -1.509767025709152222e-01 -2.233406901359558105e-01 -6.274927258491516113e-01 7.304641008377075195e-01
3.503173887729644775e-01 -1.163872528076171875e+01 -3.606058359146118164e+00 -1.492115706205368042e-01 -2.257406413555145264e-01 -6.264315843582153320e-01 7.309996485710144043e-01
1.626367121934890747e-01 -1.187829780578613281e+01 -3.794973134994506836e+00 -1.485116034746170044e-01 -2.294829487800598145e-01 -6.265987753868103027e-01 7.298328280448913574e-01
-3.440918028354644775e-02 -1.213459491729736328e+01 -3.927713632583618164e+00 -1.487884521484375000e-01 -2.344126403331756592e-01 -6.278789043426513672e-01 7.271043658256530762e-01
-2.348510622978210449e-01 -1.240478038787841797e+01 -3.987695217132568359e+00 -1.499513238668441772e-01 -2.403708994388580322e-01 -6.301486492156982422e-01 7.229447364807128906e-01
-4.308422803878784180e-01 -1.267460441589355469e+01 -4.005472183227539062e+00 -1.519077122211456299e-01 -2.471967339515686035e-01 -6.332781910896301270e-01 7.174793481826782227e-01
-6.167309284210205078e-01 -1.294097900390625000e+01 -4.028476238250732422e+00 -1.545653641223907471e-01 -2.547282576560974121e-01 -6.371364593505859375e-01 7.108306884765625000e-01
-8.042016625404357910e-01 -1.317927932739257812e+01 -4.105926513671875000e+00 -1.578308343887329102e-01 -2.628027796745300293e-01 -6.415922045707702637e-01 7.031242251396179199e-01
-1.029113769531250000e+00 -1.339324474334716797e+01 -4.109529972076416016e+00 -1.616120487451553345e-01 -2.712590694427490234e-01 -6.465174555778503418e-01 6.944891810417175293e-01
-1.245566368103027344e+00 -1.360459899902343750e+01 -4.105097770690917969e+00 -1.658175736665725708e-01 -2.799373269081115723e-01 -6.517896652221679688e-01 6.850618720054626465e-01
-1.456953048706054688e+00 -1.383394527435302734e+01 -4.094199180603027344e+00 -1.703577041625976562e-01 -2.886801362037658691e-01 -6.572930216789245605e-01 6.749873161315917969e-01
-1.640073180198669434e+00 -1.409660816192626953e+01 -4.071178913116455078e+00 -1.751443147659301758e-01 -2.973332703113555908e-01 -6.629202365875244141e-01 6.644200682640075684e-01
-1.738820791244506836e+00 -1.440937709808349609e+01 -4.045273303985595703e+00 -1.800920069217681885e-01 -3.057467937469482422e-01 -6.685734391212463379e-01 6.535253524780273438e-01
-1.730585932731628418e+00 -1.474935054779052734e+01 -4.032510757446289062e+00 -1.851180791854858398e-01 -3.137751519680023193e-01 -6.741648912429809570e-01 6.424781084060668945e-01
-1.699167490005493164e+00 -1.509794616699218750e+01 -4.009140491485595703e+00 -1.901423335075378418e-01 -3.212773501873016357e-01 -6.796175837516784668e-01 6.314639449119567871e-01
-1.702355861663818359e+00 -1.545399379730224609e+01 -3.954855918884277344e+00 -1.950881779193878174e-01 -3.281178474426269531e-01 -6.848640441894531250e-01 6.206774115562438965e-01
-1.761015534400939941e+00 -1.580877876281738281e+01 -3.866997003555297852e+00 -1.998815238475799561e-01 -3.341652452945709229e-01 -6.898471713066101074e-01 6.103211641311645508e-01
