-6.694631099700927734e+00 -1.067258548736572266e+01 2.040466219186782837e-01 -2.178994417190551758e-01 1.843831688165664673e-02 -9.208660125732421875e-01 3.227781057357788086e-01
-6.669455528259277344e+00 -1.027986717224121094e+01 2.462560981512069702e-01 -2.120787799358367920e-01 1.126215606927871704e-02 -9.243665337562561035e-01 3.169263005256652832e-01
-6.634077072143554688e+00 -9.893005371093750000e+00 2.667584121227264404e-01 -2.065677940845489502e-01 3.879770636558532715e-03 -9.274234771728515625e-01 3.117698431015014648e-01
-6.582133769989013672e+00 -9.514242172241210938e+00 2.664153873920440674e-01 -2.013352364301681519e-01 -3.694225102663040161e-03 -9.300826787948608398e-01 3.072403669357299805e-01
-6.509487152099609375e+00 -9.146100997924804688e+00 2.502154409885406494e-01 -1.963165849447250366e-01 -1.144932582974433899e-02 -9.324062466621398926e-01 3.032283782958984375e-01
-6.416652679443359375e+00 -8.790083885192871094e+00 2.243701070547103882e-01 -1.914471387863159180e-01 -1.937511935830116272e-02 -9.344511628150939941e-01 2.996225059032440186e-01
-6.307648658752441406e+00 -8.446176528930664062e+00 1.940661519765853882e-01 -1.866606175899505615e-01 -2.746092341840267181e-02 -9.362713098526000977e-01 2.963101863861083984e-01
-6.189389705657958984e+00 -8.112607002258300781e+00 1.617211848497390747e-01 -1.818904727697372437e-01 -3.569650650024414062e-02 -9.379171133041381836e-01 2.931774258613586426e-01
-6.064902305603027344e+00 -7.788627624511718750e+00 1.280163526535034180e-01 -1.770699173212051392e-01 -4.407087713479995728e-02 -9.394362568855285645e-01 2.901095747947692871e-01
-5.936935901641845703e+00 -7.473373889923095703e+00 9.356750547885894775e-02 -1.721304208040237427e-01 -5.257371068000793457e-02 -9.408736228942871094e-01 2.869912385940551758e-01
-5.809555530548095703e+00 -7.165130615234375000e+00 5.928466841578483582e-02 -1.670042872428894043e-01 -6.119388714432716370e-02 -9.422714114189147949e-01 2.837065756320953369e-01
-5.682253360748291016e+00 -6.864114761352539062e+00 2.505432069301605225e-02 -1.616234481334686279e-01 -6.992046535015106201e-02 -9.436690807342529297e-01 2.801384031772613525e-01
-5.537839412689208984e+00 -6.578339576721191406e+00 -1.684570306679233909e-04 -1.559185832738876343e-01 -7.874198257923126221e-02 -9.451029300689697266e-01 2.761693596839904785e-01
-5.379394531250000000e+00 -6.306346416473388672e+00 -1.772460900247097015e-02 -1.498207151889801025e-01 -8.764687180519104004e-02 -9.466050267219543457e-01 2.716812789440155029e-01
-5.224135398864746094e+00 -6.040120601654052734e+00 -3.503112867474555969e-02 -1.432598829269409180e-01 -9.662291407585144043e-02 -9.482032060623168945e-01 2.665545046329498291e-01
-5.071838378906250000e+00 -5.779755592346191406e+00 -5.199645832180976868e-02 -1.361662596464157104e-01 -1.056576967239379883e-01 -9.499194025993347168e-01 2.606690227985382080e-01
-4.922221660614013672e+00 -5.525379657745361328e+00 -6.849426031112670898e-02 -1.284686028957366943e-01 -1.147379875183105469e-01 -9.517688155174255371e-01 2.539036870002746582e-01
-4.775695800781250000e+00 -5.276740550994873047e+00 -8.474975079298019409e-02 -1.200957223773002625e-01 -1.238497793674468994e-01 -9.537587761878967285e-01 2.461352050304412842e-01
-4.632216930389404297e+00 -5.033831596374511719e+00 -1.007562205195426941e-01 -1.109758168458938599e-01 -1.329781711101531982e-01 -9.558861851692199707e-01 2.372395396232604980e-01
-4.490817546844482422e+00 -4.797173976898193359e+00 -1.160363778471946716e-01 -1.010360345244407654e-01 -1.421070694923400879e-01 -9.581372141838073730e-01 2.270913124084472656e-01
-4.352187633514404297e+00 -4.566363334655761719e+00 -1.309460401535034180e-01 -9.020338952541351318e-02 -1.512189507484436035e-01 -9.604836106300354004e-01 2.155631780624389648e-01
-4.216503620147705078e+00 -4.341279029846191406e+00 -1.455816626548767090e-01 -7.840502262115478516e-02 -1.602946072816848755e-01 -9.628816843032836914e-01 2.025269269943237305e-01
-4.083705902099609375e+00 -4.121960163116455078e+00 -1.598968505859375000e-01 -6.560376286506652832e-02 -1.692949086427688599e-01 -9.652595520019531250e-01 1.879079490900039673e-01
-3.952299833297729492e+00 -3.909304141998291016e+00 -1.730535924434661865e-01 -5.191228166222572327e-02 -1.781091243028640747e-01 -9.674963951110839844e-01 1.718519330024719238e-01
-3.823896408081054688e+00 -3.701893329620361328e+00 -1.843963563442230225e-01 -3.840726241469383240e-02 -1.807983368635177612e-01 -9.705752730369567871e-01 1.543382406234741211e-01
-3.698647260665893555e+00 -3.499844789505004883e+00 -1.940930187702178955e-01 -2.477811276912689209e-02 -1.781606227159500122e-01 -9.742620587348937988e-01 1.358607560396194458e-01
-3.576664924621582031e+00 -3.303726673126220703e+00 -2.034716755151748657e-01 -1.018954813480377197e-02 -1.758580952882766724e-01 -9.773935079574584961e-01 1.169276759028434753e-01
-3.456450223922729492e+00 -3.114473819732666016e+00 -2.117260694503784180e-01 5.170077085494995117e-03 -1.739563941955566406e-01 -9.798778295516967773e-01 9.773406386375427246e-02
-3.339343070983886719e+00 -2.931353807449340820e+00 -2.195074409246444702e-01 2.108703367412090302e-02 -1.725029051303863525e-01 -9.816527366638183594e-01 7.845978438854217529e-02
-3.225734710693359375e+00 -2.754184484481811523e+00 -2.269805818796157837e-01 3.732716664671897888e-02 -1.715267896652221680e-01 -9.826861619949340820e-01 5.927114933729171753e-02
-3.115668773651123047e+00 -2.582965135574340820e+00 -2.341461181640625000e-01 5.364239215850830078e-02 -1.710387617349624634e-01 -9.829761385917663574e-01 4.032268375158309937e-02
-3.009094238281250000e+00 -2.417759895324707031e+00 -2.409442067146301270e-01 6.977622210979461670e-02 -1.710321605205535889e-01 -9.825505614280700684e-01 2.176060155034065247e-02
-2.904816865921020508e+00 -2.259293079376220703e+00 -2.467077523469924927e-01 8.546993881464004517e-02 -1.714830845594406128e-01 -9.814655780792236328e-01 3.725283779203891754e-03
-2.804289579391479492e+00 -2.106710195541381836e+00 -2.522106766700744629e-01 1.004676520824432373e-01 -1.723512560129165649e-01 -9.798035621643066406e-01 -1.364447548985481262e-02
-2.707563400268554688e+00 -1.959985256195068359e+00 -2.574652135372161865e-01 -1.145216822624206543e-01 1.735802292823791504e-01 9.776717424392700195e-01 3.020759671926498413e-02
-2.614685058593750000e+00 -1.819088101387023926e+00 -2.624865770339965820e-01 -1.273972392082214355e-01 1.750984042882919312e-01 9.751980900764465332e-01 4.581677168607711792e-02
-2.520180702209472656e+00 -1.675158619880676270e+00 -2.676251232624053955e-01 -1.388764083385467529e-01 1.768196374177932739e-01 9.725277423858642578e-01 6.031477823853492737e-02
-2.423112630844116211e+00 -1.528758525848388672e+00 -2.723248302936553955e-01 -1.487623006105422974e-01 1.786446571350097656e-01 9.698191881179809570e-01 7.352929562330245972e-02
-2.324099063873291016e+00 -1.379500746726989746e+00 -2.769335806369781494e-01 -1.568820178508758545e-01 1.804632991552352905e-01 9.672383069992065430e-01 8.527040481567382812e-02
-2.223593711853027344e+00 -1.227097153663635254e+00 -2.816918790340423584e-01 -1.630892455577850342e-01 1.821582466363906860e-01 9.649521708488464355e-01 9.532797336578369141e-02
-2.121652841567993164e+00 -1.071500182151794434e+00 -2.866155803203582764e-01 -1.672650873661041260e-01 1.836096793413162231e-01 9.631218910217285156e-01 1.034694015979766846e-01
-2.018337249755859375e+00 -9.126623272895812988e-01 -2.917156815528869629e-01 -1.693197488784790039e-01 1.847022920846939087e-01 9.618932604789733887e-01 1.094401329755783081e-01
-1.913124918937683105e+00 -7.501769661903381348e-01 -2.928222715854644775e-01 -1.708631664514541626e-01 1.714543700218200684e-01 9.639415144920349121e-01 1.105702593922615051e-01
-1.810427188873291016e+00 -5.904321074485778809e-01 -2.935601770877838135e-01 -1.706604659557342529e-01 1.565488874912261963e-01 9.666703343391418457e-01 1.091596335172653198e-01
-1.710268497467041016e+00 -4.334326088428497314e-01 -2.940148711204528809e-01 -1.688865125179290771e-01 1.402153968811035156e-01 9.698998928070068359e-01 1.054083034396171570e-01
-1.612575650215148926e+00 -2.792529165744781494e-01 -2.942071557044982910e-01 -1.657151579856872559e-01 1.226837188005447388e-01 9.734389781951904297e-01 9.951686859130859375e-02
-1.515532135963439941e+00 -1.290960609912872314e-01 -2.929876744747161865e-01 -1.613210886716842651e-01 1.041863337159156799e-01 9.770947694778442383e-01 9.168814867734909058e-02
-1.420510172843933105e+00 1.791076548397541046e-02 -2.913531363010406494e-01 -1.558820754289627075e-01 8.495974540710449219e-02 9.806821942329406738e-01 8.212731033563613892e-02
-1.327775835990905762e+00 1.619238257408142090e-01 -2.895593345165252686e-01 -1.495796740055084229e-01 6.524532288312911987e-02 9.840333461761474609e-01 7.104457169771194458e-02
-1.236718773841857910e+00 3.025280833244323730e-01 -2.873297035694122314e-01 -1.426001936197280884e-01 4.528909549117088318e-02 9.870024323463439941e-01 5.865382403135299683e-02
-1.145593285560607910e+00 4.385467469692230225e-01 -2.837353348731994629e-01 -1.351351439952850342e-01 2.534137107431888580e-02 9.894723892211914062e-01 4.517335817217826843e-02
-1.056589365005493164e+00 5.714935064315795898e-01 -2.801446616649627686e-01 -1.273805946111679077e-01 5.655574146658182144e-03 9.913585782051086426e-01 3.082453086972236633e-02
-9.696337580680847168e-01 7.013567686080932617e-01 -2.766143679618835449e-01 -1.195373237133026123e-01 -1.351299416273832321e-02 9.926114082336425781e-01 1.583147235214710236e-02
-8.812597393989562988e-01 8.256738185882568359e-01 -2.714740037918090820e-01 -1.118094399571418762e-01 -3.190870210528373718e-02 9.932170510292053223e-01 4.189268220216035843e-04
-7.947778105735778809e-01 9.469103813171386719e-01 -2.665063440799713135e-01 1.044038385152816772e-01 4.927696287631988525e-02 -9.931973814964294434e-01 1.518936641514301300e-02
-7.097241282463073730e-01 1.064776539802551270e+00 -2.616107165813446045e-01 9.752919524908065796e-02 6.536554545164108276e-02 -9.926068782806396484e-01 3.077074512839317322e-02
-6.171997189521789551e-01 1.183889746665954590e+00 -2.552844285964965820e-01 9.139510989189147949e-02 7.992598414421081543e-02 -9.915305972099304199e-01 4.610687866806983948e-02
-5.209472775459289551e-01 1.307272911071777344e+00 -2.492596358060836792e-01 8.621124178171157837e-02 9.271342307329177856e-02 -9.900772571563720703e-01 6.098322197794914246e-02
-4.165136516094207764e-01 1.431216955184936523e+00 -2.420086562633514404e-01 8.218675106763839722e-02 1.034862920641899109e-01 -9.883735775947570801e-01 7.519098371267318726e-02
-3.069848418235778809e-01 1.558457612991333008e+00 -2.347308248281478882e-01 7.953042536973953247e-02 1.120068356394767761e-01 -9.865559339523315430e-01 8.852569758892059326e-02
-1.881420910358428955e-01 1.685062885284423828e+00 -2.265222072601318359e-01 7.845011353492736816e-02 1.180394962430000305e-01 -9.847609400749206543e-01 1.007885932922363281e-01
-6.328124552965164185e-02 1.814120411872863770e+00 -2.185461372137069702e-01 7.915331423282623291e-02 1.213481575250625610e-01 -9.831141829490661621e-01 1.117845922708511353e-01
6.930175423622131348e-02 1.943964242935180664e+00 -2.107983380556106567e-01 8.178482949733734131e-02 1.217755898833274841e-01 -9.817089438438415527e-01 1.213652044534683228e-01
2.082104384899139404e-01 2.075941085815429688e+00 -2.042266726493835449e-01 8.623930066823959351e-02 1.194772869348526001e-01 -9.805629253387451172e-01 1.295545250177383423e-01
3.523144423961639404e-01 2.211227416992187500e+00 -1.987011730670928955e-01 9.234600514173507690e-02 1.146849319338798523e-01 -9.796477556228637695e-01 1.364174634218215942e-01
5.011181235313415527e-01 2.350356340408325195e+00 -1.952398568391799927e-01 9.993167221546173096e-02 1.076270863413810730e-01 -9.789084792137145996e-01 1.420153975486755371e-01
6.544067263603210449e-01 2.493494749069213867e+00 -1.927917450666427612e-01 1.088206917047500610e-01 9.853064268827438354e-02 -9.782712459564208984e-01 1.464075744152069092e-01
8.121826052665710449e-01 2.640607833862304688e+00 -1.913030892610549927e-01 1.188355907797813416e-01 8.762270957231521606e-02 -9.776525497436523438e-01 1.496521681547164917e-01
9.742650985717773438e-01 2.791853666305541992e+00 -1.906512379646301270e-01 1.297973543405532837e-01 7.513199746608734131e-02 -9.769660234451293945e-01 1.518068611621856689e-01
1.140776395797729492e+00 2.947065353393554688e+00 -1.903967261314392090e-01 1.415263861417770386e-01 6.128874421119689941e-02 -9.761282801628112793e-01 1.529299169778823853e-01
1.311315894126892090e+00 3.106632709503173828e+00 -1.905468702316284180e-01 1.538421213626861572e-01 4.632583260536193848e-02 -9.750653505325317383e-01 1.530816704034805298e-01
1.486074209213256836e+00 3.270300149917602539e+00 -1.907238662242889404e-01 1.665652990341186523e-01 3.047888353466987610e-02 -9.737167954444885254e-01 1.523247957229614258e-01
1.664782643318176270e+00 3.438313484191894531e+00 -1.907867342233657837e-01 1.795174032449722290e-01 1.398610137403011322e-02 -9.720390439033508301e-01 1.507243961095809937e-01
1.847119092941284180e+00 3.610953330993652344e+00 -1.902966201305389404e-01 1.925226449966430664e-01 -2.912763506174087524e-03 -9.700098633766174316e-01 1.483489274978637695e-01
2.033207893371582031e+00 3.788035154342651367e+00 -1.892187446355819702e-01 2.054084390401840210e-01 -1.997653394937515259e-02 -9.676284790039062500e-01 1.452699452638626099e-01
2.222248554229736328e+00 3.970317363739013672e+00 -1.868041902780532837e-01 2.180065363645553589e-01 -3.696378320455551147e-02 -9.649180173873901367e-01 1.415627002716064453e-01
2.413625478744506836e+00 4.158307552337646484e+00 -1.823370307683944702e-01 2.301536500453948975e-01 -5.363401025533676147e-02 -9.619252681732177734e-01 1.373045146465301514e-01
2.606577157974243164e+00 4.352613449096679688e+00 -1.750134229660034180e-01 2.416918873786926270e-01 -6.974835693836212158e-02 -9.587198495864868164e-01 1.325757354497909546e-01
2.801196336746215820e+00 4.552930831909179688e+00 -1.632037311792373657e-01 2.524695396423339844e-01 -8.507066220045089722e-02 -9.553933739662170410e-01 1.274582743644714355e-01
3.000502824783325195e+00 4.756028175354003906e+00 -1.451849341392517090e-01 2.623406350612640381e-01 -9.936780482530593872e-02 -9.520561695098876953e-01 1.220353916287422180e-01
3.209389686584472656e+00 4.956644058227539062e+00 -1.198571771383285522e-01 2.711644172668457031e-01 -1.124102771282196045e-01 -9.488344788551330566e-01 1.163907423615455627e-01
3.432343721389770508e+00 5.149214744567871094e+00 -8.749206364154815674e-02 2.788047790527343750e-01 -1.239718943834304810e-01 -9.458670020103454590e-01 1.106080859899520874e-01
3.669160127639770508e+00 5.330710411071777344e+00 -4.768676683306694031e-02 2.786144912242889404e-01 -1.243989914655685425e-01 -9.460355043411254883e-01 1.091585904359817505e-01
3.921020507812500000e+00 5.500682353973388672e+00 -4.969482310116291046e-03 2.783328890800476074e-01 -1.250277906656265259e-01 -9.462795257568359375e-01 1.070221066474914551e-01
4.185449123382568359e+00 5.661546707153320312e+00 3.909911960363388062e-02 2.779625356197357178e-01 -1.258488297462463379e-01 -9.465913176536560059e-01 1.042285710573196411e-01
4.460080623626708984e+00 5.816412448883056641e+00 8.374084532260894775e-02 2.775082588195800781e-01 -1.268475502729415894e-01 -9.469600319862365723e-01 1.008238792419433594e-01
4.743232250213623047e+00 5.967849731445312500e+00 1.288055330514907837e-01 2.769762277603149414e-01 -1.280049830675125122e-01 -9.473726153373718262e-01 9.686959534883499146e-02
5.035695552825927734e+00 6.113977909088134766e+00 1.739092916250228882e-01 2.763748168945312500e-01 -1.292984485626220703e-01 -9.478151202201843262e-01 9.243955463171005249e-02
5.335890769958496094e+00 6.257374763488769531e+00 2.190850824117660522e-01 2.757137119770050049e-01 -1.307022571563720703e-01 -9.482729434967041016e-01 8.761832118034362793e-02
5.642999172210693359e+00 6.399617195129394531e+00 2.645446658134460449e-01 2.750042378902435303e-01 -1.321885585784912109e-01 -9.487321972846984863e-01 8.249872922897338867e-02
5.959633827209472656e+00 6.534858703613281250e+00 3.091869950294494629e-01 2.742589712142944336e-01 -1.337278038263320923e-01 -9.491796493530273438e-01 7.718005776405334473e-02
6.283327579498291016e+00 6.667955398559570312e+00 3.537115454673767090e-01 2.734919488430023193e-01 -1.352896988391876221e-01 -9.496043920516967773e-01 7.176568359136581421e-02
6.615041255950927734e+00 6.796632766723632812e+00 3.976745605468750000e-01 2.727176249027252197e-01 -1.368436217308044434e-01 -9.499973654747009277e-01 6.636146456003189087e-02
6.956470966339111328e+00 6.915837287902832031e+00 4.398547410964965820e-01 2.719519138336181641e-01 -1.383592039346694946e-01 -9.503520131111145020e-01 6.107366457581520081e-02
7.306307315826416016e+00 7.027899742126464844e+00 4.806494116783142090e-01 2.712106108665466309e-01 -1.398067027330398560e-01 -9.506639838218688965e-01 5.600764229893684387e-02
7.665547847747802734e+00 7.129323959350585938e+00 5.192083716392517090e-01 2.705100178718566895e-01 -1.411574631929397583e-01 -9.509314298629760742e-01 5.126604065299034119e-02
8.037004470825195312e+00 7.206720352172851562e+00 5.521569848060607910e-01 2.698664069175720215e-01 -1.423841565847396851e-01 -9.511542916297912598e-01 4.694795235991477966e-02
8.419874191284179688e+00 7.249974250793457031e+00 5.767132639884948730e-01 2.692954540252685547e-01 -1.434609442949295044e-01 -9.513342976570129395e-01 4.314857721328735352e-02
8.811130523681640625e+00 7.247016429901123047e+00 5.905963182449340820e-01 2.688129842281341553e-01 -1.443631500005722046e-01 -9.514736533164978027e-01 3.995824977755546570e-02
9.188929557800292969e+00 7.179337501525878906e+00 5.909692049026489258e-01 2.684334218502044678e-01 -1.450676620006561279e-01 -9.515751600265502930e-01 3.746267780661582947e-02
9.546322822570800781e+00 7.061965942382812500e+00 5.840661525726318359e-01 2.681708633899688721e-01 -1.455524712800979614e-01 -9.516413211822509766e-01 3.574314340949058533e-02
9.883459091186523438e+00 6.912279605865478516e+00 5.787768363952636719e-01 2.680384218692779541e-01 -1.457963138818740845e-01 -9.516734480857849121e-01 3.487769886851310730e-02
1.021181011199951172e+01 6.762723445892333984e+00 5.876129269599914551e-01 2.652825117111206055e-01 -1.446543633937835693e-01 -9.525828361511230469e-01 3.586296737194061279e-02
1.054475402832031250e+01 6.650415420532226562e+00 6.217364072799682617e-01 2.627794742584228516e-01 -1.438951492309570312e-01 -9.533300399780273438e-01 3.745642304420471191e-02
1.087821006774902344e+01 6.574031829833984375e+00 6.723455786705017090e-01 2.605046927928924561e-01 -1.434301733970642090e-01 -9.539381861686706543e-01 3.958330303430557251e-02
1.120728588104248047e+01 6.517877101898193359e+00 7.278435826301574707e-01 2.584334611892700195e-01 -1.431708335876464844e-01 -9.544296264648437500e-01 4.216927289962768555e-02
1.153038692474365234e+01 6.471939086914062500e+00 7.828814387321472168e-01 2.565408051013946533e-01 -1.430281549692153931e-01 -9.548256397247314453e-01 4.514008015394210815e-02
1.184686374664306641e+01 6.430658340454101562e+00 8.356182575225830078e-01 2.548017203807830811e-01 -1.429134905338287354e-01 -9.551477432250976562e-01 4.842072725296020508e-02
1.215643787384033203e+01 6.391944885253906250e+00 8.859673738479614258e-01 2.531911730766296387e-01 -1.427381336688995361e-01 -9.554173946380615234e-01 5.193671211600303650e-02
1.245917606353759766e+01 6.354518890380859375e+00 9.324627518653869629e-01 2.516845166683197021e-01 -1.424132883548736572e-01 -9.556570649147033691e-01 5.561396107077598572e-02
1.275465393066406250e+01 6.317985057830810547e+00 9.775592088699340820e-01 2.502570748329162598e-01 -1.418504863977432251e-01 -9.558891654014587402e-01 5.937743186950683594e-02
1.304315567016601562e+01 6.281424522399902344e+00 1.018667578697204590e+00 2.488844841718673706e-01 -1.409611999988555908e-01 -9.561370611190795898e-01 6.315303593873977661e-02
1.332435798645019531e+01 6.245805740356445312e+00 1.058844566345214844e+00 2.475421130657196045e-01 -1.396571248769760132e-01 -9.564244151115417480e-01 6.686610728502273560e-02
1.359840393066406250e+01 6.210033416748046875e+00 1.096149325370788574e+00 2.462058663368225098e-01 -1.378498524427413940e-01 -9.567747712135314941e-01 7.044222950935363770e-02
1.386523437500000000e+01 6.174717903137207031e+00 1.131679058074951172e+00 2.448511719703674316e-01 -1.354509890079498291e-01 -9.572111964225769043e-01 7.380712032318115234e-02
1.412479782104492188e+01 6.140413761138916016e+00 1.166432499885559082e+00 2.434531897306442261e-01 -1.323721259832382202e-01 -9.577560424804687500e-01 7.688622176647186279e-02
1.437720870971679688e+01 6.106827259063720703e+00 1.199336528778076172e+00 2.419866919517517090e-01 -1.285245120525360107e-01 -9.584293365478515625e-01 7.960508018732070923e-02
1.462242412567138672e+01 6.074124813079833984e+00 1.231011986732482910e+00 2.404258698225021362e-01 -1.238190680742263794e-01 -9.592489004135131836e-01 8.188898861408233643e-02
1.486040592193603516e+01 6.042461872100830078e+00 1.262037992477416992e+00 2.387436330318450928e-01 -1.181664466857910156e-01 -9.602285027503967285e-01 8.366313576698303223e-02
1.509116744995117188e+01 6.011839866638183594e+00 1.292440772056579590e+00 2.369117140769958496e-01 -1.114766001701354980e-01 -9.613770246505737305e-01 8.485230803489685059e-02
1.531486415863037109e+01 5.982479572296142578e+00 1.321351885795593262e+00 2.349005788564682007e-01 -1.036589294672012329e-01 -9.626975059509277344e-01 8.538172394037246704e-02
1.553137207031250000e+01 5.954153537750244141e+00 1.349696636199951172e+00 2.326782345771789551e-01 -9.462238848209381104e-02 -9.641849398612976074e-01 8.517524600028991699e-02
1.574069499969482422e+01 5.926841259002685547e+00 1.377521991729736328e+00 2.302091121673583984e-01 -8.431228995323181152e-02 -9.658190608024597168e-01 8.419420570135116577e-02
1.594281864166259766e+01 5.900514602661132812e+00 1.404802799224853516e+00 2.274486869573593140e-01 -7.282257825136184692e-02 -9.675483703613281250e-01 8.254773914813995361e-02
1.613778114318847656e+01 5.875412940979003906e+00 1.431292057037353516e+00 2.243513613939285278e-01 -6.028518825769424438e-02 -9.693145751953125000e-01 8.038209378719329834e-02
1.632558059692382812e+01 5.851591587066650391e+00 1.456885337829589844e+00 2.208719998598098755e-01 -4.683326929807662964e-02 -9.710626006126403809e-01 7.784440368413925171e-02
1.650611114501953125e+01 5.828641414642333984e+00 1.481835246086120605e+00 2.169673293828964233e-01 -3.260135278105735779e-02 -9.727410078048706055e-01 7.508176565170288086e-02
1.667934989929199219e+01 5.806536674499511719e+00 1.506101608276367188e+00 2.125956118106842041e-01 -1.772522553801536560e-02 -9.743049144744873047e-01 7.224252074956893921e-02
1.684527778625488281e+01 5.785259723663330078e+00 1.529641747474670410e+00 2.077171206474304199e-01 -2.341865561902523041e-03 -9.757156968116760254e-01 6.947526335716247559e-02
1.700387382507324219e+01 5.764794826507568359e+00 1.552413940429687500e+00 2.022945731878280640e-01 1.341069489717483521e-02 -9.769429564476013184e-01 6.692849099636077881e-02
1.715519905090332031e+01 5.745694637298583984e+00 1.574232101440429688e+00 1.962927132844924927e-01 2.939408645033836365e-02 -9.779632687568664551e-01 6.475172936916351318e-02
1.730149650573730469e+01 5.727356910705566406e+00 1.595401525497436523e+00 1.896787136793136597e-01 4.546893388032913208e-02 -9.787614345550537109e-01 6.309378147125244141e-02
1.744269752502441406e+01 5.709488391876220703e+00 1.615953922271728516e+00 1.824213266372680664e-01 6.149715557694435120e-02 -9.793280959129333496e-01 6.210372224450111389e-02
1.757877540588378906e+01 5.692089557647705078e+00 1.635850787162780762e+00 1.744913607835769653e-01 7.734006643295288086e-02 -9.796611666679382324e-01 6.192971020936965942e-02
1.770970916748046875e+01 5.675168514251708984e+00 1.655054330825805664e+00 1.658608168363571167e-01 9.286017715930938721e-02 -9.797620177268981934e-01 6.271934509277343750e-02
1.783547782897949219e+01 5.658731937408447266e+00 1.673530220985412598e+00 1.565025597810745239e-01 1.079209968447685242e-01 -9.796347618103027344e-01 6.461934745311737061e-02
1.795605278015136719e+01 5.642792701721191406e+00 1.691246271133422852e+00 1.463897377252578735e-01 1.223874986171722412e-01 -9.792843461036682129e-01 6.777489930391311646e-02
1.807142066955566406e+01 5.627426624298095703e+00 1.708170771598815918e+00 1.354951560497283936e-01 1.361262500286102295e-01 -9.787129759788513184e-01 7.233020663261413574e-02
1.818165206909179688e+01 5.613445758819580078e+00 1.724239468574523926e+00 1.237906292080879211e-01 1.490044295787811279e-01 -9.779175519943237305e-01 7.842745631933212280e-02
1.828660583496093750e+01 5.599949359893798828e+00 1.739478707313537598e+00 1.112470105290412903e-01 1.608916372060775757e-01 -9.768859744071960449e-01 8.620673418045043945e-02
1.838625907897949219e+01 5.586936473846435547e+00 1.753872036933898926e+00 9.783249348402023315e-02 1.716582626104354858e-01 -9.755940437316894531e-01 9.580563008785247803e-02
1.848057937622070312e+01 5.574404239654541016e+00 1.767408967018127441e+00 8.351299911737442017e-02 1.811758577823638916e-01 -9.739995598793029785e-01 1.073580980300903320e-01
1.856973648071289062e+01 5.563112735748291016e+00 1.778205513954162598e+00 6.927520781755447388e-02 1.813978999853134155e-01 -9.735535383224487305e-01 1.203707009553909302e-01
1.865341949462890625e+01 5.552196979522705078e+00 1.788402676582336426e+00 5.439583212137222290e-02 1.812984049320220947e-01 -9.725242257118225098e-01 1.355309337377548218e-01
1.873169708251953125e+01 5.541640281677246094e+00 1.797997355461120605e+00 3.907923400402069092e-02 1.807688921689987183e-01 -9.708368778228759766e-01 1.525484323501586914e-01
1.880463981628417969e+01 5.531425476074218750e+00 1.806987881660461426e+00 2.352020703256130219e-02 1.797258555889129639e-01 -9.684309959411621094e-01 1.711337566375732422e-01
1.887232398986816406e+01 5.521543979644775391e+00 1.815372228622436523e+00 7.905866950750350952e-03 1.781127005815505981e-01 -9.652635455131530762e-01 1.909963786602020264e-01
1.893481063842773438e+01 5.511985778808593750e+00 1.823153018951416016e+00 -7.584737613797187805e-03 1.759008616209030151e-01 -9.613123536109924316e-01 2.118485569953918457e-01
1.899217414855957031e+01 5.502753734588623047e+00 1.830328941345214844e+00 -2.278101444244384766e-02 1.730901747941970825e-01 -9.565787315368652344e-01 2.334049195051193237e-01
1.905325317382812500e+01 5.493193149566650391e+00 1.837929606437683105e+00 -3.752313926815986633e-02 1.697077900171279907e-01 -9.510889649391174316e-01 2.553840577602386475e-01
1.911813163757324219e+01 5.483464241027832031e+00 1.845964908599853516e+00 -5.166296288371086121e-02 1.658071279525756836e-01 -9.448956847190856934e-01 2.775084674358367920e-01
1.918682289123535156e+01 5.473154067993164062e+00 1.854415893554687500e+00 -6.506603956222534180e-02 1.614655703306198120e-01 -9.380781054496765137e-01 2.995074689388275146e-01
1.925938796997070312e+01 5.462298393249511719e+00 1.863286733627319336e+00 -7.761360704898834229e-02 1.567814499139785767e-01 -9.307413101196289062e-01 3.211172223091125488e-01
1.933587265014648438e+01 5.450942039489746094e+00 1.872579336166381836e+00 -8.920179307460784912e-02 1.518714278936386108e-01 -9.230154752731323242e-01 3.420826494693756104e-01
1.941633224487304688e+01 5.439137935638427734e+00 1.882298588752746582e+00 -9.974108636379241943e-02 1.468671858310699463e-01 -9.150536656379699707e-01 3.621580302715301514e-01
1.950080108642578125e+01 5.426948070526123047e+00 1.892448067665100098e+00 -1.091555655002593994e-01 1.419118195772171021e-01 -9.070284366607666016e-01 3.811109066009521484e-01
1.958930587768554688e+01 5.414435863494873047e+00 1.903031587600708008e+00 -1.173787117004394531e-01 1.371572613716125488e-01 -8.991281390190124512e-01 3.987211287021636963e-01
1.968187904357910156e+01 5.401670932769775391e+00 1.914051413536071777e+00 -1.243491023778915405e-01 1.327615529298782349e-01 -8.915523290634155273e-01 4.147842228412628174e-01
1.977853012084960938e+01 5.388723850250244141e+00 1.925512075424194336e+00 -1.300035715103149414e-01 1.288870424032211304e-01 -8.845052123069763184e-01 4.291124641895294189e-01
1.987927246093750000e+01 5.375661373138427734e+00 1.937415719032287598e+00 -1.342715919017791748e-01 1.256979554891586304e-01 -8.781895041465759277e-01 4.415362179279327393e-01
1.998416519165039062e+01 5.363220214843750000e+00 1.949833989143371582e+00 -1.370654404163360596e-01 1.233592703938484192e-01 -8.727976679801940918e-01 4.519067704677581787e-01
2.009324836730957031e+01 5.352002620697021484e+00 1.962824702262878418e+00 -1.382713317871093750e-01 1.220347657799720764e-01 -8.685038685798645020e-01 4.600971341133117676e-01
2.020528793334960938e+01 5.341130256652832031e+00 1.973179221153259277e+00 -1.316263377666473389e-01 1.104117259383201599e-01 -8.669551014900207520e-01 4.678382575511932373e-01
2.032131576538085938e+01 5.330325603485107422e+00 1.983534455299377441e+00 -1.223968490958213806e-01 9.839060902595520020e-02 -8.666149377822875977e-01 4.736210405826568604e-01
2.044135665893554688e+01 5.319571495056152344e+00 1.993924498558044434e+00 -1.108329445123672485e-01 8.604139089584350586e-02 -8.673299551010131836e-01 4.775473773479461670e-01
2.056543731689453125e+01 5.308845520019531250e+00 2.004393815994262695e+00 -9.718419611454010010e-02 7.343226671218872070e-02 -8.689306378364562988e-01 4.797109365463256836e-01
2.069358634948730469e+01 5.298127174377441406e+00 2.014993190765380859e+00 -8.170113712549209595e-02 6.063308566808700562e-02 -8.712371587753295898e-01 4.802023768424987793e-01
2.082535362243652344e+01 5.287556171417236328e+00 2.025736570358276367e+00 -6.463722884654998779e-02 4.771310091018676758e-02 -8.740690946578979492e-01 4.791123867034912109e-01
2.096094131469726562e+01 5.280338764190673828e+00 2.037111043930053711e+00 -4.624851047992706299e-02 3.474484384059906006e-02 -8.772498369216918945e-01 4.765359759330749512e-01
2.110018539428710938e+01 5.273167610168457031e+00 2.048752307891845703e+00 -2.679479867219924927e-02 2.180167473852634430e-02 -8.806133270263671875e-01 4.725748300552368164e-01
2.124309349060058594e+01 5.266008377075195312e+00 2.060731172561645508e+00 -6.539400666952133179e-03 8.959745988249778748e-03 -8.840079307556152344e-01 4.673402309417724609e-01
2.138965606689453125e+01 5.258824348449707031e+00 2.073115825653076172e+00 1.425188593566417694e-02 -3.703048452734947205e-03 -8.873015642166137695e-01 4.609545767307281494e-01
2.153986358642578125e+01 5.251578330993652344e+00 2.085976600646972656e+00 3.531110286712646484e-02 -1.610746420919895172e-02 -8.903837203979492188e-01 4.535529613494873047e-01
2.169375038146972656e+01 5.247112751007080078e+00 2.099885225296020508e+00 5.637035146355628967e-02 -2.817310951650142670e-02 -8.931697010993957520e-01 4.452824294567108154e-01
2.185126495361328125e+01 5.245170593261718750e+00 2.114866256713867188e+00 7.716238498687744141e-02 -3.981927782297134399e-02 -8.956001996994018555e-01 4.363033771514892578e-01
2.201231002807617188e+01 5.243168830871582031e+00 2.130527973175048828e+00 9.742246568202972412e-02 -5.096543580293655396e-02 -8.976431488990783691e-01 4.267880320549011230e-01
2.217682266235351562e+01 5.241073608398437500e+00 2.146915912628173828e+00 1.168896704912185669e-01 -6.153193116188049316e-02 -8.992934823036193848e-01 4.169196188449859619e-01
2.234470176696777344e+01 5.240057945251464844e+00 2.164323568344116211e+00 1.353080272674560547e-01 -7.144036889076232910e-02 -9.005709290504455566e-01 4.068905115127563477e-01
2.251571083068847656e+01 5.245876312255859375e+00 2.183979511260986328e+00 1.524272561073303223e-01 -8.061411976814270020e-02 -9.015191793441772461e-01 3.969010412693023682e-01
2.268995285034179688e+01 5.251672267913818359e+00 2.204490423202514648e+00 1.680030524730682373e-01 -8.897848427295684814e-02 -9.022011160850524902e-01 3.871574699878692627e-01
2.286734771728515625e+01 5.257422447204589844e+00 2.225872039794921875e+00 1.817968338727951050e-01 -9.646059572696685791e-02 -9.026961326599121094e-01 3.778690993785858154e-01
2.304719924926757812e+01 5.269821643829345703e+00 2.249671697616577148e+00 1.935749053955078125e-01 -1.029894948005676270e-01 -9.030940532684326172e-01 3.692466318607330322e-01
2.322862815856933594e+01 5.287338256835937500e+00 2.277453660964965820e+00 2.000425755977630615e-01 -1.007007360458374023e-01 -9.043922424316406250e-01 3.632038235664367676e-01
2.341315650939941406e+01 5.304990291595458984e+00 2.305700540542602539e+00 2.051846534013748169e-01 -9.903674572706222534e-02 -9.055979847908020020e-01 3.577472865581512451e-01
2.359911537170410156e+01 5.332529067993164062e+00 2.336776733398437500e+00 2.090906202793121338e-01 -9.794645756483078003e-02 -9.067642688751220703e-01 3.527972698211669922e-01
2.378707885742187500e+01 5.366702556610107422e+00 2.369885206222534180e+00 2.118574678897857666e-01 -9.737615287303924561e-02 -9.079263806343078613e-01 3.482868671417236328e-01
2.397754096984863281e+01 5.403455734252929688e+00 2.404054403305053711e+00 2.135879099369049072e-01 -9.727010130882263184e-02 -9.091054201126098633e-01 3.441597521305084229e-01
2.416580200195312500e+01 5.459365844726562500e+00 2.443441629409790039e+00 2.143893837928771973e-01 -9.757055342197418213e-02 -9.103111028671264648e-01 3.403686285018920898e-01
2.435708427429199219e+01 5.516112327575683594e+00 2.483450889587402344e+00 2.143728137016296387e-01 -9.821915626525878906e-02 -9.115451574325561523e-01 3.368716239929199219e-01
2.454142570495605469e+01 5.596992015838623047e+00 2.529985189437866211e+00 2.136529088020324707e-01 -9.915697574615478516e-02 -9.128036499023437500e-01 3.336311876773834229e-01
2.472776031494140625e+01 5.681006908416748047e+00 2.577727079391479492e+00 2.123471945524215698e-01 -1.003253757953643799e-01 -9.140783548355102539e-01 3.306118845939636230e-01
2.490085411071777344e+01 5.792542457580566406e+00 2.632817268371582031e+00 2.105760872364044189e-01 -1.016665101051330566e-01 -9.153592586517333984e-01 3.277787864208221436e-01
2.507163047790527344e+01 5.911580562591552734e+00 2.690200805664062500e+00 2.084626108407974243e-01 -1.031238138675689697e-01 -9.166355133056640625e-01 3.250969052314758301e-01
2.522871017456054688e+01 6.051538944244384766e+00 2.753220081329345703e+00 2.061321139335632324e-01 -1.046422570943832397e-01 -9.178968667984008789e-01 3.225285708904266357e-01
2.537708663940429688e+01 6.203490257263183594e+00 2.819230318069458008e+00 2.037122547626495361e-01 -1.061687320470809937e-01 -9.191340804100036621e-01 3.200341463088989258e-01
2.551718902587890625e+01 6.367071628570556641e+00 2.888157367706298828e+00 2.013325840234756470e-01 -1.076518073678016663e-01 -9.203395247459411621e-01 3.175710439682006836e-01
2.564320182800292969e+01 6.544623851776123047e+00 2.959839344024658203e+00 1.991244405508041382e-01 -1.090419441461563110e-01 -9.215069413185119629e-01 3.150938153266906738e-01
2.576520156860351562e+01 6.728651046752929688e+00 3.033041954040527344e+00 1.972207874059677124e-01 -1.102916598320007324e-01 -9.226321578025817871e-01 3.125533759593963623e-01
2.587479972839355469e+01 6.923796653747558594e+00 3.107921361923217773e+00 1.957560926675796509e-01 -1.113549768924713135e-01 -9.237112402915954590e-01 3.098986446857452393e-01
2.597989273071289062e+01 7.124891281127929688e+00 3.183738946914672852e+00 1.948662400245666504e-01 -1.121874749660491943e-01 -9.247405529022216797e-01 3.070765435695648193e-01
2.607968711853027344e+01 7.332366943359375000e+00 3.260481119155883789e+00 1.946888864040374756e-01 -1.127461791038513184e-01 -9.257153272628784180e-01 3.040323555469512939e-01
2.617347145080566406e+01 7.546363353729248047e+00 3.337474822998046875e+00 1.953631043434143066e-01 -1.129892617464065552e-01 -9.266280531883239746e-01 3.007112145423889160e-01
2.626592445373535156e+01 7.764611721038818359e+00 3.415103673934936523e+00 1.968988329172134399e-01 -1.126128137111663818e-01 -9.275012612342834473e-01 2.971370816230773926e-01
2.635557365417480469e+01 7.987937927246093750e+00 3.492362260818481445e+00 1.994937807321548462e-01 -1.124817803502082825e-01 -9.282231926918029785e-01 2.931753993034362793e-01
2.644576263427734375e+01 8.214921951293945312e+00 3.569381713867187500e+00 2.027683109045028687e-01 -1.118082776665687561e-01 -9.288833141326904297e-01 2.890667021274566650e-01
2.653703117370605469e+01 8.445260047912597656e+00 3.646311521530151367e+00 2.066964656114578247e-01 -1.109132021665573120e-01 -9.294375181198120117e-01 2.848168313503265381e-01
2.663259506225585938e+01 8.678152084350585938e+00 3.721591711044311523e+00 2.111614793539047241e-01 -1.098379045724868774e-01 -9.298765659332275391e-01 2.804923951625823975e-01
2.673218536376953125e+01 8.913567543029785156e+00 3.795312643051147461e+00 2.160440981388092041e-01 -1.086222082376480103e-01 -9.301947951316833496e-01 2.761589884757995605e-01
2.683615493774414062e+01 9.151406288146972656e+00 3.867092132568359375e+00 2.212228477001190186e-01 -1.073045432567596436e-01 -9.303902983665466309e-01 2.718823254108428955e-01
2.694568252563476562e+01 9.391408920288085938e+00 3.935746431350708008e+00 2.265744805335998535e-01 -1.059219613671302795e-01 -9.304660558700561523e-01 2.677262723445892334e-01
2.706382179260253906e+01 9.632757186889648438e+00 3.998118400573730469e+00 2.319740206003189087e-01 -1.045104190707206726e-01 -9.304297566413879395e-01 2.637540400028228760e-01
2.719114685058593750e+01 9.874857902526855469e+00 4.053243637084960938e+00 2.372950315475463867e-01 -1.031050235033035278e-01 -9.302936792373657227e-01 2.600268423557281494e-01
2.733080291748046875e+01 1.011607933044433594e+01 4.097295284271240234e+00 2.424105107784271240e-01 -1.017402037978172302e-01 -9.300753474235534668e-01 2.566043436527252197e-01
2.748330688476562500e+01 1.034687614440917969e+01 4.123317241668701172e+00 2.471925765275955200e-01 -1.004500910639762878e-01 -9.297960400581359863e-01 2.535445392131805420e-01
2.765430068969726562e+01 1.056016445159912109e+01 4.121600627899169922e+00 2.515138983726501465e-01 -9.926816076040267944e-02 -9.294800162315368652e-01 2.509054839611053467e-01
2.785148811340332031e+01 1.073649120330810547e+01 4.072943210601806641e+00 2.552472352981567383e-01 -9.822806715965270996e-02 -9.291536808013916016e-01 2.487438321113586426e-01
2.805851554870605469e+01 1.088597488403320312e+01 4.001744747161865234e+00 2.582665085792541504e-01 -9.736336767673492432e-02 -9.288444519042968750e-01 2.471166402101516724e-01
2.826514434814453125e+01 1.102961635589599609e+01 3.932923793792724609e+00 2.604470849037170410e-01 -9.670732170343399048e-02 -9.285784959793090820e-01 2.460834234952926636e-01
2.846496772766113281e+01 1.118204975128173828e+01 3.881321430206298828e+00 2.616660892963409424e-01 -9.629343450069427490e-02 -9.283788800239562988e-01 2.457050383090972900e-01
2.865424919128417969e+01 1.134580135345458984e+01 3.850048065185546875e+00 2.618031203746795654e-01 -9.615503996610641479e-02 -9.282640814781188965e-01 2.460465133190155029e-01
2.883282470703125000e+01 1.151665782928466797e+01 3.834494352340698242e+00 2.607411146163940430e-01 -9.632528573274612427e-02 -9.282446503639221191e-01 2.471787482500076294e-01
2.900375366210937500e+01 1.168961906433105469e+01 3.827421426773071289e+00 2.583670318126678467e-01 -9.683731198310852051e-02 -9.283204674720764160e-01 2.491789162158966064e-01
2.916308975219726562e+01 1.186704730987548828e+01 3.834686994552612305e+00 2.530021369457244873e-01 -9.180520474910736084e-02 -9.290790557861328125e-01 2.537204623222351074e-01
2.931687927246093750e+01 1.204309749603271484e+01 3.845643520355224609e+00 2.459976375102996826e-01 -8.608324825763702393e-02 -9.299545884132385254e-01 2.593438029289245605e-01
2.946088218688964844e+01 1.222100448608398438e+01 3.866599082946777344e+00 2.374716997146606445e-01 -7.973146438598632812e-02 -9.308825135231018066e-01 2.659091353416442871e-01
2.960204315185546875e+01 1.239557552337646484e+01 3.887421846389770508e+00 2.275431156158447266e-01 -7.281030714511871338e-02 -9.317960739135742188e-01 2.732743620872497559e-01
2.973639488220214844e+01 1.256928920745849609e+01 3.913637876510620117e+00 2.163319885730743408e-01 -6.538112461566925049e-02 -9.326293468475341797e-01 2.812970876693725586e-01
2.986658859252929688e+01 1.274055194854736328e+01 3.941678047180175781e+00 2.039613574743270874e-01 -5.750627070665359497e-02 -9.333208799362182617e-01 2.898359298706054688e-01
2.999419784545898438e+01 1.290843009948730469e+01 3.969434976577758789e+00 1.905570924282073975e-01 -4.924973845481872559e-02 -9.338153600692749023e-01 2.987494468688964844e-01
3.011690902709960938e+01 1.307421016693115234e+01 4.000077724456787109e+00 1.762486398220062256e-01 -4.067676886916160583e-02 -9.340664744377136230e-01 3.078988194465637207e-01
3.023601722717285156e+01 1.323723030090332031e+01 4.031915664672851562e+00 1.611691713333129883e-01 -3.185396641492843628e-02 -9.340381026268005371e-01 3.171476721763610840e-01
3.035276031494140625e+01 1.339686584472656250e+01 4.063336849212646484e+00 1.454557329416275024e-01 -2.284928038716316223e-02 -9.337065815925598145e-01 3.263626396656036377e-01
3.046686935424804688e+01 1.355329418182373047e+01 4.094743728637695312e+00 1.292481720447540283e-01 -1.373174414038658142e-02 -9.330610036849975586e-01 3.354153931140899658e-01
3.057663536071777344e+01 1.370737266540527344e+01 4.128442287445068359e+00 1.126899942755699158e-01 -4.571121186017990112e-03 -9.321047067642211914e-01 3.441813886165618896e-01
3.068419456481933594e+01 1.385810756683349609e+01 4.161578655242919922e+00 9.592685103416442871e-02 4.562268033623695374e-03 -9.308550357818603516e-01 3.525421917438507080e-01
3.078958511352539062e+01 1.400552940368652344e+01 4.194118976593017578e+00 7.910609990358352661e-02 1.359786558896303177e-02 -9.293442368507385254e-01 3.603843152523040771e-01
3.089254760742187500e+01 1.414977836608886719e+01 4.226399898529052734e+00 6.237652525305747986e-02 2.246540226042270660e-02 -9.276175498962402344e-01 3.676005899906158447e-01
3.099199485778808594e+01 1.429137039184570312e+01 4.259906768798828125e+00 4.588701203465461731e-02 3.109482303261756897e-02 -9.257345199584960938e-01 3.740895986557006836e-01
3.108934974670410156e+01 1.442971611022949219e+01 4.292651176452636719e+00 2.978648245334625244e-02 3.941732645034790039e-02 -9.237663149833679199e-01 3.797564208507537842e-01
3.118462181091308594e+01 1.456484603881835938e+01 4.324593544006347656e+00 1.422271411865949631e-02 4.736487567424774170e-02 -9.217945337295532227e-01 3.845113217830657959e-01
3.127780914306640625e+01 1.469678878784179688e+01 4.355691909790039062e+00 -6.576869636774063110e-04 5.487002432346343994e-02 -9.199115037918090820e-01 3.882677853107452393e-01
3.136795425415039062e+01 1.482593917846679688e+01 4.387297153472900391e+00 -1.471016090363264084e-02 6.186707690358161926e-02 -9.182147979736328125e-01 3.909444808959960938e-01
3.145579528808593750e+01 1.495202827453613281e+01 4.418279647827148438e+00 -2.781829796731472015e-02 6.830947846174240112e-02 -9.167888164520263672e-01 3.925025761127471924e-01
3.154152488708496094e+01 1.507494831085205078e+01 4.448298454284667969e+00 -3.997143357992172241e-02 7.422148436307907104e-02 -9.156390428543090820e-01 3.930630087852478027e-01
3.162510108947753906e+01 1.519467449188232422e+01 4.477357387542724609e+00 -5.118661373853683472e-02 7.964531332254409790e-02 -9.147440195083618164e-01 3.927848041057586670e-01
3.170637893676757812e+01 1.531121063232421875e+01 4.505641460418701172e+00 -6.148105487227439880e-02 8.462336659431457520e-02 -9.140753746032714844e-01 3.918227255344390869e-01
3.178467750549316406e+01 1.542472839355468750e+01 4.534190654754638672e+00 -7.087315618991851807e-02 8.919775485992431641e-02 -9.135989546775817871e-01 3.903301656246185303e-01
3.186073684692382812e+01 1.553495788574218750e+01 4.561768054962158203e+00 -7.938054203987121582e-02 9.341008216142654419e-02 -9.132761955261230469e-01 3.884584009647369385e-01
3.193451499938964844e+01 1.564186477661132812e+01 4.588387489318847656e+00 -8.702237904071807861e-02 9.730277210474014282e-02 -9.130648970603942871e-01 3.863568902015686035e-01
3.200598907470703125e+01 1.574542236328125000e+01 4.614062309265136719e+00 -9.381717443466186523e-02 1.009168177843093872e-01 -9.129208922386169434e-01 3.841738700866699219e-01
3.207499694824218750e+01 1.584562873840332031e+01 4.639067173004150391e+00 -9.978374838829040527e-02 1.042943894863128662e-01 -9.127970933914184570e-01 3.820567131042480469e-01
3.214113616943359375e+01 1.594253158569335938e+01 4.664128780364990234e+00 -1.049405559897422791e-01 1.074768602848052979e-01 -9.126451015472412109e-01 3.801513612270355225e-01
3.220489501953125000e+01 1.603599166870117188e+01 4.688249111175537109e+00 -1.093067601323127747e-01 1.105054095387458801e-01 -9.124143123626708984e-01 3.786034882068634033e-01
3.226625442504882812e+01 1.612598609924316406e+01 4.711443901062011719e+00 -1.129007637500762939e-01 1.134212389588356018e-01 -9.120525717735290527e-01 3.775567710399627686e-01
3.232416534423828125e+01 1.621098518371582031e+01 4.733358860015869141e+00 -1.157411783933639526e-01 1.162654384970664978e-01 -9.115045666694641113e-01 3.771546781063079834e-01
3.237852859497070312e+01 1.629096603393554688e+01 4.754198074340820312e+00 -1.178461164236068726e-01 1.190786361694335938e-01 -9.107122421264648438e-01 3.775388598442077637e-01
3.242901229858398438e+01 1.636590003967285156e+01 4.774817466735839844e+00 -1.192332506179809570e-01 1.219008564949035645e-01 -9.096133708953857422e-01 3.788495659828186035e-01
3.247599792480468750e+01 1.643575477600097656e+01 4.794118881225585938e+00 -1.199205219745635986e-01 1.247725784778594971e-01 -9.081401824951171875e-01 3.812246322631835938e-01
3.251947021484375000e+01 1.650049591064453125e+01 4.812112808227539062e+00 -1.199247390031814575e-01 1.277320086956024170e-01 -9.062186479568481445e-01 3.847991228103637695e-01
3.255941772460937500e+01 1.656008911132812500e+01 4.828807353973388672e+00 -1.192621439695358276e-01 1.308183223009109497e-01 -9.037660956382751465e-01 3.897048234939575195e-01
3.259582138061523438e+01 1.661450004577636719e+01 4.844210147857666016e+00 -1.179491207003593445e-01 1.340684294700622559e-01 -9.006902575492858887e-01 3.960690796375274658e-01
3.262806701660156250e+01 1.666381835937500000e+01 4.859250545501708984e+00 -1.160006374120712280e-01 1.375184804201126099e-01 -8.968865275382995605e-01 4.040136337280273438e-01
3.265635681152343750e+01 1.670802116394042969e+01 4.872665405273437500e+00 -1.123228669166564941e-01 1.387915313243865967e-01 -8.926357030868530273e-01 4.139104783535003662e-01
3.268122863769531250e+01 1.674695014953613281e+01 4.884669303894042969e+00 -1.080510914325714111e-01 1.403957605361938477e-01 -8.875435590744018555e-01 4.253001809120178223e-01
3.270273971557617188e+01 1.678060913085937500e+01 4.895259380340576172e+00 -1.032460480928421021e-01 1.423617154359817505e-01 -8.816059827804565430e-01 4.380003809928894043e-01
3.272093582153320312e+01 1.680901527404785156e+01 4.904430389404296875e+00 -9.797487407922744751e-02 1.447165608406066895e-01 -8.748189210891723633e-01 4.518291950225830078e-01
3.273588180541992188e+01 1.683218002319335938e+01 4.912180900573730469e+00 -9.231018275022506714e-02 1.474825590848922729e-01 -8.671823740005493164e-01 4.666072428226470947e-01
3.274762344360351562e+01 1.685012626647949219e+01 4.918505191802978516e+00 -8.632869273424148560e-02 1.506754904985427856e-01 -8.587015271186828613e-01 4.821575880050659180e-01
3.275621414184570312e+01 1.686287498474121094e+01 4.923401832580566406e+00 -8.011181652545928955e-02 1.543026119470596313e-01 -8.493888974189758301e-01 4.983084797859191895e-01
3.276170349121093750e+01 1.687045097351074219e+01 4.926866531372070312e+00 -7.374224811792373657e-02 1.583627462387084961e-01 -8.392670154571533203e-01 5.148924589157104492e-01
3.276397705078125000e+01 1.687292861938476562e+01 4.929069519042968750e+00 -6.730374693870544434e-02 1.628450304269790649e-01 -8.283686637878417969e-01 5.317488908767700195e-01
3.276329040527343750e+01 1.687028503417968750e+01 4.929768562316894531e+00 -6.087876111268997192e-02 1.677291095256805420e-01 -8.167390227317810059e-01 5.487239956855773926e-01
3.276762771606445312e+01 1.687542724609375000e+01 4.933065891265869141e+00 -5.454628542065620422e-02 1.729852110147476196e-01 -8.044360876083374023e-01 5.656707882881164551e-01
3.277700424194335938e+01 1.688840675354003906e+01 4.938962459564208984e+00 -4.837975651025772095e-02 1.785750091075897217e-01 -7.915315032005310059e-01 5.824502706527709961e-01
3.279145812988281250e+01 1.690926170349121094e+01 4.947457313537597656e+00 -4.244534671306610107e-02 1.844522058963775635e-01 -7.781111598014831543e-01 5.989314913749694824e-01
3.281098937988281250e+01 1.693804359436035156e+01 4.958552837371826172e+00 -3.679977357387542725e-02 1.905638128519058228e-01 -7.642754316329956055e-01 6.149912476539611816e-01
3.283560943603515625e+01 1.697480010986328125e+01 4.972250938415527344e+00 -3.148851543664932251e-02 1.968517303466796875e-01 -7.501390576362609863e-01 6.305151581764221191e-01
3.286531829833984375e+01 1.701958465576171875e+01 4.988553524017333984e+00 -2.654457837343215942e-02 2.032538354396820068e-01 -7.358312010765075684e-01 6.453958153724670410e-01
3.289653778076171875e+01 1.707331657409667969e+01 5.010568618774414062e+00 -2.198743820190429688e-02 2.097057849168777466e-01 -7.214940786361694336e-01 6.595348119735717773e-01
3.293087387084960938e+01 1.713565826416015625e+01 5.036883831024169922e+00 -1.782247424125671387e-02 2.161424458026885986e-01 -7.072836160659790039e-01 6.728407740592956543e-01
3.296311187744140625e+01 1.720721626281738281e+01 5.070589065551757812e+00 -1.404064148664474487e-02 2.224992513656616211e-01 -6.933667659759521484e-01 6.852293610572814941e-01
3.298740005493164062e+01 1.728800773620605469e+01 5.114454746246337891e+00 -1.061920076608657837e-02 2.287134677171707153e-01 -6.799216270446777344e-01 6.966231465339660645e-01
3.298411560058593750e+01 1.737465286254882812e+01 5.173012733459472656e+00 -6.109587848186492920e-03 2.333985865116119385e-01 -6.675741076469421387e-01 7.069884538650512695e-01
3.294923019409179688e+01 1.746131134033203125e+01 5.240550518035888672e+00 -2.016939222812652588e-03 2.380742430686950684e-01 -6.558633446693420410e-01 7.163516283035278320e-01
3.290016937255859375e+01 1.755354309082031250e+01 5.310185909271240234e+00 1.673489809036254883e-03 2.427311241626739502e-01 -6.447900533676147461e-01 7.247928380966186523e-01
3.284596252441406250e+01 1.765561103820800781e+01 5.380718708038330078e+00 4.977390170097351074e-03 2.473579347133636475e-01 -6.343479752540588379e-01 7.323877811431884766e-01
3.278764724731445312e+01 1.776794433593750000e+01 5.451929092407226562e+00 7.910281419754028320e-03 2.519425451755523682e-01 -6.245259642601013184e-01 7.392089366912841797e-01
3.272595214843750000e+01 1.789107894897460938e+01 5.523153781890869141e+00 1.048806309700012207e-02 2.564714848995208740e-01 -6.153082251548767090e-01 7.453241944313049316e-01
3.266160964965820312e+01 1.802568817138671875e+01 5.593326091766357422e+00 1.272699981927871704e-02 2.609304189682006836e-01 -6.066752076148986816e-01 7.507986426353454590e-01
3.259550094604492188e+01 1.817257690429687500e+01 5.660909175872802734e+00 1.464342325925827026e-02 2.653038799762725830e-01 -5.986034274101257324e-01 7.556939125061035156e-01
3.252882385253906250e+01 1.833270263671875000e+01 5.723716735839843750e+00 1.625376194715499878e-02 2.695755362510681152e-01 -5.910673141479492188e-01 7.600685358047485352e-01
3.246326828002929688e+01 1.850710105895996094e+01 5.778654575347900391e+00 1.757439970970153809e-02 2.737283110618591309e-01 -5.840378403663635254e-01 7.639789581298828125e-01
3.240129852294921875e+01 1.869669723510742188e+01 5.821361064910888672e+00 1.862172037363052368e-02 2.777447104454040527e-01 -5.774837732315063477e-01 7.674788236618041992e-01
3.234429168701171875e+01 1.890093994140625000e+01 5.849021434783935547e+00 1.941211521625518799e-02 2.816063165664672852e-01 -5.713725090026855469e-01 7.706195712089538574e-01
3.229144668579101562e+01 1.911795043945312500e+01 5.861847400665283203e+00 1.996193826198577881e-02 2.852942347526550293e-01 -5.656691789627075195e-01 7.734514474868774414e-01
3.224166107177734375e+01 1.934612464904785156e+01 5.859066486358642578e+00 2.028764784336090088e-02 2.887890934944152832e-01 -5.603381991386413574e-01 7.760221958160400391e-01
3.219190979003906250e+01 1.958382034301757812e+01 5.843210220336914062e+00 2.040565013885498047e-02 2.920710742473602295e-01 -5.553421378135681152e-01 7.783786058425903320e-01
3.213837432861328125e+01 1.982981491088867188e+01 5.816645145416259766e+00 2.033194899559020996e-02 2.951198816299438477e-01 -5.506426095962524414e-01 7.805660963058471680e-01
3.207370376586914062e+01 2.008216667175292969e+01 5.781371116638183594e+00 2.008320391178131104e-02 2.979149222373962402e-01 -5.462012887001037598e-01 7.826285958290100098e-01
3.198957633972167969e+01 2.033799934387207031e+01 5.739461421966552734e+00 1.967518031597137451e-02 3.004353344440460205e-01 -5.419772267341613770e-01 7.846096158027648926e-01
3.188024330139160156e+01 2.059327888488769531e+01 5.689108848571777344e+00 1.912462711334228516e-02 3.026597201824188232e-01 -5.379306077957153320e-01 7.865506410598754883e-01
3.174451065063476562e+01 2.084493827819824219e+01 5.629961967468261719e+00 1.844729483127593994e-02 3.045666515827178955e-01 -5.340198278427124023e-01 7.884932160377502441e-01
3.158636665344238281e+01 2.109339332580566406e+01 5.563233375549316406e+00 1.722799241542816162e-02 3.046379983425140381e-01 -5.308594703674316406e-01 7.906244993209838867e-01
3.141095542907714844e+01 2.134076309204101562e+01 5.491142272949218750e+00 1.599344611167907715e-02 3.047053515911102295e-01 -5.276511907577514648e-01 7.927691340446472168e-01
3.121884918212890625e+01 2.158729362487792969e+01 5.416275501251220703e+00 1.474475860595703125e-02 3.047683537006378174e-01 -5.243983864784240723e-01 7.949245572090148926e-01
3.101077842712402344e+01 2.183348655700683594e+01 5.340870380401611328e+00 1.348356902599334717e-02 3.048267364501953125e-01 -5.211046338081359863e-01 7.970876097679138184e-01
3.078521919250488281e+01 2.207797241210937500e+01 5.267066478729248047e+00 1.221130788326263428e-02 3.048803508281707764e-01 -5.177735686302185059e-01 7.992554306983947754e-01
3.053768157958984375e+01 2.231644058227539062e+01 5.199053764343261719e+00 1.092945039272308350e-02 3.049290180206298828e-01 -5.144088268280029297e-01 8.014252185821533203e-01
3.026734352111816406e+01 2.254656410217285156e+01 5.139085769653320312e+00 9.639635682106018066e-03 3.049725294113159180e-01 -5.110145211219787598e-01 8.035937547683715820e-01
2.997633934020996094e+01 2.276859855651855469e+01 5.086660861968994141e+00 8.343130350112915039e-03 3.050107359886169434e-01 -5.075939297676086426e-01 8.057587146759033203e-01
2.966881752014160156e+01 2.298589706420898438e+01 5.039447307586669922e+00 7.041618227958679199e-03 3.050435483455657959e-01 -5.041512250900268555e-01 8.079172372817993164e-01
2.952718353271484375e+01 2.308293914794921875e+01 5.018966674804687500e+00 5.736038088798522949e-03 3.050708770751953125e-01 -5.006889104843139648e-01 8.100674748420715332e-01
