-4.962907791137695312e+00 -6.342049598693847656e+00 -3.894616663455963135e-01 -0.000000000000000000e+00 -0.000000000000000000e+00 4.859193563461303711e-01 8.740036487579345703e-01
-4.906672477722167969e+00 -6.178603172302246094e+00 -5.604644417762756348e-01 -8.347417227923870087e-03 -7.863275706768035889e-03 4.668697714805603027e-01 8.842517733573913574e-01
-4.889269828796386719e+00 -6.006705284118652344e+00 -7.298699617385864258e-01 -1.696335151791572571e-02 -1.572201400995254517e-02 4.468683898448944092e-01 8.943006992340087891e-01
-4.928415298461914062e+00 -5.829891204833984375e+00 -8.898828029632568359e-01 -2.579302154481410980e-02 -2.357090637087821960e-02 4.260214865207672119e-01 9.040380120277404785e-01
-5.001626014709472656e+00 -5.642592430114746094e+00 -1.023389816284179688e+00 -3.478169441223144531e-02 -3.140374273061752319e-02 4.044435620307922363e-01 9.133616089820861816e-01
-5.078283786773681641e+00 -5.439106464385986328e+00 -1.127338886260986328e+00 -4.387395456433296204e-02 -3.921511769294738770e-02 3.822573721408843994e-01 9.221803545951843262e-01
-5.152314186096191406e+00 -5.228816986083984375e+00 -1.217027544975280762e+00 -5.301403999328613281e-02 -4.699866846203804016e-02 3.595909178256988525e-01 9.304165244102478027e-01
-5.223852634429931641e+00 -5.015089988708496094e+00 -1.298358678817749023e+00 -6.214766576886177063e-02 -5.474858731031417847e-02 3.365799188613891602e-01 9.380055069923400879e-01
-5.292275428771972656e+00 -4.798625469207763672e+00 -1.372424244880676270e+00 -7.121989130973815918e-02 -6.245986372232437134e-02 3.133656084537506104e-01 9.448959827423095703e-01
-5.359999656677246094e+00 -4.582179069519042969e+00 -1.444888830184936523e+00 -8.017768710851669312e-02 -7.012708485126495361e-02 2.900941669940948486e-01 9.510515332221984863e-01
-5.424941062927246094e+00 -4.364111423492431641e+00 -1.512327790260314941e+00 -8.896884322166442871e-02 -7.774685323238372803e-02 2.669146955013275146e-01 9.564499258995056152e-01
-5.489133358001708984e+00 -4.146231651306152344e+00 -1.578565001487731934e+00 -9.754288941621780396e-02 -8.531563729047775269e-02 2.439801245927810669e-01 9.610828757286071777e-01
-5.552577972412109375e+00 -3.928657054901123047e+00 -1.643857359886169434e+00 -1.058517023921012878e-01 -9.283183515071868896e-02 2.214451432228088379e-01 9.649558067321777344e-01
-5.613544940948486328e+00 -3.710181713104248047e+00 -1.705621957778930664e+00 -1.138487160205841064e-01 -1.002944037318229675e-01 1.994655877351760864e-01 9.680872559547424316e-01
-5.674167156219482422e+00 -3.492401123046875000e+00 -1.767254590988159180e+00 -1.214897185564041138e-01 -1.077041774988174438e-01 1.781971305608749390e-01 9.705080986022949219e-01
-5.734394550323486328e+00 -3.275330781936645508e+00 -1.828761577606201172e+00 -1.287326067686080933e-01 -1.150631234049797058e-01 1.577948927879333496e-01 9.722598195075988770e-01
-5.792375564575195312e+00 -3.057869911193847656e+00 -1.887714743614196777e+00 -1.355376690626144409e-01 -1.223749965429306030e-01 1.384123712778091431e-01 9.733940958976745605e-01
-5.849421024322509766e+00 -2.840900897979736328e+00 -1.945957541465759277e+00 -1.418673396110534668e-01 -1.296445280313491821e-01 1.202014610171318054e-01 9.739699363708496094e-01
-5.905922889709472656e+00 -2.624731302261352539e+00 -2.004086256027221680e+00 -1.476862132549285889e-01 -1.368790864944458008e-01 1.033114045858383179e-01 9.740532040596008301e-01
-5.961835861206054688e+00 -2.409395694732666016e+00 -2.062094688415527344e+00 -1.529600024223327637e-01 -1.440866738557815552e-01 8.788898587226867676e-02 9.737133383750915527e-01
-6.016388893127441406e+00 -2.194512844085693359e+00 -2.119060039520263672e+00 -1.576559990644454956e-01 -1.512766927480697632e-01 7.407832890748977661e-02 9.730221629142761230e-01
-6.069350242614746094e+00 -1.980440616607666016e+00 -2.175919771194458008e+00 -1.581940054893493652e-01 -1.582193523645401001e-01 6.256870180368423462e-02 9.726389050483703613e-01
-6.121669769287109375e+00 -1.767285108566284180e+00 -2.232515811920166016e+00 -1.586269885301589966e-01 -1.651868820190429688e-01 5.273349210619926453e-02 9.719928503036499023e-01
-6.173349380493164062e+00 -1.555076837539672852e+00 -2.288847684860229492e+00 -1.589371412992477417e-01 -1.720782965421676636e-01 4.451689124107360840e-02 9.711571931838989258e-01
-6.224396705627441406e+00 -1.343834161758422852e+00 -2.344907283782958984e+00 -1.591077595949172974e-01 -1.787980198860168457e-01 3.786127269268035889e-02 9.701970815658569336e-01
-6.274323463439941406e+00 -1.133310556411743164e+00 -2.400119543075561523e+00 -1.591244041919708252e-01 -1.852554380893707275e-01 3.270776569843292236e-02 9.691697359085083008e-01
-6.323212623596191406e+00 -9.235619902610778809e-01 -2.454567909240722656e+00 -1.589761823415756226e-01 -1.913639754056930542e-01 2.899651974439620972e-02 9.681247472763061523e-01
-6.371506214141845703e+00 -7.148217558860778809e-01 -2.508737802505493164e+00 -1.586566865444183350e-01 -1.970407962799072266e-01 2.666674554347991943e-02 9.671048521995544434e-01
-6.419220924377441406e+00 -5.070983767509460449e-01 -2.562625646591186523e+00 -1.581647992134094238e-01 -2.022053152322769165e-01 2.565712481737136841e-02 9.661462903022766113e-01
-6.466361999511718750e+00 -3.003930449485778809e-01 -2.616227865219116211e+00 -1.575052142143249512e-01 -2.067796438932418823e-01 2.590554207563400269e-02 9.652787446975708008e-01
-6.512946605682373047e+00 -9.470459073781967163e-02 -2.669538497924804688e+00 -1.566889286041259766e-01 -2.106871455907821655e-01 2.734943106770515442e-02 9.645265340805053711e-01
-6.558293342590332031e+00 1.102996766567230225e-01 -2.721883535385131836e+00 -1.557333320379257202e-01 -2.138530761003494263e-01 2.992564067244529724e-02 9.639078974723815918e-01
-6.603093147277832031e+00 3.142999112606048584e-01 -2.773919582366943359e+00 -1.546622216701507568e-01 -2.162047475576400757e-01 3.357052430510520935e-02 9.634355902671813965e-01
-6.647385120391845703e+00 5.172979831695556641e-01 -2.825657844543457031e+00 -1.535057574510574341e-01 -2.176701277494430542e-01 3.822052106261253357e-02 9.631173014640808105e-01
-6.691176414489746094e+00 7.193005084991455078e-01 -2.877097129821777344e+00 -1.522998660802841187e-01 -2.181794941425323486e-01 4.381223022937774658e-02 9.629552960395812988e-01
-6.734491825103759766e+00 9.203179478645324707e-01 -2.928234815597534180e+00 -1.510860174894332886e-01 -2.176645100116729736e-01 5.028300732374191284e-02 9.629469513893127441e-01
-6.777324199676513672e+00 1.120366811752319336e+00 -2.979058742523193359e+00 -1.499100923538208008e-01 -2.160590142011642456e-01 5.757170543074607849e-02 9.630840420722961426e-01
-6.819116115570068359e+00 1.319689869880676270e+00 -3.029147863388061523e+00 -1.488217860460281372e-01 -2.132993191480636597e-01 6.561928987503051758e-02 9.633532762527465820e-01
-6.860473632812500000e+00 1.518059015274047852e+00 -3.078938007354736328e+00 -1.478735953569412231e-01 -2.093239128589630127e-01 7.436984777450561523e-02 9.637354612350463867e-01
-6.901413440704345703e+00 1.715484619140625000e+00 -3.128428936004638672e+00 -1.471197903156280518e-01 -2.040740251541137695e-01 8.377148211002349854e-02 9.642052650451660156e-01
-6.941940784454345703e+00 1.911975622177124023e+00 -3.177626848220825195e+00 -1.466155797243118286e-01 -1.974932104349136353e-01 9.377742558717727661e-02 9.647310972213745117e-01
-6.981594085693359375e+00 2.107256412506103516e+00 -3.227603673934936523e+00 -1.417578160762786865e-01 -1.890612542629241943e-01 1.052547320723533630e-01 9.659616947174072266e-01
-7.020846843719482422e+00 2.301600217819213867e+00 -3.277468204498291016e+00 -1.365770101547241211e-01 -1.792278885841369629e-01 1.172625422477722168e-01 9.671988487243652344e-01
-7.059240341186523438e+00 2.495179414749145508e+00 -3.326999425888061523e+00 -1.311117112636566162e-01 -1.681381464004516602e-01 1.297001242637634277e-01 9.683579206466674805e-01
-7.097248554229736328e+00 2.687858104705810547e+00 -3.376405000686645508e+00 -1.254023909568786621e-01 -1.559390127658843994e-01 1.424665004014968872e-01 9.693608880043029785e-01
-7.134977817535400391e+00 2.879614830017089844e+00 -3.425717592239379883e+00 -1.194915026426315308e-01 -1.427814960479736328e-01 1.554603874683380127e-01 9.701377749443054199e-01
-7.172472953796386719e+00 3.070449113845825195e+00 -3.474937677383422852e+00 -1.134229451417922974e-01 -1.288181245326995850e-01 1.685813814401626587e-01 9.706294536590576172e-01
-7.209772586822509766e+00 3.260360002517700195e+00 -3.524058818817138672e+00 -1.072427034378051758e-01 -1.142062619328498840e-01 1.817298382520675659e-01 9.707884788513183594e-01
-7.246911525726318359e+00 3.449340820312500000e+00 -3.573070049285888672e+00 -1.009982228279113770e-01 -9.910440444946289062e-02 1.948079019784927368e-01 9.705810546875000000e-01
-7.283493518829345703e+00 3.637497425079345703e+00 -3.621876239776611328e+00 -9.473976492881774902e-02 -8.367426693439483643e-02 2.077198475599288940e-01 9.699873328208923340e-01
-7.320732116699218750e+00 3.828951835632324219e+00 -3.671562433242797852e+00 -8.851800113916397095e-02 -6.807898730039596558e-02 2.203726172447204590e-01 9.690023660659790039e-01
-7.358820438385009766e+00 4.023651599884033203e+00 -3.722130060195922852e+00 -8.238571137189865112e-02 -5.248287320137023926e-02 2.326763570308685303e-01 9.676361680030822754e-01
-7.397773265838623047e+00 4.221580505371093750e+00 -3.773549795150756836e+00 -7.639677822589874268e-02 -3.705070912837982178e-02 2.445447742938995361e-01 9.659133553504943848e-01
-7.437616825103759766e+00 4.422720432281494141e+00 -3.825788497924804688e+00 -7.060604542493820190e-02 -2.194751426577568054e-02 2.558953762054443359e-01 9.638727903366088867e-01
-7.478200435638427734e+00 4.627083778381347656e+00 -3.878831624984741211e+00 -6.506890058517456055e-02 -7.337268441915512085e-03 2.666494846343994141e-01 9.615665674209594727e-01
-7.519059658050537109e+00 4.834738731384277344e+00 -3.932684183120727539e+00 -5.984155833721160889e-02 6.617300212383270264e-03 2.767328619956970215e-01 9.590590596199035645e-01
-7.560830116271972656e+00 5.045547485351562500e+00 -3.987249612808227539e+00 -5.497959628701210022e-02 1.975503563880920410e-02 2.860746085643768311e-01 9.564247131347656250e-01
-7.603520393371582031e+00 5.259487628936767578e+00 -4.042487621307373047e+00 -5.053973570466041565e-02 3.191625699400901794e-02 2.946073710918426514e-01 9.537471532821655273e-01
-7.647128582000732422e+00 5.476538181304931641e+00 -4.098358154296875000e+00 -4.657783359289169312e-02 4.294348135590553284e-02 3.022669851779937744e-01 9.511156082153320312e-01
-7.690759181976318359e+00 5.696789264678955078e+00 -4.155108451843261719e+00 -4.314950108528137207e-02 5.268128216266632080e-02 3.089912533760070801e-01 9.486238360404968262e-01
-7.734926700592041016e+00 5.920156002044677734e+00 -4.212535381317138672e+00 -4.031039401888847351e-02 6.097522005438804626e-02 3.147191703319549561e-01 9.463661909103393555e-01
-7.779982566833496094e+00 6.146578311920166016e+00 -4.270494461059570312e+00 -3.809766098856925964e-02 6.771911680698394775e-02 3.194149434566497803e-01 9.444240927696228027e-01
-7.825485706329345703e+00 6.376094818115234375e+00 -4.329156398773193359e+00 -3.647705912590026855e-02 7.299340516328811646e-02 3.231400847434997559e-01 9.428265094757080078e-01
-7.870612621307373047e+00 6.608789920806884766e+00 -4.388864517211914062e+00 -3.539590910077095032e-02 7.692465931177139282e-02 3.259766399860382080e-01 9.415779113769531250e-01
-7.916537761688232422e+00 6.844555377960205078e+00 -4.449152946472167969e+00 -3.480094671249389648e-02 7.963904738426208496e-02 3.280029296875000000e-01 9.406703114509582520e-01
-7.961987018585205078e+00 7.083475112915039062e+00 -4.510684490203857422e+00 -3.463882580399513245e-02 8.126176148653030396e-02 3.292938470840454102e-01 9.400862455368041992e-01
-8.007372856140136719e+00 7.325532436370849609e+00 -4.573261737823486328e+00 -3.485544398427009583e-02 8.191778510808944702e-02 3.299220800399780273e-01 9.398010969161987305e-01
-8.052008628845214844e+00 7.570703983306884766e+00 -4.637475490570068359e+00 -3.539675474166870117e-02 8.173152059316635132e-02 3.299581408500671387e-01 9.397844076156616211e-01
-8.096144676208496094e+00 7.818986415863037109e+00 -4.703204154968261719e+00 -3.620855510234832764e-02 8.082695305347442627e-02 3.294713795185089111e-01 9.400023221969604492e-01
-8.138251304626464844e+00 8.070199012756347656e+00 -4.772089958190917969e+00 -3.723649308085441589e-02 7.932797074317932129e-02 3.285304307937622070e-01 9.404192566871643066e-01
-8.178689002990722656e+00 8.323992729187011719e+00 -4.845007419586181641e+00 -3.842622786760330200e-02 7.735860347747802734e-02 3.272036015987396240e-01 9.409977793693542480e-01
-8.218793869018554688e+00 8.579247474670410156e+00 -4.924781322479248047e+00 -3.972355648875236511e-02 7.504254579544067383e-02 3.255592882633209229e-01 9.417014718055725098e-01
-8.264011383056640625e+00 8.835341453552246094e+00 -5.010210037231445312e+00 -4.107378050684928894e-02 7.250372320413589478e-02 3.236662149429321289e-01 9.424946904182434082e-01
-8.317351341247558594e+00 9.092417716979980469e+00 -5.098725318908691406e+00 -4.242286086082458496e-02 6.986653059720993042e-02 3.215938210487365723e-01 9.433432221412658691e-01
-8.377529144287109375e+00 9.351376533508300781e+00 -5.187946796417236328e+00 -4.371661692857742310e-02 6.725484132766723633e-02 3.194118440151214600e-01 9.442148208618164062e-01
-8.446645736694335938e+00 9.612848281860351562e+00 -5.273967266082763672e+00 -4.490109533071517944e-02 6.479322165250778198e-02 3.171911835670471191e-01 9.450796842575073242e-01
-8.530341148376464844e+00 9.877912521362304688e+00 -5.345196247100830078e+00 -4.592199251055717468e-02 6.260628998279571533e-02 3.150030076503753662e-01 9.459095001220703125e-01
-8.604428291320800781e+00 9.911406517028808594e+00 -5.232374191284179688e+00 -4.672523960471153259e-02 6.081875413656234741e-02 3.129194378852844238e-01 9.466780424118041992e-01
-8.566374778747558594e+00 9.665884971618652344e+00 -5.071861267089843750e+00 -4.725732654333114624e-02 5.955515429377555847e-02 3.110126554965972900e-01 9.473599791526794434e-01
-8.512185096740722656e+00 9.407723426818847656e+00 -4.927031040191650391e+00 -4.746430739760398865e-02 5.894020944833755493e-02 3.093550503253936768e-01 9.479308128356933594e-01
-8.452860832214355469e+00 9.141704559326171875e+00 -4.788343429565429688e+00 -4.729225486516952515e-02 5.909859389066696167e-02 3.080187737941741943e-01 9.483644366264343262e-01
-8.391786575317382812e+00 8.868372917175292969e+00 -4.653934001922607422e+00 -4.669481515884399414e-02 6.011708080768585205e-02 3.070696890354156494e-01 9.486378431320190430e-01
-8.330734252929687500e+00 8.587469100952148438e+00 -4.523902416229248047e+00 -4.565671086311340332e-02 6.193011254072189331e-02 3.065496683120727539e-01 9.487398862838745117e-01
-8.271408081054687500e+00 8.298398017883300781e+00 -4.399217605590820312e+00 -4.416975751519203186e-02 6.443436443805694580e-02 3.064942061901092529e-01 9.486613869667053223e-01
-8.216371536254882812e+00 7.999872684478759766e+00 -4.282568454742431641e+00 -4.222642630338668823e-02 6.752626597881317139e-02 3.069382011890411377e-01 9.483913183212280273e-01
-8.170976638793945312e+00 7.689372539520263672e+00 -4.180535793304443359e+00 -3.981860727071762085e-02 7.110203802585601807e-02 3.079159855842590332e-01 9.479171633720397949e-01
-8.138451576232910156e+00 7.366136074066162109e+00 -4.099429607391357422e+00 -3.693814575672149658e-02 7.505785673856735229e-02 3.094615936279296875e-01 9.472251534461975098e-01
-8.114367485046386719e+00 7.031165122985839844e+00 -4.047699928283691406e+00 -3.357753530144691467e-02 7.928974926471710205e-02 3.116087019443511963e-01 9.463009834289550781e-01
-8.081738471984863281e+00 6.689288139343261719e+00 -4.017791748046875000e+00 -2.972846664488315582e-02 8.369368314743041992e-02 3.143906295299530029e-01 9.451296925544738770e-01
-8.023488998413085938e+00 6.345328330993652344e+00 -3.995568752288818359e+00 -2.538332156836986542e-02 8.816547691822052002e-02 3.178402185440063477e-01 9.436948895454406738e-01
-7.932165145874023438e+00 6.003990173339843750e+00 -3.967128753662109375e+00 -2.053426951169967651e-02 9.260074794292449951e-02 3.219899833202362061e-01 9.419798254966735840e-01
-7.810500144958496094e+00 5.667705535888671875e+00 -3.931306123733520508e+00 -1.517368480563163757e-02 9.689503908157348633e-02 3.268718123435974121e-01 9.399659037590026855e-01
-7.664345741271972656e+00 5.336136341094970703e+00 -3.893165111541748047e+00 -9.294124320149421692e-03 1.009438633918762207e-01 3.325165808200836182e-01 9.376335144042968750e-01
-7.497385025024414062e+00 5.008913516998291016e+00 -3.855462551116943359e+00 -2.888139337301254272e-03 1.046422645449638367e-01 3.389543592929840088e-01 9.349606633186340332e-01
-7.311108112335205078e+00 4.686273574829101562e+00 -3.819942474365234375e+00 4.051327705383300781e-03 1.078856289386749268e-01 3.462138175964355469e-01 9.319228529930114746e-01
-7.106767654418945312e+00 4.368444919586181641e+00 -3.787902832031250000e+00 1.153123006224632263e-02 1.105687320232391357e-01 3.543218374252319336e-01 9.284920692443847656e-01
-6.885461330413818359e+00 4.055644035339355469e+00 -3.760316133499145508e+00 1.955820992588996887e-02 1.125864237546920776e-01 3.633029758930206299e-01 9.246364235877990723e-01
-6.648171424865722656e+00 3.748070001602172852e+00 -3.737892866134643555e+00 2.813830226659774780e-02 1.138335168361663818e-01 3.731800913810729980e-01 9.203188419342041016e-01
-6.398183345794677734e+00 3.444061279296875000e+00 -3.719299316406250000e+00 3.727722540497779846e-02 1.142045482993125916e-01 3.839720785617828369e-01 9.154961705207824707e-01
-6.137506961822509766e+00 3.142504215240478516e+00 -3.703594923019409180e+00 4.697999730706214905e-02 1.135940998792648315e-01 3.956937491893768311e-01 9.101184606552124023e-01
-5.867341041564941406e+00 2.842720270156860352e+00 -3.690124511718750000e+00 5.725050345063209534e-02 1.118971779942512512e-01 4.083562195301055908e-01 9.041275382041931152e-01
-5.588418006896972656e+00 2.544324398040771484e+00 -3.678360462188720703e+00 6.807232648134231567e-02 1.090456694364547729e-01 4.219360053539276123e-01 8.974659442901611328e-01
-5.301167011260986328e+00 2.247136116027832031e+00 -3.667783021926879883e+00 7.935017347335815430e-02 1.051199659705162048e-01 4.362942576408386230e-01 8.901127576828002930e-01
-5.004911899566650391e+00 1.952020883560180664e+00 -3.657714843750000000e+00 9.096842259168624878e-02 1.002390831708908081e-01 4.512654840946197510e-01 8.820637464523315430e-01
-4.699462890625000000e+00 1.659462809562683105e+00 -3.646407365798950195e+00 1.028109788894653320e-01 9.452456980943679810e-02 4.666870832443237305e-01 8.733259439468383789e-01
-4.378413200378417969e+00 1.376522779464721680e+00 -3.639400482177734375e+00 1.147620528936386108e-01 8.810018002986907959e-02 4.824009239673614502e-01 8.639197349548339844e-01
-4.048246860504150391e+00 1.097880840301513672e+00 -3.666313409805297852e+00 1.267066150903701782e-01 8.109207451343536377e-02 4.982548058032989502e-01 8.538803458213806152e-01
-3.725810527801513672e+00 8.062823414802551270e-01 -3.717043399810791016e+00 1.385308206081390381e-01 7.362864166498184204e-02 5.141036510467529297e-01 8.432587981224060059e-01
-3.408601045608520508e+00 5.029528737068176270e-01 -3.771992206573486328e+00 1.501231789588928223e-01 6.584017723798751831e-02 5.298111438751220703e-01 8.321227431297302246e-01
-3.095217227935791016e+00 1.889929175376892090e-01 -3.826729536056518555e+00 1.613746434450149536e-01 5.785824730992317200e-02 5.452502965927124023e-01 8.205564022064208984e-01
-2.785478353500366211e+00 -1.353869587182998657e-01 -3.879764318466186523e+00 1.721794158220291138e-01 4.981549456715583801e-02 5.603044629096984863e-01 8.086603879928588867e-01
-2.480214834213256836e+00 -4.708569347858428955e-01 -3.930016994476318359e+00 1.823289841413497925e-01 4.176848009228706360e-02 5.748736858367919922e-01 7.965749502182006836e-01
-2.180490732192993164e+00 -8.184216022491455078e-01 -3.976020336151123047e+00 1.901278048753738403e-01 3.264122456312179565e-02 5.889284610748291016e-01 7.848243117332458496e-01
-1.888828039169311523e+00 -1.179530024528503418e+00 -4.017014026641845703e+00 1.978267580270767212e-01 2.424678951501846313e-02 6.022590398788452148e-01 7.730204463005065918e-01
-1.607199668884277344e+00 -1.555153727531433105e+00 -4.051943302154541016e+00 2.052658498287200928e-01 1.671614497900009155e-02 6.148146986961364746e-01 7.613077759742736816e-01
-1.335627436637878418e+00 -1.944486021995544434e+00 -4.081868648529052734e+00 2.122804224491119385e-01 1.016414165496826172e-02 6.265503168106079102e-01 7.498454451560974121e-01
-1.074602007865905762e+00 -2.347162961959838867e+00 -4.107694149017333984e+00 2.187024652957916260e-01 4.689253866672515869e-03 6.374248266220092773e-01 7.388077378273010254e-01
-8.249365091323852539e-01 -2.763039588928222656e+00 -4.130316257476806641e+00 2.243633717298507690e-01 3.730952739715576172e-04 6.473984122276306152e-01 7.283790707588195801e-01
-5.878344774246215820e-01 -3.192165374755859375e+00 -4.150681018829345703e+00 2.290951013565063477e-01 -2.716653048992156982e-03 6.564310789108276367e-01 7.187530994415283203e-01
-3.651049733161926270e-01 -3.634810686111450195e+00 -4.169839859008789062e+00 2.327318489551544189e-01 -4.523597657680511475e-03 6.644802093505859375e-01 7.101276516914367676e-01
-1.667333990335464478e-01 -4.085103511810302734e+00 -4.188932895660400391e+00 2.351119816303253174e-01 -4.998676478862762451e-03 6.714982986450195312e-01 7.027000784873962402e-01
8.464355021715164185e-03 -4.541408538818359375e+00 -4.208699703216552734e+00 2.350860238075256348e-01 -5.130089819431304932e-03 6.774483323097229004e-01 6.969734430313110352e-01
1.592578142881393433e-01 -5.002803802490234375e+00 -4.228819370269775391e+00 2.337679117918014526e-01 -4.006743431091308594e-03 6.823946237564086914e-01 6.925850510597229004e-01
2.854492068290710449e-01 -5.468111515045166016e+00 -4.248252868652343750e+00 2.312549948692321777e-01 -1.731745898723602295e-03 6.864064931869506836e-01 6.894665956497192383e-01
3.901318311691284180e-01 -5.935358524322509766e+00 -4.265472412109375000e+00 2.276410758495330811e-01 1.591585576534271240e-03 6.895418763160705566e-01 6.875382065773010254e-01
4.773266613483428955e-01 -6.402911186218261719e+00 -4.278501033782958984e+00 2.230168431997299194e-01 5.859963595867156982e-03 6.918498873710632324e-01 6.867114901542663574e-01
5.503832697868347168e-01 -6.869568824768066406e+00 -4.285501480102539062e+00 2.174708247184753418e-01 1.097013056278228760e-02 6.933737397193908691e-01 6.868907213211059570e-01
6.055932641029357910e-01 -7.335244178771972656e+00 -4.290131568908691406e+00 2.110904455184936523e-01 1.681864261627197266e-02 6.941519379615783691e-01 6.879761219024658203e-01
6.419482231140136719e-01 -7.799274921417236328e+00 -4.297547340393066406e+00 2.039625644683837891e-01 2.330168336629867554e-02 6.942206621170043945e-01 6.898652315139770508e-01
6.622118949890136719e-01 -8.263128280639648438e+00 -4.311502456665039062e+00 1.961741745471954346e-01 3.031513839960098267e-02 6.936158537864685059e-01 6.924549341201782227e-01
6.719628572463989258e-01 -8.726032257080078125e+00 -4.332151889801025391e+00 1.878127157688140869e-01 3.775500506162643433e-02 6.923743486404418945e-01 6.956427097320556641e-01
6.716210842132568359e-01 -9.187621116638183594e+00 -4.359522819519042969e+00 1.789668798446655273e-01 4.551659524440765381e-02 6.905353069305419922e-01 6.993283629417419434e-01
6.617602109909057617e-01 -9.647602081298828125e+00 -4.392814636230468750e+00 1.697271466255187988e-01 5.349496752023696899e-02 6.881415843963623047e-01 7.034144997596740723e-01
6.391479372978210449e-01 -1.010535621643066406e+01 -4.433716773986816406e+00 1.601847261190414429e-01 6.158572062849998474e-02 6.852406263351440430e-01 7.078087925910949707e-01
6.014282107353210449e-01 -1.056002902984619141e+01 -4.483361721038818359e+00 1.504335403442382812e-01 6.968370079994201660e-02 6.818847060203552246e-01 7.124235630035400391e-01
5.444238185882568359e-01 -1.101007080078125000e+01 -4.543932914733886719e+00 1.405684500932693481e-01 7.768474519252777100e-02 6.781319975852966309e-01 7.171769142150878906e-01
4.552709758281707764e-01 -1.145071792602539062e+01 -4.622215270996093750e+00 1.306859403848648071e-01 8.548503369092941284e-02 6.740465164184570312e-01 7.219935655593872070e-01
3.358032107353210449e-01 -1.187976264953613281e+01 -4.715097427368164062e+00 1.208839192986488342e-01 9.298165142536163330e-02 6.696985363960266113e-01 7.268049120903015137e-01
1.862744092941284180e-01 -1.229550743103027344e+01 -4.818032264709472656e+00 1.112621501088142395e-01 1.000716090202331543e-01 6.651638150215148926e-01 7.315489053726196289e-01
1.459472626447677612e-02 -1.270313739776611328e+01 -4.912574291229248047e+00 1.019203513860702515e-01 1.066540032625198364e-01 6.605232357978820801e-01 7.361699938774108887e-01
-1.897387653589248657e-01 -1.310163784027099609e+01 -4.941309928894042969e+00 9.295946359634399414e-02 1.126284003257751465e-01 6.558635234832763672e-01 7.406189441680908203e-01
-5.527685284614562988e-01 -1.335066413879394531e+01 -5.004883766174316406e+00 8.446609973907470703e-02 1.179173886775970459e-01 6.512641906738281250e-01 7.448597550392150879e-01
-9.410229325294494629e-01 -1.353439140319824219e+01 -5.129745960235595703e+00 7.646737247705459595e-02 1.225333213806152344e-01 6.467626690864562988e-01 7.488900423049926758e-01
-1.324382305145263672e+00 -1.371183586120605469e+01 -5.272841453552246094e+00 6.897543370723724365e-02 1.265103220939636230e-01 6.423850655555725098e-01 7.527143955230712891e-01
-1.707163095474243164e+00 -1.387878131866455078e+01 -5.425455093383789062e+00 6.200160086154937744e-02 1.298829913139343262e-01 6.381553411483764648e-01 7.563357949256896973e-01
-2.094355344772338867e+00 -1.402152061462402344e+01 -5.586777210235595703e+00 5.555692687630653381e-02 1.326856017112731934e-01 6.340967416763305664e-01 7.597561478614807129e-01
-2.491547822952270508e+00 -1.410220146179199219e+01 -5.760099887847900391e+00 4.965189844369888306e-02 1.349525153636932373e-01 6.302302479743957520e-01 7.629759907722473145e-01
-2.525368690490722656e+00 -1.405239009857177734e+01 -5.724257469177246094e+00 4.429694265127182007e-02 1.367177367210388184e-01 6.265764236450195312e-01 7.659947872161865234e-01
-2.148808479309082031e+00 -1.403238296508789062e+01 -5.498565673828125000e+00 3.950188681483268738e-02 1.380154788494110107e-01 6.231542229652404785e-01 7.688109278678894043e-01
-1.773303151130676270e+00 -1.400075912475585938e+01 -5.287938117980957031e+00 3.527654707431793213e-02 1.388793587684631348e-01 6.199819445610046387e-01 7.714211344718933105e-01
-1.400539517402648926e+00 -1.389773368835449219e+01 -5.119853496551513672e+00 3.163047507405281067e-02 1.393431425094604492e-01 6.170760989189147949e-01 7.738218307495117188e-01
-1.056215763092041016e+00 -1.367254352569580078e+01 -5.068698406219482422e+00 2.857304736971855164e-02 1.394401490688323975e-01 6.144528388977050781e-01 7.760074734687805176e-01
-7.039648294448852539e-01 -1.346885967254638672e+01 -5.037453651428222656e+00 2.611361071467399597e-02 1.392036080360412598e-01 6.121268868446350098e-01 7.779725193977355957e-01
-3.503955006599426270e-01 -1.328459167480468750e+01 -4.994932651519775391e+00 2.426135167479515076e-02 1.386664211750030518e-01 6.101122498512268066e-01 7.797089219093322754e-01
-1.833496056497097015e-02 -1.307719707489013672e+01 -4.959987640380859375e+00 2.302540466189384460e-02 1.378612816333770752e-01 6.084222197532653809e-01 7.812082767486572266e-01
2.603271305561065674e-01 -1.281319522857666016e+01 -4.948355674743652344e+00 2.241489663720130920e-02 1.368207484483718872e-01 6.070683002471923828e-01 7.824612855911254883e-01
4.474291801452636719e-01 -1.248610782623291016e+01 -4.959177017211914062e+00 2.243890613317489624e-02 1.355769485235214233e-01 6.060618162155151367e-01 7.834568619728088379e-01
5.698583722114562988e-01 -1.213654518127441406e+01 -4.955091476440429688e+00 2.310644090175628662e-02 1.341619193553924561e-01 6.054124832153320312e-01 7.841825485229492188e-01
6.699120998382568359e-01 -1.179052734375000000e+01 -4.910003662109375000e+00 2.442650496959686279e-02 1.326074898242950439e-01 6.051295995712280273e-01 7.846252918243408203e-01
7.371313571929931641e-01 -1.144875717163085938e+01 -4.838634014129638672e+00 2.640817686915397644e-02 1.309450864791870117e-01 6.052207946777343750e-01 7.847699522972106934e-01
7.618334889411926270e-01 -1.111037063598632812e+01 -4.760807991027832031e+00 2.906038984656333923e-02 1.292060613632202148e-01 6.056929826736450195e-01 7.846001982688903809e-01
7.484911680221557617e-01 -1.077814960479736328e+01 -4.686676979064941406e+00 3.238602355122566223e-02 1.274121254682540894e-01 6.065482497215270996e-01 7.841023802757263184e-01
7.104638218879699707e-01 -1.045423889160156250e+01 -4.618001461029052734e+00 3.636417165398597717e-02 1.255472451448440552e-01 6.077739596366882324e-01 7.832791805267333984e-01
6.545459032058715820e-01 -1.013971138000488281e+01 -4.553759574890136719e+00 4.096779227256774902e-02 1.235858350992202759e-01 6.093534231185913086e-01 7.821359634399414062e-01
5.880370736122131348e-01 -9.834398269653320312e+00 -4.492713451385498047e+00 4.616953805088996887e-02 1.215022057294845581e-01 6.112684011459350586e-01 7.806769013404846191e-01
5.130737423896789551e-01 -9.538344383239746094e+00 -4.434407711029052734e+00 5.194214731454849243e-02 1.192704737186431885e-01 6.135004758834838867e-01 7.789054512977600098e-01
4.307690262794494629e-01 -9.251677513122558594e+00 -4.378512859344482422e+00 5.825800076127052307e-02 1.168647110462188721e-01 6.160299181938171387e-01 7.768241763114929199e-01
3.416381776332855225e-01 -8.974619865417480469e+00 -4.324769020080566406e+00 6.508931517601013184e-02 1.142589747905731201e-01 6.188366413116455078e-01 7.744349241256713867e-01
2.450781166553497314e-01 -8.707614898681640625e+00 -4.274086952209472656e+00 7.240805774927139282e-02 1.114272400736808777e-01 6.218999624252319336e-01 7.717392444610595703e-01
1.353832930326461792e-01 -8.452690124511718750e+00 -4.230965614318847656e+00 8.018587529659271240e-02 1.083436384797096252e-01 6.251988410949707031e-01 7.687381505966186523e-01
1.104736328125000000e-02 -8.211529731750488281e+00 -4.197958946228027344e+00 8.839431405067443848e-02 1.049822866916656494e-01 6.287115216255187988e-01 7.654325962066650391e-01
-1.255908161401748657e-01 -7.984578609466552734e+00 -4.175175666809082031e+00 9.700441360473632812e-02 1.013175100088119507e-01 6.324164271354675293e-01 7.618230581283569336e-01
-2.707739174365997314e-01 -7.771062850952148438e+00 -4.161190032958984375e+00 1.059870272874832153e-01 9.732372313737869263e-02 6.362911462783813477e-01 7.579104900360107422e-01
-4.250268340110778809e-01 -7.573033332824707031e+00 -4.157519340515136719e+00 1.153126582503318787e-01 9.297569096088409424e-02 6.403134465217590332e-01 7.536955475807189941e-01
-5.797729492187500000e-01 -7.385119438171386719e+00 -4.158210277557373047e+00 1.249517574906349182e-01 8.824807405471801758e-02 6.444608569145202637e-01 7.491792440414428711e-01
-7.355297803878784180e-01 -7.207830429077148438e+00 -4.163727760314941406e+00 1.348741352558135986e-01 8.311618864536285400e-02 6.487104296684265137e-01 7.443624734878540039e-01
-8.908129930496215820e-01 -7.040554046630859375e+00 -4.173243522644042969e+00 1.450491696596145630e-01 7.755584269762039185e-02 6.530393958091735840e-01 7.392465472221374512e-01
-1.044055104255676270e+00 -6.881764888763427734e+00 -4.185292720794677734e+00 1.554465442895889282e-01 7.154257595539093018e-02 6.574250459671020508e-01 7.338325977325439453e-01
-1.193537592887878418e+00 -6.729994773864746094e+00 -4.198415279388427734e+00 1.660351157188415527e-01 6.505301594734191895e-02 6.618438959121704102e-01 7.281230688095092773e-01
-1.341528296470642090e+00 -6.587771892547607422e+00 -4.214909553527832031e+00 1.767838746309280396e-01 5.806371569633483887e-02 6.662731170654296875e-01 7.221191525459289551e-01
-1.484025835990905762e+00 -6.450664043426513672e+00 -4.230685710906982422e+00 1.876611411571502686e-01 5.055221915245056152e-02 6.706893444061279297e-01 7.158237099647521973e-01
-1.621855378150939941e+00 -6.320065975189208984e+00 -4.246180534362792969e+00 1.968545764684677124e-01 4.081781953573226929e-02 6.751694083213806152e-01 7.097383141517639160e-01
-1.764396905899047852e+00 -6.189622879028320312e+00 -4.264038085937500000e+00 2.064052820205688477e-01 3.083848953247070312e-02 6.795049905776977539e-01 7.033625841140747070e-01
-1.909570217132568359e+00 -6.056824684143066406e+00 -4.282178878784179688e+00 2.162594497203826904e-01 2.067632228136062622e-02 6.836587190628051758e-01 6.967173814773559570e-01
-2.057434082031250000e+00 -5.921759128570556641e+00 -4.300656795501708984e+00 2.263620793819427490e-01 1.039156317710876465e-02 6.875972747802734375e-01 6.898276805877685547e-01
-2.210205078125000000e+00 -5.787262916564941406e+00 -4.321498870849609375e+00 2.366565167903900146e-01 4.298985004425048828e-05 6.912912130355834961e-01 6.827225089073181152e-01
-2.365646839141845703e+00 -5.650507450103759766e+00 -4.342664718627929688e+00 2.470852881669998169e-01 -1.031296700239181519e-02 6.947154402732849121e-01 6.754354238510131836e-01
-2.523762226104736328e+00 -5.511505126953125000e+00 -4.364153861999511719e+00 2.575897276401519775e-01 -2.062227576971054077e-02 6.978479623794555664e-01 6.680048704147338867e-01
-2.685903310775756836e+00 -5.372038364410400391e+00 -4.387000560760498047e+00 2.681110501289367676e-01 -3.083460032939910889e-02 7.006706595420837402e-01 6.604743003845214844e-01
-2.851245164871215820e+00 -5.231048583984375000e+00 -4.410584449768066406e+00 2.785896658897399902e-01 -4.090297967195510864e-02 7.031680941581726074e-01 6.528930664062500000e-01
-3.019279718399047852e+00 -5.087896823883056641e+00 -4.434526443481445312e+00 2.889649868011474609e-01 -5.078390240669250488e-02 7.053273916244506836e-01 6.453166007995605469e-01
-3.190859317779541016e+00 -4.943713188171386719e+00 -4.459270954132080078e+00 2.991772294044494629e-01 -6.043974310159683228e-02 7.071380615234375000e-01 6.378054618835449219e-01
-3.365886211395263672e+00 -4.798389911651611328e+00 -4.484775066375732422e+00 3.091653585433959961e-01 -6.983688473701477051e-02 7.085908055305480957e-01 6.304273605346679688e-01
-3.543615579605102539e+00 -4.650986194610595703e+00 -4.510670185089111328e+00 3.188683986663818359e-01 -7.894765585660934448e-02 7.096778750419616699e-01 6.232556104660034180e-01
-3.724824190139770508e+00 -4.502515792846679688e+00 -4.537077426910400391e+00 3.282248079776763916e-01 -8.774967491626739502e-02 7.103914022445678711e-01 6.163703203201293945e-01
-3.909430980682373047e+00 -4.352900505065917969e+00 -4.563996315002441406e+00 3.371727764606475830e-01 -9.622653573751449585e-02 7.107242345809936523e-01 6.098573207855224609e-01
-4.096730709075927734e+00 -4.201286315917968750e+00 -4.591329097747802734e+00 3.456496596336364746e-01 -1.043679416179656982e-01 7.106672525405883789e-01 6.038092374801635742e-01
-4.287905216217041016e+00 -4.049114704132080078e+00 -4.618687629699707031e+00 3.535920977592468262e-01 -1.121678054332733154e-01 7.102113962173461914e-01 5.983232259750366211e-01
-4.482099533081054688e+00 -3.895400285720825195e+00 -4.646360874176025391e+00 3.609360754489898682e-01 -1.196255311369895935e-01 7.093451023101806641e-01 5.935018062591552734e-01
-4.679584980010986328e+00 -3.740456342697143555e+00 -4.673901081085205078e+00 3.676168024539947510e-01 -1.267436593770980835e-01 7.080547809600830078e-01 5.894507765769958496e-01
-4.880859375000000000e+00 -3.584876537322998047e+00 -4.700847148895263672e+00 3.735686242580413818e-01 -1.335261166095733643e-01 7.063248157501220703e-01 5.862784385681152344e-01
-5.085505485534667969e+00 -3.428167581558227539e+00 -4.727138519287109375e+00 3.787385225296020508e-01 -1.399797201156616211e-01 7.041466236114501953e-01 5.840722322463989258e-01
-5.294431209564208984e+00 -3.271319389343261719e+00 -4.751360893249511719e+00 3.827887177467346191e-01 -1.457437276840209961e-01 7.016370296478271484e-01 5.830410718917846680e-01
-5.508129596710205078e+00 -3.115327119827270508e+00 -4.772957801818847656e+00 3.823158740997314453e-01 -1.469796597957611084e-01 6.997497081756591797e-01 5.853047966957092285e-01
-5.727231502532958984e+00 -2.960594415664672852e+00 -4.790368556976318359e+00 3.817169070243835449e-01 -1.485283374786376953e-01 6.973712444305419922e-01 5.881367921829223633e-01
-5.953769207000732422e+00 -2.810076951980590820e+00 -4.799702167510986328e+00 3.809973001480102539e-01 -1.503646969795227051e-01 6.945311427116394043e-01 5.914878845214843750e-01
-6.190935134887695312e+00 -2.670190334320068359e+00 -4.793354511260986328e+00 3.801637887954711914e-01 -1.524596959352493286e-01 6.912645697593688965e-01 5.953021645545959473e-01
-6.442477703094482422e+00 -2.555489540100097656e+00 -4.756749153137207031e+00 3.792243301868438721e-01 -1.547816246747970581e-01 6.876112222671508789e-01 5.995182991027832031e-01
-6.701186180114746094e+00 -2.450264930725097656e+00 -4.713267803192138672e+00 3.781882524490356445e-01 -1.572962403297424316e-01 6.836153864860534668e-01 6.040707230567932129e-01
-6.967848777770996094e+00 -2.350366115570068359e+00 -4.685908317565917969e+00 3.770660758018493652e-01 -1.599675714969635010e-01 6.793251633644104004e-01 6.088914275169372559e-01
-7.245280742645263672e+00 -2.267824649810791016e+00 -4.686398983001708984e+00 3.758696019649505615e-01 -1.627590954303741455e-01 6.747915148735046387e-01 6.139119267463684082e-01
-7.530895709991455078e+00 -2.213261604309082031e+00 -4.723006248474121094e+00 3.746113777160644531e-01 -1.656344830989837646e-01 6.700674891471862793e-01 6.190645098686218262e-01
-7.821254730224609375e+00 -2.179947376251220703e+00 -4.776095867156982422e+00 3.733049035072326660e-01 -1.685583591461181641e-01 6.652068495750427246e-01 6.242846250534057617e-01
-8.118432044982910156e+00 -2.148525238037109375e+00 -4.800905704498291016e+00 3.719640672206878662e-01 -1.714969277381896973e-01 6.602631807327270508e-01 6.295108795166015625e-01
-8.389081954956054688e+00 -2.084553241729736328e+00 -4.695163249969482422e+00 3.706029355525970459e-01 -1.744188070297241211e-01 6.552886962890625000e-01 6.346873641014099121e-01
-8.547807693481445312e+00 -1.979470133781433105e+00 -4.456817626953125000e+00 3.692354261875152588e-01 -1.772954612970352173e-01 6.503334641456604004e-01 6.397639513015747070e-01
-8.634660720825195312e+00 -1.854280948638916016e+00 -4.186270713806152344e+00 3.678750097751617432e-01 -1.801012307405471802e-01 6.454442739486694336e-01 6.446962356567382812e-01
-8.686767578125000000e+00 -1.704744815826416016e+00 -3.915209770202636719e+00 3.665347099304199219e-01 -1.828135401010513306e-01 6.406647562980651855e-01 6.494460701942443848e-01
-8.706660270690917969e+00 -1.511368393898010254e+00 -3.664811849594116211e+00 3.652264773845672607e-01 -1.854132562875747681e-01 6.360338926315307617e-01 6.539818048477172852e-01
-8.692113876342773438e+00 -1.264460444450378418e+00 -3.457197189331054688e+00 3.639615178108215332e-01 -1.878841817378997803e-01 6.315872073173522949e-01 6.582772731781005859e-01
-8.644680023193359375e+00 -9.728735089302062988e-01 -3.312514543533325195e+00 3.627498745918273926e-01 -1.902130246162414551e-01 6.273552775382995605e-01 6.623117327690124512e-01
-8.575256347656250000e+00 -6.573938131332397461e-01 -3.222434043884277344e+00 3.549008965492248535e-01 -1.915830969810485840e-01 6.229311823844909668e-01 6.702969074249267578e-01
-8.495466232299804688e+00 -3.287560939788818359e-01 -3.171290159225463867e+00 3.463340997695922852e-01 -1.930128633975982666e-01 6.185710430145263672e-01 6.783573031425476074e-01
-8.413478851318359375e+00 8.357543498277664185e-03 -3.138396024703979492e+00 3.371276557445526123e-01 -1.944868117570877075e-01 6.142789125442504883e-01 6.864262819290161133e-01
-8.333000183105468750e+00 3.533911108970642090e-01 -3.116274356842041016e+00 3.273617327213287354e-01 -1.959901154041290283e-01 6.100616455078125000e-01 6.944400668144226074e-01
-8.258461952209472656e+00 7.066729664802551270e-01 -3.099035501480102539e+00 3.171176314353942871e-01 -1.975081861019134521e-01 6.059284210205078125e-01 7.023372650146484375e-01
-8.192683219909667969e+00 1.068239688873291016e+00 -3.080353975296020508e+00 3.064794540405273438e-01 -1.990283727645874023e-01 6.018913388252258301e-01 7.100597620010375977e-01
-8.136772155761718750e+00 1.437866806983947754e+00 -3.057178974151611328e+00 2.955323755741119385e-01 -2.005384117364883423e-01 5.979653000831604004e-01 7.175530791282653809e-01
-8.088720321655273438e+00 1.814954757690429688e+00 -3.029293060302734375e+00 2.843632996082305908e-01 -2.020267099142074585e-01 5.941690802574157715e-01 7.247661352157592773e-01
-8.047470092773437500e+00 2.199055671691894531e+00 -2.995390653610229492e+00 2.730611264705657959e-01 -2.034835219383239746e-01 5.905233621597290039e-01 7.316516637802124023e-01
-8.010063171386718750e+00 2.589635610580444336e+00 -2.954881429672241211e+00 2.617159187793731689e-01 -2.048996388912200928e-01 5.870529413223266602e-01 7.381665110588073730e-01
-7.973742485046386719e+00 2.986011266708374023e+00 -2.905125617980957031e+00 2.504186332225799561e-01 -2.062669545412063599e-01 5.837847590446472168e-01 7.442713379859924316e-01
-7.932900428771972656e+00 3.386489868164062500e+00 -2.839935302734375000e+00 2.392617017030715942e-01 -2.075784802436828613e-01 5.807487964630126953e-01 7.499306201934814453e-01
-7.858061313629150391e+00 3.768694877624511719e+00 -2.706894397735595703e+00 2.283380925655364990e-01 -2.088280022144317627e-01 5.779779553413391113e-01 7.551119327545166016e-01
-7.686169147491455078e+00 3.686222553253173828e+00 -2.384552001953125000e+00 2.177415937185287476e-01 -2.100107818841934204e-01 5.755068063735961914e-01 7.597869038581848145e-01
-7.555200099945068359e+00 3.359006881713867188e+00 -2.137025117874145508e+00 2.075659930706024170e-01 -2.111222445964813232e-01 5.733721256256103516e-01 7.639294266700744629e-01
-7.438608169555664062e+00 2.999908447265625000e+00 -1.915327072143554688e+00 1.979055851697921753e-01 -2.121589332818984985e-01 5.716126561164855957e-01 7.675160765647888184e-01
-7.327907562255859375e+00 2.625903844833374023e+00 -1.702830195426940918e+00 1.888540238142013550e-01 -2.131173312664031982e-01 5.702679753303527832e-01 7.705255150794982910e-01
-7.221193790435791016e+00 2.240593910217285156e+00 -1.495299696922302246e+00 1.805053353309631348e-01 -2.139950990676879883e-01 5.693785548210144043e-01 7.729373574256896973e-01
-7.117805004119873047e+00 1.845605373382568359e+00 -1.290598154067993164e+00 1.729527711868286133e-01 -2.147894203662872314e-01 5.689850449562072754e-01 7.747314572334289551e-01
-7.018574237823486328e+00 1.441323161125183105e+00 -1.087966322898864746e+00 1.662891209125518799e-01 -2.154977917671203613e-01 5.691280961036682129e-01 7.758877873420715332e-01
-6.924853324890136719e+00 1.028096318244934082e+00 -8.864392042160034180e-01 1.605878919363021851e-01 -2.161197811365127563e-01 5.698307752609252930e-01 7.763998508453369141e-01
-6.840095043182373047e+00 6.037511825561523438e-01 -6.895818710327148438e-01 1.558489948511123657e-01 -2.166665792465209961e-01 5.710485577583312988e-01 7.763183712959289551e-01
-6.770881175994873047e+00 1.602429151535034180e-01 -5.152862668037414551e-01 1.520532071590423584e-01 -2.171510308980941772e-01 5.727179050445556641e-01 7.757058739662170410e-01
-6.719541072845458984e+00 -3.079479932785034180e-01 -3.891729712486267090e-01 1.491797417402267456e-01 -2.175848335027694702e-01 5.747728943824768066e-01 7.746214270591735840e-01
-6.679653167724609375e+00 -7.954504489898681641e-01 -3.206329345703125000e-01 1.472085863351821899e-01 -2.179798036813735962e-01 5.771455168724060059e-01 7.731218934059143066e-01
-6.643215179443359375e+00 -1.283275127410888672e+00 -2.923437356948852539e-01 1.461180895566940308e-01 -2.183465063571929932e-01 5.797666311264038086e-01 7.712619900703430176e-01
-6.610143661499023438e+00 -1.768209218978881836e+00 -2.838806211948394775e-01 1.458870619535446167e-01 -2.186948657035827637e-01 5.825659036636352539e-01 7.690944671630859375e-01
-6.582321643829345703e+00 -2.249631404876708984e+00 -2.881664931774139404e-01 1.464935541152954102e-01 -2.190351933240890503e-01 5.854721665382385254e-01 7.666717171669006348e-01
-6.560827255249023438e+00 -2.727388858795166016e+00 -2.994219958782196045e-01 1.479159891605377197e-01 -2.193773388862609863e-01 5.884135365486145020e-01 7.640445828437805176e-01
-6.546921253204345703e+00 -3.201474428176879883e+00 -3.142077624797821045e-01 1.501321792602539062e-01 -2.197307348251342773e-01 5.913174748420715332e-01 7.612635493278503418e-01
-6.544025897979736328e+00 -3.684019804000854492e+00 -3.302246034145355225e-01 1.531198918819427490e-01 -2.201048731803894043e-01 5.941118597984313965e-01 7.583792805671691895e-01
-6.555778503417968750e+00 -4.174838542938232422e+00 -3.440777659416198730e-01 1.568572372198104858e-01 -2.205092757940292358e-01 5.967236757278442383e-01 7.554417848587036133e-01
-6.577204227447509766e+00 -4.660462379455566406e+00 -3.528015017509460449e-01 1.613219678401947021e-01 -2.209530472755432129e-01 5.990805029869079590e-01 7.525008320808410645e-01
-6.602031230926513672e+00 -5.141030311584472656e+00 -3.538690209388732910e-01 1.664917021989822388e-01 -2.214457541704177856e-01 6.011093258857727051e-01 7.496065497398376465e-01
-6.623864650726318359e+00 -5.616746902465820312e+00 -3.477496206760406494e-01 1.723440885543823242e-01 -2.219969779253005981e-01 6.027371287345886230e-01 7.468084096908569336e-01
-6.638068675994873047e+00 -6.087647438049316406e+00 -3.340545594692230225e-01 1.788565665483474731e-01 -2.226157635450363159e-01 6.038908362388610840e-01 7.441561818122863770e-01
-6.643459320068359375e+00 -6.553604602813720703e+00 -3.145703077316284180e-01 1.860067844390869141e-01 -2.233109623193740845e-01 6.044970750808715820e-01 7.416986227035522461e-01
-6.641108036041259766e+00 -7.014495849609375000e+00 -2.909686267375946045e-01 1.937714666128158569e-01 -2.240918129682540894e-01 6.044818758964538574e-01 7.394843697547912598e-01
-6.633684158325195312e+00 -7.470304012298583984e+00 -2.647351026535034180e-01 2.021273225545883179e-01 -2.249666452407836914e-01 6.037707328796386719e-01 7.375604510307312012e-01
-6.622734069824218750e+00 -7.921059608459472656e+00 -2.367181330919265747e-01 2.110507786273956299e-01 -2.259436994791030884e-01 6.022881269454956055e-01 7.359728217124938965e-01
-6.609242916107177734e+00 -8.366800308227539062e+00 -2.074304223060607910e-01 2.204964756965637207e-01 -2.270287722349166870e-01 5.999761223793029785e-01 7.347570657730102539e-01
-6.593881607055664062e+00 -8.807546615600585938e+00 -1.771630793809890747e-01 2.303352952003479004e-01 -2.282196730375289917e-01 5.968527793884277344e-01 7.339128255844116211e-01
-6.577294826507568359e+00 -9.243322372436523438e+00 -1.461541652679443359e-01 2.404177486896514893e-01 -2.295136004686355591e-01 5.929566025733947754e-01 7.334337830543518066e-01
-6.560161113739013672e+00 -9.674168586730957031e+00 -1.146197468042373657e-01 2.505946159362792969e-01 -2.309079021215438843e-01 5.883292555809020996e-01 7.333161830902099609e-01
-6.543447017669677734e+00 -1.010012054443359375e+01 -8.257567882537841797e-02 2.607182264328002930e-01 -2.324016094207763672e-01 5.830148458480834961e-01 7.335593104362487793e-01
-6.529472351074218750e+00 -1.052123260498046875e+01 -4.964599385857582092e-02 2.706413865089416504e-01 -2.339940369129180908e-01 5.770609974861145020e-01 7.341666817665100098e-01
-6.527187347412109375e+00 -1.094466972351074219e+01 -1.006774883717298508e-02 2.802190780639648438e-01 -2.356865704059600830e-01 5.705185532569885254e-01 7.351447343826293945e-01
-6.553854942321777344e+00 -1.136808776855468750e+01 4.583068564534187317e-02 2.893071472644805908e-01 -2.374810278415679932e-01 5.634412169456481934e-01 7.365039587020874023e-01
-6.599101543426513672e+00 -1.179126453399658203e+01 1.124310269951820374e-01 2.977632880210876465e-01 -2.393806874752044678e-01 5.558853745460510254e-01 7.382584214210510254e-01
-6.648652076721191406e+00 -1.221634769439697266e+01 1.818396002054214478e-01 3.054462671279907227e-01 -2.413894385099411011e-01 5.479096770286560059e-01 7.404246926307678223e-01
-6.700053691864013672e+00 -1.264382076263427734e+01 2.526659965515136719e-01 3.122171163558959961e-01 -2.435126006603240967e-01 5.395748615264892578e-01 7.430216073989868164e-01
-6.752648830413818359e+00 -1.307383728027343750e+01 3.245525956153869629e-01 3.179368376731872559e-01 -2.457551956176757812e-01 5.309421420097351074e-01 7.460703849792480469e-01
-6.806149959564208984e+00 -1.350652599334716797e+01 3.972802758216857910e-01 3.220025897026062012e-01 -2.472136616706848145e-01 5.221483707427978516e-01 7.500405311584472656e-01
-6.884926795959472656e+00 -1.393794631958007812e+01 4.661254882812500000e-01 3.243090510368347168e-01 -2.478340268135070801e-01 5.132182240486145020e-01 7.549893260002136230e-01
-7.202709674835205078e+00 -1.419197750091552734e+01 4.653063714504241943e-01 3.245179653167724609e-01 -2.499130964279174805e-01 5.037558078765869141e-01 7.605665922164916992e-01
-7.642734050750732422e+00 -1.427583503723144531e+01 4.244146645069122314e-01 3.211003541946411133e-01 -2.542892694473266602e-01 4.933994114398956299e-01 7.673255801200866699e-01
-8.089374542236328125e+00 -1.434317588806152344e+01 4.028613269329071045e-01 3.178130984306335449e-01 -2.583859860897064209e-01 4.835191071033477783e-01 7.735895514488220215e-01
-8.541832923889160156e+00 -1.438696002960205078e+01 4.094409048557281494e-01 3.147111535072326660e-01 -2.621552348136901855e-01 4.742652773857116699e-01 7.792970538139343262e-01
-8.996566772460937500e+00 -1.442887878417968750e+01 4.321435391902923584e-01 3.118449449539184570e-01 -2.655583322048187256e-01 4.657722711563110352e-01 7.844027876853942871e-01
-9.449176788330078125e+00 -1.450656700134277344e+01 4.497320353984832764e-01 3.092586994171142578e-01 -2.685657143592834473e-01 4.581542909145355225e-01 7.888764739036560059e-01
-9.883352279663085938e+00 -1.466497039794921875e+01 4.378631412982940674e-01 2.992918491363525391e-01 -2.720296978950500488e-01 4.492954909801483154e-01 7.965913414955139160e-01
-1.028122520446777344e+01 -1.489780235290527344e+01 3.715026676654815674e-01 2.871785163879394531e-01 -2.755723297595977783e-01 4.405334591865539551e-01 8.046854734420776367e-01
-1.064344215393066406e+01 -1.515913009643554688e+01 2.303045541048049927e-01 2.731033861637115479e-01 -2.791435718536376953e-01 4.318260252475738525e-01 8.130312561988830566e-01
-1.097703075408935547e+01 -1.540346431732177734e+01 6.440429482609033585e-03 2.572544813156127930e-01 -2.826941013336181641e-01 4.231319427490234375e-01 8.215007781982421875e-01
-1.129554653167724609e+01 -1.560305118560791016e+01 -2.795959413051605225e-01 2.398239225149154663e-01 -2.861750125885009766e-01 4.144134819507598877e-01 8.299697637557983398e-01
-1.162326622009277344e+01 -1.572494316101074219e+01 -5.983691215515136719e-01 2.210088074207305908e-01 -2.895395159721374512e-01 4.056374132633209229e-01 8.383198976516723633e-01
-1.198328304290771484e+01 -1.566181373596191406e+01 -8.901989459991455078e-01 2.010120749473571777e-01 -2.927441298961639404e-01 3.967762291431427002e-01 8.464417457580566406e-01
-1.223995590209960938e+01 -1.537271976470947266e+01 -1.058502197265625000e+00 1.800423562526702881e-01 -2.957490682601928711e-01 3.878091573715209961e-01 8.542372584342956543e-01
-1.178092288970947266e+01 -1.550609111785888672e+01 -1.059749722480773926e+00 1.583140343427658081e-01 -2.985200583934783936e-01 3.787231445312500000e-01 8.616212606430053711e-01
-1.130086135864257812e+01 -1.553313446044921875e+01 -1.072982192039489746e+00 1.360460519790649414e-01 -3.010269999504089355e-01 3.695130646228790283e-01 8.685242533683776855e-01
-1.081925487518310547e+01 -1.549923515319824219e+01 -1.095849633216857910e+00 1.134618222713470459e-01 -3.032464087009429932e-01 3.601817786693572998e-01 8.748925924301147461e-01
-1.033879661560058594e+01 -1.543323421478271484e+01 -1.123916029930114746e+00 9.078715741634368896e-02 -3.051605522632598877e-01 3.507404327392578125e-01 8.806905746459960938e-01
-9.858803749084472656e+00 -1.534924793243408203e+01 -1.154913306236267090e+00 6.825082004070281982e-02 -3.067580163478851318e-01 3.412089645862579346e-01 8.858994245529174805e-01
-9.378444671630859375e+00 -1.525402355194091797e+01 -1.187807559967041016e+00 4.608154296875000000e-02 -3.080336451530456543e-01 3.316144049167633057e-01 8.905187249183654785e-01
-8.897094726562500000e+00 -1.515117645263671875e+01 -1.222078800201416016e+00 2.450741082429885864e-02 -3.089883029460906982e-01 3.219904899597167969e-01 8.945657014846801758e-01
-8.418945312500000000e+00 -1.503911876678466797e+01 -1.256605148315429688e+00 3.755196928977966309e-03 -3.096290230751037598e-01 3.123776018619537354e-01 8.980734944343566895e-01
-7.946289062500000000e+00 -1.490945720672607422e+01 -1.290078043937683105e+00 -1.595062762498855591e-02 -3.099676072597503662e-01 3.028211295604705811e-01 9.010910987854003906e-01
-7.485324382781982422e+00 -1.474531459808349609e+01 -1.320142745971679688e+00 -3.438917547464370728e-02 -3.100205957889556885e-01 2.933712005615234375e-01 9.036803245544433594e-01
-7.066210746765136719e+00 -1.449906253814697266e+01 -1.339077711105346680e+00 -5.134385824203491211e-02 -3.098087608814239502e-01 2.840802073478698730e-01 9.059143066406250000e-01
-6.795126914978027344e+00 -1.410101032257080078e+01 -1.328839063644409180e+00 -6.660081446170806885e-02 -3.093545138835906982e-01 2.750028669834136963e-01 9.078752398490905762e-01
-6.742436408996582031e+00 -1.361870574951171875e+01 -1.289182662963867188e+00 -7.002999633550643921e-02 -3.057469129562377930e-01 2.695547938346862793e-01 9.104695320129394531e-01
-6.747883319854736328e+00 -1.313176441192626953e+01 -1.240418672561645508e+00 -7.326956838369369507e-02 -3.025740683078765869e-01 2.637939751148223877e-01 9.129584431648254395e-01
-6.749921798706054688e+00 -1.264644527435302734e+01 -1.186492323875427246e+00 -7.633721083402633667e-02 -2.997853457927703857e-01 2.577812075614929199e-01 9.153416156768798828e-01
-6.742177486419677734e+00 -1.216364192962646484e+01 -1.121774315834045410e+00 -7.925201207399368286e-02 -2.973300516605377197e-01 2.515687644481658936e-01 9.176203608512878418e-01
-6.717404842376708984e+00 -1.168102550506591797e+01 -1.070709824562072754e+00 -8.203357458114624023e-02 -2.951568365097045898e-01 2.452025860548019409e-01 9.197980761528015137e-01
-6.687182426452636719e+00 -1.119729709625244141e+01 -1.055411338806152344e+00 -8.470118790864944458e-02 -2.932152152061462402e-01 2.387228608131408691e-01 9.218795299530029297e-01
-6.658967018127441406e+00 -1.071420097351074219e+01 -1.058561325073242188e+00 -8.727282285690307617e-02 -2.914560437202453613e-01 2.321657389402389526e-01 9.238700270652770996e-01
-6.633913516998291016e+00 -1.023209667205810547e+01 -1.069993257522583008e+00 -8.976534754037857056e-02 -2.898308634757995605e-01 2.255643010139465332e-01 9.257758259773254395e-01
-6.614218711853027344e+00 -9.750956535339355469e+00 -1.087337017059326172e+00 -9.219355136156082153e-02 -2.882938683032989502e-01 2.189489006996154785e-01 9.276035428047180176e-01
-6.611894607543945312e+00 -9.270928382873535156e+00 -1.113184213638305664e+00 -9.457043558359146118e-02 -2.868005633354187012e-01 2.123486697673797607e-01 9.293599128723144531e-01
-6.768723011016845703e+00 -8.833187103271484375e+00 -1.179517745971679688e+00 -9.690658003091812134e-02 -2.853095233440399170e-01 2.057915627956390381e-01 9.310516715049743652e-01
-6.999238014221191406e+00 -8.421351432800292969e+00 -1.244928002357482910e+00 -9.921067208051681519e-02 -2.837813496589660645e-01 1.993049383163452148e-01 9.326857924461364746e-01
-7.118652343750000000e+00 -7.960159778594970703e+00 -1.275027990341186523e+00 -1.014889180660247803e-01 -2.821799516677856445e-01 1.929157078266143799e-01 9.342686533927917480e-01
-7.189184188842773438e+00 -7.488914489746093750e+00 -1.290735483169555664e+00 -1.037457883358001709e-01 -2.804712057113647461e-01 1.866509914398193359e-01 9.358066916465759277e-01
-7.232263088226318359e+00 -7.015190124511718750e+00 -1.298554062843322754e+00 -1.059834957122802734e-01 -2.786246836185455322e-01 1.805375963449478149e-01 9.373056292533874512e-01
-7.257890224456787109e+00 -6.541216850280761719e+00 -1.301433682441711426e+00 -1.082026809453964233e-01 -2.766126692295074463e-01 1.746022999286651611e-01 9.387713074684143066e-01
-7.274184226989746094e+00 -6.067845344543457031e+00 -1.301642417907714844e+00 -1.104023978114128113e-01 -2.744104266166687012e-01 1.688715070486068726e-01 9.402087330818176270e-01
-7.284323692321777344e+00 -5.595325946807861328e+00 -1.300067067146301270e+00 -1.125806570053100586e-01 -2.719956934452056885e-01 1.633715033531188965e-01 9.416229128837585449e-01
-7.287770748138427734e+00 -5.123774528503417969e+00 -1.296442270278930664e+00 -1.147343814373016357e-01 -2.693493068218231201e-01 1.581275314092636108e-01 9.430178403854370117e-01
-7.289111137390136719e+00 -4.653260231018066406e+00 -1.292147755622863770e+00 -1.168599948287010193e-01 -2.664545476436614990e-01 1.531637161970138550e-01 9.443974494934082031e-01
-7.286283969879150391e+00 -4.183952331542968750e+00 -1.287593960762023926e+00 -1.148007810115814209e-01 -2.626476883888244629e-01 1.496607512235641479e-01 9.462762475013732910e-01
-7.281113147735595703e+00 -3.715712785720825195e+00 -1.282130122184753418e+00 -1.129148006439208984e-01 -2.586619853973388672e-01 1.464105248451232910e-01 9.481077194213867188e-01
-7.274389266967773438e+00 -3.249792337417602539e+00 -1.276082158088684082e+00 -1.111360639333724976e-01 -2.544973194599151611e-01 1.434736847877502441e-01 9.498921632766723633e-01
-7.265021800994873047e+00 -2.786231517791748047e+00 -1.268886089324951172e+00 -1.093988120555877686e-01 -2.501533031463623047e-01 1.409110277891159058e-01 9.516298174858093262e-01
-7.254828929901123047e+00 -2.324990272521972656e+00 -1.261328101158142090e+00 -1.076367944478988647e-01 -2.456298917531967163e-01 1.387830972671508789e-01 9.533202052116394043e-01
-7.242499828338623047e+00 -1.866116881370544434e+00 -1.252659916877746582e+00 -1.057846546173095703e-01 -2.409263253211975098e-01 1.371503770351409912e-01 9.549627900123596191e-01
-7.229018211364746094e+00 -1.409587383270263672e+00 -1.243251323699951172e+00 -1.037760227918624878e-01 -2.360418438911437988e-01 1.360731422901153564e-01 9.565557241439819336e-01
-7.214406490325927734e+00 -9.554027915000915527e-01 -1.233129858970642090e+00 -1.015448868274688721e-01 -2.309753298759460449e-01 1.356115937232971191e-01 9.580963253974914551e-01
-7.197870731353759766e+00 -5.036218166351318359e-01 -1.221152305603027344e+00 -9.902484714984893799e-02 -2.257257103919982910e-01 1.358253210783004761e-01 9.595798850059509277e-01
-7.179174423217773438e+00 -5.426757782697677612e-02 -1.207541465759277344e+00 -9.614957869052886963e-02 -2.202903777360916138e-01 1.367738097906112671e-01 9.609996080398559570e-01
-7.157116413116455078e+00 3.925713896751403809e-01 -1.191691279411315918e+00 -9.285210072994232178e-02 -2.146671116352081299e-01 1.385157108306884766e-01 9.623460173606872559e-01
-7.129763126373291016e+00 8.367181420326232910e-01 -1.172835707664489746e+00 -8.906535059213638306e-02 -2.088522017002105713e-01 1.411093622446060181e-01 9.636058807373046875e-01
-7.093757152557373047e+00 1.277786850929260254e+00 -1.150006055831909180e+00 -8.472211658954620361e-02 -2.028409987688064575e-01 1.446119099855422974e-01 9.647616147994995117e-01
-7.044274806976318359e+00 1.715039014816284180e+00 -1.122606754302978516e+00 -7.975427806377410889e-02 -1.966278553009033203e-01 1.490797549486160278e-01 9.657908082008361816e-01
-6.980295181274414062e+00 2.148012638092041016e+00 -1.092601895332336426e+00 -7.409419864416122437e-02 -1.902056038379669189e-01 1.545676887035369873e-01 9.666647315025329590e-01
-6.904570102691650391e+00 2.576905488967895508e+00 -1.062476158142089844e+00 -6.767345219850540161e-02 -1.835662275552749634e-01 1.611288636922836304e-01 9.673474431037902832e-01
-6.820190429687500000e+00 3.002058744430541992e+00 -1.033178687095642090e+00 -6.042326241731643677e-02 -1.766990870237350464e-01 1.688147038221359253e-01 9.677954912185668945e-01
-6.730563640594482422e+00 3.424062967300415039e+00 -1.005250215530395508e+00 -5.227482691407203674e-02 -1.695927828550338745e-01 1.776737272739410400e-01 9.679554104804992676e-01
-6.637375354766845703e+00 3.843302011489868164e+00 -9.796496629714965820e-01 -4.315977171063423157e-02 -1.622329354286193848e-01 1.877514123916625977e-01 9.677639603614807129e-01
-6.543498516082763672e+00 4.260470867156982422e+00 -9.576079845428466797e-01 -3.300982713699340820e-02 -1.546039730310440063e-01 1.990895718336105347e-01 9.671459794044494629e-01
-6.444772720336914062e+00 4.674547195434570312e+00 -9.378722906112670898e-01 -2.179287001490592957e-02 -1.466979831457138062e-01 2.116900086402893066e-01 9.660186171531677246e-01
-6.286467075347900391e+00 4.772162914276123047e+00 -8.908959627151489258e-01 -9.620383381843566895e-03 -1.385465413331985474e-01 2.254108190536499023e-01 9.643143415451049805e-01
-6.240334510803222656e+00 4.343297481536865234e+00 -8.639471530914306641e-01 3.359327092766761780e-03 -1.301941275596618652e-01 2.400742471218109131e-01 9.619784355163574219e-01
-6.208256721496582031e+00 3.908046245574951172e+00 -8.451928496360778809e-01 1.699570938944816589e-02 -1.216874197125434875e-01 2.555031478404998779e-01 9.589689373970031738e-01
-6.177216529846191406e+00 3.468027353286743164e+00 -8.313476443290710449e-01 3.113623149693012238e-02 -1.130756139755249023e-01 2.715215981006622314e-01 9.552593231201171875e-01
-6.143781661987304688e+00 3.023541212081909180e+00 -8.216766119003295898e-01 4.562693834304809570e-02 -1.044122204184532166e-01 2.879564464092254639e-01 9.508403539657592773e-01
-6.106279373168945312e+00 2.574759483337402344e+00 -8.158746361732482910e-01 6.031374633312225342e-02 -9.575184434652328491e-02 3.046381175518035889e-01 9.457216858863830566e-01
-6.063727855682373047e+00 2.121816873550415039e+00 -8.138256669044494629e-01 7.504246383905410767e-02 -8.715274930000305176e-02 3.214019238948822021e-01 9.399328827857971191e-01
-6.015417575836181641e+00 1.664838790893554688e+00 -8.155187964439392090e-01 8.966001123189926147e-02 -7.867531478404998779e-02 3.380892574787139893e-01 9.335239529609680176e-01
-5.960734844207763672e+00 1.203940987586975098e+00 -8.210235238075256348e-01 1.040148138999938965e-01 -7.038114964962005615e-02 3.545482754707336426e-01 9.265651702880859375e-01
-5.897600173950195312e+00 7.394537329673767090e-01 -8.312933444976806641e-01 1.179581135511398315e-01 -6.233408674597740173e-02 3.706342577934265137e-01 9.191466569900512695e-01
-5.827685356140136719e+00 2.712768614292144775e-01 -8.451232910156250000e-01 1.313441991806030273e-01 -5.459867045283317566e-02 3.862110972404479980e-01 9.113773703575134277e-01
-5.753324985504150391e+00 -2.009381055831909180e-01 -8.609973192214965820e-01 1.440312564373016357e-01 -4.724001139402389526e-02 4.011519253253936768e-01 9.033828377723693848e-01
-5.675178050994873047e+00 -6.773388385772705078e-01 -8.783660531044006348e-01 1.558813750743865967e-01 -4.032389074563980103e-02 4.153373539447784424e-01 8.953042626380920410e-01
-5.593945026397705078e+00 -1.158090829849243164e+00 -8.966162204742431641e-01 1.667608171701431274e-01 -3.391543775796890259e-02 4.286575615406036377e-01 8.872954845428466797e-01
-5.510485649108886719e+00 -1.643422842025756836e+00 -9.148303270339965820e-01 1.765397787094116211e-01 -2.808012068271636963e-02 4.410087466239929199e-01 8.795205950736999512e-01
-5.427258014678955078e+00 -2.128945350646972656e+00 -9.314678907394409180e-01 1.850917637348175049e-01 -2.288212627172470093e-02 4.522945582866668701e-01 8.721508383750915527e-01
-5.345973968505859375e+00 -2.615045070648193359e+00 -9.450659155845642090e-01 1.922932714223861694e-01 -1.838570833206176758e-02 4.624234735965728760e-01 8.653610348701477051e-01
-5.269218444824218750e+00 -3.102206945419311523e+00 -9.532171487808227539e-01 1.980223804712295532e-01 -1.465413719415664673e-02 4.713068604469299316e-01 8.593266010284423828e-01
-5.202035903930664062e+00 -3.591094970703125000e+00 -9.512121081352233887e-01 2.021573483943939209e-01 -1.174980401992797852e-02 4.788569509983062744e-01 8.542191386222839355e-01
-5.150285720825195312e+00 -4.081979751586914062e+00 -9.307995438575744629e-01 2.025423198938369751e-01 -1.089859753847122192e-02 4.849962890148162842e-01 8.506681919097900391e-01
-5.116044998168945312e+00 -4.572900295257568359e+00 -8.864953517913818359e-01 2.027756422758102417e-01 -1.007804274559020996e-02 4.898621439933776855e-01 8.478299379348754883e-01
-5.099526405334472656e+00 -5.060065746307373047e+00 -8.046679496765136719e-01 2.028557360172271729e-01 -9.264096617698669434e-03 4.935666620731353760e-01 8.456687927246093750e-01
-5.072782993316650391e+00 -5.538984298706054688e+00 -6.843774318695068359e-01 2.027885019779205322e-01 -8.444942533969879150e-03 4.962174594402313232e-01 8.441408276557922363e-01
-5.015224456787109375e+00 -6.003865718841552734e+00 -5.404040217399597168e-01 2.000105679035186768e-01 -9.137332439422607422e-03 4.978928565979003906e-01 8.438097834587097168e-01
-4.963303089141845703e+00 -6.329308986663818359e+00 -4.294928014278411865e-01 1.958902329206466675e-01 -1.055159419775009155e-02 4.987047612667083740e-01 8.442803025245666504e-01
