8.116053581237792969e+00 -2.724288940429687500e+01 -3.229445695877075195e+00 -0.000000000000000000e+00 -0.000000000000000000e+00 -5.017223358154296875e-01 8.650287389755249023e-01
7.939311981201171875e+00 -2.718762588500976562e+01 -3.059407949447631836e+00 3.050796920433640480e-03 5.055681802332401276e-03 -5.018972158432006836e-01 8.649071455001831055e-01
7.760583400726318359e+00 -2.713112258911132812e+01 -2.889739990234375000e+00 6.229811348021030426e-03 9.860360063612461090e-03 -5.025102496147155762e-01 8.644924759864807129e-01
7.578913211822509766e+00 -2.707251930236816406e+01 -2.721789598464965820e+00 9.514288976788520813e-03 1.445815898478031158e-02 -5.034813284873962402e-01 8.638327121734619141e-01
7.393314838409423828e+00 -2.701089859008789062e+01 -2.557088613510131836e+00 1.288146339356899261e-02 1.889318786561489105e-02 -5.047305226325988770e-01 8.629739880561828613e-01
7.202786922454833984e+00 -2.694527244567871094e+01 -2.397436380386352539e+00 1.630857959389686584e-02 2.320959046483039856e-02 -5.061771273612976074e-01 8.619629740715026855e-01
7.006358623504638672e+00 -2.687459373474121094e+01 -2.244988918304443359e+00 1.977288350462913513e-02 2.745153754949569702e-02 -5.077401399612426758e-01 8.608457446098327637e-01
6.809955120086669922e+00 -2.680039024353027344e+01 -2.106782197952270508e+00 2.325158566236495972e-02 3.166307881474494934e-02 -5.093396902084350586e-01 8.596684336662292480e-01
6.613520145416259766e+00 -2.672220611572265625e+01 -1.984539747238159180e+00 2.672193758189678192e-02 3.588833287358283997e-02 -5.108954310417175293e-01 8.584775924682617188e-01
6.415465354919433594e+00 -2.664311027526855469e+01 -1.881185293197631836e+00 3.016118519008159637e-02 4.017143696546554565e-02 -5.123267173767089844e-01 8.573202490806579590e-01
6.214033603668212891e+00 -2.656997489929199219e+01 -1.798239707946777344e+00 3.354661911725997925e-02 4.455651342868804932e-02 -5.135536789894104004e-01 8.562429547309875488e-01
6.011383056640625000e+00 -2.650539398193359375e+01 -1.732099533081054688e+00 3.685548529028892517e-02 4.908752813935279846e-02 -5.144965648651123047e-01 8.552925586700439453e-01
5.808765888214111328e+00 -2.645139503479003906e+01 -1.681574702262878418e+00 4.006509482860565186e-02 5.380858108401298523e-02 -5.150751471519470215e-01 8.545156717300415039e-01
5.609508037567138672e+00 -2.640613174438476562e+01 -1.640981435775756836e+00 4.315278679132461548e-02 5.876372754573822021e-02 -5.152087807655334473e-01 8.539583086967468262e-01
5.415476799011230469e+00 -2.636589241027832031e+01 -1.605781197547912598e+00 4.609576985239982605e-02 6.399671733379364014e-02 -5.148165822029113770e-01 8.536647558212280273e-01
5.226269245147705078e+00 -2.633357810974121094e+01 -1.577983379364013672e+00 4.887138679623603821e-02 6.955140084028244019e-02 -5.138170123100280762e-01 8.536780476570129395e-01
5.043345928192138672e+00 -2.630491065979003906e+01 -1.553373932838439941e+00 5.145690217614173889e-02 7.547160983085632324e-02 -5.121262669563293457e-01 8.540391921997070312e-01
4.867280006408691406e+00 -2.627856445312500000e+01 -1.530450463294982910e+00 5.382941290736198425e-02 8.180055022239685059e-02 -5.096597075462341309e-01 8.547853827476501465e-01
4.697031974792480469e+00 -2.625906753540039062e+01 -1.512886881828308105e+00 5.596610903739929199e-02 8.858146518468856812e-02 -5.063307285308837891e-01 8.559499382972717285e-01
4.533975601196289062e+00 -2.624064826965332031e+01 -1.495958209037780762e+00 5.784399434924125671e-02 9.585713595151901245e-02 -5.020493865013122559e-01 8.575615286827087402e-01
4.378130912780761719e+00 -2.622332000732421875e+01 -1.479665517807006836e+00 5.943987891077995300e-02 1.036697924137115479e-01 -4.967233836650848389e-01 8.596426248550415039e-01
4.229083061218261719e+00 -2.620972633361816406e+01 -1.465814232826232910e+00 6.073563173413276672e-02 1.120343804359436035e-01 -4.902934134006500244e-01 8.621900677680969238e-01
4.086962223052978516e+00 -2.619903182983398438e+01 -1.453863501548767090e+00 6.173317879438400269e-02 1.208600625395774841e-01 -4.828482866287231445e-01 8.651238679885864258e-01
3.952096462249755859e+00 -2.618914031982421875e+01 -1.442440152168273926e+00 6.243903934955596924e-02 1.300297528505325317e-01 -4.745153784751892090e-01 8.683483004570007324e-01
3.824474334716796875e+00 -2.618002319335937500e+01 -1.431557536125183105e+00 6.286087632179260254e-02 1.394264400005340576e-01 -4.654260873794555664e-01 8.717725276947021484e-01
3.704083681106567383e+00 -2.617162513732910156e+01 -1.421234130859375000e+00 6.300666928291320801e-02 1.489336937665939331e-01 -4.557154476642608643e-01 8.753126859664916992e-01
3.590856313705444336e+00 -2.616436386108398438e+01 -1.411734580993652344e+00 6.288485974073410034e-02 1.584362685680389404e-01 -4.455240964889526367e-01 8.788923621177673340e-01
3.484560966491699219e+00 -2.616001892089843750e+01 -1.404110074043273926e+00 6.250534206628799438e-02 1.678197532892227173e-01 -4.349968731403350830e-01 8.824439644813537598e-01
3.385458230972290039e+00 -2.615609359741210938e+01 -1.396970152854919434e+00 6.187747791409492493e-02 1.769717782735824585e-01 -4.242834746837615967e-01 8.859096169471740723e-01
3.293520927429199219e+00 -2.615257263183593750e+01 -1.390321016311645508e+00 6.101263314485549927e-02 1.857816278934478760e-01 -4.135386943817138672e-01 8.892403244972229004e-01
3.208718776702880859e+00 -2.614941406250000000e+01 -1.384162545204162598e+00 5.992180854082107544e-02 1.941409260034561157e-01 -4.029215574264526367e-01 8.923971652984619141e-01
3.131018400192260742e+00 -2.614658164978027344e+01 -1.378496050834655762e+00 5.861741304397583008e-02 2.019430696964263916e-01 -3.925952911376953125e-01 8.953501582145690918e-01
3.060384035110473633e+00 -2.614405250549316406e+01 -1.373319029808044434e+00 5.711214989423751831e-02 2.090836167335510254e-01 -3.827254176139831543e-01 8.980776071548461914e-01
2.996777772903442383e+00 -2.614180564880371094e+01 -1.368626713752746582e+00 5.541844666004180908e-02 2.154605239629745483e-01 -3.734806180000305176e-01 9.005653262138366699e-01
2.940159797668457031e+00 -2.613980865478515625e+01 -1.364413976669311523e+00 5.354997888207435608e-02 2.209729254245758057e-01 -3.650307953357696533e-01 9.028044939041137695e-01
2.890488862991333008e+00 -2.613805198669433594e+01 -1.360672593116760254e+00 5.151940509676933289e-02 2.255217134952545166e-01 -3.575466871261596680e-01 9.047905802726745605e-01
2.847722768783569336e+00 -2.613650321960449219e+01 -1.357397437095642090e+00 4.934002459049224854e-02 2.290080040693283081e-01 -3.511997461318969727e-01 9.065206646919250488e-01
2.811820030212402344e+00 -2.613515472412109375e+01 -1.354581236839294434e+00 4.702431336045265198e-02 2.313331365585327148e-01 -3.461593687534332275e-01 9.079908728599548340e-01
2.782739877700805664e+00 -2.613397407531738281e+01 -1.352221608161926270e+00 4.458430409431457520e-02 2.323975563049316406e-01 -3.425936400890350342e-01 9.091936349868774414e-01
2.760430335998535156e+00 -2.613305091857910156e+01 -1.350402832031250000e+00 4.203114286065101624e-02 2.321000397205352783e-01 -3.406671583652496338e-01 9.101147651672363281e-01
2.744856595993041992e+00 -2.613232803344726562e+01 -1.349097847938537598e+00 3.937545418739318848e-02 2.303362786769866943e-01 -3.405406773090362549e-01 9.107287526130676270e-01
2.736007928848266602e+00 -2.613163948059082031e+01 -1.348179936408996582e+00 3.662512451410293579e-02 2.270281910896301270e-01 -3.423307836055755615e-01 9.110029935836791992e-01
2.733892202377319336e+00 -2.613098526000976562e+01 -1.347658634185791016e+00 3.378179296851158142e-02 2.222141772508621216e-01 -3.459939062595367432e-01 9.109159708023071289e-01
2.726492881774902344e+00 -2.612976074218750000e+01 -1.346881031990051270e+00 3.084462136030197144e-02 2.159589827060699463e-01 -3.514416813850402832e-01 9.104389548301696777e-01
2.713832139968872070e+00 -2.612796401977539062e+01 -1.345859289169311523e+00 2.781352400779724121e-02 2.083252668380737305e-01 -3.585813045501708984e-01 9.095309376716613770e-01
2.695936441421508789e+00 -2.612558937072753906e+01 -1.344612956047058105e+00 2.468754351139068604e-02 1.993738859891891479e-01 -3.673154711723327637e-01 9.081408977508544922e-01
2.672835826873779297e+00 -2.612265014648437500e+01 -1.343161582946777344e+00 2.146570384502410889e-02 1.891652792692184448e-01 -3.775411546230316162e-01 9.062111377716064453e-01
2.644562721252441406e+00 -2.611913490295410156e+01 -1.341523408889770508e+00 1.814781501889228821e-02 1.777594983577728271e-01 -3.891527056694030762e-01 9.036771655082702637e-01
2.611151695251464844e+00 -2.611504364013671875e+01 -1.339721679687500000e+00 1.473302766680717468e-02 1.652185022830963135e-01 -4.020399451255798340e-01 9.004719853401184082e-01
2.572642087936401367e+00 -2.611037445068359375e+01 -1.337779521942138672e+00 1.122192293405532837e-02 1.516049951314926147e-01 -4.160901010036468506e-01 8.965260386466979980e-01
2.529073476791381836e+00 -2.610512161254882812e+01 -1.335718989372253418e+00 7.614634931087493896e-03 1.369845420122146606e-01 -4.311857521533966064e-01 8.917712569236755371e-01
2.480489492416381836e+00 -2.609929084777832031e+01 -1.333562016487121582e+00 3.912400454282760620e-03 1.214252412319183350e-01 -4.472082555294036865e-01 8.861406445503234863e-01
2.426934242248535156e+00 -2.609289550781250000e+01 -1.331328153610229492e+00 1.171417534351348877e-04 1.049984097480773926e-01 -4.640368819236755371e-01 8.795709013938903809e-01
2.368453979492187500e+00 -2.608593750000000000e+01 -1.329034447669982910e+00 -3.769095987081527710e-03 8.777902275323867798e-02 -4.815491735935211182e-01 8.720040321350097656e-01
2.305095195770263672e+00 -2.607841682434082031e+01 -1.326697945594787598e+00 -7.743021473288536072e-03 6.984534859657287598e-02 -4.996215105056762695e-01 8.633887171745300293e-01
2.236904621124267578e+00 -2.607037544250488281e+01 -1.324332237243652344e+00 -1.180111616849899292e-02 5.127952620387077332e-02 -5.181306004524230957e-01 8.536813259124755859e-01
2.163928270339965820e+00 -2.606181526184082031e+01 -1.321945786476135254e+00 -1.593896746635437012e-02 3.216728568077087402e-02 -5.369533300399780273e-01 8.428476452827453613e-01
2.086210489273071289e+00 -2.605276870727539062e+01 -1.319544672966003418e+00 -2.015096321702003479e-02 1.259735599160194397e-02 -5.559689402580261230e-01 8.308632373809814453e-01
2.003793954849243164e+00 -2.604325675964355469e+01 -1.317130088806152344e+00 -2.443178370594978333e-02 -7.338642142713069916e-03 -5.750586390495300293e-01 8.177143931388854980e-01
1.916718125343322754e+00 -2.603331947326660156e+01 -1.314698457717895508e+00 -2.877504751086235046e-02 -2.754625678062438965e-02 -5.941075086593627930e-01 8.033987283706665039e-01
1.825018525123596191e+00 -2.602297782897949219e+01 -1.312243580818176270e+00 -3.317359834909439087e-02 -4.792897403240203857e-02 -6.130045056343078613e-01 7.879263162612915039e-01
1.728724122047424316e+00 -2.601230812072753906e+01 -1.309790015220642090e+00 -3.761968016624450684e-02 -6.837564706802368164e-02 -6.316309571266174316e-01 7.713313102722167969e-01
1.627820968627929688e+00 -2.600156593322753906e+01 -1.307923555374145508e+00 -4.210144281387329102e-02 -8.871898055076599121e-02 -6.498236656188964844e-01 7.537145614624023438e-01
1.522367715835571289e+00 -2.599061393737792969e+01 -1.305988788604736328e+00 -4.660731181502342224e-02 -1.087799593806266785e-01 -6.674234867095947266e-01 7.352146506309509277e-01
1.412367939949035645e+00 -2.597950553894042969e+01 -1.303940415382385254e+00 -5.112683773040771484e-02 -1.283826231956481934e-01 -6.842932105064392090e-01 7.159935235977172852e-01
1.297811985015869141e+00 -2.596830940246582031e+01 -1.301728487014770508e+00 -5.565086752176284790e-02 -1.473559439182281494e-01 -7.003163695335388184e-01 6.962370276451110840e-01
1.178677439689636230e+00 -2.595706939697265625e+01 -1.299302935600280762e+00 -6.017155200242996216e-02 -1.655347049236297607e-01 -7.154002785682678223e-01 6.761509180068969727e-01
1.054930567741394043e+00 -2.594583511352539062e+01 -1.296603918075561523e+00 -6.468374282121658325e-02 -1.827618479728698730e-01 -7.294738888740539551e-01 6.559587717056274414e-01
9.265264868736267090e-01 -2.593465232849121094e+01 -1.293579101562500000e+00 -6.918358802795410156e-02 -1.988877356052398682e-01 -7.424884438514709473e-01 6.358995437622070312e-01
7.934115529060363770e-01 -2.592354393005371094e+01 -1.290169596672058105e+00 -7.366926968097686768e-02 -2.137712687253952026e-01 -7.544153332710266113e-01 6.162241697311401367e-01
6.555250883102416992e-01 -2.591254425048828125e+01 -1.286321997642517090e+00 -7.814107835292816162e-02 -2.272796332836151123e-01 -7.652450203895568848e-01 5.971918106079101562e-01
5.127948522567749023e-01 -2.590124511718750000e+01 -1.282570719718933105e+00 -8.260156214237213135e-02 -2.392877936363220215e-01 -7.749837636947631836e-01 5.790670514106750488e-01
3.651561141014099121e-01 -2.588994979858398438e+01 -1.278461933135986328e+00 -8.705532550811767578e-02 -2.496777176856994629e-01 -7.836498022079467773e-01 5.621168017387390137e-01
2.125408500432968140e-01 -2.587875938415527344e+01 -1.273780465126037598e+00 -9.150841087102890015e-02 -2.583361864089965820e-01 -7.912709712982177734e-01 5.466067194938659668e-01
5.464430525898933411e-02 -2.586667442321777344e+01 -1.266854166984558105e+00 -1.000732779502868652e-01 -2.589940428733825684e-01 -7.998985648155212402e-01 5.320429205894470215e-01
-1.082549095153808594e-01 -2.585491180419921875e+01 -1.259687423706054688e+00 -1.074565351009368896e-01 -2.591658234596252441e-01 -8.070672154426574707e-01 5.195465087890625000e-01
-2.762311100959777832e-01 -2.584357452392578125e+01 -1.252332687377929688e+00 -1.135037019848823547e-01 -2.592372894287109375e-01 -8.126229643821716309e-01 5.094671249389648438e-01
-4.493615329265594482e-01 -2.583271980285644531e+01 -1.244785070419311523e+00 -1.181920617818832397e-01 -2.593596577644348145e-01 -8.164840340614318848e-01 5.021124482154846191e-01
-6.276998519897460938e-01 -2.582206916809082031e+01 -1.237218022346496582e+00 -1.214727982878684998e-01 -2.596504092216491699e-01 -8.185677528381347656e-01 4.977678060531616211e-01
-8.112648725509643555e-01 -2.581083488464355469e+01 -1.230046391487121582e+00 -1.232554391026496887e-01 -2.601848244667053223e-01 -8.187867999076843262e-01 4.966890513896942139e-01
-1.000122904777526855e+00 -2.580020904541015625e+01 -1.222706317901611328e+00 -1.233945041894912720e-01 -2.609858512878417969e-01 -8.170459866523742676e-01 4.990951120853424072e-01
-1.194438576698303223e+00 -2.578847503662109375e+01 -1.212542653083801270e+00 -1.281420588493347168e-01 -2.516214549541473389e-01 -8.165651559829711914e-01 5.034755468368530273e-01
-1.393993377685546875e+00 -2.577691841125488281e+01 -1.201507568359375000e+00 -1.328921020030975342e-01 -2.397654801607131958e-01 -8.149082660675048828e-01 5.106630325317382812e-01
-1.598696827888488770e+00 -2.576554107666015625e+01 -1.189676523208618164e+00 -1.375797688961029053e-01 -2.256685495376586914e-01 -8.120627403259277344e-01 5.202878713607788086e-01
-1.808454513549804688e+00 -2.575435066223144531e+01 -1.177130103111267090e+00 -1.421384513378143311e-01 -2.095824778079986572e-01 -8.080086708068847656e-01 5.319716334342956543e-01
-2.023091793060302734e+00 -2.574192237854003906e+01 -1.164349317550659180e+00 -1.465006917715072632e-01 -1.917643249034881592e-01 -8.027296066284179688e-01 5.453339219093322754e-01
-2.242529392242431641e+00 -2.572845077514648438e+01 -1.151375651359558105e+00 -1.506007909774780273e-01 -1.724794805049896240e-01 -7.962240576744079590e-01 5.599977970123291016e-01
-2.466751575469970703e+00 -2.571509742736816406e+01 -1.137990713119506836e+00 -1.543765962123870850e-01 -1.520040631294250488e-01 -7.885126471519470215e-01 5.755956768989562988e-01
-2.700281381607055664e+00 -2.570149421691894531e+01 -1.124136924743652344e+00 -1.577697247266769409e-01 -1.306244581937789917e-01 -7.796458601951599121e-01 5.917754769325256348e-01
-2.927643775939941406e+00 -2.568872070312500000e+01 -1.110469937324523926e+00 -1.607284098863601685e-01 -1.086379140615463257e-01 -7.697081565856933594e-01 6.082053184509277344e-01
-3.148801565170288086e+00 -2.567672348022460938e+01 -1.097095966339111328e+00 -1.632075160741806030e-01 -8.635127544403076172e-02 -7.588216066360473633e-01 6.245771050453186035e-01
-3.363666534423828125e+00 -2.566449165344238281e+01 -1.084285855293273926e+00 -1.651708781719207764e-01 -6.407807767391204834e-02 -7.471462488174438477e-01 6.406130194664001465e-01
-3.572136402130126953e+00 -2.565051651000976562e+01 -1.072383999824523926e+00 -1.665886789560317993e-01 -4.213711246848106384e-02 -7.348815202713012695e-01 6.560654044151306152e-01
-3.774414539337158203e+00 -2.563715362548828125e+01 -1.061042428016662598e+00 -1.674414277076721191e-01 -2.084920555353164673e-02 -7.222621440887451172e-01 6.707205772399902344e-01
-3.970542192459106445e+00 -2.562431526184082031e+01 -1.050334453582763672e+00 -1.677162945270538330e-01 -5.346983671188354492e-04 -7.095561027526855469e-01 6.843984127044677734e-01
-4.160575389862060547e+00 -2.561189460754394531e+01 -1.040319800376892090e+00 -1.674072146415710449e-01 1.848910003900527954e-02 -6.970597505569458008e-01 6.969509720802307129e-01
-4.344584465026855469e+00 -2.559978485107421875e+01 -1.031042456626892090e+00 -1.665149182081222534e-01 3.590907156467437744e-02 -6.850926280021667480e-01 7.082594633102416992e-01
-4.522648334503173828e+00 -2.558787536621093750e+01 -1.022537827491760254e+00 -1.650438010692596436e-01 5.141766741871833801e-02 -6.739901900291442871e-01 7.182297706604003906e-01
-4.694851398468017578e+00 -2.557607460021972656e+01 -1.014827847480773926e+00 -1.630003005266189575e-01 6.471331417560577393e-02 -6.640975475311279297e-01 7.267857789993286133e-01
-4.861090660095214844e+00 -2.556228446960449219e+01 -1.008176207542419434e+00 -1.603903323411941528e-01 7.549943029880523682e-02 -6.557617783546447754e-01 7.338604927062988281e-01
-5.021529674530029297e+00 -2.554726982116699219e+01 -1.002488970756530762e+00 -1.572177857160568237e-01 8.348280936479568481e-02 -6.493233442306518555e-01 7.393864393234252930e-01
-5.176391601562500000e+00 -2.553224563598632812e+01 -9.977465867996215820e-01 -1.530761420726776123e-01 8.809956908226013184e-02 -6.450834274291992188e-01 7.434200644493103027e-01
-5.325544357299804688e+00 -2.551716804504394531e+01 -9.934850931167602539e-01 -1.492914855480194092e-01 9.061346203088760376e-02 -6.428240537643432617e-01 7.458407878875732422e-01
-5.469107151031494141e+00 -2.550215339660644531e+01 -9.900341629981994629e-01 -1.446789652109146118e-01 9.019123762845993042e-02 -6.425201892852783203e-01 7.470617890357971191e-01
-5.606998920440673828e+00 -2.548723602294921875e+01 -9.872021079063415527e-01 -1.397269070148468018e-01 8.745433390140533447e-02 -6.439232826232910156e-01 7.471217513084411621e-01
-5.739175319671630859e+00 -2.547247505187988281e+01 -9.849401712417602539e-01 -1.344999521970748901e-01 8.265644311904907227e-02 -6.468181610107421875e-01 7.461259961128234863e-01
-5.865587711334228516e+00 -2.545793914794921875e+01 -9.832006692886352539e-01 -1.290605217218399048e-01 7.605127990245819092e-02 -6.509777903556823730e-01 7.441690564155578613e-01
-5.986186981201171875e+00 -2.544368553161621094e+01 -9.819409251213073730e-01 -1.234704107046127319e-01 6.789201498031616211e-02 -6.561712622642517090e-01 7.413399219512939453e-01
-6.100923538208007812e+00 -2.542977523803710938e+01 -9.811145067214965820e-01 -1.177921667695045471e-01 5.843272805213928223e-02 -6.621682047843933105e-01 7.377287745475769043e-01
-6.209751605987548828e+00 -2.541627311706542969e+01 -9.806762337684631348e-01 -1.120891645550727844e-01 4.792989790439605713e-02 -6.687418222427368164e-01 7.334323525428771973e-01
-6.312528133392333984e+00 -2.540234756469726562e+01 -9.806567430496215820e-01 -1.064279973506927490e-01 3.664025291800498962e-02 -6.756741404533386230e-01 7.285568118095397949e-01
-6.409173011779785156e+00 -2.538765525817871094e+01 -9.810436964035034180e-01 -1.008764952421188354e-01 2.482323348522186279e-02 -6.827574968338012695e-01 7.232218980789184570e-01
-6.499832630157470703e+00 -2.537369537353515625e+01 -9.816442728042602539e-01 -9.550635516643524170e-02 1.273960247635841370e-02 -6.897983551025390625e-01 7.175614833831787109e-01
-6.584494590759277344e+00 -2.536053085327148438e+01 -9.823974370956420898e-01 -9.039124846458435059e-02 6.503053009510040283e-04 -6.966174840927124023e-01 7.117254137992858887e-01
-6.663156509399414062e+00 -2.534822273254394531e+01 -9.832385182380676270e-01 -8.560742437839508057e-02 -1.118316501379013062e-02 -7.030512094497680664e-01 7.058791518211364746e-01
-6.735823631286621094e+00 -2.533682060241699219e+01 -9.841015338897705078e-01 -8.123309910297393799e-02 -2.249943651258945465e-02 -7.089505791664123535e-01 7.002028226852416992e-01
-6.802512168884277344e+00 -2.532639122009277344e+01 -9.849145412445068359e-01 -7.734896242618560791e-02 -3.303898870944976807e-02 -7.141814231872558594e-01 6.948888897895812988e-01
-6.863243103027343750e+00 -2.531696701049804688e+01 -9.856066703796386719e-01 -7.403611391782760620e-02 -4.254304245114326477e-02 -7.186198830604553223e-01 6.901407241821289062e-01
-6.918042659759521484e+00 -2.530860710144042969e+01 -9.861071705818176270e-01 -7.137707620859146118e-02 -5.075439438223838806e-02 -7.221518754959106445e-01 6.861675381660461426e-01
-6.966937541961669922e+00 -2.530135154724121094e+01 -9.863451719284057617e-01 -6.945416331291198730e-02 -5.741745233535766602e-02 -7.246663570404052734e-01 6.831822991371154785e-01
-7.009955406188964844e+00 -2.529524803161621094e+01 -9.862499833106994629e-01 -6.834968924522399902e-02 -6.227726489305496216e-02 -7.260507941246032715e-01 6.813955903053283691e-01
-7.047115325927734375e+00 -2.529031753540039062e+01 -9.857677817344665527e-01 -6.811911612749099731e-02 -6.514075398445129395e-02 -7.262210845947265625e-01 6.809695363044738770e-01
-7.078423976898193359e+00 -2.528655242919921875e+01 -9.849169850349426270e-01 -6.871283799409866333e-02 -6.606192141771316528e-02 -7.252188920974731445e-01 6.818884611129760742e-01
-7.103878498077392578e+00 -2.528393936157226562e+01 -9.837328791618347168e-01 -7.005372643470764160e-02 -6.515464931726455688e-02 -7.231058478355407715e-01 6.840798854827880859e-01
-7.123465538024902344e+00 -2.528244972229003906e+01 -9.822521805763244629e-01 -7.206340879201889038e-02 -6.253253668546676636e-02 -7.199283838272094727e-01 6.874589323997497559e-01
-7.137166023254394531e+00 -2.528207397460937500e+01 -9.805151224136352539e-01 -7.466243952512741089e-02 -5.830759182572364807e-02 -7.157233953475952148e-01 6.919289827346801758e-01
-7.144956111907958984e+00 -2.528279685974121094e+01 -9.785583019256591797e-01 -7.777038216590881348e-02 -5.259168893098831177e-02 -7.105190753936767578e-01 6.973869800567626953e-01
-7.146807193756103516e+00 -2.528458976745605469e+01 -9.764294028282165527e-01 -8.130599558353424072e-02 -4.549718648195266724e-02 -7.043390870094299316e-01 7.037227749824523926e-01
-7.148107051849365234e+00 -2.528673362731933594e+01 -9.740160703659057617e-01 -8.518742024898529053e-02 -3.713724762201309204e-02 -6.972047090530395508e-01 7.108231782913208008e-01
-7.148827552795410156e+00 -2.528921890258789062e+01 -9.713647365570068359e-01 -8.933178335428237915e-02 -2.762515097856521606e-02 -6.891371011734008789e-01 7.185727357864379883e-01
-7.148938655853271484e+00 -2.529202651977539062e+01 -9.685229063034057617e-01 -9.365662932395935059e-02 -1.707678660750389099e-02 -6.801593303680419922e-01 7.268563508987426758e-01
-7.148416519165039062e+00 -2.529513168334960938e+01 -9.655407667160034180e-01 -9.807901084423065186e-02 -5.608636885881423950e-03 -6.702981591224670410e-01 7.355607151985168457e-01
-7.151049613952636719e+00 -2.529802131652832031e+01 -9.623583555221557617e-01 -1.025161743164062500e-01 6.661158055067062378e-03 -6.595863103866577148e-01 7.445750832557678223e-01
-7.156819343566894531e+00 -2.530067253112792969e+01 -9.590270519256591797e-01 -1.068861186504364014e-01 1.961216330528259277e-02 -6.480623483657836914e-01 7.537944316864013672e-01
-7.165715217590332031e+00 -2.530305671691894531e+01 -9.556005597114562988e-01 -1.111071184277534485e-01 3.312359005212783813e-02 -6.357736587524414062e-01 7.631185650825500488e-01
-7.177731037139892578e+00 -2.530515480041503906e+01 -9.521252512931823730e-01 -1.150993928313255310e-01 4.707298427820205688e-02 -6.227748990058898926e-01 7.724555730819702148e-01
-7.192867755889892578e+00 -2.530693244934082031e+01 -9.486498832702636719e-01 -1.187842190265655518e-01 6.133764609694480896e-02 -6.091306209564208984e-01 7.817211747169494629e-01
-7.211132049560546875e+00 -2.530836868286132812e+01 -9.452245831489562988e-01 -1.220842897891998291e-01 7.579436153173446655e-02 -5.949133634567260742e-01 7.908405065536499023e-01
-7.232537269592285156e+00 -2.530942726135253906e+01 -9.418908357620239258e-01 -1.249248683452606201e-01 9.032003581523895264e-02 -5.802053213119506836e-01 7.997485995292663574e-01
-7.257104873657226562e+00 -2.531008338928222656e+01 -9.386913776397705078e-01 -1.272331476211547852e-01 1.047936901450157166e-01 -5.650968551635742188e-01 8.083907961845397949e-01
-7.284860610961914062e+00 -2.531030273437500000e+01 -9.356616139411926270e-01 -1.289386004209518433e-01 1.190943866968154907e-01 -5.496868491172790527e-01 8.167225122451782227e-01
-7.316571712493896484e+00 -2.531020545959472656e+01 -9.347912669181823730e-01 -1.230571568012237549e-01 1.286211758852005005e-01 -5.351756811141967773e-01 8.257726430892944336e-01
-7.351494789123535156e+00 -2.530955505371093750e+01 -9.338635206222534180e-01 -1.172728985548019409e-01 1.385909616947174072e-01 -5.206022262573242188e-01 8.342738151550292969e-01
-7.389646053314208984e+00 -2.530834007263183594e+01 -9.328771829605102539e-01 -1.116541475057601929e-01 1.488940715789794922e-01 -5.060157179832458496e-01 8.422065973281860352e-01
-7.431041240692138672e+00 -2.530653762817382812e+01 -9.318334460258483887e-01 -1.062623262405395508e-01 1.594181209802627563e-01 -4.914686977863311768e-01 8.495602607727050781e-01
-7.475697994232177734e+00 -2.530414009094238281e+01 -9.307262897491455078e-01 -1.011523678898811340e-01 1.700490415096282959e-01 -4.770153760910034180e-01 8.563339114189147949e-01
-7.523635864257812500e+00 -2.530113220214843750e+01 -9.295568466186523438e-01 -9.637194871902465820e-02 1.806723177433013916e-01 -4.627145230770111084e-01 8.625340461730957031e-01
-7.574873924255371094e+00 -2.529751014709472656e+01 -9.283178448677062988e-01 -9.196107089519500732e-02 1.911747753620147705e-01 -4.486285150051116943e-01 8.681749701499938965e-01
-7.629435062408447266e+00 -2.529325675964355469e+01 -9.270068407058715820e-01 -8.795186132192611694e-02 2.014448940753936768e-01 -4.348255693912506104e-01 8.732760548591613770e-01
-7.687341213226318359e+00 -2.528837394714355469e+01 -9.256164431571960449e-01 -8.436869084835052490e-02 2.113739848136901855e-01 -4.213781356811523438e-01 8.778629302978515625e-01
-7.748614788055419922e+00 -2.528284072875976562e+01 -9.241406321525573730e-01 -8.122710883617401123e-02 2.208572775125503540e-01 -4.083656370639801025e-01 8.819646835327148438e-01
-7.813198566436767578e+00 -2.527605438232421875e+01 -9.226269125938415527e-01 -7.853467017412185669e-02 2.297940403223037720e-01 -3.958733379840850830e-01 8.856135606765747070e-01
-7.881080627441406250e+00 -2.526772880554199219e+01 -9.210949540138244629e-01 -7.629030197858810425e-02 2.380887418985366821e-01 -3.839932680130004883e-01 8.888434171676635742e-01
-7.952403545379638672e+00 -2.525866699218750000e+01 -9.194604158401489258e-01 -7.448525726795196533e-02 2.456510812044143677e-01 -3.728233575820922852e-01 8.916895389556884766e-01
-8.027196884155273438e+00 -2.524887657165527344e+01 -9.177172780036926270e-01 -7.310298085212707520e-02 2.523967921733856201e-01 -3.624688386917114258e-01 8.941856622695922852e-01
-8.105491638183593750e+00 -2.523833847045898438e+01 -9.158568978309631348e-01 -7.212069630622863770e-02 2.582476735115051270e-01 -3.530395627021789551e-01 8.963647484779357910e-01
-8.178144454956054688e+00 -2.522845649719238281e+01 -9.141173958778381348e-01 -7.151038199663162231e-02 2.631316483020782471e-01 -3.446508646011352539e-01 8.982559442520141602e-01
-8.245187759399414062e+00 -2.521922302246093750e+01 -9.124889969825744629e-01 -7.124084979295730591e-02 2.669829428195953369e-01 -3.374207317829132080e-01 8.998845219612121582e-01
-8.306655883789062500e+00 -2.521063423156738281e+01 -9.109680056571960449e-01 -7.127948850393295288e-02 2.697416841983795166e-01 -3.314695060253143311e-01 9.012694358825683594e-01
-8.362582206726074219e+00 -2.520268440246582031e+01 -9.095495343208312988e-01 -7.159486413002014160e-02 2.713538706302642822e-01 -3.269180059432983398e-01 9.024222493171691895e-01
-8.412997245788574219e+00 -2.519535064697265625e+01 -9.082287549972534180e-01 -7.215938717126846313e-02 2.717705965042114258e-01 -3.238854110240936279e-01 9.033448696136474609e-01
-8.458695411682128906e+00 -2.518857765197753906e+01 -9.082250595092773438e-01 -6.772343814373016357e-02 2.691081464290618896e-01 -3.240135610103607178e-01 9.044387340545654297e-01
-8.498889923095703125e+00 -2.518243026733398438e+01 -9.083544611930847168e-01 -6.337540596723556519e-02 2.652863264083862305e-01 -3.256783187389373779e-01 9.052846431732177734e-01
-8.533547401428222656e+00 -2.517692756652832031e+01 -9.086181521415710449e-01 -5.912458896636962891e-02 2.604162991046905518e-01 -3.287501037120819092e-01 9.058758020401000977e-01
-8.562632560729980469e+00 -2.517209434509277344e+01 -9.090222120285034180e-01 -5.497892200946807861e-02 2.546074986457824707e-01 -3.330981731414794922e-01 9.061998128890991211e-01
-8.596103668212890625e+00 -2.516641044616699219e+01 -9.093042016029357910e-01 -5.094701796770095825e-02 2.479688227176666260e-01 -3.385896980762481689e-01 9.062411189079284668e-01
-8.633928298950195312e+00 -2.515988731384277344e+01 -9.094738364219665527e-01 -4.703702032566070557e-02 2.406092584133148193e-01 -3.450915813446044922e-01 9.059837460517883301e-01
-8.667211532592773438e+00 -2.515390014648437500e+01 -9.097680449485778809e-01 -4.325772821903228760e-02 2.326385527849197388e-01 -3.524704873561859131e-01 9.054129719734191895e-01
-8.695918083190917969e+00 -2.514845657348632812e+01 -9.101867675781250000e-01 -3.961799293756484985e-02 2.241678088903427124e-01 -3.605932593345642090e-01 9.045173525810241699e-01
-8.720014572143554688e+00 -2.514356803894042969e+01 -9.107360839843750000e-01 -3.612688183784484863e-02 2.153095453977584839e-01 -3.693293631076812744e-01 9.032898545265197754e-01
-8.739466667175292969e+00 -2.513927268981933594e+01 -9.114135503768920898e-01 -3.279413282871246338e-02 2.061782926321029663e-01 -3.785491287708282471e-01 9.017291665077209473e-01
-8.754241943359375000e+00 -2.513556671142578125e+01 -9.122167825698852539e-01 -2.962979674339294434e-02 1.968902200460433960e-01 -3.881258666515350342e-01 8.998414278030395508e-01
-8.764309883117675781e+00 -2.513248062133789062e+01 -9.131408333778381348e-01 -2.664434909820556641e-02 1.875638663768768311e-01 -3.979352116584777832e-01 8.976399302482604980e-01
-8.769645690917968750e+00 -2.513002967834472656e+01 -9.141759872436523438e-01 -2.384845912456512451e-02 1.783192455768585205e-01 -4.078566133975982666e-01 8.951460719108581543e-01
-8.777530670166015625e+00 -2.512712860107421875e+01 -9.151208400726318359e-01 -2.125348150730133057e-02 1.692781895399093628e-01 -4.177726805210113525e-01 8.923896551132202148e-01
-8.787941932678222656e+00 -2.512379837036132812e+01 -9.159631133079528809e-01 -1.887069270014762878e-02 1.605639904737472534e-01 -4.275701344013214111e-01 8.894081711769104004e-01
-8.800861358642578125e+00 -2.512006759643554688e+01 -9.166833162307739258e-01 -1.671232283115386963e-02 1.523014008998870850e-01 -4.371393322944641113e-01 8.862472772598266602e-01
-8.816269874572753906e+00 -2.511595726013183594e+01 -9.172680377960205078e-01 -1.478970050811767578e-02 1.446157097816467285e-01 -4.463750720024108887e-01 8.829591274261474609e-01
-8.834156036376953125e+00 -2.511149787902832031e+01 -9.176952838897705078e-01 -1.311543211340904236e-02 1.376333236694335938e-01 -4.551751315593719482e-01 8.796025514602661133e-01
-8.854505538940429688e+00 -2.510673713684082031e+01 -9.179479479789733887e-01 -1.170175895094871521e-02 1.314810216426849365e-01 -4.634410440921783447e-01 8.762409687042236328e-01
-8.877305984497070312e+00 -2.510167884826660156e+01 -9.180004596710205078e-01 -1.056104153394699097e-02 1.262855231761932373e-01 -4.710763096809387207e-01 8.729418516159057617e-01
-8.902557373046875000e+00 -2.509635734558105469e+01 -9.178380966186523438e-01 -9.697649627923965454e-03 1.221339330077171326e-01 -4.780105352401733398e-01 8.697673082351684570e-01
-8.930273056030273438e+00 -2.509078025817871094e+01 -9.174694418907165527e-01 -9.081609547138214111e-03 1.189517676830291748e-01 -4.842672944068908691e-01 8.667486310005187988e-01
-8.960465431213378906e+00 -2.508493614196777344e+01 -9.169067144393920898e-01 -8.675396442413330078e-03 1.166235059499740601e-01 -4.898903369903564453e-01 8.639045953750610352e-01
-8.993152618408203125e+00 -2.507882308959960938e+01 -9.161706566810607910e-01 -8.440781384706497192e-03 1.150328367948532104e-01 -4.949219822883605957e-01 8.612481355667114258e-01
-9.028346061706542969e+00 -2.507243537902832031e+01 -9.152783155441284180e-01 -8.339807391166687012e-03 1.140630319714546204e-01 -4.994011819362640381e-01 8.587889075279235840e-01
-9.066058158874511719e+00 -2.506576538085937500e+01 -9.142492413520812988e-01 -8.334070444107055664e-03 1.135964840650558472e-01 -5.033665299415588379e-01 8.565328121185302734e-01
-9.106301307678222656e+00 -2.505881309509277344e+01 -9.131042361259460449e-01 -8.385792374610900879e-03 1.135157197713851929e-01 -5.068546533584594727e-01 8.544836044311523438e-01
-9.149085998535156250e+00 -2.505156135559082031e+01 -9.118639826774597168e-01 -8.456308394670486450e-03 1.137025207281112671e-01 -5.099012851715087891e-01 8.526435494422912598e-01
-9.194420814514160156e+00 -2.504401779174804688e+01 -9.105517268180847168e-01 -8.507881313562393188e-03 1.140392869710922241e-01 -5.125415325164794922e-01 8.510134220123291016e-01
-9.242315292358398438e+00 -2.503616714477539062e+01 -9.091857671737670898e-01 -8.502025157213211060e-03 1.144074648618698120e-01 -5.148102045059204102e-01 8.495934605598449707e-01
-9.292780876159667969e+00 -2.502800178527832031e+01 -9.077941775321960449e-01 -8.400827646255493164e-03 1.146890968084335327e-01 -5.167414546012878418e-01 8.483831882476806641e-01
-9.345825195312500000e+00 -2.501951026916503906e+01 -9.063940048217773438e-01 -8.165851235389709473e-03 1.147658675909042358e-01 -5.183696150779724121e-01 8.473812937736511230e-01
-9.401349067687988281e+00 -2.501003456115722656e+01 -9.050732254981994629e-01 -7.758948951959609985e-03 1.145194768905639648e-01 -5.197281241416931152e-01 8.465860486030578613e-01
-9.459383964538574219e+00 -2.499968147277832031e+01 -9.038415551185607910e-01 -7.142201066017150879e-03 1.138313710689544678e-01 -5.208498239517211914e-01 8.459945321083068848e-01
-9.520011901855468750e+00 -2.498892974853515625e+01 -9.026769995689392090e-01 -6.276935338973999023e-03 1.125829964876174927e-01 -5.217673778533935547e-01 8.456031084060668945e-01
-9.583242416381835938e+00 -2.497776794433593750e+01 -9.016015529632568359e-01 -5.125433206558227539e-03 1.106554120779037476e-01 -5.225114822387695312e-01 8.454057574272155762e-01
-9.649078369140625000e+00 -2.496619606018066406e+01 -9.006408452987670898e-01 -3.649167716503143311e-03 1.079295054078102112e-01 -5.231128334999084473e-01 8.453938961029052734e-01
-9.717526435852050781e+00 -2.495419311523437500e+01 -8.998168706893920898e-01 -1.809779554605484009e-03 1.042854413390159607e-01 -5.235985517501831055e-01 8.455564975738525391e-01
-9.788586616516113281e+00 -2.494176673889160156e+01 -8.991528153419494629e-01 4.306621849536895752e-04 9.960343688726425171e-02 -5.239949226379394531e-01 8.458772301673889160e-01
-9.862257003784179688e+00 -2.492889595031738281e+01 -8.986718654632568359e-01 3.110233694314956665e-03 9.376288950443267822e-02 -5.243241190910339355e-01 8.463350534439086914e-01
-9.938538551330566406e+00 -2.491558074951171875e+01 -8.983898758888244629e-01 6.244353950023651123e-03 8.667616546154022217e-02 -5.246062874794006348e-01 8.468980789184570312e-01
-1.001741886138916016e+01 -2.490181159973144531e+01 -8.982836604118347168e-01 9.755682200193405151e-03 7.839050889015197754e-02 -5.248662829399108887e-01 8.475112318992614746e-01
-1.009888935089111328e+01 -2.488758659362792969e+01 -8.983203172683715820e-01 1.354357972741127014e-02 6.898723542690277100e-02 -5.251280665397644043e-01 8.481141924858093262e-01
-1.018294048309326172e+01 -2.487288475036621094e+01 -8.984692096710205078e-01 1.750748977065086365e-02 5.854804068803787231e-02 -5.254170298576354980e-01 8.486475348472595215e-01
-1.025958251953125000e+01 -2.485944747924804688e+01 -8.989403843879699707e-01 2.154664695262908936e-02 4.715559631586074829e-02 -5.257589817047119141e-01 8.490521907806396484e-01
-1.032880973815917969e+01 -2.484725952148437500e+01 -8.997033238410949707e-01 2.555992268025875092e-02 3.489336743950843811e-02 -5.261812210083007812e-01 8.492717146873474121e-01
-1.039062023162841797e+01 -2.483632278442382812e+01 -9.007250666618347168e-01 2.944669499993324280e-02 2.184576541185379028e-02 -5.267119407653808594e-01 8.492526412010192871e-01
-1.044501209259033203e+01 -2.482663917541503906e+01 -9.019713997840881348e-01 3.310611471533775330e-02 8.098104037344455719e-03 -5.273819565773010254e-01 8.489444255828857422e-01
-1.049198722839355469e+01 -2.481817817687988281e+01 -9.034143090248107910e-01 3.643748164176940918e-02 -6.263692863285541534e-03 -5.282235145568847656e-01 8.483000993728637695e-01
-1.053155040740966797e+01 -2.481095695495605469e+01 -9.050170779228210449e-01 3.934061527252197266e-02 -2.115274034440517426e-02 -5.292709469795227051e-01 8.472762703895568848e-01
-1.056370830535888672e+01 -2.480495643615722656e+01 -9.067528843879699707e-01 4.171568527817726135e-02 -3.648183867335319519e-02 -5.305604338645935059e-01 8.458335995674133301e-01
-1.058847045898437500e+01 -2.480017471313476562e+01 -9.085925221443176270e-01 4.346337541937828064e-02 -5.216342583298683167e-02 -5.321301817893981934e-01 8.439356088638305664e-01
-1.060585021972656250e+01 -2.479660987854003906e+01 -9.105053544044494629e-01 4.448517411947250366e-02 -6.810966134071350098e-02 -5.340189933776855469e-01 8.415496945381164551e-01
-1.061586570739746094e+01 -2.479424667358398438e+01 -9.124658107757568359e-01 4.468324035406112671e-02 -8.423277735710144043e-02 -5.362679362297058105e-01 8.386448025703430176e-01
-1.061852741241455078e+01 -2.479306983947753906e+01 -9.144494533538818359e-01 4.396073147654533386e-02 -1.004450768232345581e-01 -5.389173626899719238e-01 8.351923227310180664e-01
-1.062497425079345703e+01 -2.479115104675292969e+01 -9.161596298217773438e-01 4.222130775451660156e-02 -1.166596561670303345e-01 -5.420084595680236816e-01 8.311646580696105957e-01
-1.063522434234619141e+01 -2.478845596313476562e+01 -9.175756573677062988e-01 3.937019035220146179e-02 -1.327892094850540161e-01 -5.455814003944396973e-01 8.265336155891418457e-01
-1.064929294586181641e+01 -2.478498458862304688e+01 -9.186767339706420898e-01 3.531289100646972656e-02 -1.487481296062469482e-01 -5.496748685836791992e-01 8.212699890136718750e-01
-1.066720199584960938e+01 -2.478071784973144531e+01 -9.194470047950744629e-01 2.995630353689193726e-02 -1.644505709409713745e-01 -5.543250441551208496e-01 8.153418302536010742e-01
-1.068896484375000000e+01 -2.477561378479003906e+01 -9.198693633079528809e-01 2.320872247219085693e-02 -1.798113137483596802e-01 -5.595640540122985840e-01 8.087133765220642090e-01
-1.071458816528320312e+01 -2.476967239379882812e+01 -9.199438095092773438e-01 1.502201706171035767e-02 -1.947533041238784790e-01 -5.653977990150451660e-01 8.013556003570556641e-01
-1.074406147003173828e+01 -2.476289558410644531e+01 -9.196960330009460449e-01 5.520552396774291992e-03 -2.092292904853820801e-01 -5.717363953590393066e-01 7.932906746864318848e-01
-1.077735900878906250e+01 -2.475528335571289062e+01 -9.191662669181823730e-01 -5.126893520355224609e-03 -2.231996059417724609e-01 -5.784685015678405762e-01 7.845571041107177734e-01
-1.081446266174316406e+01 -2.474685096740722656e+01 -9.183886647224426270e-01 -1.675049960613250732e-02 -2.366261184215545654e-01 -5.854859352111816406e-01 7.751991152763366699e-01
-1.085534763336181641e+01 -2.473760223388671875e+01 -9.173949956893920898e-01 -2.917890995740890503e-02 -2.494718730449676514e-01 -5.926851034164428711e-01 7.652691602706909180e-01
-1.089998912811279297e+01 -2.472757339477539062e+01 -9.162170290946960449e-01 -4.224095493555068970e-02 -2.617035210132598877e-01 -5.999680757522583008e-01 7.548279762268066406e-01
-1.094822978973388672e+01 -2.471601486206054688e+01 -9.149523973464965820e-01 -5.576420575380325317e-02 -2.732896208763122559e-01 -6.072443723678588867e-01 7.439472079277038574e-01
-1.100012397766113281e+01 -2.470336341857910156e+01 -9.135876297950744629e-01 -6.957699358463287354e-02 -2.842028141021728516e-01 -6.144316196441650391e-01 7.327083349227905273e-01
-1.105570316314697266e+01 -2.468990707397460938e+01 -9.121190905570983887e-01 -8.350858837366104126e-02 -2.944201827049255371e-01 -6.214556694030761719e-01 7.212045192718505859e-01
-1.111494922637939453e+01 -2.467567253112792969e+01 -9.105663895606994629e-01 -9.738958626985549927e-02 -3.039227128028869629e-01 -6.282522082328796387e-01 7.095388770103454590e-01
-1.117785453796386719e+01 -2.466069793701171875e+01 -9.089416265487670898e-01 -1.110531091690063477e-01 -3.126962780952453613e-01 -6.347668170928955078e-01 6.978247761726379395e-01
-1.124440860748291016e+01 -2.464498901367187500e+01 -9.072619676589965820e-01 -1.243343129754066467e-01 -3.207308948040008545e-01 -6.409537792205810547e-01 6.861857771873474121e-01
-1.131460571289062500e+01 -2.462861251831054688e+01 -9.055334329605102539e-01 -1.370716392993927002e-01 -3.280217647552490234e-01 -6.467771530151367188e-01 6.747536063194274902e-01
-1.138844680786132812e+01 -2.461158561706542969e+01 -9.037634134292602539e-01 -1.491070240736007690e-01 -3.345677852630615234e-01 -6.522092223167419434e-01 6.636675000190734863e-01
-1.146593189239501953e+01 -2.459395027160644531e+01 -9.019567966461181641e-01 -1.602849662303924561e-01 -3.403712809085845947e-01 -6.572309136390686035e-01 6.530723571777343750e-01
-1.154706859588623047e+01 -2.457573127746582031e+01 -9.001159667968750000e-01 -1.704540103673934937e-01 -3.454384803771972656e-01 -6.618282794952392578e-01 6.431182026863098145e-01
-1.163186359405517578e+01 -2.455696678161621094e+01 -8.982409238815307617e-01 -1.794644594192504883e-01 -3.497769236564636230e-01 -6.659930944442749023e-01 6.339572072029113770e-01
-1.172032356262207031e+01 -2.453769493103027344e+01 -8.963342308998107910e-01 -1.871696114540100098e-01 -3.533961772918701172e-01 -6.697199344635009766e-01 6.257426738739013672e-01
-1.181245899200439453e+01 -2.451794433593750000e+01 -8.943920731544494629e-01 -1.934234499931335449e-01 -3.563058972358703613e-01 -6.730037927627563477e-01 6.186270713806152344e-01
-1.190828323364257812e+01 -2.449774932861328125e+01 -8.924157619476318359e-01 -1.980804502964019775e-01 -3.585144281387329102e-01 -6.758386492729187012e-01 6.127589344978332520e-01
-1.200786209106445312e+01 -2.447654151916503906e+01 -8.901599049568176270e-01 -2.005805671215057373e-01 -3.571217060089111328e-01 -6.801035404205322266e-01 6.080219745635986328e-01
-1.211114978790283203e+01 -2.445504379272460938e+01 -8.878185749053955078e-01 -2.024311125278472900e-01 -3.560760021209716797e-01 -6.832495927810668945e-01 6.044843792915344238e-01
-1.221816158294677734e+01 -2.443322753906250000e+01 -8.853942751884460449e-01 -2.036724835634231567e-01 -3.553674221038818359e-01 -6.853549480438232422e-01 6.020964384078979492e-01
-1.232890129089355469e+01 -2.441106414794921875e+01 -8.828845024108886719e-01 -2.043511569499969482e-01 -3.549775481224060059e-01 -6.865041851997375488e-01 6.007856130599975586e-01
-1.244316577911376953e+01 -2.438752937316894531e+01 -8.804382085800170898e-01 -2.037638723850250244e-01 -3.543941378593444824e-01 -6.871791481971740723e-01 6.005579829216003418e-01
-1.256074810028076172e+01 -2.436160087585449219e+01 -8.782360553741455078e-01 -2.007277011871337891e-01 -3.527821302413940430e-01 -6.881090998649597168e-01 6.014639735221862793e-01
-1.268202877044677734e+01 -2.433507347106933594e+01 -8.760046362876892090e-01 -1.966814100742340088e-01 -3.509799242019653320e-01 -6.886700391769409180e-01 6.032105684280395508e-01
-1.280701160430908203e+01 -2.430791854858398438e+01 -8.737316727638244629e-01 -1.917927265167236328e-01 -3.490012288093566895e-01 -6.888993978500366211e-01 6.056659221649169922e-01
-1.293569469451904297e+01 -2.428009796142578125e+01 -8.714123368263244629e-01 -1.862284392118453979e-01 -3.468586802482604980e-01 -6.888372898101806641e-01 6.086963415145874023e-01
-1.306807804107666016e+01 -2.425158119201660156e+01 -8.690368533134460449e-01 -1.801533102989196777e-01 -3.445677161216735840e-01 -6.885253190994262695e-01 6.121689677238464355e-01
-1.320417594909667969e+01 -2.422227478027343750e+01 -8.665429353713989258e-01 -1.739187091588973999e-01 -3.419361114501953125e-01 -6.881117224693298340e-01 6.159011125564575195e-01
-1.334411430358886719e+01 -2.419169807434082031e+01 -8.634374737739562988e-01 -1.693491339683532715e-01 -3.371439278125762939e-01 -6.885462999343872070e-01 6.193214058876037598e-01
-1.348779392242431641e+01 -2.416024398803710938e+01 -8.601318001747131348e-01 -1.651388704776763916e-01 -3.318745195865631104e-01 -6.890370249748229980e-01 6.227489113807678223e-01
-1.363521575927734375e+01 -2.412789535522460938e+01 -8.566039800643920898e-01 -1.614637076854705811e-01 -3.261482715606689453e-01 -6.896305680274963379e-01 6.260722279548645020e-01
-1.378638267517089844e+01 -2.409460449218750000e+01 -8.528393507003784180e-01 -1.585007607936859131e-01 -3.199865818023681641e-01 -6.903751492500305176e-01 6.291804313659667969e-01
-1.394044971466064453e+01 -2.405671310424804688e+01 -8.491637706756591797e-01 -1.564264148473739624e-01 -3.134112656116485596e-01 -6.913210749626159668e-01 6.319647431373596191e-01
-1.409810161590576172e+01 -2.401716232299804688e+01 -8.452758789062500000e-01 -1.554168313741683960e-01 -3.064439296722412109e-01 -6.925174593925476074e-01 6.343163251876831055e-01
-1.425947761535644531e+01 -2.397647857666015625e+01 -8.410998582839965820e-01 -1.556486487388610840e-01 -2.991060316562652588e-01 -6.940131783485412598e-01 6.361249089241027832e-01
-1.442456626892089844e+01 -2.393465805053710938e+01 -8.366186618804931641e-01 -1.572962254285812378e-01 -2.914165556430816650e-01 -6.958528161048889160e-01 6.372778415679931641e-01
-1.459335899353027344e+01 -2.389164543151855469e+01 -8.318054080009460449e-01 -1.605333089828491211e-01 -2.833927571773529053e-01 -6.980761885643005371e-01 6.376575827598571777e-01
-1.476583862304687500e+01 -2.384743118286132812e+01 -8.266552686691284180e-01 -1.654738485813140869e-01 -2.750551998615264893e-01 -7.007046937942504883e-01 6.371624469757080078e-01
-1.494197845458984375e+01 -2.380201530456542969e+01 -8.211926221847534180e-01 -1.720039099454879761e-01 -2.664534151554107666e-01 -7.037087678909301758e-01 6.357759833335876465e-01
-1.512157440185546875e+01 -2.375475120544433594e+01 -8.155175447463989258e-01 -1.799506992101669312e-01 -2.576434910297393799e-01 -7.070446014404296875e-01 6.335026025772094727e-01
-1.530327606201171875e+01 -2.370068359375000000e+01 -8.101525902748107910e-01 -1.891407221555709839e-01 -2.486817538738250732e-01 -7.106672525405883789e-01 6.303451657295227051e-01
-1.548852157592773438e+01 -2.364533233642578125e+01 -8.046044707298278809e-01 -1.993996649980545044e-01 -2.396252006292343140e-01 -7.145327329635620117e-01 6.263085603713989258e-01
-1.568023300170898438e+01 -2.358786582946777344e+01 -7.988744974136352539e-01 -2.105533480644226074e-01 -2.305328398942947388e-01 -7.185981273651123047e-01 6.214004158973693848e-01
-1.587839031219482422e+01 -2.352829933166503906e+01 -7.930029034614562988e-01 -2.224273979663848877e-01 -2.214647233486175537e-01 -7.228254079818725586e-01 6.156320571899414062e-01
-1.608297729492187500e+01 -2.346666526794433594e+01 -7.870397567749023438e-01 -2.348478883504867554e-01 -2.124832868576049805e-01 -7.271805405616760254e-01 6.090203523635864258e-01
-1.629338645935058594e+01 -2.340103912353515625e+01 -7.812157869338989258e-01 -2.476428002119064331e-01 -2.036535143852233887e-01 -7.316352128982543945e-01 6.015880703926086426e-01
-1.650762176513671875e+01 -2.332506752014160156e+01 -7.762072682380676270e-01 -2.606409788131713867e-01 -1.950419992208480835e-01 -7.361679673194885254e-01 5.933646559715270996e-01
-1.672817802429199219e+01 -2.324677658081054688e+01 -7.712658643722534180e-01 -2.736741006374359131e-01 -1.867184638977050781e-01 -7.407644987106323242e-01 5.843856334686279297e-01
-1.695505142211914062e+01 -2.316619110107421875e+01 -7.664367556571960449e-01 -2.865766286849975586e-01 -1.787539422512054443e-01 -7.454176545143127441e-01 5.746940374374389648e-01
-1.718825531005859375e+01 -2.308333396911621094e+01 -7.617565989494323730e-01 -2.991855740547180176e-01 -1.712216138839721680e-01 -7.501280903816223145e-01 5.643393993377685547e-01
-1.742238044738769531e+01 -2.298390007019042969e+01 -7.587158083915710449e-01 -3.113422095775604248e-01 -1.641966551542282104e-01 -7.549036145210266113e-01 5.533769130706787109e-01
-1.766160774230957031e+01 -2.287892532348632812e+01 -7.562329173088073730e-01 -3.228904902935028076e-01 -1.577550768852233887e-01 -7.597596645355224609e-01 5.418673753738403320e-01
-1.790704345703125000e+01 -2.277128791809082031e+01 -7.540526986122131348e-01 -3.336790204048156738e-01 -1.519741415977478027e-01 -7.647175192832946777e-01 5.298765301704406738e-01
-1.815170860290527344e+01 -2.264638710021972656e+01 -7.536718845367431641e-01 -3.435594141483306885e-01 -1.469320654869079590e-01 -7.698045969009399414e-01 5.174733996391296387e-01
-1.839818763732910156e+01 -2.250955963134765625e+01 -7.545800805091857910e-01 -3.523867130279541016e-01 -1.427072435617446899e-01 -7.750527262687683105e-01 5.047292113304138184e-01
-1.864678573608398438e+01 -2.236330986022949219e+01 -7.565551400184631348e-01 -3.600186705589294434e-01 -1.393778026103973389e-01 -7.804969549179077148e-01 4.917162358760833740e-01
-1.888634300231933594e+01 -2.218957901000976562e+01 -7.614257931709289551e-01 -3.663151860237121582e-01 -1.370218694210052490e-01 -7.861742973327636719e-01 4.785061180591583252e-01
-1.912106323242187500e+01 -2.199949645996093750e+01 -7.679406404495239258e-01 -3.673423230648040771e-01 -1.330149471759796143e-01 -7.935087084770202637e-01 4.665946960449218750e-01
-1.934192657470703125e+01 -2.178207397460937500e+01 -7.773571610450744629e-01 -3.673936724662780762e-01 -1.304782778024673462e-01 -8.009538650512695312e-01 4.543899297714233398e-01
-1.952994537353515625e+01 -2.152723121643066406e+01 -7.906591892242431641e-01 -3.666184842586517334e-01 -1.293655633926391602e-01 -8.084172010421752930e-01 4.419468045234680176e-01
-1.968284225463867188e+01 -2.124248504638671875e+01 -8.069458007812500000e-01 -3.651737868785858154e-01 -1.296113431453704834e-01 -8.157940506935119629e-01 4.293355047702789307e-01
-1.979417228698730469e+01 -2.093122482299804688e+01 -8.254199028015136719e-01 -3.632179498672485352e-01 -1.311307549476623535e-01 -8.229719996452331543e-01 4.166467785835266113e-01
-1.987409019470214844e+01 -2.060274314880371094e+01 -8.440612554550170898e-01 -3.609044551849365234e-01 -1.338170468807220459e-01 -8.298387527465820312e-01 4.039907157421112061e-01
-1.995151901245117188e+01 -2.026643943786621094e+01 -8.594128489494323730e-01 -3.583754301071166992e-01 -1.375440806150436401e-01 -8.362882733345031738e-01 3.914978504180908203e-01
-2.003572654724121094e+01 -1.992477989196777344e+01 -8.696715831756591797e-01 -3.557550609111785889e-01 -1.421689987182617188e-01 -8.422275781631469727e-01 3.793137371540069580e-01
-2.013123893737792969e+01 -1.957917976379394531e+01 -8.734069466590881348e-01 -3.531440794467926025e-01 -1.475395262241363525e-01 -8.475810885429382324e-01 3.675966858863830566e-01
-2.024523735046386719e+01 -1.923244667053222656e+01 -8.679602146148681641e-01 -3.506175279617309570e-01 -1.534991115331649780e-01 -8.522948026657104492e-01 3.565090000629425049e-01
-2.037937736511230469e+01 -1.888626861572265625e+01 -8.537634015083312988e-01 -3.482231795787811279e-01 -1.598941534757614136e-01 -8.563364148139953613e-01 3.462113440036773682e-01
-2.053423690795898438e+01 -1.854208374023437500e+01 -8.313452005386352539e-01 -3.459833860397338867e-01 -1.665795147418975830e-01 -8.596945405006408691e-01 3.368558585643768311e-01
-2.071132278442382812e+01 -1.820193862915039062e+01 -8.009411692619323730e-01 -3.438979387283325195e-01 -1.734240055084228516e-01 -8.623751997947692871e-01 3.285835087299346924e-01
-2.090879058837890625e+01 -1.786588287353515625e+01 -7.659765481948852539e-01 -3.405392765998840332e-01 -1.798730045557022095e-01 -8.650060296058654785e-01 3.216259777545928955e-01
-2.112670326232910156e+01 -1.753487205505371094e+01 -7.289074659347534180e-01 -3.341960608959197998e-01 -1.854102313518524170e-01 -8.683384656906127930e-01 3.161080479621887207e-01
-2.136685943603515625e+01 -1.721118164062500000e+01 -6.916100978851318359e-01 -3.277661800384521484e-01 -1.908981204032897949e-01 -8.711317181587219238e-01 3.118602633476257324e-01
-2.162563514709472656e+01 -1.690540504455566406e+01 -6.570031642913818359e-01 -3.213484883308410645e-01 -1.962691247463226318e-01 -8.733522295951843262e-01 3.089815974235534668e-01
-2.190509986877441406e+01 -1.662153244018554688e+01 -6.272692680358886719e-01 -3.150403797626495361e-01 -2.014557719230651855e-01 -8.749660849571228027e-01 3.075704574584960938e-01
-2.221139335632324219e+01 -1.637015151977539062e+01 -6.064807176589965820e-01 -3.089377284049987793e-01 -2.063906937837600708e-01 -8.759370446205139160e-01 3.077250719070434570e-01
-2.254263114929199219e+01 -1.615645980834960938e+01 -5.965881347656250000e-01 -3.031344413757324219e-01 -2.110058665275573730e-01 -8.762245774269104004e-01 3.095423579216003418e-01
-2.289085960388183594e+01 -1.597642040252685547e+01 -5.954895019531250000e-01 -2.977038025856018066e-01 -2.152400612831115723e-01 -8.758000135421752930e-01 3.130788207054138184e-01
-2.325002479553222656e+01 -1.582512187957763672e+01 -6.010009646415710449e-01 -2.926422357559204102e-01 -2.190629094839096069e-01 -8.746970891952514648e-01 3.182401061058044434e-01
-2.361451530456542969e+01 -1.569400310516357422e+01 -6.099780201911926270e-01 -2.879253029823303223e-01 -2.224497348070144653e-01 -8.729613423347473145e-01 3.248899281024932861e-01
-2.397856903076171875e+01 -1.556903743743896484e+01 -6.181774735450744629e-01 -2.835275828838348389e-01 -2.253752350807189941e-01 -8.706330657005310059e-01 3.328908681869506836e-01
-2.433504104614257812e+01 -1.543110847473144531e+01 -6.188415288925170898e-01 -2.794219255447387695e-01 -2.278131842613220215e-01 -8.677495121955871582e-01 3.421040773391723633e-01
-2.467681121826171875e+01 -1.526684570312500000e+01 -6.077831983566284180e-01 -2.755813300609588623e-01 -2.297369539737701416e-01 -8.643481135368347168e-01 3.523892164230346680e-01
-2.499998283386230469e+01 -1.507499980926513672e+01 -5.850219726562500000e-01 -2.719789147377014160e-01 -2.311204969882965088e-01 -8.604656457901000977e-01 3.636064231395721436e-01
-2.530082511901855469e+01 -1.485580062866210938e+01 -5.530053377151489258e-01 -2.685885727405548096e-01 -2.319379746913909912e-01 -8.561416268348693848e-01 3.756148219108581543e-01
-2.557033157348632812e+01 -1.460368633270263672e+01 -5.269372463226318359e-01 -2.653850913047790527e-01 -2.321644872426986694e-01 -8.514184951782226562e-01 3.882742524147033691e-01
-2.578669548034667969e+01 -1.430704593658447266e+01 -5.248339772224426270e-01 -2.623443603515625000e-01 -2.317769676446914673e-01 -8.463421463966369629e-01 4.014471173286437988e-01
-2.599492073059082031e+01 -1.400787544250488281e+01 -5.263854861259460449e-01 -2.594439387321472168e-01 -2.307527214288711548e-01 -8.409643173217773438e-01 4.149950742721557617e-01
-2.620251464843750000e+01 -1.371158695220947266e+01 -5.276867747306823730e-01 -2.566633522510528564e-01 -2.290718406438827515e-01 -8.353409171104431152e-01 4.287838935852050781e-01
-2.640948104858398438e+01 -1.341818332672119141e+01 -5.285156369209289551e-01 -2.539833784103393555e-01 -2.267153859138488770e-01 -8.295340538024902344e-01 4.426803886890411377e-01
-2.661623191833496094e+01 -1.312794399261474609e+01 -5.286023020744323730e-01 -2.513877749443054199e-01 -2.236666381359100342e-01 -8.236113190650939941e-01 4.565542638301849365e-01
-2.682415199279785156e+01 -1.284184074401855469e+01 -5.271313190460205078e-01 -2.488609850406646729e-01 -2.199105769395828247e-01 -8.176460862159729004e-01 4.702791571617126465e-01
-2.701486778259277344e+01 -1.254858398437500000e+01 -5.265795588493347168e-01 -2.463902384042739868e-01 -2.154339849948883057e-01 -8.117167949676513672e-01 4.837311506271362305e-01
-2.672846412658691406e+01 -1.249240684509277344e+01 -5.714013576507568359e-01 -2.439640462398529053e-01 -2.102251350879669189e-01 -8.059072494506835938e-01 4.967900812625885010e-01
-2.638989448547363281e+01 -1.256835460662841797e+01 -6.143530011177062988e-01 -2.415727823972702026e-01 -2.042735815048217773e-01 -8.003054857254028320e-01 5.093386769294738770e-01
-2.605433845520019531e+01 -1.265617179870605469e+01 -6.541808843612670898e-01 -2.392080128192901611e-01 -1.975697576999664307e-01 -7.950035333633422852e-01 5.212629437446594238e-01
-2.571758651733398438e+01 -1.274167919158935547e+01 -6.810986399650573730e-01 -2.368624955415725708e-01 -1.901052594184875488e-01 -7.900954484939575195e-01 5.324521064758300781e-01
-2.537839698791503906e+01 -1.281880378723144531e+01 -6.852136254310607910e-01 -2.345384955406188965e-01 -1.818840205669403076e-01 -7.856652140617370605e-01 5.428076386451721191e-01
-2.504455947875976562e+01 -1.291449165344238281e+01 -6.783605813980102539e-01 -2.322744131088256836e-01 -1.729613691568374634e-01 -7.817441225051879883e-01 5.522762537002563477e-01
-2.471957206726074219e+01 -1.303546810150146484e+01 -6.739660501480102539e-01 -2.301175296306610107e-01 -1.634051203727722168e-01 -7.783510684967041016e-01 5.608158111572265625e-01
-2.440138816833496094e+01 -1.317181110382080078e+01 -6.735681295394897461e-01 -2.281148284673690796e-01 -1.532827913761138916e-01 -7.755043506622314453e-01 5.683845281600952148e-01
-2.408720207214355469e+01 -1.331539058685302734e+01 -6.750439405441284180e-01 -2.263135612010955811e-01 -1.426626145839691162e-01 -7.732220292091369629e-01 5.749410390853881836e-01
-2.377551269531250000e+01 -1.346255874633789062e+01 -6.772668361663818359e-01 -2.247600704431533813e-01 -1.316116303205490112e-01 -7.715215682983398438e-01 5.804444551467895508e-01
-2.346586418151855469e+01 -1.361221694946289062e+01 -6.796240210533142090e-01 -2.235011756420135498e-01 -1.201972961425781250e-01 -7.704195380210876465e-01 5.848533511161804199e-01
-2.315760612487792969e+01 -1.376297855377197266e+01 -6.814233064651489258e-01 -2.225827425718307495e-01 -1.084860563278198242e-01 -7.699316143989562988e-01 5.881267189979553223e-01
-2.285010147094726562e+01 -1.391353988647460938e+01 -6.810998320579528809e-01 -2.220500409603118896e-01 -9.654431790113449097e-02 -7.700716853141784668e-01 5.902225375175476074e-01
-2.254117774963378906e+01 -1.405931091308593750e+01 -6.754894852638244629e-01 -2.219479382038116455e-01 -8.443751931190490723e-02 -7.708519101142883301e-01 5.910979509353637695e-01
-2.222942352294921875e+01 -1.419677734375000000e+01 -6.636010408401489258e-01 -2.223206311464309692e-01 -7.223094254732131958e-02 -7.722820043563842773e-01 5.907087326049804688e-01
-2.191515350341796875e+01 -1.432604503631591797e+01 -6.469116210937500000e-01 -2.232107073068618774e-01 -5.998849868774414062e-02 -7.743685841560363770e-01 5.890091657638549805e-01
-2.159974861145019531e+01 -1.445029735565185547e+01 -6.279430985450744629e-01 -2.246600240468978882e-01 -4.777386039495468140e-02 -7.771149277687072754e-01 5.859504342079162598e-01
-2.128516769409179688e+01 -1.457454586029052734e+01 -6.082385182380676270e-01 -2.267092168331146240e-01 -3.564935922622680664e-02 -7.805196046829223633e-01 5.814819931983947754e-01
-2.097344017028808594e+01 -1.470389080047607422e+01 -5.890734791755676270e-01 -2.293966114521026611e-01 -2.367672324180603027e-02 -7.845759987831115723e-01 5.755494236946105957e-01
-2.066571807861328125e+01 -1.484074211120605469e+01 -5.711315870285034180e-01 -2.327586114406585693e-01 -1.191656291484832764e-02 -7.892714142799377441e-01 5.680950880050659180e-01
-2.036335372924804688e+01 -1.498744106292724609e+01 -5.549902319908142090e-01 -2.368297576904296875e-01 -4.287734627723693848e-04 -7.945859432220458984e-01 5.590569376945495605e-01
-2.006838798522949219e+01 -1.514693355560302734e+01 -5.413647294044494629e-01 -2.416414320468902588e-01 1.072753965854644775e-02 -8.004912137985229492e-01 5.483685731887817383e-01
-1.978268814086914062e+01 -1.532089328765869141e+01 -5.307788252830505371e-01 -2.472215592861175537e-01 2.149543911218643188e-02 -8.069497942924499512e-01 5.359585285186767578e-01
-1.950893783569335938e+01 -1.551146411895751953e+01 -5.239062309265136719e-01 -2.535941600799560547e-01 3.181764483451843262e-02 -8.139126300811767578e-01 5.217505693435668945e-01
-1.924719047546386719e+01 -1.572535133361816406e+01 -5.236120223999023438e-01 -2.558692097663879395e-01 3.372733294963836670e-02 -8.216681480407714844e-01 5.081877112388610840e-01
-1.899720382690429688e+01 -1.596044921875000000e+01 -5.276220440864562988e-01 -2.593128085136413574e-01 3.524396568536758423e-02 -8.298031091690063477e-01 4.928909242153167725e-01
-1.875833892822265625e+01 -1.621398353576660156e+01 -5.354650616645812988e-01 -2.638837099075317383e-01 3.645458072423934937e-02 -8.381426930427551270e-01 4.759759902954101562e-01
-1.852961349487304688e+01 -1.648351097106933594e+01 -5.466711521148681641e-01 -2.695246040821075439e-01 3.746100515127182007e-02 -8.465192914009094238e-01 4.575566351413726807e-01
-1.830966567993164062e+01 -1.676689910888671875e+01 -5.607519149780273438e-01 -2.761607170104980469e-01 3.837550431489944458e-02 -8.547747731208801270e-01 4.377473294734954834e-01
-1.809685325622558594e+01 -1.706223678588867188e+01 -5.771911740303039551e-01 -2.836981415748596191e-01 3.931794315576553345e-02 -8.627641797065734863e-01 4.166623055934906006e-01
-1.788818168640136719e+01 -1.736709403991699219e+01 -5.951269268989562988e-01 -2.920241355895996094e-01 4.041171073913574219e-02 -8.703584074974060059e-01 3.944171667098999023e-01
-1.767192649841308594e+01 -1.767369079589843750e+01 -6.116503477096557617e-01 -3.010057806968688965e-01 4.178050160408020020e-02 -8.774464726448059082e-01 3.711299300193786621e-01
-1.741328239440917969e+01 -1.795307159423828125e+01 -6.161926388740539551e-01 -3.104922771453857422e-01 4.354362934827804565e-02 -8.839365243911743164e-01 3.469215333461761475e-01
-1.708850479125976562e+01 -1.816703987121582031e+01 -6.002526879310607910e-01 -3.203165829181671143e-01 4.581125080585479736e-02 -8.897564411163330078e-01 3.219191730022430420e-01
-1.675608062744140625e+01 -1.838040924072265625e+01 -5.851989388465881348e-01 -3.302974700927734375e-01 4.868085682392120361e-02 -8.948556184768676758e-01 2.962552607059478760e-01
-1.642290687561035156e+01 -1.860322761535644531e+01 -5.744970440864562988e-01 -3.402435779571533203e-01 5.223117023706436157e-02 -8.992034792900085449e-01 2.700724601745605469e-01
-1.609104156494140625e+01 -1.883801651000976562e+01 -5.695837140083312988e-01 -3.499566316604614258e-01 5.651747435331344604e-02 -9.027905464172363281e-01 2.435266077518463135e-01
-1.576340007781982422e+01 -1.908791923522949219e+01 -5.729236006736755371e-01 -3.592370748519897461e-01 6.156648695468902588e-02 -9.056274890899658203e-01 2.167882174253463745e-01
-1.544078731536865234e+01 -1.935283088684082031e+01 -5.853027105331420898e-01 -3.678891658782958984e-01 6.737131625413894653e-02 -9.077448248863220215e-01 1.900478303432464600e-01
-1.512105941772460938e+01 -1.962942886352539062e+01 -6.045776009559631348e-01 -3.757272660732269287e-01 7.388670742511749268e-02 -9.091925621032714844e-01 1.635197550058364868e-01
-1.480201530456542969e+01 -1.991487312316894531e+01 -6.285668611526489258e-01 -3.825834393501281738e-01 8.102621138095855713e-02 -9.100404977798461914e-01 1.374447047710418701e-01
-1.448226928710937500e+01 -2.020751953125000000e+01 -6.558727622032165527e-01 -3.883137702941894531e-01 8.866109699010848999e-02 -9.103773832321166992e-01 1.120917350053787231e-01
-1.416056156158447266e+01 -2.050593757629394531e+01 -6.850964426994323730e-01 -3.928067684173583984e-01 9.662180393934249878e-02 -9.103106856346130371e-01 8.775737881660461426e-02
-1.383577346801757812e+01 -2.080894470214843750e+01 -7.146960496902465820e-01 -3.959867954254150391e-01 1.047037988901138306e-01 -9.099653959274291992e-01 6.476356834173202515e-02
-1.350990200042724609e+01 -2.111531257629394531e+01 -7.455663681030273438e-01 -3.929274082183837891e-01 1.015543341636657715e-01 -9.126002788543701172e-01 4.955270886421203613e-02
-1.317941951751708984e+01 -2.142445182800292969e+01 -7.747375369071960449e-01 -3.902738392353057861e-01 9.729422628879547119e-02 -9.148423075675964355e-01 3.582629188895225525e-02
-1.284360885620117188e+01 -2.173566436767578125e+01 -8.011742830276489258e-01 -3.880405724048614502e-01 9.211613237857818604e-02 -9.167238473892211914e-01 2.358679473400115967e-02
-1.250166511535644531e+01 -2.204808616638183594e+01 -8.235961794853210449e-01 -3.862208724021911621e-01 8.619546145200729370e-02 -9.182806015014648438e-01 1.282828673720359802e-02
-1.215239238739013672e+01 -2.236038970947265625e+01 -8.400024175643920898e-01 -3.847911655902862549e-01 7.968790084123611450e-02 -9.195504188537597656e-01 3.533281385898590088e-03
-1.179391860961914062e+01 -2.267027854919433594e+01 -8.470617532730102539e-01 -3.837160468101501465e-01 7.272859662771224976e-02 -9.205724000930786133e-01 -4.330128431320190430e-03
-1.142306137084960938e+01 -2.297322273254394531e+01 -8.385717868804931641e-01 -3.829520940780639648e-01 6.543363630771636963e-02 -9.213843345642089844e-01 -1.080869138240814209e-02
-1.103446769714355469e+01 -2.325671768188476562e+01 -8.060522079467773438e-01 -3.824523389339447021e-01 5.790085345506668091e-02 -9.220210909843444824e-01 -1.596320420503616333e-02
-1.061370372772216797e+01 -2.348502922058105469e+01 -7.384142875671386719e-01 -3.821687102317810059e-01 5.021323636174201965e-02 -9.225133657455444336e-01 -1.986794546246528625e-02
-1.062145805358886719e+01 -2.313141059875488281e+01 -7.026525735855102539e-01 3.814504444599151611e-01 -4.244805127382278442e-02 9.231380224227905273e-01 2.258406765758991241e-02
-1.089590072631835938e+01 -2.273010253906250000e+01 -7.479065060615539551e-01 3.779059052467346191e-01 -3.464651852846145630e-02 9.248797297477722168e-01 2.416794374585151672e-02
-1.118336963653564453e+01 -2.234818267822265625e+01 -7.997131347656250000e-01 3.742169737815856934e-01 -2.680690586566925049e-02 9.266199469566345215e-01 2.487096562981605530e-02
-1.147604846954345703e+01 -2.198028182983398438e+01 -8.538451790809631348e-01 3.704397976398468018e-01 -1.899017766118049622e-02 9.283311963081359863e-01 2.479732781648635864e-02
-1.176947212219238281e+01 -2.162284088134765625e+01 -9.077538847923278809e-01 3.666298091411590576e-01 -1.125777140259742737e-02 9.299877285957336426e-01 2.405188418924808502e-02
-1.206237411499023438e+01 -2.127472114562988281e+01 -9.598498344421386719e-01 3.628438711166381836e-01 -3.670379053801298141e-03 9.315652251243591309e-01 2.273918315768241882e-02
-1.235525131225585938e+01 -2.093607902526855469e+01 -1.007176518440246582e+00 3.591395020484924316e-01 3.710256889462471008e-03 9.330410361289978027e-01 2.096361853182315826e-02
-1.265343856811523438e+01 -2.061152267456054688e+01 -1.046108365058898926e+00 3.555749356746673584e-01 1.082277018576860428e-02 9.343953728675842285e-01 1.882947795093059540e-02
-1.297410202026367188e+01 -2.031963348388671875e+01 -1.071451425552368164e+00 3.522096276283264160e-01 1.760563999414443970e-02 9.356110095977783203e-01 1.644077710807323456e-02
-1.333247852325439453e+01 -2.008855819702148438e+01 -1.088955044746398926e+00 3.491039574146270752e-01 2.399752847850322723e-02 9.366735816001892090e-01 1.390072330832481384e-02
-1.370467090606689453e+01 -1.989540481567382812e+01 -1.094797372817993164e+00 3.463191092014312744e-01 2.993661351501941681e-02 9.375707507133483887e-01 1.131344493478536606e-02
-1.408657836914062500e+01 -1.970589828491210938e+01 -1.065378427505493164e+00 3.438988029956817627e-01 3.537756949663162231e-02 9.382988214492797852e-01 8.779132738709449768e-03
-1.448085308074951172e+01 -1.952752876281738281e+01 -1.016104698181152344e+00 3.418153524398803711e-01 4.033935442566871643e-02 9.388790726661682129e-01 6.387112662196159363e-03
-1.489765930175781250e+01 -1.937810516357421875e+01 -9.872741699218750000e-01 3.400214016437530518e-01 4.485682770609855652e-02 9.393377304077148438e-01 4.224726930260658264e-03
-1.533112907409667969e+01 -1.925018501281738281e+01 -9.811962842941284180e-01 3.384694755077362061e-01 4.896526038646697998e-02 9.396995306015014648e-01 2.378169447183609009e-03
-1.577658081054687500e+01 -1.913492202758789062e+01 -9.910644292831420898e-01 3.371114432811737061e-01 5.269960314035415649e-02 9.399881958961486816e-01 9.345430880784988403e-04
-1.623145866394042969e+01 -1.902503395080566406e+01 -1.010166049003601074e+00 3.358992040157318115e-01 5.609507113695144653e-02 9.402258992195129395e-01 -2.004206180572509766e-05
-1.669487953186035156e+01 -1.891756248474121094e+01 -1.036411166191101074e+00 3.347836434841156006e-01 5.918664857745170593e-02 9.404342174530029297e-01 -3.987029194831848145e-04
-1.716625785827636719e+01 -1.881017494201660156e+01 -1.068289756774902344e+00 3.337154388427734375e-01 6.200935319066047668e-02 9.406321048736572266e-01 -1.149624586105346680e-04
-1.764497947692871094e+01 -1.870094680786132812e+01 -1.106982350349426270e+00 3.326441347599029541e-01 6.459794938564300537e-02 9.408368468284606934e-01 9.179841727018356323e-04
-1.811603927612304688e+01 -1.858769989013671875e+01 -1.153815865516662598e+00 3.315182328224182129e-01 6.698748469352722168e-02 9.410635232925415039e-01 2.786155790090560913e-03
-1.830213546752929688e+01 -1.838269996643066406e+01 -1.237227797508239746e+00 3.302859961986541748e-01 6.921238452196121216e-02 9.413233995437622070e-01 5.576351657509803772e-03
-1.783818244934082031e+01 -1.828009223937988281e+01 -1.262130141258239746e+00 3.288933634757995605e-01 7.130717486143112183e-02 9.416244626045227051e-01 9.374856948852539062e-03
-1.737201881408691406e+01 -1.821125411987304688e+01 -1.271793127059936523e+00 3.272851705551147461e-01 7.330594956874847412e-02 9.419697523117065430e-01 1.426814310252666473e-02
-1.690981483459472656e+01 -1.815151405334472656e+01 -1.277172803878784180e+00 3.254041075706481934e-01 7.524271309375762939e-02 9.423571825027465820e-01 2.034192532300949097e-02
-1.645201683044433594e+01 -1.809880256652832031e+01 -1.279676437377929688e+00 3.231903612613677979e-01 7.715088129043579102e-02 9.427774548530578613e-01 2.768206223845481873e-02
-1.599911022186279297e+01 -1.804947280883789062e+01 -1.281176686286926270e+00 3.205817043781280518e-01 7.906357944011688232e-02 9.432142972946166992e-01 3.637364879250526428e-02
-1.555112266540527344e+01 -1.800308609008789062e+01 -1.281865239143371582e+00 3.175133764743804932e-01 8.101321756839752197e-02 9.436418414115905762e-01 4.650070890784263611e-02
-1.510793590545654297e+01 -1.796099090576171875e+01 -1.281435489654541016e+00 3.139164447784423828e-01 8.303169161081314087e-02 9.440238475799560547e-01 5.814596265554428101e-02
-1.466981410980224609e+01 -1.792034721374511719e+01 -1.280872821807861328e+00 3.097187876701354980e-01 8.515001088380813599e-02 9.443130493164062500e-01 7.139055430889129639e-02
-1.423645114898681641e+01 -1.788456535339355469e+01 -1.279240727424621582e+00 3.048439025878906250e-01 8.739823102951049805e-02 9.444479346275329590e-01 8.631236851215362549e-02
-1.380819225311279297e+01 -1.784971618652343750e+01 -1.277676939964294434e+00 2.992402315139770508e-01 8.978942036628723145e-02 9.443498849868774414e-01 1.029396355152130127e-01
-1.338473510742187500e+01 -1.782036018371582031e+01 -1.275026798248291016e+00 2.929664850234985352e-01 9.227319061756134033e-02 9.439220428466796875e-01 1.211089566349983215e-01
-1.296648979187011719e+01 -1.779182624816894531e+01 -1.272410869598388672e+00 2.861141562461853027e-01 9.478344023227691650e-02 9.430716633796691895e-01 1.406079977750778198e-01
-1.255316352844238281e+01 -1.776983833312988281e+01 -1.268543720245361328e+00 2.787779867649078369e-01 9.725514799356460571e-02 9.417173862457275391e-01 1.612225770950317383e-01
-1.214516353607177734e+01 -1.774888610839843750e+01 -1.264594674110412598e+00 2.710588574409484863e-01 9.962440282106399536e-02 9.397920966148376465e-01 1.827374845743179321e-01
-1.174222469329833984e+01 -1.773639678955078125e+01 -1.259069800376892090e+00 2.630634903907775879e-01 1.018288061022758484e-01 9.372456073760986328e-01 2.049372792243957520e-01
-1.134463882446289062e+01 -1.772719764709472656e+01 -1.252864956855773926e+00 2.547696828842163086e-01 1.032581180334091187e-01 9.341073632240295410e-01 2.277577370405197144e-01
-1.095203590393066406e+01 -1.772770881652832031e+01 -1.244233369827270508e+00 2.456229478120803833e-01 1.015218570828437805e-01 9.306262135505676270e-01 2.515899837017059326e-01
-1.056532955169677734e+01 -1.773795318603515625e+01 -1.234014868736267090e+00 2.365984320640563965e-01 1.002132743597030640e-01 9.264080524444580078e-01 2.752208709716796875e-01
-1.018479251861572266e+01 -1.775831031799316406e+01 -1.222158193588256836e+00 2.278822809457778931e-01 9.927563369274139404e-02 9.214822053909301758e-01 2.984701991081237793e-01
-9.811079025268554688e+00 -1.779292869567871094e+01 -1.207961440086364746e+00 2.196582108736038208e-01 9.863030165433883667e-02 9.158998727798461914e-01 3.211691975593566895e-01
-9.445536613464355469e+00 -1.784664535522460938e+01 -1.190687179565429688e+00 2.121040523052215576e-01 9.817947447299957275e-02 9.097337126731872559e-01 3.431577980518341064e-01
-9.090229034423828125e+00 -1.792358398437500000e+01 -1.169840097427368164e+00 2.053873538970947266e-01 9.780965745449066162e-02 9.030749201774597168e-01 3.642868399620056152e-01
-8.747274398803710938e+00 -1.802499008178710938e+01 -1.145631074905395508e+00 1.996637582778930664e-01 9.739533811807632446e-02 8.960334062576293945e-01 3.844120502471923828e-01
-8.415276527404785156e+00 -1.814162635803222656e+01 -1.120455265045166016e+00 1.950753778219223022e-01 9.680201113224029541e-02 8.887331485748291016e-01 4.033960103988647461e-01
-8.090803146362304688e+00 -1.826111793518066406e+01 -1.093034625053405762e+00 1.917501688003540039e-01 9.589026868343353271e-02 8.813104629516601562e-01 4.211041629314422607e-01
-7.765461921691894531e+00 -1.839457893371582031e+01 -1.051689386367797852e+00 1.898019909858703613e-01 9.451878070831298828e-02 8.739087581634521484e-01 4.374068081378936768e-01
-7.443305492401123047e+00 -1.854544448852539062e+01 -9.884899854660034180e-01 1.893332302570343018e-01 9.254756569862365723e-02 8.666751384735107422e-01 4.521747529506683350e-01
-7.125619888305664062e+00 -1.871148872375488281e+01 -9.029369950294494629e-01 1.904359310865402222e-01 8.984148502349853516e-02 8.597540855407714844e-01 4.652800858020782471e-01
-6.814041614532470703e+00 -1.888928604125976562e+01 -7.915050983428955078e-01 1.931963264942169189e-01 8.627261221408843994e-02 8.532827496528625488e-01 4.765927195549011230e-01
-6.513674736022949219e+00 -1.907704544067382812e+01 -6.455895900726318359e-01 1.967299282550811768e-01 8.013860136270523071e-02 8.475208878517150879e-01 4.863985776901245117e-01
-6.234909534454345703e+00 -1.927238655090332031e+01 -4.552172720432281494e-01 2.018845081329345703e-01 7.325118780136108398e-02 8.422929048538208008e-01 4.943878352642059326e-01
-5.989469528198242188e+00 -1.947077178955078125e+01 -2.146722376346588135e-01 2.085158228874206543e-01 6.570286303758621216e-02 8.375741243362426758e-01 5.006734132766723633e-01
-5.787348270416259766e+00 -1.966612243652343750e+01 7.635314762592315674e-02 2.164764404296875000e-01 5.758482217788696289e-02 8.333254456520080566e-01 5.053618550300598145e-01
-5.606961727142333984e+00 -1.985561943054199219e+01 3.949035704135894775e-01 2.256164252758026123e-01 4.898773133754730225e-02 8.294995427131652832e-01 5.085547566413879395e-01
-5.415337562561035156e+00 -2.004133796691894531e+01 7.186040878295898438e-01 2.357836961746215820e-01 4.000230133533477783e-02 8.260434269905090332e-01 5.103509426116943359e-01
-5.172557830810546875e+00 -2.022243118286132812e+01 1.017878413200378418e+00 2.468254566192626953e-01 3.071903437376022339e-02 8.229017853736877441e-01 5.108485221862792969e-01
-4.835447788238525391e+00 -2.038632774353027344e+01 1.230827569961547852e+00 2.585887908935546875e-01 2.122851461172103882e-02 8.200198411941528320e-01 5.101456642150878906e-01
-4.428943157196044922e+00 -2.051897811889648438e+01 1.335306406021118164e+00 2.709207534790039062e-01 1.162233203649520874e-02 8.173459172248840332e-01 5.083428621292114258e-01
-3.993797540664672852e+00 -2.062402725219726562e+01 1.365191578865051270e+00 2.836691439151763916e-01 1.992344856262207031e-03 8.148331046104431152e-01 5.055441856384277344e-01
-3.545627117156982422e+00 -2.071032142639160156e+01 1.353749990463256836e+00 2.966841459274291992e-01 -7.569536566734313965e-03 8.124409914016723633e-01 5.018572807312011719e-01
-3.088403224945068359e+00 -2.078570175170898438e+01 1.326519131660461426e+00 3.098180890083312988e-01 -1.697076857089996338e-02 8.101376891136169434e-01 4.973949491977691650e-01
-2.623470067977905273e+00 -2.085439872741699219e+01 1.285928368568420410e+00 3.229256868362426758e-01 -2.611866593360900879e-02 8.078997731208801270e-01 4.922750592231750488e-01
-2.152980089187622070e+00 -2.092170333862304688e+01 1.224376797676086426e+00 3.358661532402038574e-01 -3.492096066474914551e-02 8.057138919830322266e-01 4.866206347942352295e-01
-1.680289864540100098e+00 -2.099533653259277344e+01 1.134619712829589844e+00 3.485020697116851807e-01 -4.328554868698120117e-02 8.035759925842285156e-01 4.805603623390197754e-01
-1.207817316055297852e+00 -2.108621025085449219e+01 1.021263360977172852e+00 3.607001900672912598e-01 -5.112048983573913574e-02 8.014925122261047363e-01 4.742275774478912354e-01
-7.402750253677368164e-01 -2.121060943603515625e+01 9.015484452247619629e-01 3.723318278789520264e-01 -5.833476781845092773e-02 7.994786500930786133e-01 4.677605330944061279e-01
-2.904030084609985352e-01 -2.138001441955566406e+01 7.974383234977722168e-01 3.832727074623107910e-01 -6.483827531337738037e-02 7.975583672523498535e-01 4.613009095191955566e-01
1.414153873920440674e-01 -2.158693313598632812e+01 7.156280279159545898e-01 3.934024870395660400e-01 -7.054114341735839844e-02 7.957632541656494141e-01 4.549937248229980469e-01
5.633133053779602051e-01 -2.180594635009765625e+01 6.515661478042602539e-01 4.026042222976684570e-01 -7.535453140735626221e-02 7.941303253173828125e-01 4.489859938621520996e-01
9.956072568893432617e-01 -2.199164009094238281e+01 5.986974835395812988e-01 4.027402102947235107e-01 -7.462431490421295166e-02 7.949432134628295898e-01 4.475452303886413574e-01
1.446157217025756836e+00 -2.210599136352539062e+01 5.456811189651489258e-01 4.028663039207458496e-01 -7.394069433212280273e-02 7.957016825675964355e-01 4.461953938007354736e-01
1.896417498588562012e+00 -2.219320678710937500e+01 4.912969768047332764e-01 4.029819965362548828e-01 -7.330732047557830811e-02 7.964020967483520508e-01 4.449440240859985352e-01
2.342069864273071289e+00 -2.227070808410644531e+01 4.366259574890136719e-01 4.030872583389282227e-01 -7.272648811340332031e-02 7.970424294471740723e-01 4.437958598136901855e-01
2.782393932342529297e+00 -2.234207916259765625e+01 3.819518983364105225e-01 4.031820297241210938e-01 -7.219918072223663330e-02 7.976223230361938477e-01 4.427529573440551758e-01
3.216995239257812500e+00 -2.240958023071289062e+01 3.274896144866943359e-01 4.032666385173797607e-01 -7.172520458698272705e-02 7.981422543525695801e-01 4.418150186538696289e-01
3.645620346069335938e+00 -2.247508811950683594e+01 2.735974192619323730e-01 4.033413827419281006e-01 -7.130350172519683838e-02 7.986036539077758789e-01 4.409802556037902832e-01
4.068360805511474609e+00 -2.253772354125976562e+01 2.200097590684890747e-01 4.034067094326019287e-01 -7.093308866024017334e-02 7.990083694458007812e-01 4.402466416358947754e-01
4.485036373138427734e+00 -2.259898376464843750e+01 1.670831292867660522e-01 4.034629464149475098e-01 -7.061257958412170410e-02 7.993578314781188965e-01 4.396118521690368652e-01
4.895598888397216797e+00 -2.265917015075683594e+01 1.148077398538589478e-01 4.035103023052215576e-01 -7.034118473529815674e-02 7.996532917022705078e-01 4.390740394592285156e-01
5.300064563751220703e+00 -2.271802711486816406e+01 6.302063167095184326e-02 4.035490155220031738e-01 -7.011897861957550049e-02 7.998949885368347168e-01 4.386336207389831543e-01
5.698404312133789062e+00 -2.277601432800292969e+01 1.202026382088661194e-02 4.035789370536804199e-01 -6.994657218456268311e-02 8.000822663307189941e-01 4.382919371128082275e-01
6.090590000152587891e+00 -2.283324241638183594e+01 -3.830322250723838806e-02 4.035998284816741943e-01 -6.982593238353729248e-02 8.002132773399353027e-01 4.380526840686798096e-01
6.476583003997802734e+00 -2.288985824584960938e+01 -8.809081465005874634e-02 4.036111533641815186e-01 -6.976039707660675049e-02 8.002843260765075684e-01 4.379227459430694580e-01
6.856457233428955078e+00 -2.294560050964355469e+01 -1.370861828327178955e-01 4.036121666431427002e-01 -6.975439190864562988e-02 8.002908825874328613e-01 4.379108548164367676e-01
7.230212688446044922e+00 -2.300046730041503906e+01 -1.852899193763732910e-01 4.036019444465637207e-01 -6.981362402439117432e-02 8.002266287803649902e-01 4.380283057689666748e-01
7.597682476043701172e+00 -2.305537605285644531e+01 -2.329925447702407837e-01 4.035791158676147461e-01 -6.994521617889404297e-02 8.000836968421936035e-01 4.382891952991485596e-01
7.959009647369384766e+00 -2.310957527160644531e+01 -2.799535989761352539e-01 4.035423398017883301e-01 -7.015717029571533203e-02 7.998535037040710449e-01 4.387093484401702881e-01
8.314231872558593750e+00 -2.316289520263671875e+01 -3.261169493198394775e-01 4.034898281097412109e-01 -7.045878469944000244e-02 7.995253801345825195e-01 4.393070340156555176e-01
8.663352966308593750e+00 -2.321535110473632812e+01 -3.714819252490997314e-01 4.034196138381958008e-01 -7.085967063903808594e-02 7.990884184837341309e-01 4.401013255119323730e-01
9.006996154785156250e+00 -2.326958465576171875e+01 -4.159667789936065674e-01 3.957436084747314453e-01 -7.146748900413513184e-02 7.998138666152954102e-01 4.456201195716857910e-01
9.344625473022460938e+00 -2.332305526733398438e+01 -4.595116972923278809e-01 3.874351382255554199e-01 -7.260249555110931396e-02 8.003916144371032715e-01 4.516592323780059814e-01
9.676230430603027344e+00 -2.337573242187500000e+01 -5.021057128906250000e-01 3.785096108913421631e-01 -7.423037290573120117e-02 8.008095026016235352e-01 4.581750929355621338e-01
1.000179290771484375e+01 -2.342760276794433594e+01 -5.437463521957397461e-01 3.689818680286407471e-01 -7.631591707468032837e-02 8.010549545288085938e-01 4.651228487491607666e-01
1.032097721099853516e+01 -2.348041915893554688e+01 -5.847350955009460449e-01 3.588677048683166504e-01 -7.882430404424667358e-02 8.011147975921630859e-01 4.724571108818054199e-01
1.063398647308349609e+01 -2.353293800354003906e+01 -6.248608231544494629e-01 3.481835424900054932e-01 -8.172049373388290405e-02 8.009760975837707520e-01 4.801326394081115723e-01
1.094090843200683594e+01 -2.358457946777343750e+01 -6.640233993530273438e-01 3.369458317756652832e-01 -8.496867865324020386e-02 8.006263971328735352e-01 4.881037175655364990e-01
1.124171829223632812e+01 -2.363534164428710938e+01 -7.022277712821960449e-01 3.251727521419525146e-01 -8.853344619274139404e-02 8.000540733337402344e-01 4.963245093822479248e-01
1.153625297546386719e+01 -2.368601417541503906e+01 -7.395886182785034180e-01 3.128832578659057617e-01 -9.237911552190780640e-02 7.992483377456665039e-01 5.047497153282165527e-01
1.183924579620361328e+01 -2.374065780639648438e+01 -7.783532738685607910e-01 3.000970780849456787e-01 -9.646962583065032959e-02 7.982000708580017090e-01 5.133342146873474121e-01
1.215111827850341797e+01 -2.379693794250488281e+01 -8.181762695312500000e-01 2.868362069129943848e-01 -1.007694453001022339e-01 7.969013452529907227e-01 5.220333933830261230e-01
1.247185420989990234e+01 -2.385483360290527344e+01 -8.590587973594665527e-01 2.731228768825531006e-01 -1.052423566579818726e-01 7.953462004661560059e-01 5.308032631874084473e-01
1.280132198333740234e+01 -2.391490173339843750e+01 -9.010839462280273438e-01 2.589815557003021240e-01 -1.098528206348419189e-01 7.935310006141662598e-01 5.396012067794799805e-01
1.313866424560546875e+01 -2.398135185241699219e+01 -9.448388218879699707e-01 2.444374412298202515e-01 -1.145649701356887817e-01 7.914536595344543457e-01 5.483851432800292969e-01
1.348479461669921875e+01 -2.404953956604003906e+01 -9.896899461746215820e-01 2.295175045728683472e-01 -1.193433478474617004e-01 7.891147732734680176e-01 5.571147799491882324e-01
1.383970546722412109e+01 -2.411943244934082031e+01 -1.035649418830871582e+00 2.142500281333923340e-01 -1.241528913378715515e-01 7.865172028541564941e-01 5.657505393028259277e-01
1.420196628570556641e+01 -2.419744491577148438e+01 -1.083544850349426270e+00 1.986643970012664795e-01 -1.289586275815963745e-01 7.836665511131286621e-01 5.742549896240234375e-01
1.457234573364257812e+01 -2.428003883361816406e+01 -1.132935762405395508e+00 1.827914714813232422e-01 -1.337262541055679321e-01 7.805706858634948730e-01 5.825924277305603027e-01
1.495142745971679688e+01 -2.436452102661132812e+01 -1.183491230010986328e+00 1.666627228260040283e-01 -1.384218037128448486e-01 7.772403955459594727e-01 5.907287001609802246e-01
1.533650875091552734e+01 -2.446167373657226562e+01 -1.236647963523864746e+00 1.503119021654129028e-01 -1.430119425058364868e-01 7.736887931823730469e-01 5.986313223838806152e-01
1.573018932342529297e+01 -2.456107330322265625e+01 -1.291041254997253418e+00 1.337899416685104370e-01 -1.474688202142715454e-01 7.699315547943115234e-01 6.062662005424499512e-01
1.612960243225097656e+01 -2.467277336120605469e+01 -1.348080992698669434e+00 1.172222867608070374e-01 -1.517820656299591064e-01 7.659870982170104980e-01 6.135836243629455566e-01
1.653670310974121094e+01 -2.478981971740722656e+01 -1.406841993331909180e+00 1.007531583309173584e-01 -1.559484899044036865e-01 7.618818283081054688e-01 6.205359697341918945e-01
1.694782257080078125e+01 -2.492329025268554688e+01 -1.468985557556152344e+00 8.452765643596649170e-02 -1.599662601947784424e-01 7.576496005058288574e-01 6.270828247070312500e-01
1.736384201049804688e+01 -2.506912994384765625e+01 -1.534079551696777344e+00 6.869141757488250732e-02 -1.638344526290893555e-01 7.533326745033264160e-01 6.331899166107177734e-01
1.778272628784179688e+01 -2.523186874389648438e+01 -1.603049278259277344e+00 5.339004099369049072e-02 -1.675556004047393799e-01 7.489800453186035156e-01 6.388298273086547852e-01
1.820203018188476562e+01 -2.541547393798828125e+01 -1.677205801010131836e+00 3.876834362745285034e-02 -1.711318492889404297e-01 7.446470856666564941e-01 6.439810991287231445e-01
1.862033271789550781e+01 -2.561993598937988281e+01 -1.759433507919311523e+00 2.497095614671707153e-02 -1.745684891939163208e-01 7.403947710990905762e-01 6.486275196075439453e-01
1.903693008422851562e+01 -2.583981323242187500e+01 -1.859819293022155762e+00 1.214050501585006714e-02 -1.778713464736938477e-01 7.362889647483825684e-01 6.527579426765441895e-01
1.941666793823242188e+01 -2.611499023437500000e+01 -2.002538919448852539e+00 4.195794463157653809e-04 -1.810474395751953125e-01 7.323983311653137207e-01 6.563644409179687500e-01
1.976980781555175781e+01 -2.640581893920898438e+01 -2.151027679443359375e+00 -1.005131006240844727e-02 -1.841048300266265869e-01 7.287937402725219727e-01 6.594421863555908203e-01
2.008981132507324219e+01 -2.668573760986328125e+01 -2.351777315139770508e+00 -1.913273334503173828e-02 -1.870519667863845825e-01 7.255471944808959961e-01 6.619869470596313477e-01
2.029839515686035156e+01 -2.691352462768554688e+01 -2.682617187500000000e+00 -2.668592333793640137e-02 -1.898972690105438232e-01 7.227292060852050781e-01 6.639950275421142578e-01
2.024261474609375000e+01 -2.698293876647949219e+01 -3.115687131881713867e+00 -3.257308900356292725e-02 -1.926494240760803223e-01 7.204082012176513672e-01 6.654601097106933594e-01
1.999731063842773438e+01 -2.693470573425292969e+01 -3.474385976791381836e+00 -3.665705770254135132e-02 -1.953158676624298096e-01 7.186479568481445312e-01 6.663729548454284668e-01
1.964129447937011719e+01 -2.682839775085449219e+01 -3.688541173934936523e+00 -3.836246579885482788e-02 -1.974318027496337891e-01 7.176361680030822754e-01 6.667438745498657227e-01
1.924534797668457031e+01 -2.671008682250976562e+01 -3.771153450012207031e+00 -3.707652539014816284e-02 -1.984906941652297974e-01 7.175678610801696777e-01 6.665756106376647949e-01
1.884638214111328125e+01 -2.660685539245605469e+01 -3.785089015960693359e+00 -3.452101349830627441e-02 -2.004922330379486084e-01 7.179294824600219727e-01 6.657237410545349121e-01
1.845082664489746094e+01 -2.653394508361816406e+01 -3.765494346618652344e+00 -3.060098737478256226e-02 -2.034855633974075317e-01 7.187241911888122559e-01 6.641480922698974609e-01
1.806169891357421875e+01 -2.649339294433593750e+01 -3.728909730911254883e+00 -2.520751953125000000e-02 -2.075153291225433350e-01 7.199356555938720703e-01 6.618115901947021484e-01
1.768248367309570312e+01 -2.647572708129882812e+01 -3.680106163024902344e+00 -1.563980430364608765e-02 -2.097194641828536987e-01 7.223557233810424805e-01 6.587679386138916016e-01
1.731469726562500000e+01 -2.647330474853515625e+01 -3.619410276412963867e+00 -3.697648644447326660e-03 -2.118168175220489502e-01 7.253745794296264648e-01 6.549440026283264160e-01
1.696077919006347656e+01 -2.647875976562500000e+01 -3.540519952774047852e+00 1.035747677087783813e-02 -2.137854397296905518e-01 7.288514375686645508e-01 6.503569483757019043e-01
1.662792396545410156e+01 -2.648903274536132812e+01 -3.425369739532470703e+00 2.626170963048934937e-02 -2.156016528606414795e-01 7.326459884643554688e-01 6.450241208076477051e-01
1.631905364990234375e+01 -2.649660491943359375e+01 -3.277557373046875000e+00 4.374887794256210327e-02 -2.172443270683288574e-01 7.366208434104919434e-01 6.389684081077575684e-01
1.601943588256835938e+01 -2.649197196960449219e+01 -3.132977247238159180e+00 6.254939734935760498e-02 -2.186936140060424805e-01 7.406468987464904785e-01 6.322205066680908203e-01
1.571642589569091797e+01 -2.646622467041015625e+01 -3.024392127990722656e+00 8.239167928695678711e-02 -2.199333310127258301e-01 7.446055412292480469e-01 6.248228549957275391e-01
1.541202640533447266e+01 -2.642129325866699219e+01 -2.962039709091186523e+00 1.030026823282241821e-01 -2.209520339965820312e-01 7.483920454978942871e-01 6.168307065963745117e-01
1.511401367187500000e+01 -2.637136650085449219e+01 -2.922802686691284180e+00 1.241091191768646240e-01 -2.217421680688858032e-01 7.519181966781616211e-01 6.083143353462219238e-01
1.482467269897460938e+01 -2.632315826416015625e+01 -2.890414953231811523e+00 1.454374194145202637e-01 -2.223021984100341797e-01 7.551137804985046387e-01 5.993604063987731934e-01
1.454445362091064453e+01 -2.627820777893066406e+01 -2.859761953353881836e+00 1.667181551456451416e-01 -2.226363420486450195e-01 7.579276561737060547e-01 5.900709033012390137e-01
1.427355289459228516e+01 -2.623575210571289062e+01 -2.830253839492797852e+00 1.876841783523559570e-01 -2.227537930011749268e-01 7.603294253349304199e-01 5.805642008781433105e-01
1.401202869415283203e+01 -2.619556617736816406e+01 -2.801837205886840820e+00 2.080737948417663574e-01 -2.226702421903610229e-01 7.623073458671569824e-01 5.709735155105590820e-01
1.375991916656494141e+01 -2.615757179260253906e+01 -2.774470090866088867e+00 2.276320010423660278e-01 -2.224069237709045410e-01 7.638696432113647461e-01 5.614462494850158691e-01
1.351725959777832031e+01 -2.612174224853515625e+01 -2.748121261596679688e+00 2.461101561784744263e-01 -2.219888120889663696e-01 7.650426626205444336e-01 5.521417260169982910e-01
1.328407764434814453e+01 -2.608811378479003906e+01 -2.722774505615234375e+00 2.632671296596527100e-01 -2.214469164609909058e-01 7.658675312995910645e-01 5.432295799255371094e-01
1.306039619445800781e+01 -2.605685043334960938e+01 -2.698425292968750000e+00 2.788687944412231445e-01 -2.208144515752792358e-01 7.663996219635009766e-01 5.348877310752868652e-01
1.284622287750244141e+01 -2.602818870544433594e+01 -2.675129413604736328e+00 2.926872968673706055e-01 -2.201269567012786865e-01 7.667037844657897949e-01 5.272983908653259277e-01
1.262459087371826172e+01 -2.600063323974609375e+01 -2.651528358459472656e+00 3.044995665550231934e-01 -2.194230258464813232e-01 7.668501734733581543e-01 5.206478834152221680e-01
1.239536094665527344e+01 -2.597509193420410156e+01 -2.628558397293090820e+00 3.140858113765716553e-01 -2.187394946813583374e-01 7.669118046760559082e-01 5.151208043098449707e-01
1.215822315216064453e+01 -2.595355415344238281e+01 -2.608433723449707031e+00 3.165977895259857178e-01 -2.150040864944458008e-01 7.689298391342163086e-01 5.121385455131530762e-01
1.191308307647705078e+01 -2.593753433227539062e+01 -2.593565702438354492e+00 3.183741867542266846e-01 -2.123358398675918579e-01 7.703502178192138672e-01 5.100116133689880371e-01
1.166004276275634766e+01 -2.592865753173828125e+01 -2.586916446685791016e+00 3.194872140884399414e-01 -2.106526046991348267e-01 7.712428569793701172e-01 5.086628198623657227e-01
1.139957141876220703e+01 -2.592704582214355469e+01 -2.588715791702270508e+00 3.200028538703918457e-01 -2.098697870969772339e-01 7.716666460037231445e-01 5.080190896987915039e-01
1.113208580017089844e+01 -2.593245124816894531e+01 -2.597602367401123047e+00 3.199818432331085205e-01 -2.099015861749649048e-01 7.716718316078186035e-01 5.080111622810363770e-01
1.085785484313964844e+01 -2.594527244567871094e+01 -2.612034797668457031e+00 3.194819390773773193e-01 -2.106606513261795044e-01 7.713027000427246094e-01 5.085719823837280273e-01
1.057751274108886719e+01 -2.597123527526855469e+01 -2.629833936691284180e+00 3.185582756996154785e-01 -2.120585441589355469e-01 7.705988287925720215e-01 5.096362233161926270e-01
1.029354953765869141e+01 -2.602416992187500000e+01 -2.646836996078491211e+00 3.172643482685089111e-01 -2.140070050954818726e-01 7.695974707603454590e-01 5.111398696899414062e-01
1.001016902923583984e+01 -2.609714698791503906e+01 -2.660295248031616211e+00 3.138692080974578857e-01 -2.152394056320190430e-01 7.690774798393249512e-01 5.134956836700439453e-01
9.727339744567871094e+00 -2.618416023254394531e+01 -2.677381515502929688e+00 3.074977099895477295e-01 -2.150506526231765747e-01 7.694507837295532227e-01 5.168595314025878906e-01
9.447871208190917969e+00 -2.628852081298828125e+01 -2.707308292388916016e+00 3.005032539367675781e-01 -2.148679345846176147e-01 7.697909474372863770e-01 5.205299258232116699e-01
9.177765846252441406e+00 -2.641601562500000000e+01 -2.759062528610229492e+00 2.930637598037719727e-01 -2.146830260753631592e-01 7.700846791267395020e-01 5.243991613388061523e-01
8.929068565368652344e+00 -2.657374382019042969e+01 -2.843708515167236328e+00 2.853596508502960205e-01 -2.144885957241058350e-01 7.703232169151306152e-01 5.283622741699218750e-01
8.707734107971191406e+00 -2.675768089294433594e+01 -2.959483623504638672e+00 2.775726318359375000e-01 -2.142790257930755615e-01 7.705033421516418457e-01 5.323179960250854492e-01
8.508156776428222656e+00 -2.695796775817871094e+01 -3.095859289169311523e+00 2.698874175548553467e-01 -2.140507400035858154e-01 7.706270813941955566e-01 5.361686944961547852e-01
8.342596054077148438e+00 -2.714009666442871094e+01 -3.223675489425659180e+00 2.624896466732025146e-01 -2.138009220361709595e-01 7.707019448280334473e-01 5.398209691047668457e-01
