-1.282204055786132812e+01 -2.132042884826660156e+01 -3.555969297885894775e-01 -0.000000000000000000e+00 -0.000000000000000000e+00 8.037737011909484863e-01 5.949351787567138672e-01
-1.300844001770019531e+01 -2.144548225402832031e+01 -4.617309570312500000e-01 -1.405331213027238846e-02 3.091158345341682434e-03 7.976627349853515625e-01 6.029319763183593750e-01
-1.319123744964599609e+01 -2.157551765441894531e+01 -5.641931295394897461e-01 -2.868600562214851379e-02 6.296728737652301788e-03 7.910153865814208984e-01 6.110908985137939453e-01
-1.336933517456054688e+01 -2.171238708496093750e+01 -6.618334650993347168e-01 -4.378984868526458740e-02 9.594676084816455841e-03 7.838542461395263672e-01 6.193245053291320801e-01
-1.354185867309570312e+01 -2.185759735107421875e+01 -7.537353634834289551e-01 -5.925477296113967896e-02 1.296379603445529938e-02 7.762100100517272949e-01 6.275498270988464355e-01
-1.370353889465332031e+01 -2.201843643188476562e+01 -8.347485065460205078e-01 -7.497119903564453125e-02 1.638174429535865784e-02 7.681205868721008301e-01 6.356899738311767578e-01
-1.385856151580810547e+01 -2.218595123291015625e+01 -9.095885753631591797e-01 -9.082899242639541626e-02 1.982726529240608215e-02 7.596325874328613281e-01 6.436733007431030273e-01
-1.400444030761718750e+01 -2.236326599121093750e+01 -9.758960008621215820e-01 -1.067187637090682983e-01 2.327812463045120239e-02 7.508004307746887207e-01 6.514352560043334961e-01
-1.414050388336181641e+01 -2.254873466491699219e+01 -1.033531427383422852e+00 -1.225316449999809265e-01 2.671296522021293640e-02 7.416871786117553711e-01 6.589176058769226074e-01
-1.427024364471435547e+01 -2.273859786987304688e+01 -1.085717797279357910e+00 -1.381599903106689453e-01 3.011045977473258972e-02 7.323637604713439941e-01 6.660695075988769531e-01
-1.439089488983154297e+01 -2.293398475646972656e+01 -1.130301475524902344e+00 -1.534979641437530518e-01 3.344969078898429871e-02 7.229081988334655762e-01 6.728471517562866211e-01
-1.450497055053710938e+01 -2.313272857666015625e+01 -1.169501900672912598e+00 -1.684416234493255615e-01 3.670998662710189819e-02 7.134063243865966797e-01 6.792135834693908691e-01
-1.461582565307617188e+01 -2.333154678344726562e+01 -1.206359863281250000e+00 -1.828890740871429443e-01 3.987126797437667847e-02 7.039504051208496094e-01 6.851392388343811035e-01
-1.471570014953613281e+01 -2.353574562072753906e+01 -1.234389662742614746e+00 -1.967409253120422363e-01 4.291417449712753296e-02 6.946382522583007812e-01 6.906004548072814941e-01
-1.481487274169921875e+01 -2.373825073242187500e+01 -1.262261986732482910e+00 -2.099007666110992432e-01 4.581931978464126587e-02 6.855728030204772949e-01 6.955804228782653809e-01
-1.490963459014892578e+01 -2.394111251831054688e+01 -1.286988496780395508e+00 -2.222741246223449707e-01 4.856862872838973999e-02 6.768614649772644043e-01 7.000669240951538086e-01
-1.499652957916259766e+01 -2.414625358581542969e+01 -1.305794596672058105e+00 -2.337692528963088989e-01 5.114393681287765503e-02 6.686145067214965820e-01 7.040532231330871582e-01
-1.508411598205566406e+01 -2.435284042358398438e+01 -1.324908375740051270e+00 -2.442968189716339111e-01 5.352775007486343384e-02 6.609445214271545410e-01 7.075353264808654785e-01
-1.517237472534179688e+01 -2.456085968017578125e+01 -1.344354271888732910e+00 -2.537690401077270508e-01 5.570314079523086548e-02 6.539652347564697266e-01 7.105123996734619141e-01
-1.525408744812011719e+01 -2.477371025085449219e+01 -1.358447194099426270e+00 -2.620996534824371338e-01 5.765321105718612671e-02 6.477906703948974609e-01 7.129845619201660156e-01
-1.533612728118896484e+01 -2.498813438415527344e+01 -1.372673273086547852e+00 -2.692030668258666992e-01 5.936145782470703125e-02 6.425337791442871094e-01 7.149519324302673340e-01
-1.541838550567626953e+01 -2.520464324951171875e+01 -1.388370275497436523e+00 -2.711955308914184570e-01 6.422450393438339233e-02 6.379443407058715820e-01 7.178823947906494141e-01
-1.549937057495117188e+01 -2.542330551147460938e+01 -1.402681827545166016e+00 -2.727662324905395508e-01 6.809636205434799194e-02 6.343756914138793945e-01 7.200894355773925781e-01
-1.557725048065185547e+01 -2.564489173889160156e+01 -1.414196729660034180e+00 -2.739856839179992676e-01 7.105160504579544067e-02 6.317795515060424805e-01 7.216218709945678711e-01
-1.565571022033691406e+01 -2.586787986755371094e+01 -1.425773859024047852e+00 -2.749089002609252930e-01 7.316412776708602905e-02 6.300961971282958984e-01 7.225309014320373535e-01
-1.573474788665771484e+01 -2.609229469299316406e+01 -1.437413334846496582e+00 -2.755781412124633789e-01 7.450705766677856445e-02 6.292557120323181152e-01 7.228710055351257324e-01
-1.581151103973388672e+01 -2.631922721862792969e+01 -1.446965336799621582e+00 -2.760254144668579102e-01 7.515246421098709106e-02 6.291814446449279785e-01 7.226982116699218750e-01
-1.588708686828613281e+01 -2.654828071594238281e+01 -1.455248951911926270e+00 -2.762747108936309814e-01 7.517196238040924072e-02 6.297897696495056152e-01 7.220708131790161133e-01
-1.596321105957031250e+01 -2.677885246276855469e+01 -1.463577866554260254e+00 -2.763447165489196777e-01 7.463660091161727905e-02 6.309939026832580566e-01 7.210475802421569824e-01
-1.603988075256347656e+01 -2.701093673706054688e+01 -1.471951842308044434e+00 -2.762503623962402344e-01 7.361739128828048706e-02 6.327034235000610352e-01 7.196892499923706055e-01
-1.611320495605468750e+01 -2.724592781066894531e+01 -1.477514624595642090e+00 -2.760050594806671143e-01 7.218574732542037964e-02 6.348271369934082031e-01 7.180562615394592285e-01
-1.618687629699707031e+01 -2.748257827758789062e+01 -1.482976078987121582e+00 -2.756218910217285156e-01 7.041352242231369019e-02 6.372731328010559082e-01 7.162104845046997070e-01
-1.626107597351074219e+01 -2.772082901000976562e+01 -1.488466739654541016e+00 -2.751151025295257568e-01 6.837318837642669678e-02 6.399505734443664551e-01 7.142128944396972656e-01
-1.633390235900878906e+01 -2.796132659912109375e+01 -1.492650151252746582e+00 -2.745010256767272949e-01 6.613789498805999756e-02 6.427698135375976562e-01 7.121249437332153320e-01
-1.640503501892089844e+01 -2.820437431335449219e+01 -1.495788574218750000e+00 -2.724397182464599609e-01 6.501726061105728149e-02 6.455200314521789551e-01 7.105302810668945312e-01
-1.647656631469726562e+01 -2.844931602478027344e+01 -1.499267578125000000e+00 -2.692387998104095459e-01 6.484925001859664917e-02 6.481478810310363770e-01 7.093725204467773438e-01
-1.654727172851562500e+01 -2.869633674621582031e+01 -1.501863956451416016e+00 -2.660371065139770508e-01 6.470250338315963745e-02 6.506729722023010254e-01 7.082812786102294922e-01
-1.661540412902832031e+01 -2.894596672058105469e+01 -1.502381563186645508e+00 -2.629224359989166260e-01 6.459505110979080200e-02 6.530194878578186035e-01 7.072940468788146973e-01
-1.668401908874511719e+01 -2.919734382629394531e+01 -1.502861261367797852e+00 -2.599820792675018311e-01 6.454602628946304321e-02 6.551123857498168945e-01 7.064495086669921875e-01
-1.674997711181640625e+01 -2.945128822326660156e+01 -1.501270771026611328e+00 -2.573041915893554688e-01 6.457410752773284912e-02 6.568778753280639648e-01 7.057875990867614746e-01
-1.681378364562988281e+01 -2.970769500732421875e+01 -1.497916221618652344e+00 -2.549771964550018311e-01 6.469793617725372314e-02 6.582429409027099609e-01 7.053489685058593750e-01
-1.687500572204589844e+01 -2.996653175354003906e+01 -1.492602467536926270e+00 -2.530603706836700439e-01 6.492914259433746338e-02 6.591645479202270508e-01 7.051572203636169434e-01
-1.692997550964355469e+01 -3.022859382629394531e+01 -1.483105421066284180e+00 -2.514960169792175293e-01 6.525075435638427734e-02 6.597200036048889160e-01 7.051677703857421875e-01
-1.697136497497558594e+01 -3.049441337585449219e+01 -1.466202378273010254e+00 -2.501964569091796875e-01 6.563821434974670410e-02 6.600151658058166504e-01 7.053177952766418457e-01
-1.697140502929687500e+01 -3.076045799255371094e+01 -1.430659174919128418e+00 -2.490744590759277344e-01 6.606671959161758423e-02 6.601555347442626953e-01 7.055436372756958008e-01
-1.676115989685058594e+01 -3.072858238220214844e+01 -1.355705499649047852e+00 -2.480417937040328979e-01 6.651208549737930298e-02 6.602456569671630859e-01 7.057812213897705078e-01
-1.656484985351562500e+01 -3.054064369201660156e+01 -1.316607594490051270e+00 -2.470109760761260986e-01 6.694921851158142090e-02 6.603904366493225098e-01 7.059658765792846680e-01
-1.637690353393554688e+01 -3.033922767639160156e+01 -1.290450453758239746e+00 -2.458935081958770752e-01 6.735394895076751709e-02 6.606942415237426758e-01 7.060332894325256348e-01
-1.618687248229980469e+01 -3.013649368286132812e+01 -1.270981431007385254e+00 -2.446016669273376465e-01 6.770125031471252441e-02 6.612608432769775391e-01 7.059182524681091309e-01
-1.599533557891845703e+01 -2.993228530883789062e+01 -1.255822777748107910e+00 -2.430469393730163574e-01 6.796644628047943115e-02 6.621939539909362793e-01 7.055550813674926758e-01
-1.580269718170166016e+01 -2.972636604309082031e+01 -1.243602275848388672e+00 -2.411403208971023560e-01 6.812477856874465942e-02 6.635953783988952637e-01 7.048769593238830566e-01
-1.560923290252685547e+01 -2.951857376098632812e+01 -1.232917428016662598e+00 -2.387928068637847900e-01 6.815104186534881592e-02 6.655660271644592285e-01 7.038149237632751465e-01
-1.541516304016113281e+01 -2.930871963500976562e+01 -1.223004102706909180e+00 -2.359137535095214844e-01 6.802006810903549194e-02 6.682035326957702637e-01 7.022976279258728027e-01
-1.522073173522949219e+01 -2.909658050537109375e+01 -1.213204264640808105e+00 -2.324116826057434082e-01 6.770628690719604492e-02 6.716026663780212402e-01 7.002504467964172363e-01
-1.502625083923339844e+01 -2.888192367553710938e+01 -1.202827095985412598e+00 -2.281937599182128906e-01 6.718346476554870605e-02 6.758530139923095703e-01 6.975934505462646484e-01
-1.483218002319335938e+01 -2.866435432434082031e+01 -1.190993666648864746e+00 -2.231648415327072144e-01 6.642527133226394653e-02 6.810387372970581055e-01 6.942414641380310059e-01
-1.463925647735595703e+01 -2.844332885742187500e+01 -1.176423311233520508e+00 -2.172280251979827881e-01 6.540445238351821899e-02 6.872361302375793457e-01 6.901019215583801270e-01
-1.444866943359375000e+01 -2.821804618835449219e+01 -1.157384037971496582e+00 -2.102834582328796387e-01 6.409330666065216064e-02 6.945122480392456055e-01 6.850735545158386230e-01
-1.426150989532470703e+01 -2.798777198791503906e+01 -1.133728027343750000e+00 -2.022288739681243896e-01 6.246297061443328857e-02 7.029225230216979980e-01 6.790447831153869629e-01
-1.408546257019042969e+01 -2.776057624816894531e+01 -1.106912851333618164e+00 -1.929588019847869873e-01 6.048434227705001831e-02 7.125086784362792969e-01 6.718928813934326172e-01
-1.392075920104980469e+01 -2.753636741638183594e+01 -1.077999234199523926e+00 -1.823650598526000977e-01 5.812677368521690369e-02 7.232958674430847168e-01 6.634812355041503906e-01
-1.376721763610839844e+01 -2.731536102294921875e+01 -1.048266530036926270e+00 -1.703841984272003174e-01 5.537074059247970581e-02 7.352426648139953613e-01 6.536984443664550781e-01
-1.362422466278076172e+01 -2.709806632995605469e+01 -1.018984317779541016e+00 -1.571429967880249023e-01 5.224230140447616577e-02 7.481102347373962402e-01 6.425791978836059570e-01
-1.349083805084228516e+01 -2.688519477844238281e+01 -9.912304282188415527e-01 -1.428207457065582275e-01 4.878056421875953674e-02 7.616175413131713867e-01 6.302074193954467773e-01
-1.336596488952636719e+01 -2.667751312255859375e+01 -9.657299518585205078e-01 -1.276030391454696655e-01 4.502652585506439209e-02 7.754954099655151367e-01 6.166822314262390137e-01
-1.325083255767822266e+01 -2.647438430786132812e+01 -9.433264136314392090e-01 -1.116816326975822449e-01 4.102296382188796997e-02 7.894904017448425293e-01 6.021206974983215332e-01
-1.314565277099609375e+01 -2.627592277526855469e+01 -9.240795969963073730e-01 -9.525448083877563477e-02 3.681479394435882568e-02 8.033688664436340332e-01 5.866598486900329590e-01
-1.305035400390625000e+01 -2.608239173889160156e+01 -9.079138040542602539e-01 -7.852537184953689575e-02 3.244873136281967163e-02 8.169202804565429688e-01 5.704578161239624023e-01
-1.296580982208251953e+01 -2.589373397827148438e+01 -8.951757550239562988e-01 -6.170187518000602722e-02 2.797332406044006348e-02 8.299602270126342773e-01 5.536933541297912598e-01
-1.288689041137695312e+01 -2.571269416809082031e+01 -8.835558891296386719e-01 -4.499484971165657043e-02 2.343838103115558624e-02 8.423320651054382324e-01 5.365657806396484375e-01
-1.281827449798583984e+01 -2.553725051879882812e+01 -8.751134872436523438e-01 -2.861689776182174683e-02 1.889427006244659424e-02 8.539080023765563965e-01 5.192927122116088867e-01
-1.275390625000000000e+01 -2.537024879455566406e+01 -8.671777248382568359e-01 -1.278059463948011398e-02 1.439256407320499420e-02 8.645898699760437012e-01 5.021093487739562988e-01
-1.269561004638671875e+01 -2.521100616455078125e+01 -8.605725169181823730e-01 2.302521839737892151e-03 9.984550997614860535e-03 8.743072152137756348e-01 4.852647781372070312e-01
-1.264360713958740234e+01 -2.505945777893066406e+01 -8.554223179817199707e-01 1.642321981489658356e-02 5.721343681216239929e-03 8.830160498619079590e-01 4.690203964710235596e-01
-1.259476661682128906e+01 -2.491690826416015625e+01 -8.504028320312500000e-01 2.937517315149307251e-02 1.653528772294521332e-03 8.906962871551513672e-01 4.536456763744354248e-01
-1.254914188385009766e+01 -2.478334426879882812e+01 -8.455834984779357910e-01 4.095590859651565552e-02 -2.169309183955192566e-03 8.973471522331237793e-01 4.394155442714691162e-01
-1.251012516021728516e+01 -2.465753936767578125e+01 -8.424926400184631348e-01 5.096613243222236633e-02 -5.698486231267452240e-03 9.029814600944519043e-01 4.266079664230346680e-01
-1.247378730773925781e+01 -2.454092216491699219e+01 -8.394799828529357910e-01 5.920911580324172974e-02 -8.886111900210380554e-03 9.076204895973205566e-01 4.155000150203704834e-01
-1.244005870819091797e+01 -2.443353462219238281e+01 -8.365673422813415527e-01 6.549123674631118774e-02 -1.168589480221271515e-02 9.112855195999145508e-01 4.063655436038970947e-01
-1.240886974334716797e+01 -2.433539009094238281e+01 -8.337805271148681641e-01 6.961876153945922852e-02 -1.405194215476512909e-02 9.139901995658874512e-01 3.994716405868530273e-01
-1.238016223907470703e+01 -2.424651718139648438e+01 -8.311327695846557617e-01 7.139746099710464478e-02 -1.593914069235324860e-02 9.157311320304870605e-01 3.950757980346679688e-01
-1.235482120513916016e+01 -2.416661643981933594e+01 -8.290368318557739258e-01 7.070200890302658081e-02 -1.731839030981063843e-02 9.165048599243164062e-01 3.933447599411010742e-01
-1.233281803131103516e+01 -2.409568214416503906e+01 -8.274731040000915527e-01 6.768475472927093506e-02 -1.822147145867347717e-02 9.163802862167358398e-01 3.941240608692169189e-01
-1.231310749053955078e+01 -2.403402328491210938e+01 -8.259704113006591797e-01 6.256636232137680054e-02 -1.869513839483261108e-02 9.154198765754699707e-01 3.971680104732513428e-01
-1.229574775695800781e+01 -2.398159599304199219e+01 -8.245263695716857910e-01 5.556607618927955627e-02 -1.878576166927814484e-02 9.136620759963989258e-01 4.022204577922821045e-01
-1.228079700469970703e+01 -2.393836402893066406e+01 -8.231286406517028809e-01 4.690287262201309204e-02 -1.853947713971138000e-02 9.111313819885253906e-01 4.090184569358825684e-01
-1.226831626892089844e+01 -2.390429115295410156e+01 -8.217687606811523438e-01 3.679596260190010071e-02 -1.800218038260936737e-02 9.078471064567565918e-01 4.172955751419067383e-01
-1.225837135314941406e+01 -2.387934112548828125e+01 -8.204333186149597168e-01 2.546640858054161072e-02 -1.722019165754318237e-02 9.038305282592773438e-01 4.267849028110504150e-01
-1.225101947784423828e+01 -2.386347198486328125e+01 -8.191198706626892090e-01 1.313731726258993149e-02 -1.624015346169471741e-02 8.991112709045410156e-01 4.372213184833526611e-01
-1.224632263183593750e+01 -2.385663604736328125e+01 -8.178222179412841797e-01 3.365520387887954712e-05 -1.510851457715034485e-02 8.937330842018127441e-01 4.483446478843688965e-01
-1.224433422088623047e+01 -2.385878944396972656e+01 -8.165417313575744629e-01 -1.361789647489786148e-02 -1.387311145663261414e-02 8.877568244934082031e-01 4.599021673202514648e-01
-1.224064350128173828e+01 -2.385537147521972656e+01 -8.150683641433715820e-01 -2.758922055363655090e-02 -1.258131209760904312e-02 8.812643289566040039e-01 4.716500043869018555e-01
-1.223529434204101562e+01 -2.384631729125976562e+01 -8.134167194366455078e-01 -4.165143519639968872e-02 -1.128096226602792740e-02 8.743601441383361816e-01 4.833552539348602295e-01
-1.222832202911376953e+01 -2.383158683776855469e+01 -8.116039633750915527e-01 -5.557630956172943115e-02 -1.002031192183494568e-02 8.671717047691345215e-01 4.947968721389770508e-01
-1.221975421905517578e+01 -2.381111335754394531e+01 -8.096569776535034180e-01 -6.913655996322631836e-02 -8.847476914525032043e-03 8.598496317863464355e-01 5.057672858238220215e-01
-1.221082878112792969e+01 -2.378881263732910156e+01 -8.076647520065307617e-01 -8.210660517215728760e-02 -7.810294628143310547e-03 8.525649905204772949e-01 5.160719156265258789e-01
-1.220156002044677734e+01 -2.376462364196777344e+01 -8.056652545928955078e-01 -9.426409751176834106e-02 -6.957165896892547607e-03 8.455089926719665527e-01 5.255287289619445801e-01
-1.219194889068603516e+01 -2.373848533630371094e+01 -8.036938309669494629e-01 -1.053891479969024658e-01 -6.335843354463577271e-03 8.388872742652893066e-01 5.339672565460205078e-01
-1.218200016021728516e+01 -2.371035194396972656e+01 -8.017932176589965820e-01 -1.152650415897369385e-01 -5.994044244289398193e-03 8.329178094863891602e-01 5.412262678146362305e-01
-1.217170524597167969e+01 -2.368015480041503906e+01 -8.000012040138244629e-01 -1.236773580312728882e-01 -5.979266017675399780e-03 8.278249502182006836e-01 5.471507310867309570e-01
-1.216106414794921875e+01 -2.364785194396972656e+01 -7.983605861663818359e-01 -1.304137706756591797e-01 -6.339408457279205322e-03 8.238344192504882812e-01 5.515877008438110352e-01
-1.215006160736083984e+01 -2.361339378356933594e+01 -7.969018220901489258e-01 -1.353216320276260376e-01 -7.108129560947418213e-03 8.211214542388916016e-01 5.544338226318359375e-01
-1.213868141174316406e+01 -2.357681083679199219e+01 -7.956249713897705078e-01 -1.384853571653366089e-01 -8.263912051916122437e-03 8.196696043014526367e-01 5.557833313941955566e-01
-1.212740325927734375e+01 -2.353798294067382812e+01 -7.947338819503784180e-01 -1.400458216667175293e-01 -9.771000593900680542e-03 8.193977475166320801e-01 5.557688474655151367e-01
-1.211605548858642578e+01 -2.349698638916015625e+01 -7.941442728042602539e-01 -1.401410549879074097e-01 -1.159305870532989502e-02 8.202086687088012695e-01 5.545122027397155762e-01
-1.210431861877441406e+01 -2.345395469665527344e+01 -7.937060594558715820e-01 -1.389075815677642822e-01 -1.369443908333778381e-02 8.219929933547973633e-01 5.521274209022521973e-01
-1.209218692779541016e+01 -2.340892028808593750e+01 -7.933996319770812988e-01 -1.364800930023193359e-01 -1.603887975215911865e-02 8.246332406997680664e-01 5.487221479415893555e-01
-1.207965755462646484e+01 -2.336192321777343750e+01 -7.932043075561523438e-01 -1.329928636550903320e-01 -1.859018206596374512e-02 8.280063867568969727e-01 5.444011688232421875e-01
-1.206672859191894531e+01 -2.331298255920410156e+01 -7.930993437767028809e-01 -1.285796761512756348e-01 -2.131186798214912415e-02 8.319871425628662109e-01 5.392684340476989746e-01
-1.205339241027832031e+01 -2.326214218139648438e+01 -7.930639386177062988e-01 -1.233749985694885254e-01 -2.416724711656570435e-02 8.364505171775817871e-01 5.334275960922241211e-01
-1.203964805603027344e+01 -2.320944213867187500e+01 -7.930773496627807617e-01 -1.175137162208557129e-01 -2.711992338299751282e-02 8.412738442420959473e-01 5.269851684570312500e-01
-1.202548885345458984e+01 -2.315490722656250000e+01 -7.931213378906250000e-01 -1.111320257186889648e-01 -3.013336285948753357e-02 8.463389277458190918e-01 5.200499892234802246e-01
-1.201090908050537109e+01 -2.309857368469238281e+01 -7.931786775588989258e-01 -1.043666899204254150e-01 -3.317064046859741211e-02 8.515333533287048340e-01 5.127360820770263672e-01
-1.199589538574218750e+01 -2.304047775268554688e+01 -7.932311892509460449e-01 -9.735623002052307129e-02 -3.619575500488281250e-02 8.567519187927246094e-01 5.051611661911010742e-01
-1.198043632507324219e+01 -2.298064422607421875e+01 -7.932677865028381348e-01 -9.023983776569366455e-02 -3.917188942432403564e-02 8.618970513343811035e-01 4.974491298198699951e-01
-1.196657180786132812e+01 -2.292635726928710938e+01 -7.933178544044494629e-01 -8.315780758857727051e-02 -4.206329584121704102e-02 8.668802976608276367e-01 4.897283911705017090e-01
-1.195428180694580078e+01 -2.287762069702148438e+01 -7.933728098869323730e-01 -7.625109702348709106e-02 -4.483398050069808960e-02 8.716215491294860840e-01 4.821320772171020508e-01
-1.194354629516601562e+01 -2.283449172973632812e+01 -7.934228181838989258e-01 -6.966169178485870361e-02 -4.744894802570343018e-02 8.760488629341125488e-01 4.747988879680633545e-01
-1.193434143066406250e+01 -2.279698181152343750e+01 -7.934631109237670898e-01 -6.353142857551574707e-02 -4.987319931387901306e-02 8.800987005233764648e-01 4.678703248500823975e-01
-1.192664051055908203e+01 -2.276512145996093750e+01 -7.934887409210205078e-01 -5.800233036279678345e-02 -5.207185074687004089e-02 8.837136030197143555e-01 4.614914059638977051e-01
-1.192042064666748047e+01 -2.273894882202148438e+01 -7.934985160827636719e-01 -5.321668088436126709e-02 -5.401079729199409485e-02 8.868415951728820801e-01 4.558100104331970215e-01
-1.191579532623291016e+01 -2.271842765808105469e+01 -7.935693264007568359e-01 -4.928010702133178711e-02 -5.566567555069923401e-02 8.894514441490173340e-01 4.509423673152923584e-01
-1.191258144378662109e+01 -2.270360755920410156e+01 -7.936059236526489258e-01 -4.615189507603645325e-02 -5.705022066831588745e-02 8.915817141532897949e-01 4.468751847743988037e-01
-1.191078186035156250e+01 -2.269447135925292969e+01 -7.936169505119323730e-01 -4.375434666872024536e-02 -5.818695574998855591e-02 8.932833075523376465e-01 4.435591101646423340e-01
-1.191039752960205078e+01 -2.269100570678710938e+01 -7.936108112335205078e-01 -4.200938344001770020e-02 -5.909854918718338013e-02 8.946015834808349609e-01 4.409427344799041748e-01
-1.190728282928466797e+01 -2.267813873291015625e+01 -7.935644388198852539e-01 -4.083901643753051758e-02 -5.980774760246276855e-02 8.955774307250976562e-01 4.389717876911163330e-01
-1.190144062042236328e+01 -2.265586853027343750e+01 -7.934862971305847168e-01 -4.016447812318801880e-02 -6.033605337142944336e-02 8.962483406066894531e-01 4.375904500484466553e-01
-1.189287948608398438e+01 -2.262417411804199219e+01 -7.933776974678039551e-01 -3.990730643272399902e-02 -6.070582196116447449e-02 8.966487050056457520e-01 4.367415606975555420e-01
-1.188160610198974609e+01 -2.258304595947265625e+01 -7.932470440864562988e-01 -3.998874500393867493e-02 -6.093862280249595642e-02 8.968117833137512207e-01 4.363667070865631104e-01
-1.186763191223144531e+01 -2.253247451782226562e+01 -7.930944561958312988e-01 -4.032998904585838318e-02 -6.105614826083183289e-02 8.967688083648681641e-01 4.364072978496551514e-01
-1.185096549987792969e+01 -2.247244071960449219e+01 -7.929260134696960449e-01 -4.085226356983184814e-02 -6.108007580041885376e-02 8.965504169464111328e-01 4.368038177490234375e-01
-1.183161449432373047e+01 -2.240293312072753906e+01 -7.927453517913818359e-01 -4.147687554359436035e-02 -6.103232130408287048e-02 8.961868882179260254e-01 4.374971985816955566e-01
-1.180958938598632812e+01 -2.232394409179687500e+01 -7.925549149513244629e-01 -4.212475195527076721e-02 -6.093393266201019287e-02 8.957085013389587402e-01 4.384277462959289551e-01
-1.178489875793457031e+01 -2.223546409606933594e+01 -7.923595905303955078e-01 -4.271733015775680542e-02 -6.080706790089607239e-02 8.951455354690551758e-01 4.395362138748168945e-01
-1.175755023956298828e+01 -2.213746452331542969e+01 -7.921630740165710449e-01 -4.317567870020866394e-02 -6.067323312163352966e-02 8.945289850234985352e-01 4.407636821269989014e-01
-1.172755432128906250e+01 -2.202995491027832031e+01 -7.919701933860778809e-01 -4.342103749513626099e-02 -6.055396422743797302e-02 8.938899040222167969e-01 4.420506954193115234e-01
-1.169492053985595703e+01 -2.191291427612304688e+01 -7.917834520339965820e-01 -4.337462037801742554e-02 -6.047116592526435852e-02 8.932595252990722656e-01 4.433386921882629395e-01
-1.165954589843750000e+01 -2.178634643554687500e+01 -7.916833162307739258e-01 -4.295769706368446350e-02 -6.044654548168182373e-02 8.926696777343750000e-01 4.445689618587493896e-01
-1.162141418457031250e+01 -2.165026855468750000e+01 -7.916870117187500000e-01 -4.209145903587341309e-02 -6.050170212984085083e-02 8.921520113945007324e-01 4.456823468208312988e-01
-1.158065414428710938e+01 -2.150462341308593750e+01 -7.917224168777465820e-01 -4.069716855883598328e-02 -6.065836176276206970e-02 8.917369246482849121e-01 4.466200172901153564e-01
-1.153727245330810547e+01 -2.134939956665039062e+01 -7.917931675910949707e-01 -3.869586437940597534e-02 -6.093782186508178711e-02 8.914549946784973145e-01 4.473224282264709473e-01
-1.149127674102783203e+01 -2.118459510803222656e+01 -7.919018268585205078e-01 -3.602851554751396179e-02 -6.136031448841094971e-02 8.913279771804809570e-01 4.477402567863464355e-01
-1.144266796112060547e+01 -2.101018524169921875e+01 -7.920458912849426270e-01 -3.271431848406791687e-02 -6.193803995847702026e-02 8.913508653640747070e-01 4.478694796562194824e-01
-1.139079761505126953e+01 -2.082638549804687500e+01 -7.921313047409057617e-01 -2.879223413765430450e-02 -6.268158555030822754e-02 8.915110826492309570e-01 4.477163255214691162e-01
-1.133515834808349609e+01 -2.063331985473632812e+01 -7.920886278152465820e-01 -2.430144324898719788e-02 -6.360147148370742798e-02 8.917951583862304688e-01 4.472870826721191406e-01
-1.127681827545166016e+01 -2.043070220947265625e+01 -7.920446395874023438e-01 -1.928055658936500549e-02 -6.470848619937896729e-02 8.921889066696166992e-01 4.465869069099426270e-01
-1.121577644348144531e+01 -2.021852493286132812e+01 -7.919933795928955078e-01 -1.376896351575851440e-02 -6.601239740848541260e-02 8.926780223846435547e-01 4.456216990947723389e-01
-1.115203189849853516e+01 -1.999679183959960938e+01 -7.919238209724426270e-01 -7.806016132235527039e-03 -6.752421706914901733e-02 8.932474255561828613e-01 4.443968534469604492e-01
-1.108326244354248047e+01 -1.976620483398437500e+01 -7.913562059402465820e-01 -1.430252566933631897e-03 -6.925383955240249634e-02 8.938824534416198730e-01 4.429174661636352539e-01
-1.101011085510253906e+01 -1.952656745910644531e+01 -7.904150485992431641e-01 5.318012088537216187e-03 -7.121151685714721680e-02 8.945682048797607422e-01 4.411896467208862305e-01
-1.093409729003906250e+01 -1.927743148803710938e+01 -7.894006371498107910e-01 1.239994540810585022e-02 -7.340776920318603516e-02 8.952902555465698242e-01 4.392185211181640625e-01
-1.085522460937500000e+01 -1.901879882812500000e+01 -7.883031964302062988e-01 1.977553404867649078e-02 -7.585272938013076782e-02 8.960343003273010254e-01 4.370101392269134521e-01
-1.076965332031250000e+01 -1.875190925598144531e+01 -7.862280011177062988e-01 2.740535512566566467e-02 -7.855621725320816040e-02 8.967864513397216797e-01 4.345711171627044678e-01
-1.067815876007080078e+01 -1.847651863098144531e+01 -7.833459377288818359e-01 3.524939343333244324e-02 -8.152881264686584473e-02 8.975335955619812012e-01 4.319073557853698730e-01
-1.058356571197509766e+01 -1.819171905517578125e+01 -7.803015112876892090e-01 4.326765239238739014e-02 -8.478048443794250488e-02 8.982632756233215332e-01 4.290258884429931641e-01
-1.048499202728271484e+01 -1.789783096313476562e+01 -7.768725156784057617e-01 5.142058804631233215e-02 -8.832104504108428955e-02 8.989635705947875977e-01 4.259340167045593262e-01
-1.037353134155273438e+01 -1.759803581237792969e+01 -7.708483934402465820e-01 5.966778472065925598e-02 -9.216067194938659668e-02 8.996231555938720703e-01 4.226398468017578125e-01
-1.025863838195800781e+01 -1.728896903991699219e+01 -7.645580768585205078e-01 6.796894222497940063e-02 -9.630934894084930420e-02 9.002317190170288086e-01 4.191509187221527100e-01
-1.013958072662353516e+01 -1.697092819213867188e+01 -7.578088045120239258e-01 7.628436386585235596e-02 -1.007769852876663208e-01 9.007797837257385254e-01 4.154763221740722656e-01
-1.000170707702636719e+01 -1.664991569519042969e+01 -7.468102574348449707e-01 8.457426726818084717e-02 -1.055733934044837952e-01 9.012583494186401367e-01 4.116245508193969727e-01
-9.859935760498046875e+00 -1.631982421875000000e+01 -7.354077100753784180e-01 9.279812872409820557e-02 -1.107084974646568298e-01 9.016595482826232910e-01 4.076053500175476074e-01
-9.704496383666992188e+00 -1.598541927337646484e+01 -7.209826707839965820e-01 1.009228527545928955e-01 -1.161829382181167603e-01 9.019759893417358398e-01 4.034295082092285156e-01
-9.530669212341308594e+00 -1.564899826049804688e+01 -7.022765874862670898e-01 1.089416667819023132e-01 -1.219604164361953735e-01 9.022009968757629395e-01 3.991123437881469727e-01
-9.348608970642089844e+00 -1.530597591400146484e+01 -6.820458769798278809e-01 1.168546527624130249e-01 -1.279960125684738159e-01 9.023287892341613770e-01 3.946705460548400879e-01
-9.140955924987792969e+00 -1.496645927429199219e+01 -6.557641625404357910e-01 1.246617585420608521e-01 -1.342442780733108521e-01 9.023542404174804688e-01 3.901214599609375000e-01
-8.923404693603515625e+00 -1.462181091308593750e+01 -6.275988817214965820e-01 1.323630064725875854e-01 -1.406604051589965820e-01 9.022737145423889160e-01 3.854826390743255615e-01
-8.680703163146972656e+00 -1.428249931335449219e+01 -5.937414169311523438e-01 1.399589478969573975e-01 -1.471991240978240967e-01 9.020841717720031738e-01 3.807730078697204590e-01
-8.420629501342773438e+00 -1.394447231292724609e+01 -5.563708543777465820e-01 1.474497616291046143e-01 -1.538154780864715576e-01 9.017843604087829590e-01 3.760111331939697266e-01
-8.142215728759765625e+00 -1.360851001739501953e+01 -5.152770876884460449e-01 1.548359394073486328e-01 -1.604653298854827881e-01 9.013738632202148438e-01 3.712166249752044678e-01
-7.834796428680419922e+00 -1.328583431243896484e+01 -4.687267839908599854e-01 1.621188968420028687e-01 -1.671041846275329590e-01 9.008543491363525391e-01 3.664086461067199707e-01
-7.505780696868896484e+00 -1.297150325775146484e+01 -4.190234243869781494e-01 1.692993640899658203e-01 -1.736878454685211182e-01 9.002275466918945312e-01 3.616082370281219482e-01
-7.152158260345458984e+00 -1.267007255554199219e+01 -3.668225109577178955e-01 1.763787716627120972e-01 -1.801726818084716797e-01 8.994977474212646484e-01 3.568361997604370117e-01
-6.788162708282470703e+00 -1.239721202850341797e+01 -3.166870176792144775e-01 1.833589375019073486e-01 -1.865151971578598022e-01 8.986698389053344727e-01 3.521139919757843018e-01
-6.414075851440429688e+00 -1.215493583679199219e+01 -2.745300233364105225e-01 1.902414858341217041e-01 -1.926725208759307861e-01 8.977497220039367676e-01 3.474635183811187744e-01
-6.020525932312011719e+00 -1.196510696411132812e+01 -2.567907571792602539e-01 1.970284879207611084e-01 -1.986020207405090332e-01 8.967450857162475586e-01 3.429070115089416504e-01
-5.607815265655517578e+00 -1.188818359375000000e+01 -3.185912966728210449e-01 2.037225067615509033e-01 -2.042609602212905884e-01 8.956643939018249512e-01 3.384667038917541504e-01
-5.230593204498291016e+00 -1.189742660522460938e+01 -4.948681592941284180e-01 2.103261053562164307e-01 -2.096080631017684937e-01 8.945168256759643555e-01 3.341659605503082275e-01
-4.884794712066650391e+00 -1.189647388458251953e+01 -7.108190655708312988e-01 2.168423086404800415e-01 -2.146010994911193848e-01 8.933128714561462402e-01 3.300269842147827148e-01
-4.550144672393798828e+00 -1.191617679595947266e+01 -9.247704744338989258e-01 2.232743203639984131e-01 -2.191992104053497314e-01 8.920629024505615234e-01 3.260736763477325439e-01
-4.212195873260498047e+00 -1.199537086486816406e+01 -1.113321542739868164e+00 2.296251356601715088e-01 -2.233614176511764526e-01 8.907783031463623047e-01 3.223289549350738525e-01
-3.889396667480468750e+00 -1.218742179870605469e+01 -1.223531484603881836e+00 2.358984798192977905e-01 -2.270466983318328857e-01 8.894705772399902344e-01 3.188158869743347168e-01
-3.608597755432128906e+00 -1.245971679687500000e+01 -1.246713876724243164e+00 2.420894950628280640e-01 -2.302251458168029785e-01 8.881520032882690430e-01 3.155553340911865234e-01
-3.358634233474731445e+00 -1.275908184051513672e+01 -1.217377901077270508e+00 2.481578588485717773e-01 -2.329101860523223877e-01 8.868354558944702148e-01 3.125595748424530029e-01
-3.117592334747314453e+00 -1.306045341491699219e+01 -1.164204120635986328e+00 2.540559768676757812e-01 -2.351249158382415771e-01 8.855354189872741699e-01 3.098368644714355469e-01
-2.864451885223388672e+00 -1.334771442413330078e+01 -1.103059053421020508e+00 2.597350478172302246e-01 -2.368934005498886108e-01 8.842660784721374512e-01 3.073967397212982178e-01
-2.582698106765747070e+00 -1.360441398620605469e+01 -1.043684005737304688e+00 2.651474475860595703e-01 -2.382392287254333496e-01 8.830414414405822754e-01 3.052486181259155273e-01
-2.270225286483764648e+00 -1.382119560241699219e+01 -9.922655820846557617e-01 2.702450156211853027e-01 -2.391864061355590820e-01 8.818758726119995117e-01 3.034014701843261719e-01
-1.928959131240844727e+00 -1.398870086669921875e+01 -9.533935189247131348e-01 2.749798893928527832e-01 -2.397588789463043213e-01 8.807834982872009277e-01 3.018643260002136230e-01
-1.569713115692138672e+00 -1.411142063140869141e+01 -9.271740317344665527e-01 2.793041467666625977e-01 -2.399806678295135498e-01 8.797785043716430664e-01 3.006463944911956787e-01
-1.200781702995300293e+00 -1.419727039337158203e+01 -9.117321372032165527e-01 2.831704020500183105e-01 -2.398753762245178223e-01 8.788745403289794922e-01 2.997563183307647705e-01
-8.285682201385498047e-01 -1.425946712493896484e+01 -9.034399390220642090e-01 2.865301072597503662e-01 -2.394669055938720703e-01 8.780850768089294434e-01 2.992032468318939209e-01
-4.592362344264984131e-01 -1.430521011352539062e+01 -9.002856016159057617e-01 2.893358469009399414e-01 -2.387784421443939209e-01 8.774231672286987305e-01 2.989953756332397461e-01
-9.391672164201736450e-02 -1.433888626098632812e+01 -9.011938571929931641e-01 2.915391623973846436e-01 -2.378334850072860718e-01 8.769006133079528809e-01 2.991411983966827393e-01
2.667694091796875000e-01 -1.436373519897460938e+01 -9.054687023162841797e-01 2.930916547775268555e-01 -2.366552501916885376e-01 8.765285015106201172e-01 2.996488213539123535e-01
6.224635839462280273e-01 -1.438247013092041016e+01 -9.126965403556823730e-01 2.939441800117492676e-01 -2.352660894393920898e-01 8.763167262077331543e-01 3.005257844924926758e-01
9.729380607604980469e-01 -1.439779758453369141e+01 -9.227148294448852539e-01 2.940474152565002441e-01 -2.336883693933486938e-01 8.762734532356262207e-01 3.017791509628295898e-01
1.318131208419799805e+00 -1.440939903259277344e+01 -9.358202815055847168e-01 2.933513820171356201e-01 -2.319438159465789795e-01 8.764051795005798340e-01 3.034153580665588379e-01
1.658028960227966309e+00 -1.441470718383789062e+01 -9.518871903419494629e-01 2.918054759502410889e-01 -2.300536334514617920e-01 8.767161965370178223e-01 3.054400384426116943e-01
1.992461681365966797e+00 -1.440946769714355469e+01 -9.702318906784057617e-01 2.893576622009277344e-01 -2.280381321907043457e-01 8.772081136703491211e-01 3.078581392765045166e-01
2.320827007293701172e+00 -1.438796806335449219e+01 -9.890905618667602539e-01 2.859560847282409668e-01 -2.259169965982437134e-01 8.778797388076782227e-01 3.106732964515686035e-01
2.641656637191772461e+00 -1.434402847290039062e+01 -1.005235552787780762e+00 2.815469801425933838e-01 -2.237091511487960815e-01 8.787261247634887695e-01 3.138883113861083984e-01
2.952994346618652344e+00 -1.427619552612304688e+01 -1.017374277114868164e+00 2.761074006557464600e-01 -2.214326858520507812e-01 8.797335028648376465e-01 3.174921274185180664e-01
3.253151893615722656e+00 -1.418608379364013672e+01 -1.026140093803405762e+00 2.697440087795257568e-01 -2.191035598516464233e-01 8.808626532554626465e-01 3.214231729507446289e-01
3.540962457656860352e+00 -1.407614231109619141e+01 -1.032464623451232910e+00 2.625946402549743652e-01 -2.167389094829559326e-01 8.820699453353881836e-01 3.256086111068725586e-01
3.815839767456054688e+00 -1.394929122924804688e+01 -1.036289095878601074e+00 2.547998130321502686e-01 -2.143558263778686523e-01 8.833144903182983398e-01 3.299757242202758789e-01
4.076603889465332031e+00 -1.380648422241210938e+01 -1.032735586166381836e+00 2.465002983808517456e-01 -2.119730561971664429e-01 8.845596909523010254e-01 3.344536125659942627e-01
4.320498466491699219e+00 -1.364716720581054688e+01 -1.014866948127746582e+00 2.378389388322830200e-01 -2.096103429794311523e-01 8.857727050781250000e-01 3.389730453491210938e-01
4.544793605804443359e+00 -1.347242164611816406e+01 -9.805224537849426270e-01 2.289600372314453125e-01 -2.072886526584625244e-01 8.869270086288452148e-01 3.434664905071258545e-01
4.737514495849609375e+00 -1.326973628997802734e+01 -9.591637849807739258e-01 2.200099676847457886e-01 -2.050301581621170044e-01 8.880009651184082031e-01 3.478683829307556152e-01
4.883997440338134766e+00 -1.303829574584960938e+01 -9.828783869743347168e-01 2.111357748508453369e-01 -2.028588503599166870e-01 8.889793157577514648e-01 3.521161973476409912e-01
4.983953952789306641e+00 -1.279780292510986328e+01 -1.052631855010986328e+00 2.024865150451660156e-01 -2.007996737957000732e-01 8.898519277572631836e-01 3.561490476131439209e-01
5.053874492645263672e+00 -1.256174755096435547e+01 -1.149100303649902344e+00 1.942124664783477783e-01 -1.988789737224578857e-01 8.906147480010986328e-01 3.599080741405487061e-01
5.102734088897705078e+00 -1.233281230926513672e+01 -1.260555386543273926e+00 1.864640265703201294e-01 -1.971236467361450195e-01 8.912686109542846680e-01 3.633368015289306641e-01
5.138737201690673828e+00 -1.211037540435791016e+01 -1.377692818641662598e+00 1.793929040431976318e-01 -1.955623328685760498e-01 8.918177485466003418e-01 3.663804233074188232e-01
5.165002822875976562e+00 -1.189377880096435547e+01 -1.496926188468933105e+00 1.731507033109664917e-01 -1.942237168550491333e-01 8.922698497772216797e-01 3.689857125282287598e-01
5.182773113250732422e+00 -1.168249034881591797e+01 -1.616310954093933105e+00 1.678896546363830566e-01 -1.931369751691818237e-01 8.926342725753784180e-01 3.711000680923461914e-01
5.192340373992919922e+00 -1.147603034973144531e+01 -1.734410405158996582e+00 1.637607216835021973e-01 -1.923309117555618286e-01 8.929210305213928223e-01 3.726706206798553467e-01
5.192974567413330078e+00 -1.127388191223144531e+01 -1.849802255630493164e+00 1.609154939651489258e-01 -1.918349117040634155e-01 8.931378126144409180e-01 3.736448884010314941e-01
5.182234764099121094e+00 -1.107542991638183594e+01 -1.960438132286071777e+00 1.595042347908020020e-01 -1.916764676570892334e-01 8.932898044586181641e-01 3.739680051803588867e-01
5.155398845672607422e+00 -1.088005352020263672e+01 -2.062674522399902344e+00 1.596762984991073608e-01 -1.918829381465911865e-01 8.933754563331604004e-01 3.735835254192352295e-01
5.110590934753417969e+00 -1.068768024444580078e+01 -2.152229070663452148e+00 1.615793257951736450e-01 -1.924788504838943481e-01 8.933862447738647461e-01 3.724310696125030518e-01
5.046295166015625000e+00 -1.049793434143066406e+01 -2.220457792282104492e+00 1.653029173612594604e-01 -1.934767961502075195e-01 8.933055400848388672e-01 3.704685270786285400e-01
4.974068641662597656e+00 -1.031019973754882812e+01 -2.267149686813354492e+00 1.707069724798202515e-01 -1.948442757129669189e-01 8.931196331977844238e-01 3.677393496036529541e-01
4.906422138214111328e+00 -1.012281703948974609e+01 -2.296229124069213867e+00 1.775934547185897827e-01 -1.965371966361999512e-01 8.928123712539672852e-01 3.643070161342620850e-01
4.849911212921142578e+00 -9.936235427856445312e+00 -2.317103147506713867e+00 1.857634186744689941e-01 -1.985115110874176025e-01 8.923653364181518555e-01 3.602350652217864990e-01
4.802537918090820312e+00 -9.752119064331054688e+00 -2.333563089370727539e+00 1.950177848339080811e-01 -2.007218301296234131e-01 8.917607069015502930e-01 3.555862605571746826e-01
4.760444164276123047e+00 -9.571991920471191406e+00 -2.347866058349609375e+00 2.051571756601333618e-01 -2.031247913837432861e-01 8.909838795661926270e-01 3.504262864589691162e-01
4.721646785736083984e+00 -9.396493911743164062e+00 -2.361215829849243164e+00 2.159828543663024902e-01 -2.056766599416732788e-01 8.900257945060729980e-01 3.448223769664764404e-01
4.684882164001464844e+00 -9.226000785827636719e+00 -2.374494552612304688e+00 2.272971570491790771e-01 -2.083366066217422485e-01 8.888844847679138184e-01 3.388454020023345947e-01
4.648937702178955078e+00 -9.060883522033691406e+00 -2.388687610626220703e+00 2.389035075902938843e-01 -2.110643684864044189e-01 8.875664472579956055e-01 3.325698375701904297e-01
4.609756469726562500e+00 -8.891347885131835938e+00 -2.406529426574707031e+00 2.506079971790313721e-01 -2.138225138187408447e-01 8.860877752304077148e-01 3.260735869407653809e-01
4.570066928863525391e+00 -8.718080520629882812e+00 -2.432259559631347656e+00 2.622194588184356689e-01 -2.165759503841400146e-01 8.844742178916931152e-01 3.194386363029479980e-01
4.620086193084716797e+00 -8.546352386474609375e+00 -2.448728084564208984e+00 2.735487222671508789e-01 -2.192913293838500977e-01 8.827623128890991211e-01 3.127509951591491699e-01
4.748875141143798828e+00 -8.407284736633300781e+00 -2.444378614425659180e+00 2.844105064868927002e-01 -2.219381928443908691e-01 8.809977769851684570e-01 3.060995042324066162e-01
4.897210121154785156e+00 -8.280996322631835938e+00 -2.432626962661743164e+00 2.946225404739379883e-01 -2.244890034198760986e-01 8.792357444763183594e-01 2.995775341987609863e-01
5.056686401367187500e+00 -8.160815238952636719e+00 -2.416104793548583984e+00 3.040055930614471436e-01 -2.269176095724105835e-01 8.775397539138793945e-01 2.932796180248260498e-01
5.221485614776611328e+00 -8.038910865783691406e+00 -2.398450851440429688e+00 3.123838007450103760e-01 -2.291997373104095459e-01 8.759799599647521973e-01 2.873028218746185303e-01
5.394143104553222656e+00 -7.919394493103027344e+00 -2.377292394638061523e+00 3.195833563804626465e-01 -2.313129752874374390e-01 8.746314644813537598e-01 2.817456722259521484e-01
5.571291446685791016e+00 -7.797040939331054688e+00 -2.355504035949707031e+00 3.254322111606597900e-01 -2.332361489534378052e-01 8.735719323158264160e-01 2.767071723937988281e-01
5.753669261932373047e+00 -7.673129558563232422e+00 -2.332181453704833984e+00 3.297586143016815186e-01 -2.349473536014556885e-01 8.728800415992736816e-01 2.722856700420379639e-01
5.941385269165039062e+00 -7.547821998596191406e+00 -2.307203292846679688e+00 3.323909044265747070e-01 -2.364252954721450806e-01 8.726310133934020996e-01 2.685783803462982178e-01
6.133560657501220703e+00 -7.419652938842773438e+00 -2.281580686569213867e+00 3.326568007469177246e-01 -2.375687211751937866e-01 8.731256127357482910e-01 2.656167149543762207e-01
6.330542087554931641e+00 -7.289145469665527344e+00 -2.254920721054077148e+00 3.322365880012512207e-01 -2.386278808116912842e-01 8.736340999603271484e-01 2.635127007961273193e-01
6.532235145568847656e+00 -7.156391620635986328e+00 -2.226985931396484375e+00 3.300831317901611328e-01 -2.377125471830368042e-01 8.753091692924499512e-01 2.614800035953521729e-01
6.738456726074218750e+00 -7.020844459533691406e+00 -2.198385000228881836e+00 3.262621164321899414e-01 -2.367811203002929688e-01 8.773606419563293457e-01 2.602417171001434326e-01
6.949221611022949219e+00 -6.882519245147705078e+00 -2.169090509414672852e+00 3.208143711090087891e-01 -2.359961122274398804e-01 8.797038793563842773e-01 2.598172426223754883e-01
7.164802074432373047e+00 -6.741943359375000000e+00 -2.138620615005493164e+00 3.138361573219299316e-01 -2.353211045265197754e-01 8.823011517524719238e-01 2.601446807384490967e-01
7.385087490081787109e+00 -6.598920822143554688e+00 -2.107150793075561523e+00 3.054237961769104004e-01 -2.347097098827362061e-01 8.851135373115539551e-01 2.611543834209442139e-01
7.609886169433593750e+00 -6.453100204467773438e+00 -2.074998617172241211e+00 2.956729829311370850e-01 -2.341093122959136963e-01 8.880996108055114746e-01 2.627722918987274170e-01
7.839179992675781250e+00 -6.304462909698486328e+00 -2.042174100875854492e+00 2.846792936325073242e-01 -2.334644794464111328e-01 8.912171721458435059e-01 2.649223208427429199e-01
8.073164939880371094e+00 -6.153378963470458984e+00 -2.008409261703491211e+00 2.725384235382080078e-01 -2.327200770378112793e-01 8.944228887557983398e-01 2.675288915634155273e-01
8.311774253845214844e+00 -5.999745845794677734e+00 -1.973776817321777344e+00 2.593464851379394531e-01 -2.318236231803894043e-01 8.976728916168212891e-01 2.705188691616058350e-01
8.554845809936523438e+00 -5.843271255493164062e+00 -1.938492417335510254e+00 2.452002167701721191e-01 -2.307271957397460938e-01 9.009233117103576660e-01 2.738228142261505127e-01
8.802367210388183594e+00 -5.683935642242431641e+00 -1.902567148208618164e+00 2.301963716745376587e-01 -2.293883115053176880e-01 9.041314721107482910e-01 2.773751020431518555e-01
9.054484367370605469e+00 -5.522006511688232422e+00 -1.865876436233520508e+00 2.144335508346557617e-01 -2.277715206146240234e-01 9.072554707527160645e-01 2.811153531074523926e-01
9.311218261718750000e+00 -5.357519626617431641e+00 -1.828410625457763672e+00 1.980104446411132812e-01 -2.258483767509460449e-01 9.102561473846435547e-01 2.849878668785095215e-01
9.572387695312500000e+00 -5.190151214599609375e+00 -1.790325880050659180e+00 1.810264885425567627e-01 -2.235981225967407227e-01 9.130966663360595703e-01 2.889423966407775879e-01
9.837985992431640625e+00 -5.019906997680664062e+00 -1.751628398895263672e+00 1.635817289352416992e-01 -2.210073024034500122e-01 9.157441854476928711e-01 2.929322719573974609e-01
1.010818195343017578e+01 -4.847045898437500000e+00 -1.712274074554443359e+00 1.457771360874176025e-01 -2.180702090263366699e-01 9.181696176528930664e-01 2.969157695770263672e-01
1.038299274444580078e+01 -4.671596527099609375e+00 -1.672263145446777344e+00 1.277138292789459229e-01 -2.147885262966156006e-01 9.203486442565917969e-01 3.008546233177185059e-01
1.066224098205566406e+01 -4.493266582489013672e+00 -1.631658911705017090e+00 1.094924136996269226e-01 -2.111708819866180420e-01 9.222621321678161621e-01 3.047141432762145996e-01
1.094088459014892578e+01 -4.315248966217041016e+00 -1.591236591339111328e+00 9.127327054738998413e-02 -2.070256769657135010e-01 9.239423871040344238e-01 3.084478080272674561e-01
1.121920967102050781e+01 -4.137988090515136719e+00 -1.550980210304260254e+00 7.302224636077880859e-02 -2.026284933090209961e-01 9.253165125846862793e-01 3.120877444744110107e-01
1.149707126617431641e+01 -3.961264610290527344e+00 -1.510869145393371582e+00 5.478444322943687439e-02 -1.979891806840896606e-01 9.263762235641479492e-01 3.156356811523437500e-01
1.177434921264648438e+01 -3.784892559051513672e+00 -1.470883727073669434e+00 3.660386055707931519e-02 -1.931180953979492188e-01 9.271159768104553223e-01 3.190947175025939941e-01
1.205107593536376953e+01 -3.608911037445068359e+00 -1.431041240692138672e+00 1.852523908019065857e-02 -1.880259811878204346e-01 9.275327324867248535e-01 3.224688470363616943e-01
1.232769012451171875e+01 -3.433954954147338867e+00 -1.391583204269409180e+00 5.930848419666290283e-04 -1.827247440814971924e-01 9.276262521743774414e-01 3.257622122764587402e-01
1.260373497009277344e+01 -3.259355306625366211e+00 -1.352254629135131836e+00 -1.714820787310600281e-02 -1.772262156009674072e-01 9.273986220359802246e-01 3.289811313152313232e-01
1.287921619415283203e+01 -3.085117101669311523e+00 -1.313055396080017090e+00 -3.465475887060165405e-02 -1.715437620878219604e-01 9.268550276756286621e-01 3.321315050125122070e-01
1.315461635589599609e+01 -2.911914110183715820e+00 -1.274396896362304688e+00 -5.188279971480369568e-02 -1.656902730464935303e-01 9.260032176971435547e-01 3.352207541465759277e-01
1.342966556549072266e+01 -2.739365100860595703e+00 -1.236039996147155762e+00 -6.878981739282608032e-02 -1.596795618534088135e-01 9.248528480529785156e-01 3.382569253444671631e-01
1.370417118072509766e+01 -2.567177772521972656e+00 -1.197840571403503418e+00 -8.529080450534820557e-02 -1.534109562635421753e-01 9.234349131584167480e-01 3.412601053714752197e-01
1.397902297973632812e+01 -2.396586894989013672e+00 -1.160720229148864746e+00 -1.013754904270172119e-01 -1.469858586788177490e-01 9.217480421066284180e-01 3.442363142967224121e-01
1.425357627868652344e+01 -2.226713895797729492e+00 -1.123981952667236328e+00 -1.170172542333602905e-01 -1.404576152563095093e-01 9.198021888732910156e-01 3.471920192241668701e-01
1.452836990356445312e+01 -2.058271408081054688e+00 -1.088419198989868164e+00 -1.321802139282226562e-01 -1.338512301445007324e-01 9.176145195960998535e-01 3.501366972923278809e-01
1.480347728729248047e+01 -1.891367197036743164e+00 -1.054129600524902344e+00 -1.468299478292465210e-01 -1.271927952766418457e-01 9.152038097381591797e-01 3.530792593955993652e-01
1.507962131500244141e+01 -1.726957917213439941e+00 -1.022595167160034180e+00 -1.609337031841278076e-01 -1.205093115568161011e-01 9.125905632972717285e-01 3.560284674167633057e-01
1.535686206817626953e+01 -1.565165996551513672e+00 -9.942821860313415527e-01 -1.744601130485534668e-01 -1.138289794325828552e-01 9.097970724105834961e-01 3.589927852153778076e-01
1.563643360137939453e+01 -1.407753825187683105e+00 -9.725438952445983887e-01 -1.873795688152313232e-01 -1.071811318397521973e-01 9.068472385406494141e-01 3.619795143604278564e-01
1.591896247863769531e+01 -1.255966782569885254e+00 -9.616113305091857910e-01 -1.996642053127288818e-01 -1.005959883332252502e-01 9.037655591964721680e-01 3.649965524673461914e-01
1.620299911499023438e+01 -1.107988238334655762e+00 -9.619506597518920898e-01 -2.112879753112792969e-01 -9.410465508699417114e-02 9.005776047706604004e-01 3.680510222911834717e-01
1.648591423034667969e+01 -9.592773318290710449e-01 -9.677318930625915527e-01 -2.220591902732849121e-01 -8.732644468545913696e-02 8.973510265350341797e-01 3.712477087974548340e-01
1.676621818542480469e+01 -8.070703148841857910e-01 -9.724206328392028809e-01 -2.320887744426727295e-01 -8.058724552392959595e-02 8.940820693969726562e-01 3.745103180408477783e-01
1.704379844665527344e+01 -6.513183712959289551e-01 -9.760680794715881348e-01 -2.413748800754547119e-01 -7.392348349094390869e-02 8.907995820045471191e-01 3.778223097324371338e-01
1.731867599487304688e+01 -4.922119081020355225e-01 -9.790844321250915527e-01 -2.499161660671234131e-01 -6.737110763788223267e-02 8.875326514244079590e-01 3.811677098274230957e-01
1.759095001220703125e+01 -3.300244212150573730e-01 -9.816369414329528809e-01 -2.577118873596191406e-01 -6.096590310335159302e-02 8.843100666999816895e-01 3.845301866531372070e-01
1.785889053344726562e+01 -1.620751917362213135e-01 -9.836108088493347168e-01 -2.647614479064941406e-01 -5.474329739809036255e-02 8.811600208282470703e-01 3.878936171531677246e-01
1.812252235412597656e+01 1.119628921151161194e-02 -9.851989746093750000e-01 -2.710646390914916992e-01 -4.873890429735183716e-02 8.781107664108276367e-01 3.912415206432342529e-01
1.838190460205078125e+01 1.894872933626174927e-01 -9.864513874053955078e-01 -2.766213715076446533e-01 -4.298722743988037109e-02 8.751893639564514160e-01 3.945581316947937012e-01
1.863421630859375000e+01 3.765136599540710449e-01 -9.872192144393920898e-01 -2.814317047595977783e-01 -3.752326965332031250e-02 8.724228739738464355e-01 3.978270888328552246e-01
1.887566184997558594e+01 5.760351419448852539e-01 -9.874047636985778809e-01 -2.854956388473510742e-01 -3.238146752119064331e-02 8.698375821113586426e-01 4.010314047336578369e-01
1.910285568237304688e+01 7.901171445846557617e-01 -9.869592189788818359e-01 -2.888130545616149902e-01 -2.759593725204467773e-02 8.674584031105041504e-01 4.041551351547241211e-01
1.930301284790039062e+01 1.027734398841857910e+00 -9.855151176452636719e-01 -2.913837730884552002e-01 -2.320110052824020386e-02 8.653099536895751953e-01 4.071804285049438477e-01
1.945173645019531250e+01 1.298793911933898926e+00 -9.823986887931823730e-01 -2.932071685791015625e-01 -1.923010498285293579e-02 8.634148836135864258e-01 4.100908041000366211e-01
1.952176284790039062e+01 1.598730444908142090e+00 -9.769055247306823730e-01 -2.942822277545928955e-01 -1.571692526340484619e-02 8.617953062057495117e-01 4.128678441047668457e-01
1.948037719726562500e+01 1.903466701507568359e+00 -9.682006835937500000e-01 -2.946074008941650391e-01 -1.269492506980895996e-02 8.604711890220642090e-01 4.154932498931884766e-01
1.937034034729003906e+01 2.190331935882568359e+00 -9.571789503097534180e-01 -2.941807508468627930e-01 -1.019784808158874512e-02 8.594611883163452148e-01 4.179475009441375732e-01
1.921879577636718750e+01 2.457485198974609375e+00 -9.434948563575744629e-01 -2.929993867874145508e-01 -8.258678019046783447e-03 8.587815761566162109e-01 4.202109575271606445e-01
1.906017494201660156e+01 2.719667911529541016e+00 -9.270178079605102539e-01 -2.910598814487457275e-01 -6.910867989063262939e-03 8.584468960762023926e-01 4.222619235515594482e-01
1.890093421936035156e+01 2.980424642562866211e+00 -9.061889648437500000e-01 -2.883574366569519043e-01 -6.187036633491516113e-03 8.584688305854797363e-01 4.240789711475372314e-01
1.873896408081054688e+01 3.238266468048095703e+00 -8.800317049026489258e-01 -2.848868370056152344e-01 -6.121017038822174072e-03 8.588564395904541016e-01 4.256379306316375732e-01
1.857184600830078125e+01 3.491240262985229492e+00 -8.469372391700744629e-01 -2.806482911109924316e-01 -6.735101342201232910e-03 8.596125245094299316e-01 4.269161224365234375e-01
1.839571189880371094e+01 3.735732316970825195e+00 -8.040564060211181641e-01 -2.756681144237518311e-01 -8.011385798454284668e-03 8.607248067855834961e-01 4.278968870639801025e-01
1.820788955688476562e+01 3.968178510665893555e+00 -7.497423887252807617e-01 -2.699790596961975098e-01 -9.921640157699584961e-03 8.621748685836791992e-01 4.285644888877868652e-01
1.801361083984375000e+01 4.191293716430664062e+00 -6.888549923896789551e-01 -2.636128067970275879e-01 -1.243737339973449707e-02 8.639428019523620605e-01 4.289014935493469238e-01
1.782082939147949219e+01 4.413871765136718750e+00 -6.299828886985778809e-01 -2.566012442111968994e-01 -1.553000509738922119e-02 8.660063743591308594e-01 4.288911521434783936e-01
1.764382934570312500e+01 4.650214672088623047e+00 -5.879907011985778809e-01 -2.489757537841796875e-01 -1.917061209678649902e-02 8.683425784111022949e-01 4.285146296024322510e-01
1.749742317199707031e+01 4.907787799835205078e+00 -5.803466439247131348e-01 -2.407678961753845215e-01 -2.333077043294906616e-02 8.709268569946289062e-01 4.277532994747161865e-01
1.737047004699707031e+01 5.172426700592041016e+00 -6.087524294853210449e-01 -2.320093065500259399e-01 -2.798097580671310425e-02 8.737339377403259277e-01 4.265883564949035645e-01
1.723950767517089844e+01 5.428988933563232422e+00 -6.634289622306823730e-01 -2.227316796779632568e-01 -3.309192508459091187e-02 8.767380714416503906e-01 4.250010848045349121e-01
1.711191940307617188e+01 5.683881759643554688e+00 -7.239953279495239258e-01 -2.129673361778259277e-01 -3.863415122032165527e-02 8.799130916595458984e-01 4.229722619056701660e-01
1.701850700378417969e+01 5.953701019287109375e+00 -7.706604003906250000e-01 -2.027485817670822144e-01 -4.457747191190719604e-02 8.832325935363769531e-01 4.204830825328826904e-01
1.696299552917480469e+01 6.234550476074218750e+00 -7.994164824485778809e-01 -1.921085417270660400e-01 -5.089180171489715576e-02 8.866706490516662598e-01 4.175158143043518066e-01
1.694134521484375000e+01 6.519482135772705078e+00 -8.113098144531250000e-01 -1.810809671878814697e-01 -5.754660069942474365e-02 8.902015089988708496e-01 4.140523970127105713e-01
1.694078445434570312e+01 6.803754806518554688e+00 -8.127856254577636719e-01 -1.697000265121459961e-01 -6.451138854026794434e-02 8.937997817993164062e-01 4.100758135318756104e-01
1.695414543151855469e+01 7.085907936096191406e+00 -8.084594607353210449e-01 -1.580006033182144165e-01 -7.175482809543609619e-02 8.974409699440002441e-01 4.055696427822113037e-01
1.697827720642089844e+01 7.365463733673095703e+00 -8.005834817886352539e-01 -1.460179984569549561e-01 -7.924561947584152222e-02 9.011013507843017578e-01 4.005187749862670898e-01
1.701170158386230469e+01 7.642162799835205078e+00 -7.905077934265136719e-01 -1.337885707616806030e-01 -8.695276826620101929e-02 9.047580361366271973e-01 3.949084877967834473e-01
1.705393791198730469e+01 7.915756702423095703e+00 -7.791516184806823730e-01 -1.213490664958953857e-01 -9.484439343214035034e-02 9.083893299102783203e-01 3.887258470058441162e-01
1.710533714294433594e+01 8.185864448547363281e+00 -7.672692537307739258e-01 -1.087365970015525818e-01 -1.028889119625091553e-01 9.119748473167419434e-01 3.819584250450134277e-01
1.716805458068847656e+01 8.454907417297363281e+00 -7.555224299430847168e-01 -9.598901122808456421e-02 -1.110540777444839478e-01 9.154953956604003906e-01 3.745946884155273438e-01
1.724544334411621094e+01 8.721420288085937500e+00 -7.450243830680847168e-01 -8.315239846706390381e-02 -1.193003430962562561e-01 9.189268946647644043e-01 3.666421175003051758e-01
1.734187316894531250e+01 8.982988357543945312e+00 -7.371056675910949707e-01 -7.030433416366577148e-02 -1.275541782379150391e-01 9.222224354743957520e-01 3.581802845001220703e-01
1.746128654479980469e+01 9.244320869445800781e+00 -7.320470809936523438e-01 -5.753059685230255127e-02 -1.357346773147583008e-01 9.253379702568054199e-01 3.493078947067260742e-01
1.760672760009765625e+01 9.501893997192382812e+00 -7.308361530303955078e-01 -4.491819068789482117e-02 -1.437626481056213379e-01 9.282384514808654785e-01 3.401291072368621826e-01
1.777643203735351562e+01 9.754467964172363281e+00 -7.337316870689392090e-01 -3.255464509129524231e-02 -1.515599340200424194e-01 9.308990240097045898e-01 3.307517766952514648e-01
1.796000862121582031e+01 1.000774860382080078e+01 -7.404919266700744629e-01 -2.052699588239192963e-02 -1.590511649847030640e-01 9.333040714263916016e-01 3.212866783142089844e-01
1.813017272949218750e+01 1.028035163879394531e+01 -7.512133717536926270e-01 -8.923064917325973511e-03 -1.661611348390579224e-01 9.354473948478698730e-01 3.118475675582885742e-01
1.824196815490722656e+01 1.058964824676513672e+01 -7.702770829200744629e-01 2.170264720916748047e-03 -1.728183329105377197e-01 9.373322725296020508e-01 3.025512397289276123e-01
1.831030464172363281e+01 1.092107391357421875e+01 -7.948644757270812988e-01 1.266658678650856018e-02 -1.789522916078567505e-01 9.389697909355163574e-01 2.935158610343933105e-01
1.835226058959960938e+01 1.126558113098144531e+01 -8.221032619476318359e-01 2.248067408800125122e-02 -1.844940334558486938e-01 9.403777718544006348e-01 2.848614156246185303e-01
1.837493705749511719e+01 1.162069797515869141e+01 -8.499255180358886719e-01 3.179628029465675354e-02 -1.884621828794479370e-01 9.417642951011657715e-01 2.766783535480499268e-01
1.837591552734375000e+01 1.198554134368896484e+01 -8.762280344963073730e-01 4.074013605713844299e-02 -1.899712234735488892e-01 9.433318376541137695e-01 2.690281867980957031e-01
1.832945442199707031e+01 1.235616207122802734e+01 -8.934240341186523438e-01 4.858610779047012329e-02 -1.911384612321853638e-01 9.446726441383361816e-01 2.621047794818878174e-01
1.815732002258300781e+01 1.269498062133789062e+01 -9.007250666618347168e-01 5.523908510804176331e-02 -1.920089423656463623e-01 9.457894563674926758e-01 2.560536861419677734e-01
1.789463615417480469e+01 1.298158168792724609e+01 -9.459069371223449707e-01 6.060539931058883667e-02 -1.926262378692626953e-01 9.466844201087951660e-01 2.510191202163696289e-01
1.759494781494140625e+01 1.323890590667724609e+01 -1.010396718978881836e+00 6.459181010723114014e-02 -1.930295526981353760e-01 9.473586082458496094e-01 2.471416443586349487e-01
1.727375030517578125e+01 1.348309516906738281e+01 -1.075659155845642090e+00 6.710319221019744873e-02 -1.932496875524520874e-01 9.478101730346679688e-01 2.445556521415710449e-01
1.693920516967773438e+01 1.372363758087158203e+01 -1.140379667282104492e+00 6.804083287715911865e-02 -1.933051943778991699e-01 9.480333924293518066e-01 2.433850467205047607e-01
1.659535408020019531e+01 1.396544361114501953e+01 -1.205910563468933105e+00 6.730034947395324707e-02 -1.931982189416885376e-01 9.480164051055908203e-01 2.437417060136795044e-01
1.624469566345214844e+01 1.421167469024658203e+01 -1.273359298706054688e+00 6.477089226245880127e-02 -1.929102540016174316e-01 9.477401971817016602e-01 2.457211017608642578e-01
1.588837623596191406e+01 1.446430587768554688e+01 -1.344503164291381836e+00 6.163680553436279297e-02 -1.875914484262466431e-01 9.481465220451354980e-01 2.490552961826324463e-01
1.552738380432128906e+01 1.472410392761230469e+01 -1.418947696685791016e+00 5.701254680752754211e-02 -1.810340285301208496e-01 9.484148025512695312e-01 2.539397478103637695e-01
1.516263103485107422e+01 1.499212360382080078e+01 -1.497178912162780762e+00 5.100044980645179749e-02 -1.733426898717880249e-01 9.484778642654418945e-01 2.602708339691162109e-01
1.479513263702392578e+01 1.526945972442626953e+01 -1.579733848571777344e+00 4.370361194014549255e-02 -1.646215170621871948e-01 9.482597708702087402e-01 2.679428160190582275e-01
1.442611312866210938e+01 1.555733871459960938e+01 -1.667249679565429688e+00 3.522535040974617004e-02 -1.549743711948394775e-01 9.476804137229919434e-01 2.768463492393493652e-01
1.405616950988769531e+01 1.585590553283691406e+01 -1.760996103286743164e+00 2.567042782902717590e-02 -1.445069611072540283e-01 9.466592073440551758e-01 2.868711352348327637e-01
1.368538379669189453e+01 1.616433525085449219e+01 -1.862949132919311523e+00 1.514598354697227478e-02 -1.333264261484146118e-01 9.451175332069396973e-01 2.979055047035217285e-01
1.331926250457763672e+01 1.647735977172851562e+01 -1.974062442779541016e+00 3.759998828172683716e-03 -1.215425208210945129e-01 9.429816603660583496e-01 3.098370432853698730e-01
1.295821285247802734e+01 1.679396438598632812e+01 -2.097245931625366211e+00 -8.376754820346832275e-03 -1.092674285173416138e-01 9.401858448982238770e-01 3.225539624691009521e-01
1.260355281829833984e+01 1.711289215087890625e+01 -2.237532854080200195e+00 -2.115224674344062805e-02 -9.661607444286346436e-02 9.366742968559265137e-01 3.359451591968536377e-01
1.226347351074218750e+01 1.742696571350097656e+01 -2.401231527328491211e+00 -3.445208817720413208e-02 -8.370591700077056885e-02 9.324030876159667969e-01 3.499013185501098633e-01
1.194106388092041016e+01 1.773239135742187500e+01 -2.595746994018554688e+00 -4.816158488392829895e-02 -7.065721601247787476e-02 9.273415803909301758e-01 3.643153309822082520e-01
1.163871669769287109e+01 1.802406883239746094e+01 -2.825790882110595703e+00 -6.216456741094589233e-02 -5.759185925126075745e-02 9.214737415313720703e-01 3.790842592716217041e-01
1.134470176696777344e+01 1.830013084411621094e+01 -3.073025941848754883e+00 -7.634473592042922974e-02 -4.463415592908859253e-02 9.147992730140686035e-01 3.941084742546081543e-01
1.101639366149902344e+01 1.855794715881347656e+01 -3.276780843734741211e+00 -9.058623760938644409e-02 -3.190863877534866333e-02 9.073333740234375000e-01 4.092947840690612793e-01
1.062632656097412109e+01 1.870645523071289062e+01 -3.141357421875000000e+00 -1.047742664813995361e-01 -1.954100281000137329e-02 8.991073369979858398e-01 4.245544970035552979e-01
1.031333732604980469e+01 1.874200439453125000e+01 -2.814113616943359375e+00 -1.187958121299743652e-01 -7.657155394554138184e-03 8.901685476303100586e-01 4.398055672645568848e-01
1.002135372161865234e+01 1.876195335388183594e+01 -2.472968578338623047e+00 -1.325395554304122925e-01 3.618422895669937134e-03 8.805790543556213379e-01 4.549732506275177002e-01
9.708754539489746094e+00 1.880510711669921875e+01 -2.162029981613159180e+00 -1.458976864814758301e-01 1.416167616844177246e-02 8.704148530960083008e-01 4.699906408786773682e-01
9.369606018066406250e+00 1.888257598876953125e+01 -1.897669672966003418e+00 -1.587652117013931274e-01 2.385010197758674622e-02 8.597651124000549316e-01 4.847974777221679688e-01
9.014906883239746094e+00 1.899164581298828125e+01 -1.678743839263916016e+00 -1.710564792156219482e-01 3.259257227182388306e-02 8.487218618392944336e-01 4.993481338024139404e-01
8.653281211853027344e+00 1.913629341125488281e+01 -1.509883999824523926e+00 -1.827512085437774658e-01 4.041774198412895203e-02 8.373496532440185547e-01 5.136283636093139648e-01
8.298006057739257812e+00 1.933048629760742188e+01 -1.407254576683044434e+00 -1.938457340002059937e-01 4.738488048315048218e-02 8.257024288177490234e-01 5.276305079460144043e-01
7.974553108215332031e+00 1.958284950256347656e+01 -1.377062916755676270e+00 -2.043371647596359253e-01 5.355448275804519653e-02 8.138315081596374512e-01 5.413469672203063965e-01
7.699886322021484375e+00 1.988144493103027344e+01 -1.373553395271301270e+00 -2.142230272293090820e-01 5.898822844028472900e-02 8.017851710319519043e-01 5.547695159912109375e-01
7.469800472259521484e+00 2.020851325988769531e+01 -1.365291714668273926e+00 -2.235021591186523438e-01 6.374768167734146118e-02 7.896098494529724121e-01 5.678902268409729004e-01
7.200987339019775391e+00 2.048722457885742188e+01 -1.351369619369506836e+00 -2.321733683347702026e-01 6.789548695087432861e-02 7.773497104644775391e-01 5.807005763053894043e-01
6.822588920593261719e+00 2.056715774536132812e+01 -1.349777817726135254e+00 -2.402360737323760986e-01 7.149479538202285767e-02 7.650470733642578125e-01 5.931931734085083008e-01
6.438308715820312500e+00 2.054719734191894531e+01 -1.355154991149902344e+00 -2.476906776428222656e-01 7.460825145244598389e-02 7.527434229850769043e-01 6.053596138954162598e-01
6.063255310058593750e+00 2.048834609985351562e+01 -1.363287329673767090e+00 -2.545375823974609375e-01 7.729941606521606445e-02 7.404785156250000000e-01 6.171928048133850098e-01
5.697359085083007812e+00 2.041018295288085938e+01 -1.372791767120361328e+00 -2.607783377170562744e-01 7.963109761476516724e-02 7.282909750938415527e-01 6.286857724189758301e-01
5.340292930603027344e+00 2.031889533996582031e+01 -1.383247017860412598e+00 -2.664140462875366211e-01 8.166662603616714478e-02 7.162186503410339355e-01 6.398319602012634277e-01
4.991131305694580078e+00 2.022067642211914062e+01 -1.394218683242797852e+00 -2.714472115039825439e-01 8.346876502037048340e-02 7.042983174324035645e-01 6.506251692771911621e-01
4.648488044738769531e+00 2.012078475952148438e+01 -1.405307531356811523e+00 -2.758799791336059570e-01 8.510033786296844482e-02 6.925659775733947754e-01 6.610601544380187988e-01
4.313323497772216797e+00 2.001638221740722656e+01 -1.416793227195739746e+00 -2.797150909900665283e-01 8.662368357181549072e-02 6.810566186904907227e-01 6.711315512657165527e-01
3.984189748764038086e+00 1.991239547729492188e+01 -1.428273916244506836e+00 -2.829552292823791504e-01 8.810134977102279663e-02 6.698047518730163574e-01 6.808349490165710449e-01
3.661809921264648438e+00 1.980669593811035156e+01 -1.439973115921020508e+00 -2.856013774871826172e-01 8.959189802408218384e-02 6.588437557220458984e-01 6.901667714118957520e-01
3.345644235610961914e+00 1.970100593566894531e+01 -1.451739430427551270e+00 -2.875282764434814453e-01 9.099083393812179565e-02 6.482152342796325684e-01 6.991889476776123047e-01
3.035498619079589844e+00 1.959609794616699219e+01 -1.463551044464111328e+00 -2.890225350856781006e-01 9.272176772356033325e-02 6.379288434982299805e-01 7.077538371086120605e-01
2.732001304626464844e+00 1.949014282226562500e+01 -1.475606679916381836e+00 -2.900290787220001221e-01 9.478520601987838745e-02 6.280230879783630371e-01 7.158811688423156738e-01
2.434260606765747070e+00 1.938584709167480469e+01 -1.488085865974426270e+00 -2.885550856590270996e-01 9.846880286931991577e-02 6.182814836502075195e-01 7.244085669517517090e-01
2.143021821975708008e+00 1.928099632263183594e+01 -1.500637173652648926e+00 -2.870651483535766602e-01 1.018594801425933838e-01 6.089547276496887207e-01 7.323880791664123535e-01
1.857654333114624023e+00 1.917738914489746094e+01 -1.513040781021118164e+00 -2.855563163757324219e-01 1.049897074699401855e-01 5.999757647514343262e-01 7.399079799652099609e-01
1.578023552894592285e+00 1.907542610168457031e+01 -1.525261163711547852e+00 -2.840201854705810547e-01 1.078860983252525330e-01 5.912732481956481934e-01 7.470536231994628906e-01
1.304970622062683105e+00 1.897277832031250000e+01 -1.537606120109558105e+00 -2.824441194534301758e-01 1.105699911713600159e-01 5.827717185020446777e-01 7.539076209068298340e-01
1.037463068962097168e+00 1.887224960327148438e+01 -1.549692392349243164e+00 -2.808120250701904297e-01 1.130579784512519836e-01 5.743926763534545898e-01 7.605494856834411621e-01
7.761858701705932617e-01 1.877201080322265625e+01 -1.561800479888916016e+00 -2.791053652763366699e-01 1.153624802827835083e-01 5.660539865493774414e-01 7.670557498931884766e-01
5.210110545158386230e-01 1.867234420776367188e+01 -1.573879361152648926e+00 -2.773036956787109375e-01 1.174916774034500122e-01 5.576714873313903809e-01 7.734991312026977539e-01
2.714139819145202637e-01 1.857460403442382812e+01 -1.585717797279357910e+00 -2.753851413726806641e-01 1.194500327110290527e-01 5.491577386856079102e-01 7.799490094184875488e-01
2.880304306745529175e-02 1.847520256042480469e+01 -1.597941875457763672e+00 -2.733268141746520996e-01 1.212379336357116699e-01 5.404229760169982910e-01 7.864711284637451172e-01
-2.083639502525329590e-01 1.837795448303222656e+01 -1.609874248504638672e+00 -2.711056470870971680e-01 1.228515729308128357e-01 5.313755273818969727e-01 7.931262254714965820e-01
-4.507052004337310791e-01 1.827409362792968750e+01 -1.622875928878784180e+00 -2.678340673446655273e-01 1.248464211821556091e-01 5.217869281768798828e-01 8.002604246139526367e-01
-6.993904709815979004e-01 1.816645622253417969e+01 -1.636323213577270508e+00 -2.644388973712921143e-01 1.265597045421600342e-01 5.117084980010986328e-01 8.075946569442749023e-01
-9.524901509284973145e-01 1.805065155029296875e+01 -1.650584697723388672e+00 -2.609733343124389648e-01 1.279295980930328369e-01 5.010554194450378418e-01 8.151505589485168457e-01
-1.210875868797302246e+00 1.792875862121582031e+01 -1.665291666984558105e+00 -2.574688792228698730e-01 1.289073228836059570e-01 4.897378385066986084e-01 8.229516744613647461e-01
-1.473639011383056641e+00 1.779886245727539062e+01 -1.680408954620361328e+00 -2.539555728435516357e-01 1.294437795877456665e-01 4.776630699634552002e-01 8.310166597366333008e-01
-1.739848136901855469e+00 1.765924263000488281e+01 -1.695504069328308105e+00 -2.504613995552062988e-01 1.294896900653839111e-01 4.647363424301147461e-01 8.393578529357910156e-01
-2.009095191955566406e+00 1.750935745239257812e+01 -1.709584951400756836e+00 -2.470120191574096680e-01 1.289954185485839844e-01 4.508595466613769531e-01 8.479804992675781250e-01
-2.282247781753540039e+00 1.735091972351074219e+01 -1.721151113510131836e+00 -2.436307966709136963e-01 1.279110908508300781e-01 4.359315335750579834e-01 8.568817973136901855e-01
-2.561728239059448242e+00 1.718818092346191406e+01 -1.728679180145263672e+00 -2.403384149074554443e-01 1.261864304542541504e-01 4.198486208915710449e-01 8.660494089126586914e-01
-2.849243402481079102e+00 1.702392578125000000e+01 -1.730975270271301270e+00 -2.354919016361236572e-01 1.245451867580413818e-01 4.023260176181793213e-01 8.758800625801086426e-01
-3.145079374313354492e+00 1.685922622680664062e+01 -1.727652549743652344e+00 -2.304526567459106445e-01 1.222833544015884399e-01 3.837512135505676270e-01 8.858178257942199707e-01
-3.449446678161621094e+00 1.669491195678710938e+01 -1.718647480010986328e+00 -2.253269255161285400e-01 1.193667203187942505e-01 3.643891215324401855e-01 8.956561088562011719e-01
-3.762830018997192383e+00 1.653247261047363281e+01 -1.703100562095642090e+00 -2.202174812555313110e-01 1.157842278480529785e-01 3.445112705230712891e-01 9.052128195762634277e-01
-4.084901332855224609e+00 1.637174034118652344e+01 -1.682159423828125000e+00 -2.152199894189834595e-01 1.115485131740570068e-01 3.243937790393829346e-01 9.143335819244384766e-01
-4.415610790252685547e+00 1.621309471130371094e+01 -1.655987501144409180e+00 -2.104201167821884155e-01 1.066945791244506836e-01 3.043159544467926025e-01 9.228929281234741211e-01
-4.752348423004150391e+00 1.605077934265136719e+01 -1.628483891487121582e+00 -2.058907449245452881e-01 1.012764275074005127e-01 2.845591008663177490e-01 9.307943582534790039e-01
-5.092161655426025391e+00 1.587836360931396484e+01 -1.604045391082763672e+00 -2.016904056072235107e-01 9.536446630954742432e-02 2.654061615467071533e-01 9.379690885543823242e-01
-5.431636810302734375e+00 1.568973064422607422e+01 -1.586832284927368164e+00 -1.978617459535598755e-01 8.904007077217102051e-02 2.471400946378707886e-01 9.443750977516174316e-01
-5.763617038726806641e+00 1.547485351562500000e+01 -1.583976984024047852e+00 -1.944314986467361450e-01 8.239213377237319946e-02 2.300434410572052002e-01 9.499936103820800781e-01
-6.082701683044433594e+00 1.523078060150146484e+01 -1.598864674568176270e+00 -1.914109140634536743e-01 7.551220059394836426e-02 2.143978476524353027e-01 9.548263549804687500e-01
-6.379086971282958984e+00 1.495232868194580078e+01 -1.637390136718750000e+00 -1.887969523668289185e-01 6.849091500043869019e-02 2.004839926958084106e-01 9.588904380798339844e-01
-6.650304317474365234e+00 1.464488220214843750e+01 -1.702971100807189941e+00 -1.865741014480590820e-01 6.141450256109237671e-02 1.885813623666763306e-01 9.622138142585754395e-01
-6.907066345214843750e+00 1.432221603393554688e+01 -1.791431903839111328e+00 -1.847165524959564209e-01 5.436220392584800720e-02 1.789684891700744629e-01 9.648289084434509277e-01
-7.155356884002685547e+00 1.399360847473144531e+01 -1.908780455589294434e+00 -1.831908226013183594e-01 4.740456491708755493e-02 1.719225645065307617e-01 9.667659401893615723e-01
-7.407133579254150391e+00 1.367207527160644531e+01 -2.057717323303222656e+00 -1.819585710763931274e-01 4.060249775648117065e-02 1.677194237709045410e-01 9.680458307266235352e-01
-7.681263923645019531e+00 1.338902282714843750e+01 -2.255159854888916016e+00 -1.809793263673782349e-01 3.400619328022003174e-02 1.666329801082611084e-01 9.686709046363830566e-01
-7.983804702758789062e+00 1.317332458496093750e+01 -2.504443407058715820e+00 -1.802135705947875977e-01 2.765496820211410522e-02 1.689344048500061035e-01 9.686172604560852051e-01
-8.295592308044433594e+00 1.298246097564697266e+01 -2.774127244949340820e+00 -1.796253770589828491e-01 2.157711982727050781e-02 1.748903989791870117e-01 9.678236246109008789e-01
-8.578536987304687500e+00 1.269684028625488281e+01 -2.990447998046875000e+00 -1.791851669549942017e-01 1.578877493739128113e-02 1.847607493400573730e-01 9.661815166473388672e-01
-8.789636611938476562e+00 1.229341793060302734e+01 -3.089947462081909180e+00 -1.764191836118698120e-01 1.079311966896057129e-02 1.986470371484756470e-01 9.640016555786132812e-01
-8.971509933471679688e+00 1.185681629180908203e+01 -3.116502523422241211e+00 -1.736512184143066406e-01 6.175871938467025757e-03 2.162339836359024048e-01 9.607548713684082031e-01
-9.171234130859375000e+00 1.142043876647949219e+01 -3.109153985977172852e+00 -1.708731204271316528e-01 1.939360052347183228e-03 2.370249480009078979e-01 9.563564658164978027e-01
-9.396295547485351562e+00 1.099022483825683594e+01 -3.081042528152465820e+00 -1.680771708488464355e-01 -1.913145184516906738e-03 2.605162858963012695e-01 9.507248401641845703e-01
-9.613630294799804688e+00 1.055063915252685547e+01 -3.032368183135986328e+00 -1.652591228485107422e-01 -5.378007888793945312e-03 2.861994802951812744e-01 9.437957406044006348e-01
-9.767461776733398438e+00 1.009224128723144531e+01 -2.965196371078491211e+00 -1.624198555946350098e-01 -8.451249450445175171e-03 3.135644197463989258e-01 9.355350136756896973e-01
-9.858083724975585938e+00 9.619560241699218750e+00 -2.908503293991088867e+00 -1.595674008131027222e-01 -1.112866401672363281e-02 3.421048820018768311e-01 9.259474277496337891e-01
-9.942927360534667969e+00 9.147172927856445312e+00 -2.905599355697631836e+00 -1.567180156707763672e-01 -1.340666413307189941e-02 3.713217079639434814e-01 9.150846600532531738e-01
-1.005414104461669922e+01 8.687636375427246094e+00 -2.959149122238159180e+00 -1.538964509963989258e-01 -1.528178900480270386e-02 4.007283151149749756e-01 9.030500054359436035e-01
-1.018182373046875000e+01 8.238510131835937500e+00 -3.025651693344116211e+00 -1.511366665363311768e-01 -1.675137132406234741e-02 4.298574924468994141e-01 8.899997472763061523e-01
-1.031871604919433594e+01 7.793119907379150391e+00 -3.058730363845825195e+00 -1.484817862510681152e-01 -1.781339943408966064e-02 4.582636356353759766e-01 8.761451840400695801e-01
-1.045971393585205078e+01 7.351767539978027344e+00 -3.061764955520629883e+00 -1.459834128618240356e-01 -1.846664398908615112e-02 4.855297207832336426e-01 8.617475032806396484e-01
-1.060068130493164062e+01 6.914770126342773438e+00 -3.079409122467041016e+00 -1.437015235424041748e-01 -1.871080696582794189e-02 5.112680196762084961e-01 8.471155762672424316e-01
-1.073864555358886719e+01 6.481786727905273438e+00 -3.116629600524902344e+00 -1.417026817798614502e-01 -1.854513585567474365e-02 5.351213812828063965e-01 8.325992822647094727e-01
-1.087027835845947266e+01 6.051503658294677734e+00 -3.164335966110229492e+00 -1.400600224733352661e-01 -1.796987652778625488e-02 5.567628741264343262e-01 8.185813426971435547e-01
-1.099278640747070312e+01 5.622866153717041016e+00 -3.219005107879638672e+00 -1.388511508703231812e-01 -1.698433980345726013e-02 5.758920311927795410e-01 8.054689764976501465e-01
-1.110180664062500000e+01 5.194775104522705078e+00 -3.279678821563720703e+00 -1.381568014621734619e-01 -1.558695361018180847e-02 5.922296643257141113e-01 7.936835885047912598e-01
-1.119025707244873047e+01 4.766176700592041016e+00 -3.346872568130493164e+00 -1.380599141120910645e-01 -1.377525553107261658e-02 6.055099964141845703e-01 7.836500406265258789e-01
-1.125834846496582031e+01 4.338246822357177734e+00 -3.421812772750854492e+00 -1.386429667472839355e-01 -1.154437661170959473e-02 6.154693365097045898e-01 7.757850289344787598e-01
-1.131178188323974609e+01 3.912636518478393555e+00 -3.504449367523193359e+00 -1.399867981672286987e-01 -8.887536823749542236e-03 6.218349933624267578e-01 7.704842686653137207e-01
-1.135881233215332031e+01 3.490400314331054688e+00 -3.592940568923950195e+00 -1.421418488025665283e-01 -5.802154541015625000e-03 6.244238615036010742e-01 7.680214047431945801e-01
-1.140552234649658203e+01 3.071884632110595703e+00 -3.684831380844116211e+00 -1.450480669736862183e-01 -2.312876284122467041e-03 6.234684586524963379e-01 7.682725191116333008e-01
-1.145390987396240234e+01 2.657109260559082031e+00 -3.778489828109741211e+00 -1.486111730337142944e-01 1.549258828163146973e-03 6.192767620086669922e-01 7.709790468215942383e-01
-1.150506114959716797e+01 2.246103525161743164e+00 -3.872978448867797852e+00 -1.527296900749206543e-01 5.753606557846069336e-03 6.121284961700439453e-01 7.758473753929138184e-01
-1.155998039245605469e+01 1.839013576507568359e+00 -3.967728137969970703e+00 -1.572979837656021118e-01 1.026879996061325073e-02 6.022875308990478516e-01 7.825610041618347168e-01
-1.161934566497802734e+01 1.435961842536926270e+00 -4.062259197235107422e+00 -1.622076928615570068e-01 1.506285369396209717e-02 5.900104045867919922e-01 7.907904386520385742e-01
-1.168636322021484375e+01 1.036269545555114746e+00 -4.156682014465332031e+00 -1.673488318920135498e-01 2.010323107242584229e-02 5.755553245544433594e-01 8.002038598060607910e-01
-1.176090145111083984e+01 6.400439143180847168e-01 -4.250530719757080078e+00 -1.726124882698059082e-01 2.535623311996459961e-02 5.591899156570434570e-01 8.104743361473083496e-01
-1.184380245208740234e+01 2.475927621126174927e-01 -4.343211650848388672e+00 -1.778919100761413574e-01 3.078747540712356567e-02 5.411962866783142090e-01 8.212875723838806152e-01
-1.193312072753906250e+01 -1.413867175579071045e-01 -4.434061050415039062e+00 -1.830836236476898193e-01 3.636212646961212158e-02 5.218741893768310547e-01 8.323494195938110352e-01
-1.202795791625976562e+01 -5.271337628364562988e-01 -4.522053241729736328e+00 -1.880896836519241333e-01 4.204496741294860840e-02 5.015453696250915527e-01 8.433899879455566406e-01
-1.212618350982666016e+01 -9.103320240974426270e-01 -4.605626106262207031e+00 -1.928182244300842285e-01 4.780095815658569336e-02 4.805520772933959961e-01 8.541697859764099121e-01
-1.222482967376708984e+01 -1.292099595069885254e+00 -4.682188510894775391e+00 -1.971837431192398071e-01 5.359573662281036377e-02 4.592579305171966553e-01 8.644814491271972656e-01
-1.231966876983642578e+01 -1.674384713172912598e+00 -4.745403766632080078e+00 -2.011095881462097168e-01 5.939601361751556396e-02 4.380453228950500488e-01 8.741528987884521484e-01
-1.240199756622314453e+01 -2.059819221496582031e+00 -4.783046722412109375e+00 -2.045258879661560059e-01 6.517015397548675537e-02 4.173132777214050293e-01 8.830468654632568359e-01
-1.245018386840820312e+01 -2.448451995849609375e+00 -4.761281490325927734e+00 -2.073710858821868896e-01 7.088810950517654419e-02 3.974753320217132568e-01 8.910585045814514160e-01
-1.246598720550537109e+01 -2.827148437500000000e+00 -4.671462535858154297e+00 -2.095898389816284180e-01 7.652238011360168457e-02 3.789537549018859863e-01 8.981149196624755859e-01
-1.247803974151611328e+01 -3.196430683135986328e+00 -4.557136058807373047e+00 -2.111332565546035767e-01 8.204771578311920166e-02 3.621776103973388672e-01 9.041672348976135254e-01
-1.249094867706298828e+01 -3.561874866485595703e+00 -4.441030025482177734e+00 -2.119560539722442627e-01 8.744098246097564697e-02 3.475787937641143799e-01 9.091851711273193359e-01
-1.250101280212402344e+01 -3.924741029739379883e+00 -4.326938152313232422e+00 -2.120146751403808594e-01 9.268128871917724609e-02 3.355885148048400879e-01 9.131485223770141602e-01
-1.250648880004882812e+01 -4.285581111907958984e+00 -4.216653823852539062e+00 -2.112880200147628784e-01 9.774926304817199707e-02 3.265288174152374268e-01 9.160683751106262207e-01
-1.250682926177978516e+01 -4.644579887390136719e+00 -4.110882282257080078e+00 -2.098424434661865234e-01 1.026237383484840393e-01 3.202943801879882812e-01 9.180665016174316406e-01
-1.250364112854003906e+01 -5.001435279846191406e+00 -4.008604526519775391e+00 -2.077599763870239258e-01 1.072807908058166504e-01 3.166635334491729736e-01 9.192665219306945801e-01
-1.249805641174316406e+01 -5.355981349945068359e+00 -3.909201622009277344e+00 -2.051173597574234009e-01 1.116938740015029907e-01 3.154048919677734375e-01 9.197667837142944336e-01
-1.249121761322021484e+01 -5.708163738250732422e+00 -3.812287569046020508e+00 -2.019861489534378052e-01 1.158347725868225098e-01 3.162803649902343750e-01 9.196469783782958984e-01
-1.248486042022705078e+01 -6.057138442993164062e+00 -3.718028545379638672e+00 -1.984352618455886841e-01 1.196734756231307983e-01 3.190470337867736816e-01 9.189726710319519043e-01
-1.246015739440917969e+01 -6.397060394287109375e+00 -3.630737304687500000e+00 -1.945315301418304443e-01 1.231791898608207703e-01 3.234588801860809326e-01 9.178010225296020508e-01
-1.240392589569091797e+01 -6.725219726562500000e+00 -3.550041437149047852e+00 -1.903409659862518311e-01 1.263205707073211670e-01 3.292686343193054199e-01 9.161853194236755371e-01
-1.234007549285888672e+01 -7.042831897735595703e+00 -3.472249746322631836e+00 -1.859295517206192017e-01 1.290661692619323730e-01 3.362281918525695801e-01 9.141786694526672363e-01
-1.227556324005126953e+01 -7.351093769073486328e+00 -3.397341251373291016e+00 -1.813645064830780029e-01 1.313845068216323853e-01 3.440907299518585205e-01 9.118368625640869141e-01
-1.221226310729980469e+01 -7.650439262390136719e+00 -3.325510263442993164e+00 -1.767137944698333740e-01 1.332452595233917236e-01 3.526110649108886719e-01 9.092213511466979980e-01
-1.215083503723144531e+01 -7.941064357757568359e+00 -3.256890773773193359e+00 -1.720471233129501343e-01 1.346186101436614990e-01 3.615461885929107666e-01 9.064005017280578613e-01
-1.209172344207763672e+01 -8.223114967346191406e+00 -3.191608905792236328e+00 -1.674366295337677002e-01 1.354759633541107178e-01 3.706566989421844482e-01 9.034516811370849609e-01
-1.203529071807861328e+01 -8.496733665466308594e+00 -3.129819154739379883e+00 -1.629553437232971191e-01 1.357899308204650879e-01 3.797062039375305176e-01 9.004609584808349609e-01
-1.198190307617187500e+01 -8.762055397033691406e+00 -3.071755409240722656e+00 -1.586788296699523926e-01 1.355342715978622437e-01 3.884629309177398682e-01 8.975233435630798340e-01
-1.193201923370361328e+01 -9.019291877746582031e+00 -3.017811298370361328e+00 -1.546839773654937744e-01 1.346837282180786133e-01 3.966991603374481201e-01 8.947419524192810059e-01
-1.188603115081787109e+01 -9.268545150756835938e+00 -2.968128681182861328e+00 -1.510489583015441895e-01 1.332140862941741943e-01 4.041889607906341553e-01 8.922272324562072754e-01
-1.184406757354736328e+01 -9.509760856628417969e+00 -2.922235012054443359e+00 -1.478528827428817749e-01 1.311016231775283813e-01 4.107110202312469482e-01 8.900946378707885742e-01
-1.180619812011718750e+01 -9.742841720581054688e+00 -2.879526376724243164e+00 -1.451749652624130249e-01 1.283227950334548950e-01 4.160445928573608398e-01 8.884618282318115234e-01
-1.177241802215576172e+01 -9.967660903930664062e+00 -2.839265108108520508e+00 -1.430945992469787598e-01 1.248536854982376099e-01 4.199694991111755371e-01 8.874464035034179688e-01
-1.174262046813964844e+01 -1.018407726287841797e+01 -2.800640821456909180e+00 -1.416692584753036499e-01 1.206849440932273865e-01 4.223211109638214111e-01 8.871358036994934082e-01
-1.171656131744384766e+01 -1.039187431335449219e+01 -2.762852668762207031e+00 -1.408743262290954590e-01 1.158669516444206238e-01 4.231615066528320312e-01 8.875041604042053223e-01
-1.169389343261718750e+01 -1.059082984924316406e+01 -2.725172042846679688e+00 -1.406624466180801392e-01 1.104641109704971313e-01 4.226060807704925537e-01 8.884907364845275879e-01
-1.167420387268066406e+01 -1.078073692321777344e+01 -2.687032461166381836e+00 -1.409855633974075317e-01 1.045400425791740417e-01 4.207671880722045898e-01 8.900277614593505859e-01
-1.165712738037109375e+01 -1.096149921417236328e+01 -2.648489952087402344e+00 -1.417944133281707764e-01 9.815797209739685059e-02 4.177549183368682861e-01 8.920426964759826660e-01
-1.164233970642089844e+01 -1.113311481475830078e+01 -2.609927892684936523e+00 -1.430396735668182373e-01 9.138087183237075806e-02 4.136783182621002197e-01 8.944603800773620605e-01
-1.162953186035156250e+01 -1.129557609558105469e+01 -2.571750402450561523e+00 -1.446719169616699219e-01 8.427172899246215820e-02 4.086464941501617432e-01 8.972046971321105957e-01
-1.161841678619384766e+01 -1.144891071319580078e+01 -2.534349203109741211e+00 -1.466412991285324097e-01 7.689407467842102051e-02 4.027690589427947998e-01 9.002003073692321777e-01
-1.160895824432373047e+01 -1.159306144714355469e+01 -2.497704982757568359e+00 -1.488984376192092896e-01 6.931176781654357910e-02 3.961568772792816162e-01 9.033740758895874023e-01
-1.160076618194580078e+01 -1.172809505462646484e+01 -2.462419271469116211e+00 -1.513945311307907104e-01 6.158942729234695435e-02 3.889223039150238037e-01 9.066564440727233887e-01
-1.159360790252685547e+01 -1.185407733917236328e+01 -2.428908586502075195e+00 -1.540811210870742798e-01 5.379208177328109741e-02 3.811809718608856201e-01 9.099815487861633301e-01
-1.158759498596191406e+01 -1.197089290618896484e+01 -2.396867513656616211e+00 -1.569111943244934082e-01 4.598556086421012878e-02 3.730503618717193604e-01 9.132894873619079590e-01
-1.158235836029052734e+01 -1.207868099212646484e+01 -2.367017745971679688e+00 -1.598382294178009033e-01 3.823608532547950745e-02 3.646502494812011719e-01 9.165260195732116699e-01
-1.157799434661865234e+01 -1.217734336853027344e+01 -2.339082002639770508e+00 -1.628165543079376221e-01 3.061075881123542786e-02 3.561033904552459717e-01 9.196435213088989258e-01
-1.157424736022949219e+01 -1.226699161529541016e+01 -2.313625335693359375e+00 -1.658022850751876831e-01 2.317648008465766907e-02 3.475352823734283447e-01 9.226003885269165039e-01
-1.157124137878417969e+01 -1.234749031066894531e+01 -2.290205001831054688e+00 -1.687526255846023560e-01 1.600097864866256714e-02 3.390735387802124023e-01 9.253624081611633301e-01
-1.156877517700195312e+01 -1.241895961761474609e+01 -2.269341945648193359e+00 -1.716256141662597656e-01 9.151767939329147339e-03 3.308481872081756592e-01 9.279010891914367676e-01
-1.156681346893310547e+01 -1.248137664794921875e+01 -2.251057147979736328e+00 -1.743810176849365234e-01 2.696670591831207275e-03 3.229907453060150146e-01 9.301940202713012695e-01
-1.156564807891845703e+01 -1.253474140167236328e+01 -2.235330820083618164e+00 -1.769790798425674438e-01 -3.296814858913421631e-03 3.156341612339019775e-01 9.322245121002197266e-01
-1.156493759155273438e+01 -1.257903289794921875e+01 -2.222200870513916016e+00 -1.793818324804306030e-01 -8.760999888181686401e-03 3.089126050472259521e-01 9.339799284934997559e-01
-1.156442737579345703e+01 -1.261456012725830078e+01 -2.212578058242797852e+00 -1.779806762933731079e-01 -1.248585805296897888e-02 3.029823303222656250e-01 9.361456632614135742e-01
-1.156424045562744141e+01 -1.264097118377685547e+01 -2.205454111099243164e+00 -1.767724901437759399e-01 -1.581851020455360413e-02 2.978068590164184570e-01 9.379830360412597656e-01
-1.156439018249511719e+01 -1.265829086303710938e+01 -2.200828790664672852e+00 -1.757391244173049927e-01 -1.876294985413551331e-02 2.933388054370880127e-01 9.395296573638916016e-01
-1.156488227844238281e+01 -1.266652297973632812e+01 -2.198697566986083984e+00 -1.748641133308410645e-01 -2.132722921669483185e-02 2.895310819149017334e-01 9.408184885978698730e-01
-1.156475830078125000e+01 -1.268327140808105469e+01 -2.194175958633422852e+00 -1.741326004266738892e-01 -2.352317050099372864e-02 2.863371074199676514e-01 9.418787360191345215e-01
-1.156402778625488281e+01 -1.270854473114013672e+01 -2.187260627746582031e+00 -1.735312789678573608e-01 -2.536532469093799591e-02 2.837104499340057373e-01 9.427363872528076172e-01
-1.156288623809814453e+01 -1.274238300323486328e+01 -2.178004026412963867e+00 -1.730480641126632690e-01 -2.687076479196548462e-02 2.816053330898284912e-01 9.434143900871276855e-01
-1.156156253814697266e+01 -1.278480434417724609e+01 -2.166465997695922852e+00 -1.726718693971633911e-01 -2.805880270898342133e-02 2.799760103225708008e-01 9.439335465431213379e-01
-1.155978012084960938e+01 -1.283580493927001953e+01 -2.152565956115722656e+00 -1.723925471305847168e-01 -2.895045466721057892e-02 2.787773311138153076e-01 9.443123340606689453e-01
-1.155755233764648438e+01 -1.289538097381591797e+01 -2.136306047439575195e+00 -1.722005903720855713e-01 -2.956824377179145813e-02 2.779645919799804688e-01 9.445677995681762695e-01
-1.155488777160644531e+01 -1.296352958679199219e+01 -2.117683172225952148e+00 -1.720870733261108398e-01 -2.993587404489517212e-02 2.774930596351623535e-01 9.447155594825744629e-01
-1.155328369140625000e+01 -1.304049777984619141e+01 -2.097327947616577148e+00 -1.720433831214904785e-01 -3.007814101874828339e-02 2.773188352584838867e-01 9.447700977325439453e-01
-1.155145454406738281e+01 -1.312608337402343750e+01 -2.074692249298095703e+00 -1.720612794160842896e-01 -3.002040460705757141e-02 2.773979008197784424e-01 9.447455406188964844e-01
-1.154977416992187500e+01 -1.322035598754882812e+01 -2.049960851669311523e+00 -1.721325516700744629e-01 -2.978876978158950806e-02 2.776866555213928223e-01 9.446550011634826660e-01
-1.155007457733154297e+01 -1.332356929779052734e+01 -2.024053812026977539e+00 -1.722492128610610962e-01 -2.940934151411056519e-02 2.781417071819305420e-01 9.445117115974426270e-01
-1.155037689208984375e+01 -1.343545341491699219e+01 -1.995965480804443359e+00 -1.724032014608383179e-01 -2.890859730541706085e-02 2.787197530269622803e-01 9.443286657333374023e-01
-1.155395984649658203e+01 -1.355639648437500000e+01 -1.967526793479919434e+00 -1.725864261388778687e-01 -2.831290289759635925e-02 2.793776392936706543e-01 9.441187977790832520e-01
-1.155826473236083984e+01 -1.368610763549804688e+01 -1.937301039695739746e+00 -1.727907955646514893e-01 -2.764822728931903839e-02 2.800720334053039551e-01 9.438953399658203125e-01
-1.156746959686279297e+01 -1.382491207122802734e+01 -1.907809972763061523e+00 -1.730081439018249512e-01 -2.694029919803142548e-02 2.807597219944000244e-01 9.436717629432678223e-01
-1.157872295379638672e+01 -1.397253894805908203e+01 -1.877368092536926270e+00 -1.732303202152252197e-01 -2.621406130492687225e-02 2.813972830772399902e-01 9.434615373611450195e-01
-1.159601879119873047e+01 -1.412941837310791016e+01 -1.849532485008239746e+00 -1.697731018066406250e-01 -2.439060062170028687e-02 2.820480167865753174e-01 9.439444541931152344e-01
-1.161873054504394531e+01 -1.429498958587646484e+01 -1.823125004768371582e+00 -1.659970283508300781e-01 -2.247292362153530121e-02 2.826170027256011963e-01 9.444932937622070312e-01
-1.164683723449707031e+01 -1.446920394897460938e+01 -1.798078536987304688e+00 -1.619250029325485229e-01 -2.046629600226879120e-02 2.831165492534637451e-01 9.450959563255310059e-01
-1.168350315093994141e+01 -1.465146446228027344e+01 -1.775903224945068359e+00 -1.575802713632583618e-01 -1.837608963251113892e-02 2.835586071014404297e-01 9.457405805587768555e-01
-1.172675037384033203e+01 -1.484165477752685547e+01 -1.754864454269409180e+00 -1.529865562915802002e-01 -1.620769128203392029e-02 2.839556038379669189e-01 9.464151859283447266e-01
-1.177655410766601562e+01 -1.503964328765869141e+01 -1.734572768211364746e+00 -1.481670886278152466e-01 -1.396653242409229279e-02 2.843196392059326172e-01 9.471081495285034180e-01
-1.183319950103759766e+01 -1.524519538879394531e+01 -1.714641094207763672e+00 -1.431452184915542603e-01 -1.165783777832984924e-02 2.846630811691284180e-01 9.478082656860351562e-01
-1.189743232727050781e+01 -1.545787048339843750e+01 -1.694201588630676270e+00 -1.379447728395462036e-01 -9.287228807806968689e-03 2.849983572959899902e-01 9.485045671463012695e-01
-1.196835708618164062e+01 -1.567767524719238281e+01 -1.671868801116943359e+00 -1.325894445180892944e-01 -6.860090419650077820e-03 2.853381335735321045e-01 9.491864442825317383e-01
-1.204531478881835938e+01 -1.590461921691894531e+01 -1.646548986434936523e+00 -1.271033287048339844e-01 -4.381846636533737183e-03 2.856950461864471436e-01 9.498441219329833984e-01
-1.212793445587158203e+01 -1.613859367370605469e+01 -1.616962909698486328e+00 -1.215098425745964050e-01 -1.858029514551162720e-03 2.860820293426513672e-01 9.504678249359130859e-01
-1.221568489074707031e+01 -1.637947654724121094e+01 -1.581641793251037598e+00 -1.158330962061882019e-01 7.058680057525634766e-04 2.865120172500610352e-01 9.510483145713806152e-01
-1.230808353424072266e+01 -1.662722587585449219e+01 -1.539792418479919434e+00 -1.100971698760986328e-01 3.304438665509223938e-03 2.869981229305267334e-01 9.515774846076965332e-01
-1.240497398376464844e+01 -1.688192367553710938e+01 -1.492205739021301270e+00 -1.043264344334602356e-01 5.932047963142395020e-03 2.875536978244781494e-01 9.520471096038818359e-01
-1.250623416900634766e+01 -1.714369583129882812e+01 -1.439722895622253418e+00 -9.854491055011749268e-02 8.583189919590950012e-03 2.881921231746673584e-01 9.524497985839843750e-01
-1.261175537109375000e+01 -1.741276359558105469e+01 -1.383376479148864746e+00 -9.277679771184921265e-02 1.125250570476055145e-02 2.889269590377807617e-01 9.527785778045654297e-01
-1.272143650054931641e+01 -1.768945312500000000e+01 -1.324600815773010254e+00 -8.704659342765808105e-02 1.393420249223709106e-02 2.897719442844390869e-01 9.530273079872131348e-01
-1.283514785766601562e+01 -1.797428131103515625e+01 -1.265620112419128418e+00 -8.137875795364379883e-02 1.662296056747436523e-02 2.907409667968750000e-01 9.531899094581604004e-01
-1.295266723632812500e+01 -1.826821708679199219e+01 -1.210989952087402344e+00 -7.579775154590606689e-02 1.931300386786460876e-02 2.918480038642883301e-01 9.532610177993774414e-01
-1.307196903228759766e+01 -1.857376861572265625e+01 -1.173360586166381836e+00 -7.032747566699981689e-02 2.199920453131198883e-02 2.931070625782012939e-01 9.532357454299926758e-01
-1.317786216735839844e+01 -1.889578056335449219e+01 -1.167220473289489746e+00 -6.498689204454421997e-02 2.467684075236320496e-02 2.945277392864227295e-01 9.531112909317016602e-01
-1.324110794067382812e+01 -1.923767471313476562e+01 -1.184302926063537598e+00 -5.977189168334007263e-02 2.734556049108505249e-02 2.961017489433288574e-01 9.528920650482177734e-01
-1.326856422424316406e+01 -1.959374046325683594e+01 -1.186678409576416016e+00 -5.467195436358451843e-02 3.000589460134506226e-02 2.978160381317138672e-01 9.525839686393737793e-01
-1.327169990539550781e+01 -1.995873451232910156e+01 -1.161232829093933105e+00 -4.967730492353439331e-02 3.265847638249397278e-02 2.996573746204376221e-01 9.521927833557128906e-01
-1.324690151214599609e+01 -2.032627487182617188e+01 -1.093655943870544434e+00 -4.477776587009429932e-02 3.530388325452804565e-02 3.016126453876495361e-01 9.517239332199096680e-01
-1.318166255950927734e+01 -2.067778778076171875e+01 -9.572522044181823730e-01 -3.996276855468750000e-02 3.794270753860473633e-02 3.036686480045318604e-01 9.511827826499938965e-01
-1.307856655120849609e+01 -2.099719619750976562e+01 -7.549962997436523438e-01 -3.522241860628128052e-02 4.057542234659194946e-02 3.058120906352996826e-01 9.505745768547058105e-01
-1.295057964324951172e+01 -2.128791999816894531e+01 -5.099035501480102539e-01 -3.054678067564964294e-02 4.320268332958221436e-02 3.080295622348785400e-01 9.499043226242065430e-01
-1.286765861511230469e+01 -2.145769882202148438e+01 -3.530004918575286865e-01 -2.592516876757144928e-02 4.582499340176582336e-02 3.103077709674835205e-01 9.491770863533020020e-01
