5.820901870727539062e+00 -2.798969459533691406e+01 -3.222867965698242188e+00 2.302403450012207031e-01 -2.720746397972106934e-01 2.893528640270233154e-01 8.883915543556213379e-01
6.261612415313720703e+00 -2.810079765319824219e+01 -3.221387863159179688e+00 2.334217578172683716e-01 -2.764959931373596191e-01 2.851402163505554199e-01 8.875579833984375000e-01
6.714185237884521484e+00 -2.818193817138671875e+01 -3.164780139923095703e+00 2.359817475080490112e-01 -2.815573513507843018e-01 2.811217308044433594e-01 8.865712881088256836e-01
7.177933216094970703e+00 -2.823330307006835938e+01 -3.096957921981811523e+00 2.379580438137054443e-01 -2.871097922325134277e-01 2.772847115993499756e-01 8.854699730873107910e-01
7.656182765960693359e+00 -2.823366165161132812e+01 -3.122195959091186523e+00 2.375971227884292603e-01 -2.935580313205718994e-01 2.730225622653961182e-01 8.847768306732177734e-01
8.142478942871093750e+00 -2.824194335937500000e+01 -3.163768291473388672e+00 2.369790524244308472e-01 -3.001098036766052246e-01 2.689751982688903809e-01 8.839837908744812012e-01
8.637173652648925781e+00 -2.825030136108398438e+01 -3.204663515090942383e+00 2.363889366388320923e-01 -3.065479397773742676e-01 2.652224004268646240e-01 8.830660581588745117e-01
9.133861541748046875e+00 -2.825868606567382812e+01 -3.245911121368408203e+00 2.358122020959854126e-01 -3.127476572990417480e-01 2.617465257644653320e-01 8.820829391479492188e-01
9.621686935424804688e+00 -2.826718902587890625e+01 -3.287790536880493164e+00 2.352370321750640869e-01 -3.185834288597106934e-01 2.585301995277404785e-01 8.810960650444030762e-01
1.010059928894042969e+01 -2.827590751647949219e+01 -3.330723285675048828e+00 2.346529960632324219e-01 -3.239296078681945801e-01 2.555552124977111816e-01 8.801698684692382812e-01
1.057053661346435547e+01 -2.828494071960449219e+01 -3.375166654586791992e+00 2.340507656335830688e-01 -3.286596536636352539e-01 2.528017461299896240e-01 8.793715238571166992e-01
1.103142166137695312e+01 -2.829442024230957031e+01 -3.421694278717041016e+00 2.334210872650146484e-01 -3.326473236083984375e-01 2.502477467060089111e-01 8.787697553634643555e-01
1.148311138153076172e+01 -2.830456924438476562e+01 -3.471313953399658203e+00 2.327542454004287720e-01 -3.357664346694946289e-01 2.478684782981872559e-01 8.784347176551818848e-01
1.192537212371826172e+01 -2.831569099426269531e+01 -3.525350332260131836e+00 2.319968491792678833e-01 -3.375587463378906250e-01 2.456055879592895508e-01 8.785836696624755859e-01
1.235774421691894531e+01 -2.832836341857910156e+01 -3.586502552032470703e+00 2.311675399541854858e-01 -3.381272256374359131e-01 2.434481084346771240e-01 8.791839480400085449e-01
1.278015518188476562e+01 -2.834232902526855469e+01 -3.654572725296020508e+00 2.304110527038574219e-01 -3.386432230472564697e-01 2.414820045232772827e-01 8.797260522842407227e-01
1.319245719909667969e+01 -2.835713386535644531e+01 -3.727964401245117188e+00 2.284056246280670166e-01 -3.373441696166992188e-01 2.390867471694946289e-01 8.814007639884948730e-01
1.359534835815429688e+01 -2.837103271484375000e+01 -3.803895711898803711e+00 2.263593673706054688e-01 -3.347594738006591797e-01 2.367547154426574707e-01 8.835410475730895996e-01
1.399114608764648438e+01 -2.837866592407226562e+01 -3.869572162628173828e+00 2.242927104234695435e-01 -3.309969604015350342e-01 2.344900071620941162e-01 8.860858678817749023e-01
1.437567806243896484e+01 -2.834777259826660156e+01 -3.842171430587768555e+00 2.222259044647216797e-01 -3.261640667915344238e-01 2.322962880134582520e-01 8.889719247817993164e-01
1.463845348358154297e+01 -2.822762870788574219e+01 -3.595949649810791016e+00 2.201787531375885010e-01 -3.203676342964172363e-01 2.301769256591796875e-01 8.921347856521606445e-01
1.495604419708251953e+01 -2.812043952941894531e+01 -3.429020404815673828e+00 2.181712388992309570e-01 -3.137150704860687256e-01 2.281354665756225586e-01 8.955100774765014648e-01
1.527713871002197266e+01 -2.802029228210449219e+01 -3.285007238388061523e+00 2.162237614393234253e-01 -3.063144385814666748e-01 2.261757403612136841e-01 8.990346789360046387e-01
1.559444046020507812e+01 -2.792596435546875000e+01 -3.151124715805053711e+00 2.143570333719253540e-01 -2.982743680477142334e-01 2.243020534515380859e-01 9.026471972465515137e-01
1.590638923645019531e+01 -2.783754158020019531e+01 -3.024014711380004883e+00 2.125926017761230469e-01 -2.897051274776458740e-01 2.225195616483688354e-01 9.062893390655517578e-01
1.621277427673339844e+01 -2.775551605224609375e+01 -2.903044939041137695e+00 2.109528481960296631e-01 -2.807182669639587402e-01 2.208343148231506348e-01 9.099056720733642578e-01
1.651356315612792969e+01 -2.768050193786621094e+01 -2.787993192672729492e+00 2.094609737396240234e-01 -2.714262008666992188e-01 2.192532122135162354e-01 9.134451150894165039e-01
1.680884361267089844e+01 -2.761331939697265625e+01 -2.678916454315185547e+00 2.081413418054580688e-01 -2.619435191154479980e-01 2.177843451499938965e-01 9.168602824211120605e-01
1.709881782531738281e+01 -2.755521583557128906e+01 -2.576149940490722656e+00 2.070190608501434326e-01 -2.523858547210693359e-01 2.164368331432342529e-01 9.201084971427917480e-01
1.738381767272949219e+01 -2.750823402404785156e+01 -2.480430126190185547e+00 2.061205208301544189e-01 -2.428698986768722534e-01 2.152209132909774780e-01 9.231513738632202148e-01
1.766393089294433594e+01 -2.747306823730468750e+01 -2.393012046813964844e+00 2.054727971553802490e-01 -2.335135936737060547e-01 2.141476571559906006e-01 9.259552359580993652e-01
1.793883514404296875e+01 -2.744861221313476562e+01 -2.315023660659790039e+00 2.051040530204772949e-01 -2.244357764720916748e-01 2.132294476032257080e-01 9.284902215003967285e-01
1.820798110961914062e+01 -2.743278694152832031e+01 -2.246958494186401367e+00 2.050433009862899780e-01 -2.157563716173171997e-01 2.124793529510498047e-01 9.307304620742797852e-01
1.847072410583496094e+01 -2.742291641235351562e+01 -2.188492298126220703e+00 2.053200155496597290e-01 -2.075950354337692261e-01 2.119111418724060059e-01 9.326530098915100098e-01
1.872644233703613281e+01 -2.741632843017578125e+01 -2.138555288314819336e+00 2.059644609689712524e-01 -2.000722289085388184e-01 2.115392535924911499e-01 9.342380762100219727e-01
1.897461891174316406e+01 -2.741089248657226562e+01 -2.095651149749755859e+00 2.070073485374450684e-01 -1.933086812496185303e-01 2.113785892724990845e-01 9.354671835899353027e-01
1.921471595764160156e+01 -2.740560531616210938e+01 -2.057742357254028320e+00 2.063252478837966919e-01 -1.878821849822998047e-01 2.110051959753036499e-01 9.368067979812622070e-01
1.944660186767578125e+01 -2.739981842041015625e+01 -2.023918151855468750e+00 2.057708054780960083e-01 -1.833615303039550781e-01 2.107863128185272217e-01 9.378731250762939453e-01
1.967023658752441406e+01 -2.739238166809082031e+01 -1.994571447372436523e+00 2.053330540657043457e-01 -1.797090321779251099e-01 2.106800377368927002e-01 9.386995434761047363e-01
1.988535881042480469e+01 -2.738460540771484375e+01 -1.967839002609252930e+00 2.050007581710815430e-01 -1.768856197595596313e-01 2.106423974037170410e-01 9.393166899681091309e-01
2.009195327758789062e+01 -2.737650871276855469e+01 -1.943708777427673340e+00 2.047619968652725220e-01 -1.748517453670501709e-01 2.106277346611022949e-01 9.397528171539306641e-01
2.029002189636230469e+01 -2.736825942993164062e+01 -1.922470092773437500e+00 2.046042084693908691e-01 -1.735668778419494629e-01 2.105897068977355957e-01 9.400339126586914062e-01
2.047944259643554688e+01 -2.736014366149902344e+01 -1.903041601181030273e+00 2.045140862464904785e-01 -1.729894131422042847e-01 2.104818224906921387e-01 9.401841163635253906e-01
2.066026878356933594e+01 -2.735219192504882812e+01 -1.886246919631958008e+00 2.044775784015655518e-01 -1.730780899524688721e-01 2.102580666542053223e-01 9.402257204055786133e-01
2.083240509033203125e+01 -2.734451293945312500e+01 -1.871189475059509277e+00 2.044796347618103027e-01 -1.737899482250213623e-01 2.098731845617294312e-01 9.401798844337463379e-01
2.100670051574707031e+01 -2.733674049377441406e+01 -1.857191085815429688e+00 2.045046389102935791e-01 -1.750827282667160034e-01 2.092835307121276855e-01 9.400660991668701172e-01
2.118318367004394531e+01 -2.732886505126953125e+01 -1.844779610633850098e+00 2.045360207557678223e-01 -1.769144535064697266e-01 2.084468901157379150e-01 9.399022459983825684e-01
2.136176872253417969e+01 -2.732098579406738281e+01 -1.833180546760559082e+00 2.045565694570541382e-01 -1.792430281639099121e-01 2.073229849338531494e-01 9.397050142288208008e-01
2.154255867004394531e+01 -2.731322479248046875e+01 -1.824209213256835938e+00 2.045486122369766235e-01 -1.820276975631713867e-01 2.058736979961395264e-01 9.394901394844055176e-01
2.172541999816894531e+01 -2.730557250976562500e+01 -1.816364049911499023e+00 2.044939845800399780e-01 -1.852289885282516479e-01 2.040631920099258423e-01 9.392712712287902832e-01
2.191044235229492188e+01 -2.729834175109863281e+01 -1.812098622322082520e+00 2.043741792440414429e-01 -1.888088136911392212e-01 2.018574625253677368e-01 9.390611648559570312e-01
2.209749984741210938e+01 -2.729159355163574219e+01 -1.810765385627746582e+00 2.041707336902618408e-01 -1.927315592765808105e-01 1.992253363132476807e-01 9.388706684112548828e-01
2.228659057617187500e+01 -2.728549194335937500e+01 -1.813315033912658691e+00 2.038650661706924438e-01 -1.969641000032424927e-01 1.961373537778854370e-01 9.387088418006896973e-01
2.247735977172851562e+01 -2.728118133544921875e+01 -1.824694514274597168e+00 2.034389078617095947e-01 -2.014761120080947876e-01 1.925664097070693970e-01 9.385830163955688477e-01
2.266954612731933594e+01 -2.727818489074707031e+01 -1.843189597129821777e+00 2.028741836547851562e-01 -2.062414735555648804e-01 1.884873658418655396e-01 9.384983181953430176e-01
2.286267471313476562e+01 -2.727664566040039062e+01 -1.870715022087097168e+00 2.021531164646148682e-01 -2.112380564212799072e-01 1.838770508766174316e-01 9.384570717811584473e-01
2.304482460021972656e+01 -2.727689361572265625e+01 -1.903286337852478027e+00 1.938353031873703003e-01 -2.178505957126617432e-01 1.770176142454147339e-01 9.400178790092468262e-01
2.321708679199218750e+01 -2.727643585205078125e+01 -1.937904953956604004e+00 1.843149065971374512e-01 -2.247167080640792847e-01 1.693690121173858643e-01 9.417242407798767090e-01
2.338106155395507812e+01 -2.727224540710449219e+01 -1.965738773345947266e+00 1.737501025199890137e-01 -2.317308783531188965e-01 1.610454320907592773e-01 9.434914588928222656e-01
2.353743934631347656e+01 -2.725877571105957031e+01 -1.968345880508422852e+00 1.623017489910125732e-01 -2.387884408235549927e-01 1.521633565425872803e-01 9.452431201934814453e-01
2.368103218078613281e+01 -2.723642730712890625e+01 -1.939778685569763184e+00 1.501336842775344849e-01 -2.457865178585052490e-01 1.428418457508087158e-01 9.469134211540222168e-01
2.380864143371582031e+01 -2.720836639404296875e+01 -1.889878153800964355e+00 1.374128013849258423e-01 -2.526257634162902832e-01 1.332025676965713501e-01 9.484487175941467285e-01
2.392149353027343750e+01 -2.717725753784179688e+01 -1.830503463745117188e+00 1.243090331554412842e-01 -2.592102289199829102e-01 1.233698949217796326e-01 9.498090147972106934e-01
2.402168083190917969e+01 -2.714441871643066406e+01 -1.768242120742797852e+00 1.109946370124816895e-01 -2.654474377632141113e-01 1.134704053401947021e-01 9.509691596031188965e-01
2.411095237731933594e+01 -2.711046981811523438e+01 -1.706809639930725098e+00 9.764412045478820801e-02 -2.712490856647491455e-01 1.036327332258224487e-01 9.519189596176147461e-01
2.419053649902343750e+01 -2.707567024230957031e+01 -1.648457050323486328e+00 8.443341404199600220e-02 -2.765315771102905273e-01 9.398709982633590698e-02 9.526635408401489258e-01
2.426126480102539062e+01 -2.704004859924316406e+01 -1.594724655151367188e+00 7.153948396444320679e-02 -2.812157869338989258e-01 8.466494083404541016e-02 9.532217383384704590e-01
2.432362174987792969e+01 -2.700334167480468750e+01 -1.546924114227294922e+00 5.913959443569183350e-02 -2.852265238761901855e-01 7.579836249351501465e-02 9.536262154579162598e-01
2.437773895263671875e+01 -2.696480369567871094e+01 -1.506675124168395996e+00 4.741085320711135864e-02 -2.884924113750457764e-01 6.751978397369384766e-02 9.539210796356201172e-01
2.442310714721679688e+01 -2.692334938049316406e+01 -1.476040005683898926e+00 3.652973100543022156e-02 -2.909452617168426514e-01 5.996150150895118713e-02 9.541598558425903320e-01
2.445862007141113281e+01 -2.687985038757324219e+01 -1.455801367759704590e+00 2.667175978422164917e-02 -2.925195991992950439e-01 5.325543880462646484e-02 9.544028043746948242e-01
2.448348617553710938e+01 -2.683669662475585938e+01 -1.445853829383850098e+00 1.801129616796970367e-02 -2.931506037712097168e-01 4.753292351961135864e-02 9.547141194343566895e-01
2.450001907348632812e+01 -2.679185295104980469e+01 -1.444911122322082520e+00 1.072145067155361176e-02 -2.927733361721038818e-01 4.292448610067367554e-02 9.551578164100646973e-01
2.450842285156250000e+01 -2.674824333190917969e+01 -1.451730966567993164e+00 4.974323790520429611e-03 -2.913212776184082031e-01 3.955993801355361938e-02 9.557940363883972168e-01
2.451068115234375000e+01 -2.670796966552734375e+01 -1.463725566864013672e+00 9.408826008439064026e-04 -2.887252569198608398e-01 3.756814077496528625e-02 9.566741585731506348e-01
2.450971794128417969e+01 -2.667152976989746094e+01 -1.478052973747253418e+00 -1.208751462399959564e-03 -2.849104106426239014e-01 3.707704693078994751e-02 9.578359723091125488e-01
2.451410675048828125e+01 -2.663976287841796875e+01 -1.494147896766662598e+00 -1.359075307846069336e-03 -2.798280417919158936e-01 3.818020224571228027e-02 9.592897295951843262e-01
2.452812194824218750e+01 -2.661634635925292969e+01 -1.513400554656982422e+00 3.871256485581398010e-04 -2.735528349876403809e-01 4.083583131432533264e-02 9.609897136688232422e-01
2.454520416259765625e+01 -2.659874534606933594e+01 -1.532335758209228516e+00 3.873510286211967468e-03 -2.661868333816528320e-01 4.496794566512107849e-02 9.628642201423645020e-01
2.456191444396972656e+01 -2.658395385742187500e+01 -1.549836397171020508e+00 8.943146094679832458e-03 -2.578300833702087402e-01 5.049947649240493774e-02 9.648282527923583984e-01
2.457747459411621094e+01 -2.657109260559082031e+01 -1.565733909606933594e+00 1.543778926134109497e-02 -2.485799640417098999e-01 5.735215172171592712e-02 9.667887687683105469e-01
2.459179115295410156e+01 -2.656009483337402344e+01 -1.579991459846496582e+00 2.319859154522418976e-02 -2.385340034961700439e-01 6.544659286737442017e-02 9.686486124992370605e-01
2.460465240478515625e+01 -2.655072402954101562e+01 -1.592561006546020508e+00 3.206541389226913452e-02 -2.277915924787521362e-01 7.470201700925827026e-02 9.703103899955749512e-01
2.461592674255371094e+01 -2.654283332824707031e+01 -1.603405714035034180e+00 4.187683016061782837e-02 -2.164539843797683716e-01 8.503640443086624146e-02 9.716804027557373047e-01
2.462556648254394531e+01 -2.653639984130859375e+01 -1.612498760223388672e+00 5.247019976377487183e-02 -2.046247422695159912e-01 9.636646509170532227e-02 9.726710915565490723e-01
2.463352966308593750e+01 -2.653140830993652344e+01 -1.619810461997985840e+00 6.368199735879898071e-02 -1.924119740724563599e-01 1.086078882217407227e-01 9.732042551040649414e-01
2.463978767395019531e+01 -2.652784919738769531e+01 -1.625310063362121582e+00 7.534804940223693848e-02 -1.799266338348388672e-01 1.216756477952003479e-01 9.732133150100708008e-01
2.464600944519042969e+01 -2.652421760559082031e+01 -1.630770802497863770e+00 8.730404824018478394e-02 -1.672835201025009155e-01 1.354843229055404663e-01 9.726449251174926758e-01
2.465214347839355469e+01 -2.652049064636230469e+01 -1.636152029037475586e+00 9.938620030879974365e-02 -1.546015590429306030e-01 1.499486565589904785e-01 9.714608192443847656e-01
2.465815925598144531e+01 -2.651667022705078125e+01 -1.641412615776062012e+00 1.114318668842315674e-01 -1.420024037361145020e-01 1.649841964244842529e-01 9.696382880210876465e-01
2.466402626037597656e+01 -2.651275634765625000e+01 -1.646509408950805664e+00 1.232800111174583435e-01 -1.296108663082122803e-01 1.805075705051422119e-01 9.671711325645446777e-01
2.466972160339355469e+01 -2.650876617431640625e+01 -1.651397347450256348e+00 1.347719877958297729e-01 -1.175535470247268677e-01 1.964375227689743042e-01 9.640694856643676758e-01
2.467522621154785156e+01 -2.650470924377441406e+01 -1.656030535697937012e+00 1.457521617412567139e-01 -1.059595942497253418e-01 2.126950323581695557e-01 9.603590965270996094e-01
2.468052482604980469e+01 -2.650061035156250000e+01 -1.660361289978027344e+00 1.560681313276290894e-01 -9.495857357978820801e-02 2.292045354843139648e-01 9.560809731483459473e-01
2.468560981750488281e+01 -2.649649429321289062e+01 -1.664343476295471191e+00 1.655712127685546875e-01 -8.468089997768402100e-02 2.458935528993606567e-01 9.512894153594970703e-01
2.469047355651855469e+01 -2.649238967895507812e+01 -1.667929649353027344e+00 1.741163432598114014e-01 -7.525685429573059082e-02 2.626936435699462891e-01 9.460507631301879883e-01
2.469511604309082031e+01 -2.648832511901855469e+01 -1.671082735061645508e+00 1.815971881151199341e-01 -6.678548455238342285e-02 2.795395851135253906e-01 9.404359459877014160e-01
2.469953346252441406e+01 -2.648431587219238281e+01 -1.673807621002197266e+00 1.880501955747604370e-01 -5.924430489540100098e-02 2.963659763336181641e-01 9.345022439956665039e-01
2.470371818542480469e+01 -2.648037719726562500e+01 -1.676119685173034668e+00 1.935472190380096436e-01 -5.257850512862205505e-02 3.131068050861358643e-01 9.282990694046020508e-01
2.470766830444335938e+01 -2.647656250000000000e+01 -1.677953124046325684e+00 1.978292465209960938e-01 -4.685078933835029602e-02 3.296794295310974121e-01 9.219436049461364746e-01
2.471142005920410156e+01 -2.647314453125000000e+01 -1.678705453872680664e+00 1.985007822513580322e-01 -4.295728728175163269e-02 3.459089696407318115e-01 9.160234928131103516e-01
2.471492195129394531e+01 -2.646975326538085938e+01 -1.679292917251586914e+00 1.992568820714950562e-01 -3.956934064626693726e-02 3.619162738323211670e-01 9.098063111305236816e-01
2.471815872192382812e+01 -2.646640968322753906e+01 -1.679718017578125000e+00 2.000910341739654541e-01 -3.661209344863891602e-02 3.776199519634246826e-01 9.033417105674743652e-01
2.472110748291015625e+01 -2.646313667297363281e+01 -1.679981946945190430e+00 2.009936422109603882e-01 -3.401834517717361450e-02 3.929449021816253662e-01 8.966819643974304199e-01
2.472940063476562500e+01 -2.645509910583496094e+01 -1.686026215553283691e+00 2.019520252943038940e-01 -3.172826766967773438e-02 4.078195095062255859e-01 8.898830413818359375e-01
2.474302864074707031e+01 -2.644231796264648438e+01 -1.697852730751037598e+00 2.029515206813812256e-01 -2.968993782997131348e-02 4.221770763397216797e-01 8.830037117004394531e-01
2.476198387145996094e+01 -2.642482376098632812e+01 -1.715461969375610352e+00 2.039767056703567505e-01 -2.786117047071456909e-02 4.359537065029144287e-01 8.761059045791625977e-01
2.478625869750976562e+01 -2.640264129638671875e+01 -1.738855242729187012e+00 2.050112038850784302e-01 -2.620711922645568848e-02 4.490882754325866699e-01 8.692544698715209961e-01
2.481585311889648438e+01 -2.637580108642578125e+01 -1.768033146858215332e+00 2.060391008853912354e-01 -2.470180392265319824e-02 4.615225195884704590e-01 8.625164031982421875e-01
2.485090446472167969e+01 -2.634405517578125000e+01 -1.802634835243225098e+00 2.070454657077789307e-01 -2.332717925310134888e-02 4.732006788253784180e-01 8.559609055519104004e-01
2.489139175415039062e+01 -2.630747985839843750e+01 -1.842728257179260254e+00 2.080161273479461670e-01 -2.207160741090774536e-02 4.840685725212097168e-01 8.496586084365844727e-01
2.493748474121093750e+01 -2.626576995849609375e+01 -1.887849092483520508e+00 2.089385688304901123e-01 -2.093043923377990723e-02 4.940734207630157471e-01 8.436811566352844238e-01
2.498921585083007812e+01 -2.621889305114746094e+01 -1.937915563583374023e+00 2.098018079996109009e-01 -1.990415155887603760e-02 5.031636357307434082e-01 8.381009697914123535e-01
2.504686927795410156e+01 -2.616629981994628906e+01 -1.992082476615905762e+00 2.105961143970489502e-01 -1.899732649326324463e-02 5.112882852554321289e-01 8.329901695251464844e-01
2.511026573181152344e+01 -2.610837364196777344e+01 -2.050866365432739258e+00 2.113125175237655640e-01 -1.821704953908920288e-02 5.183965563774108887e-01 8.284202218055725098e-01
2.518017005920410156e+01 -2.604350852966308594e+01 -2.111755371093750000e+00 2.119428515434265137e-01 -1.757208257913589478e-02 5.244376659393310547e-01 8.244613409042358398e-01
2.525622940063476562e+01 -2.597241592407226562e+01 -2.175679206848144531e+00 2.124840021133422852e-01 -1.707314699888229370e-02 5.293852686882019043e-01 8.211639523506164551e-01
2.533870506286621094e+01 -2.589451408386230469e+01 -2.241688728332519531e+00 2.129527330398559570e-01 -1.673495024442672729e-02 5.333138108253479004e-01 8.185031414031982422e-01
2.542836570739746094e+01 -2.580776214599609375e+01 -2.305983304977416992e+00 2.133693099021911621e-01 -1.656929403543472290e-02 5.363202095031738281e-01 8.164309859275817871e-01
2.552489852905273438e+01 -2.571253776550292969e+01 -2.368645668029785156e+00 2.137523591518402100e-01 -1.658446341753005981e-02 5.384981632232666016e-01 8.148953318595886230e-01
2.562848854064941406e+01 -2.560781860351562500e+01 -2.426998138427734375e+00 2.141190767288208008e-01 -1.678559929132461548e-02 5.399394631385803223e-01 8.138406872749328613e-01
2.573889160156250000e+01 -2.549256134033203125e+01 -2.478149890899658203e+00 2.144856750965118408e-01 -1.717671006917953491e-02 5.407335162162780762e-01 8.132084608078002930e-01
2.585487174987792969e+01 -2.536603164672851562e+01 -2.520363092422485352e+00 2.148683071136474609e-01 -1.776140928268432617e-02 5.409688353538513184e-01 8.129384517669677734e-01
2.597463798522949219e+01 -2.522738075256347656e+01 -2.551926851272583008e+00 2.152826189994812012e-01 -1.854307204484939575e-02 5.407326221466064453e-01 8.129683732986450195e-01
2.609563827514648438e+01 -2.507558250427246094e+01 -2.571025848388671875e+00 2.157449126243591309e-01 -1.952634006738662720e-02 5.401119589805603027e-01 8.132354617118835449e-01
2.621425628662109375e+01 -2.490942764282226562e+01 -2.575576782226562500e+00 2.162717878818511963e-01 -2.071675658226013184e-02 5.391934514045715332e-01 8.136754035949707031e-01
2.632526779174804688e+01 -2.472761154174804688e+01 -2.563077449798583984e+00 2.168806344270706177e-01 -2.212105691432952881e-02 5.380642414093017578e-01 8.142237067222595215e-01
2.641619491577148438e+01 -2.452790069580078125e+01 -2.527073383331298828e+00 2.175896763801574707e-01 -2.374726533889770508e-02 5.368119478225708008e-01 8.148151040077209473e-01
2.647705078125000000e+01 -2.431291198730468750e+01 -2.465501546859741211e+00 2.184177935123443604e-01 -2.560400962829589844e-02 5.355249643325805664e-01 8.153840303421020508e-01
2.650223159790039062e+01 -2.409170150756835938e+01 -2.376985311508178711e+00 2.193849384784698486e-01 -2.770052105188369751e-02 5.342934727668762207e-01 8.158634901046752930e-01
2.650353050231933594e+01 -2.386947250366210938e+01 -2.268321990966796875e+00 2.205120474100112915e-01 -3.004565089941024780e-02 5.332090854644775391e-01 8.161860108375549316e-01
2.649373054504394531e+01 -2.364668083190917969e+01 -2.144190073013305664e+00 2.218207120895385742e-01 -3.264706581830978394e-02 5.323652029037475586e-01 8.162823915481567383e-01
2.648803710937500000e+01 -2.342078781127929688e+01 -2.009677648544311523e+00 2.233334332704544067e-01 -3.550996631383895874e-02 5.318570137023925781e-01 8.160816431045532227e-01
2.648773384094238281e+01 -2.318582916259765625e+01 -1.875212669372558594e+00 2.250730097293853760e-01 -3.863489627838134766e-02 5.317832231521606445e-01 8.155096769332885742e-01
2.648390007019042969e+01 -2.293515968322753906e+01 -1.754165291786193848e+00 2.270632982254028320e-01 -4.201754927635192871e-02 5.322442650794982910e-01 8.144893050193786621e-01
2.646947860717773438e+01 -2.266651725769042969e+01 -1.656561255455017090e+00 2.293277084827423096e-01 -4.564458131790161133e-02 5.333440899848937988e-01 8.129387497901916504e-01
2.644004249572753906e+01 -2.238250923156738281e+01 -1.588071823120117188e+00 2.263019531965255737e-01 -5.316016077995300293e-02 5.348072648048400879e-01 8.123684525489807129e-01
2.640103149414062500e+01 -2.208725547790527344e+01 -1.542690753936767578e+00 2.225621044635772705e-01 -6.149654090404510498e-02 5.367926955223083496e-01 8.115034103393554688e-01
2.636006355285644531e+01 -2.178235054016113281e+01 -1.514770507812500000e+00 2.181297242641448975e-01 -7.054863870143890381e-02 5.392029881477355957e-01 8.103717565536499023e-01
2.632240676879882812e+01 -2.146852684020996094e+01 -1.498032212257385254e+00 2.130267620086669922e-01 -8.021111786365509033e-02 5.419413447380065918e-01 8.090026378631591797e-01
2.629391098022460938e+01 -2.114575195312500000e+01 -1.491314053535461426e+00 2.072760611772537231e-01 -9.037798643112182617e-02 5.449122190475463867e-01 8.074274659156799316e-01
2.627729034423828125e+01 -2.081448745727539062e+01 -1.491022586822509766e+00 2.009015083312988281e-01 -1.009428501129150391e-01 5.480218529701232910e-01 8.056805729866027832e-01
2.627588653564453125e+01 -2.047524452209472656e+01 -1.495545625686645508e+00 1.939287185668945312e-01 -1.117998659610748291e-01 5.511788725852966309e-01 8.037999272346496582e-01
2.629025268554687500e+01 -2.012877082824707031e+01 -1.504407882690429688e+00 1.863843798637390137e-01 -1.228426843881607056e-01 5.542947053909301758e-01 8.018278479576110840e-01
2.631743621826171875e+01 -1.977559280395507812e+01 -1.517278432846069336e+00 1.782969534397125244e-01 -1.339656114578247070e-01 5.572839975357055664e-01 7.998111844062805176e-01
2.635363960266113281e+01 -1.941482925415039062e+01 -1.533513426780700684e+00 1.696964502334594727e-01 -1.450635939836502075e-01 5.600645542144775391e-01 7.978016734123229980e-01
2.639654159545898438e+01 -1.904642105102539062e+01 -1.552838683128356934e+00 1.606141626834869385e-01 -1.560319960117340088e-01 5.625579357147216797e-01 7.958553433418273926e-01
2.644395446777343750e+01 -1.867019653320312500e+01 -1.574998736381530762e+00 1.510825455188751221e-01 -1.667669117450714111e-01 5.646891593933105469e-01 7.940334081649780273e-01
2.649373054504394531e+01 -1.828593063354492188e+01 -1.599936485290527344e+00 1.411355584859848022e-01 -1.771662831306457520e-01 5.663862824440002441e-01 7.924009561538696289e-01
2.654360771179199219e+01 -1.789332771301269531e+01 -1.627245783805847168e+00 1.308078169822692871e-01 -1.871283799409866333e-01 5.675815939903259277e-01 7.910268306732177734e-01
2.659181594848632812e+01 -1.749217987060546875e+01 -1.656775474548339844e+00 1.201337426900863647e-01 -1.965527832508087158e-01 5.682087540626525879e-01 7.899833321571350098e-01
2.663666534423828125e+01 -1.708231925964355469e+01 -1.688435912132263184e+00 1.091494262218475342e-01 -2.053404897451400757e-01 5.682048201560974121e-01 7.893447279930114746e-01
2.667647552490234375e+01 -1.666362571716308594e+01 -1.722143769264221191e+00 9.788957238197326660e-02 -2.133933752775192261e-01 5.675078034400939941e-01 7.891867756843566895e-01
2.670956993103027344e+01 -1.623604583740234375e+01 -1.757818579673767090e+00 8.638934791088104248e-02 -2.206144481897354126e-01 5.660567283630371094e-01 7.895859479904174805e-01
2.673405647277832031e+01 -1.579959392547607422e+01 -1.795391798019409180e+00 7.468309998512268066e-02 -2.269070893526077271e-01 5.637906193733215332e-01 7.906172275543212891e-01
2.674726486206054688e+01 -1.535437011718750000e+01 -1.834818959236145020e+00 6.280319392681121826e-02 -2.321753054857254028e-01 5.606470108032226562e-01 7.923542261123657227e-01
2.674898147583007812e+01 -1.490064430236816406e+01 -1.875898957252502441e+00 5.079168081283569336e-02 -2.363498806953430176e-01 5.565901994705200195e-01 7.948372960090637207e-01
2.674089622497558594e+01 -1.443862247467041016e+01 -1.918438315391540527e+00 3.872510045766830444e-02 -2.394678592681884766e-01 5.516957044601440430e-01 7.979894876480102539e-01
2.672458457946777344e+01 -1.396839523315429688e+01 -1.962253093719482422e+00 2.669047564268112183e-02 -2.415939271450042725e-01 5.460678339004516602e-01 8.017042875289916992e-01
2.670158576965332031e+01 -1.348996829986572266e+01 -2.007163286209106445e+00 1.477431505918502808e-02 -2.427922934293746948e-01 5.398120284080505371e-01 8.058763146400451660e-01
2.667345237731933594e+01 -1.300329113006591797e+01 -2.052986145019531250e+00 3.063842654228210449e-03 -2.431291192770004272e-01 5.330355763435363770e-01 8.104022741317749023e-01
2.664198112487792969e+01 -1.251390743255615234e+01 -2.098911762237548828e+00 -8.354797959327697754e-03 -2.426721155643463135e-01 5.258483886718750000e-01 8.151833415031433105e-01
2.660958099365234375e+01 -1.202163887023925781e+01 -2.144725322723388672e+00 -1.939447969198226929e-02 -2.414894551038742065e-01 5.183641314506530762e-01 8.201251029968261719e-01
2.657777214050292969e+01 -1.153008270263671875e+01 -2.189935207366943359e+00 -2.996854484081268311e-02 -2.396526336669921875e-01 5.106996297836303711e-01 8.251391649246215820e-01
2.654661560058593750e+01 -1.103921318054199219e+01 -2.234528064727783203e+00 -3.999114036560058594e-02 -2.372336983680725098e-01 5.029754638671875000e-01 8.301424980163574219e-01
2.651629638671875000e+01 -1.054898929595947266e+01 -2.278377532958984375e+00 -4.937601834535598755e-02 -2.343071699142456055e-01 4.953155219554901123e-01 8.350596427917480469e-01
2.648679924011230469e+01 -1.005940628051757812e+01 -2.321601629257202148e+00 -5.798501521348953247e-02 -2.309177517890930176e-01 4.878626167774200439e-01 8.398243188858032227e-01
2.645870590209960938e+01 -9.570340156555175781e+00 -2.364736318588256836e+00 -6.316280364990234375e-02 -2.256796658039093018e-01 4.814351797103881836e-01 8.445704579353332520e-01
2.643171882629394531e+01 -9.081899642944335938e+00 -2.406894445419311523e+00 -6.804488599300384521e-02 -2.205540537834167480e-01 4.752717316150665283e-01 8.490244150161743164e-01
2.640649795532226562e+01 -8.594035148620605469e+00 -2.448131084442138672e+00 -7.257616519927978516e-02 -2.156107127666473389e-01 4.695130288600921631e-01 8.531132340431213379e-01
2.638401794433593750e+01 -8.106725692749023438e+00 -2.488916635513305664e+00 -7.670609652996063232e-02 -2.109229564666748047e-01 4.643007516860961914e-01 8.567685484886169434e-01
2.636630821228027344e+01 -7.620362281799316406e+00 -2.529968261718750000e+00 -8.038736134767532349e-02 -2.065679430961608887e-01 4.597767591476440430e-01 8.599260449409484863e-01
2.635707855224609375e+01 -7.135034084320068359e+00 -2.572924137115478516e+00 -8.357422798871994019e-02 -2.026269733905792236e-01 4.560811817646026611e-01 8.625239729881286621e-01
2.631014633178710938e+01 -6.653987884521484375e+00 -2.610369920730590820e+00 -8.622047305107116699e-02 -1.991856396198272705e-01 4.533515572547912598e-01 8.645018339157104492e-01
2.595708847045898438e+01 -6.367027282714843750e+00 -2.575125694274902344e+00 -8.827773481607437134e-02 -1.963335722684860229e-01 4.517208933830261230e-01 8.657992482185363770e-01
2.548183631896972656e+01 -6.340007305145263672e+00 -2.492899656295776367e+00 -8.969201147556304932e-02 -1.941659748554229736e-01 4.513163268566131592e-01 8.663535714149475098e-01
2.500842285156250000e+01 -6.371954441070556641e+00 -2.407584190368652344e+00 -8.657424151897430420e-02 -1.907503902912139893e-01 4.530693590641021729e-01 8.665144443511962891e-01
2.453724288940429688e+01 -6.415152549743652344e+00 -2.323464870452880859e+00 -8.202075958251953125e-02 -1.876542568206787109e-01 4.562017917633056641e-01 8.659898638725280762e-01
2.406657981872558594e+01 -6.445992469787597656e+00 -2.240131855010986328e+00 -7.615309953689575195e-02 -1.848603188991546631e-01 4.605739414691925049e-01 8.648115396499633789e-01
2.359680557250976562e+01 -6.439168453216552734e+00 -2.155933856964111328e+00 -6.909193098545074463e-02 -1.823493987321853638e-01 4.660424292087554932e-01 8.630061149597167969e-01
2.313710403442382812e+01 -6.354134559631347656e+00 -2.070504426956176758e+00 -6.095866113901138306e-02 -1.801028251647949219e-01 4.724617600440979004e-01 8.605967760086059570e-01
2.270204544067382812e+01 -6.179857730865478516e+00 -1.994440913200378418e+00 -5.187548696994781494e-02 -1.781008839607238770e-01 4.796862006187438965e-01 8.576072454452514648e-01
2.228232574462890625e+01 -5.966505050659179688e+00 -1.937076926231384277e+00 -4.196447879076004028e-02 -1.763246059417724609e-01 4.875702857971191406e-01 8.540630936622619629e-01
2.186316299438476562e+01 -5.751035213470458984e+00 -1.894860506057739258e+00 -3.135024756193161011e-02 -1.747560501098632812e-01 4.959704279899597168e-01 8.499945998191833496e-01
2.144038009643554688e+01 -5.543769359588623047e+00 -1.862182259559631348e+00 -2.015692740678787231e-02 -1.733788996934890747e-01 5.047453641891479492e-01 8.454380631446838379e-01
2.101302909851074219e+01 -5.348045349121093750e+00 -1.836067438125610352e+00 -8.510693907737731934e-03 -1.721777617931365967e-01 5.137577652931213379e-01 8.404375314712524414e-01
2.058158493041992188e+01 -5.164124488830566406e+00 -1.814049005508422852e+00 3.461711108684539795e-03 -1.711390912532806396e-01 5.228750705718994141e-01 8.350455164909362793e-01
2.014368057250976562e+01 -4.999290466308593750e+00 -1.796515107154846191e+00 1.563293486833572388e-02 -1.702515482902526855e-01 5.319697856903076172e-01 8.293239474296569824e-01
1.969880485534667969e+01 -4.858212947845458984e+00 -1.783056855201721191e+00 2.787560969591140747e-02 -1.695058643817901611e-01 5.409201383590698242e-01 8.233444690704345703e-01
1.924339485168457031e+01 -4.762911796569824219e+00 -1.775768995285034180e+00 4.006184637546539307e-02 -1.688945889472961426e-01 5.496113896369934082e-01 8.171885013580322266e-01
1.878147697448730469e+01 -4.721972465515136719e+00 -1.774510145187377930e+00 5.206460505723953247e-02 -1.684130728244781494e-01 5.579344034194946289e-01 8.109472393989562988e-01
1.831909942626953125e+01 -4.732216835021972656e+00 -1.777514934539794922e+00 6.375768035650253296e-02 -1.680576801300048828e-01 5.657876729965209961e-01 8.047209978103637695e-01
1.785963058471679688e+01 -4.774388790130615234e+00 -1.781659245491027832e+00 7.501523196697235107e-02 -1.678274869918823242e-01 5.730754137039184570e-01 7.986182570457458496e-01
1.740265846252441406e+01 -4.829575538635253906e+00 -1.784609079360961914e+00 8.571337163448333740e-02 -1.677234023809432983e-01 5.797082781791687012e-01 7.927549481391906738e-01
1.694735527038574219e+01 -4.889021396636962891e+00 -1.785943865776062012e+00 9.572913497686386108e-02 -1.677474677562713623e-01 5.856017470359802246e-01 7.872530221939086914e-01
1.649361801147460938e+01 -4.951738357543945312e+00 -1.786057710647583008e+00 1.049411520361900330e-01 -1.679033488035202026e-01 5.906758904457092285e-01 7.822390198707580566e-01
1.604134941101074219e+01 -5.016877174377441406e+00 -1.785277009010314941e+00 1.132615134119987488e-01 -1.681881844997406006e-01 5.948823094367980957e-01 7.778171896934509277e-01
1.559052658081054688e+01 -5.084098815917968750e+00 -1.783756017684936523e+00 1.207328140735626221e-01 -1.685707271099090576e-01 5.982874631881713867e-01 7.739894390106201172e-01
1.514114570617675781e+01 -5.153149127960205078e+00 -1.781617045402526855e+00 1.274295598268508911e-01 -1.690109372138977051e-01 6.009816527366638184e-01 7.707256674766540527e-01
1.469320297241210938e+01 -5.223842144012451172e+00 -1.778957128524780273e+00 1.334261149168014526e-01 -1.694685518741607666e-01 6.030505299568176270e-01 7.679893970489501953e-01
1.424669933319091797e+01 -5.296055793762207031e+00 -1.775832176208496094e+00 1.387958228588104248e-01 -1.699005663394927979e-01 6.045768260955810547e-01 7.657390236854553223e-01
1.380145931243896484e+01 -5.368600845336914062e+00 -1.772113323211669922e+00 1.436118632555007935e-01 -1.702643930912017822e-01 6.056388020515441895e-01 7.639289498329162598e-01
1.335733127593994141e+01 -5.440454006195068359e+00 -1.767671108245849609e+00 1.479467898607254028e-01 -1.705162823200225830e-01 6.063129901885986328e-01 7.625093460083007812e-01
1.291418457031250000e+01 -5.510699272155761719e+00 -1.762386798858642578e+00 1.518725007772445679e-01 -1.706115454435348511e-01 6.066735982894897461e-01 7.614285945892333984e-01
1.247190856933593750e+01 -5.578508377075195312e+00 -1.756152629852294922e+00 1.554611474275588989e-01 -1.705059111118316650e-01 6.067929267883300781e-01 7.606325745582580566e-01
1.203041934967041016e+01 -5.643121242523193359e+00 -1.748872637748718262e+00 1.587841659784317017e-01 -1.701540201902389526e-01 6.067422628402709961e-01 7.600650787353515625e-01
1.158965301513671875e+01 -5.703810691833496094e+00 -1.740451931953430176e+00 1.619127094745635986e-01 -1.695103943347930908e-01 6.065915226936340332e-01 7.596691250801086426e-01
1.114953327178955078e+01 -5.759648323059082031e+00 -1.730735421180725098e+00 1.649176776409149170e-01 -1.685290187597274780e-01 6.064097285270690918e-01 7.593860626220703125e-01
1.071007823944091797e+01 -5.810178756713867188e+00 -1.719701170921325684e+00 1.678700745105743408e-01 -1.671644002199172974e-01 6.062648892402648926e-01 7.591565251350402832e-01
1.027144241333007812e+01 -5.856326580047607422e+00 -1.707689523696899414e+00 1.708403974771499634e-01 -1.653702408075332642e-01 6.062242984771728516e-01 7.589192390441894531e-01
9.833744049072265625e+00 -5.898886680603027344e+00 -1.695000529289245605e+00 1.738989055156707764e-01 -1.630999594926834106e-01 6.063539981842041016e-01 7.586120963096618652e-01
9.397068023681640625e+00 -5.938555240631103516e+00 -1.681910634040832520e+00 1.771153062582015991e-01 -1.603067666292190552e-01 6.067187190055847168e-01 7.581716775894165039e-01
8.961483955383300781e+00 -5.975983619689941406e+00 -1.668685913085937500e+00 1.805594712495803833e-01 -1.569439619779586792e-01 6.073817610740661621e-01 7.575317621231079102e-01
8.527047157287597656e+00 -6.011813640594482422e+00 -1.655601143836975098e+00 1.842999458312988281e-01 -1.529634892940521240e-01 6.084041595458984375e-01 7.566241621971130371e-01
8.099439620971679688e+00 -6.046264648437500000e+00 -1.643137454986572266e+00 1.884053051471710205e-01 -1.483180224895477295e-01 6.098444461822509766e-01 7.553772926330566406e-01
7.678711891174316406e+00 -6.080084800720214844e+00 -1.631614685058593750e+00 1.929426491260528564e-01 -1.429586261510848999e-01 6.117581129074096680e-01 7.537161111831665039e-01
7.264917850494384766e+00 -6.114115238189697266e+00 -1.621395230293273926e+00 1.979504376649856567e-01 -1.368635445833206177e-01 6.141755580902099609e-01 7.515799403190612793e-01
6.858086585998535156e+00 -6.148852825164794922e+00 -1.612671732902526855e+00 2.033552825450897217e-01 -1.301186084747314453e-01 6.170423626899719238e-01 7.489821910858154297e-01
6.458193778991699219e+00 -6.184100151062011719e+00 -1.605361342430114746e+00 2.090565860271453857e-01 -1.228379905223846436e-01 6.202841997146606445e-01 7.459582090377807617e-01
6.065213680267333984e+00 -6.219611167907714844e+00 -1.599364638328552246e+00 2.149541676044464111e-01 -1.151363030076026917e-01 6.238296627998352051e-01 7.425462007522583008e-01
5.679112911224365234e+00 -6.255083084106445312e+00 -1.594568133354187012e+00 2.209487557411193848e-01 -1.071290522813796997e-01 6.276108622550964355e-01 7.387892603874206543e-01
5.299855709075927734e+00 -6.290137767791748047e+00 -1.590837359428405762e+00 2.269428223371505737e-01 -9.893331676721572876e-02 6.315634846687316895e-01 7.347357869148254395e-01
4.927386760711669922e+00 -6.324219703674316406e+00 -1.588081955909729004e+00 2.328402101993560791e-01 -9.066671878099441528e-02 6.356285214424133301e-01 7.304390668869018555e-01
4.553569316864013672e+00 -6.357297420501708984e+00 -1.585964679718017578e+00 2.385462671518325806e-01 -8.244761824607849121e-02 6.397511363029479980e-01 7.259590029716491699e-01
4.178308010101318359e+00 -6.388251304626464844e+00 -1.584616303443908691e+00 2.439682781696319580e-01 -7.439505308866500854e-02 6.438816189765930176e-01 7.213606834411621094e-01
3.801415920257568359e+00 -6.414395809173583984e+00 -1.585375666618347168e+00 2.490159571170806885e-01 -6.662911921739578247e-02 6.479753851890563965e-01 7.167144417762756348e-01
3.422968626022338867e+00 -6.435523509979248047e+00 -1.588480234146118164e+00 2.536001801490783691e-01 -5.926956236362457275e-02 6.519919037818908691e-01 7.120959162712097168e-01
3.043024778366088867e+00 -6.450478553771972656e+00 -1.594598412513732910e+00 2.576339542865753174e-01 -5.243657529354095459e-02 6.558953523635864258e-01 7.075850367546081543e-01
2.661768674850463867e+00 -6.460993289947509766e+00 -1.602918624877929688e+00 2.610315084457397461e-01 -4.625004529953002930e-02 6.596530675888061523e-01 7.032648324966430664e-01
2.279398202896118164e+00 -6.468172073364257812e+00 -1.612699270248413086e+00 2.628140151500701904e-01 -4.167873412370681763e-02 6.631822586059570312e-01 6.995576024055480957e-01
1.896071791648864746e+00 -6.473205566406250000e+00 -1.623651027679443359e+00 2.622243762016296387e-01 -3.951145708560943604e-02 6.664302349090576172e-01 6.968127489089965820e-01
1.511590600013732910e+00 -6.476577758789062500e+00 -1.636721730232238770e+00 2.616796791553497314e-01 -3.749040514230728149e-02 6.695109605789184570e-01 6.941707730293273926e-01
1.125989913940429688e+00 -6.478810310363769531e+00 -1.652118802070617676e+00 2.611779272556304932e-01 -3.562731295824050903e-02 6.723845601081848145e-01 6.916759014129638672e-01
7.393005490303039551e-01 -6.480249881744384766e+00 -1.670078754425048828e+00 2.607170939445495605e-01 -3.393341600894927979e-02 6.750119328498840332e-01 6.893721818923950195e-01
3.515600562095642090e-01 -6.481145858764648438e+00 -1.690891981124877930e+00 2.602958083152770996e-01 -3.242021054029464722e-02 6.773548126220703125e-01 6.873030066490173340e-01
-3.718749806284904480e-02 -6.481698036193847656e+00 -1.714934945106506348e+00 2.599141001701354980e-01 -3.110083192586898804e-02 6.793760061264038086e-01 6.855112910270690918e-01
-4.263867139816284180e-01 -6.482709407806396484e+00 -1.741330862045288086e+00 2.551853060722351074e-01 -3.433863818645477295e-02 6.808392405509948730e-01 6.856815814971923828e-01
-8.162512183189392090e-01 -6.483896255493164062e+00 -1.772536635398864746e+00 2.492106258869171143e-01 -3.901368379592895508e-02 6.818572878837585449e-01 6.866168379783630371e-01
-1.206701636314392090e+00 -6.485462665557861328e+00 -1.808952569961547852e+00 2.420738041400909424e-01 -4.496441781520843506e-02 6.824066638946533203e-01 6.882583498954772949e-01
-1.597596406936645508e+00 -6.488564491271972656e+00 -1.851466059684753418e+00 2.338574677705764771e-01 -5.202776938676834106e-02 6.824613213539123535e-01 6.905435919761657715e-01
-1.988698720932006836e+00 -6.494686126708984375e+00 -1.901250839233398438e+00 2.246449589729309082e-01 -6.004071235656738281e-02 6.819933056831359863e-01 6.934081315994262695e-01
-2.379599571228027344e+00 -6.505779743194580078e+00 -1.959861159324645996e+00 2.145203649997711182e-01 -6.883922964334487915e-02 6.809757351875305176e-01 6.967884302139282227e-01
-2.769586086273193359e+00 -6.524487018585205078e+00 -2.029384374618530273e+00 2.035701125860214233e-01 -7.825906574726104736e-02 6.793847084045410156e-01 7.006219625473022461e-01
-3.157139778137207031e+00 -6.555127620697021484e+00 -2.113386392593383789e+00 1.918817609548568726e-01 -8.813479542732238770e-02 6.771995425224304199e-01 7.048506736755371094e-01
-3.538481473922729492e+00 -6.605909347534179688e+00 -2.218549251556396484e+00 1.795467436313629150e-01 -9.830187261104583740e-02 6.744056940078735352e-01 7.094199657440185547e-01
-3.907897949218750000e+00 -6.684660434722900391e+00 -2.349765062332153320e+00 1.666580140590667725e-01 -1.085950285196304321e-01 6.709945201873779297e-01 7.142819166183471680e-01
-4.251929759979248047e+00 -6.805661678314208984e+00 -2.516271352767944336e+00 1.533117592334747314e-01 -1.188500747084617615e-01 6.669645905494689941e-01 7.193945050239562988e-01
-4.556372165679931641e+00 -6.975064754486083984e+00 -2.716579437255859375e+00 1.396070420742034912e-01 -1.289041489362716675e-01 6.623218655586242676e-01 7.247229218482971191e-01
-4.784423828125000000e+00 -7.213093757629394531e+00 -2.946177959442138672e+00 1.256444156169891357e-01 -1.385950446128845215e-01 6.570804119110107422e-01 7.302398085594177246e-01
-4.723605632781982422e+00 -7.541674137115478516e+00 -3.093820810317993164e+00 1.115270182490348816e-01 -1.477630883455276489e-01 6.512612104415893555e-01 7.359256744384765625e-01
-4.383836746215820312e+00 -7.749075889587402344e+00 -3.011924266815185547e+00 9.735909849405288696e-02 -1.562501639127731323e-01 6.448928117752075195e-01 7.417684197425842285e-01
-4.025907039642333984e+00 -7.900783538818359375e+00 -2.882183074951171875e+00 8.324555307626724243e-02 -1.639005690813064575e-01 6.380104422569274902e-01 7.477630376815795898e-01
-3.654559135437011719e+00 -8.022152900695800781e+00 -2.755904436111450195e+00 6.929242610931396484e-02 -1.705610454082489014e-01 6.306547522544860840e-01 7.539111375808715820e-01
-3.268344640731811523e+00 -8.118546485900878906e+00 -2.652835607528686523e+00 5.560543388128280640e-02 -1.760808974504470825e-01 6.228711009025573730e-01 7.602204084396362305e-01
-2.871740579605102539e+00 -8.199463844299316406e+00 -2.576117515563964844e+00 4.228888452053070068e-02 -1.803115904331207275e-01 6.147078871726989746e-01 7.667031288146972656e-01
-2.468857288360595703e+00 -8.275601387023925781e+00 -2.528327465057373047e+00 2.944696694612503052e-02 -1.831054240465164185e-01 6.062155365943908691e-01 7.733743190765380859e-01
-2.062901496887207031e+00 -8.354470252990722656e+00 -2.518212318420410156e+00 1.716322451829910278e-02 -1.843722611665725708e-01 5.974398255348205566e-01 7.802421450614929199e-01
-1.653574228286743164e+00 -8.420498847961425781e+00 -2.527535438537597656e+00 5.446210503578186035e-03 -1.842370778322219849e-01 5.884064435958862305e-01 7.872768640518188477e-01
-1.240518808364868164e+00 -8.467827796936035156e+00 -2.530888080596923828e+00 -5.714654922485351562e-03 -1.828790158033370972e-01 5.791330337524414062e-01 7.944354414939880371e-01
-8.240149021148681641e-01 -8.499580383300781250e+00 -2.523702383041381836e+00 -1.633103191852569580e-02 -1.804776787757873535e-01 5.696349740028381348e-01 8.016715049743652344e-01
-4.048168957233428955e-01 -8.514152526855468750e+00 -2.507490873336791992e+00 -2.641389518976211548e-02 -1.772118210792541504e-01 5.599266290664672852e-01 8.089379072189331055e-01
1.608032174408435822e-02 -8.507690429687500000e+00 -2.481795072555541992e+00 -3.597595542669296265e-02 -1.732608228921890259e-01 5.500223636627197266e-01 8.161873817443847656e-01
4.372912645339965820e-01 -8.478873252868652344e+00 -2.446852445602416992e+00 -4.502878338098526001e-02 -1.688043922185897827e-01 5.399377346038818359e-01 8.233739733695983887e-01
8.566918969154357910e-01 -8.422878265380859375e+00 -2.401231527328491211e+00 -5.358487367630004883e-02 -1.640221178531646729e-01 5.296896100044250488e-01 8.304542303085327148e-01
1.273034691810607910e+00 -8.342200279235839844e+00 -2.346820116043090820e+00 -6.165740638971328735e-02 -1.590947210788726807e-01 5.192967653274536133e-01 8.373876810073852539e-01
1.685157418251037598e+00 -8.237504005432128906e+00 -2.285789728164672852e+00 -6.925916671752929688e-02 -1.542020738124847412e-01 5.087804198265075684e-01 8.441370725631713867e-01
2.093565702438354492e+00 -8.113691329956054688e+00 -2.221635103225708008e+00 -7.640347629785537720e-02 -1.495248973369598389e-01 4.981635808944702148e-01 8.506690859794616699e-01
2.496440410614013672e+00 -7.967057228088378906e+00 -2.157197713851928711e+00 -8.310459554195404053e-02 -1.452434062957763672e-01 4.874713718891143799e-01 8.569536805152893066e-01
2.891486644744873047e+00 -7.793660163879394531e+00 -2.098465204238891602e+00 -8.937586843967437744e-02 -1.415379643440246582e-01 4.767304062843322754e-01 8.629641532897949219e-01
3.269694805145263672e+00 -7.578900814056396484e+00 -2.055102109909057617e+00 -9.523233771324157715e-02 -1.385879218578338623e-01 4.659682512283325195e-01 8.686759471893310547e-01
3.616997003555297852e+00 -7.311238288879394531e+00 -2.034236907958984375e+00 -1.006885617971420288e-01 -1.365720629692077637e-01 4.552125334739685059e-01 8.740660548210144043e-01
4.015958309173583984e+00 -7.135903358459472656e+00 -2.004337310791015625e+00 -1.057596951723098755e-01 -1.356685310602188110e-01 4.444902539253234863e-01 8.791115880012512207e-01
4.445541858673095703e+00 -7.031131267547607422e+00 -1.963247656822204590e+00 -1.104604750871658325e-01 -1.360538601875305176e-01 4.338267147541046143e-01 8.837885856628417969e-01
4.873330116271972656e+00 -6.930535793304443359e+00 -1.922464847564697266e+00 -1.148063391447067261e-01 -1.379029899835586548e-01 4.232441782951354980e-01 8.880690932273864746e-01
5.300324440002441406e+00 -6.838679790496826172e+00 -1.882167577743530273e+00 -1.188123449683189392e-01 -1.413894444704055786e-01 4.127606451511383057e-01 8.919200301170349121e-01
5.729142189025878906e+00 -6.772325992584228516e+00 -1.843322992324829102e+00 -1.224934607744216919e-01 -1.466845124959945679e-01 4.023881554603576660e-01 8.953003883361816406e-01
6.161490440368652344e+00 -6.767163753509521484e+00 -1.810583710670471191e+00 -1.208919286727905273e-01 -1.517221778631210327e-01 3.929771482944488525e-01 8.988517522811889648e-01
6.591394901275634766e+00 -6.780340194702148438e+00 -1.780104041099548340e+00 -1.185332909226417542e-01 -1.584560871124267578e-01 3.838404417037963867e-01 9.019467830657958984e-01
7.018646717071533203e+00 -6.793338298797607422e+00 -1.750250816345214844e+00 -1.155171394348144531e-01 -1.667194962501525879e-01 3.749924004077911377e-01 9.045667648315429688e-01
7.443296909332275391e+00 -6.805069446563720703e+00 -1.721219420433044434e+00 -1.119350194931030273e-01 -1.763350665569305420e-01 3.664411306381225586e-01 9.066957831382751465e-01
7.865372657775878906e+00 -6.815270900726318359e+00 -1.693215012550354004e+00 -1.078731343150138855e-01 -1.871156990528106689e-01 3.581875860691070557e-01 9.083241224288940430e-01
8.284893035888671875e+00 -6.823693752288818359e+00 -1.666414141654968262e+00 -1.034142002463340759e-01 -1.988674402236938477e-01 3.502239286899566650e-01 9.094506502151489258e-01
8.701870918273925781e+00 -6.830050468444824219e+00 -1.641009211540222168e+00 -9.863965213298797607e-02 -2.113919109106063843e-01 3.425331115722656250e-01 9.100850224494934082e-01
9.116314888000488281e+00 -6.833961009979248047e+00 -1.617241740226745605e+00 -9.363166242837905884e-02 -2.244890332221984863e-01 3.350884914398193359e-01 9.102491736412048340e-01
9.528226852416992188e+00 -6.834880828857421875e+00 -1.595452547073364258e+00 -8.847596496343612671e-02 -2.379585653543472290e-01 3.278518319129943848e-01 9.099785089492797852e-01
9.937593460083007812e+00 -6.831885814666748047e+00 -1.576207280158996582e+00 -8.326403051614761353e-02 -2.516016066074371338e-01 3.207743465900421143e-01 9.093225598335266113e-01
1.034433650970458984e+01 -6.824963092803955078e+00 -1.559081435203552246e+00 -7.809447497129440308e-02 -2.652227282524108887e-01 3.137960731983184814e-01 9.083446860313415527e-01
1.074838066101074219e+01 -6.814544677734375000e+00 -1.543322086334228516e+00 -7.307524979114532471e-02 -2.786298990249633789e-01 3.068466186523437500e-01 9.071220755577087402e-01
1.114966011047363281e+01 -6.801122188568115234e+00 -1.528106331825256348e+00 -6.832456588745117188e-02 -2.916346788406372070e-01 2.998458147048950195e-01 9.057446122169494629e-01
1.154812145233154297e+01 -6.785339355468750000e+00 -1.512528300285339355e+00 -6.397103518247604370e-02 -3.040515482425689697e-01 2.927058041095733643e-01 9.043138623237609863e-01
1.194371509552001953e+01 -6.767946720123291016e+00 -1.495665907859802246e+00 -6.015264242887496948e-02 -3.156964480876922607e-01 2.853343784809112549e-01 9.029405713081359863e-01
1.233640575408935547e+01 -6.749750614166259766e+00 -1.476651906967163086e+00 -5.701496452093124390e-02 -3.263832032680511475e-01 2.776394486427307129e-01 9.017425775527954102e-01
1.272614383697509766e+01 -6.731545925140380859e+00 -1.454744815826416016e+00 -5.470621585845947266e-02 -3.359210193157196045e-01 2.695358097553253174e-01 9.008411169052124023e-01
1.311291694641113281e+01 -6.713797569274902344e+00 -1.430180072784423828e+00 -5.337140709161758423e-02 -3.441088795661926270e-01 2.609550654888153076e-01 9.003571867942810059e-01
1.349674987792968750e+01 -6.696828365325927734e+00 -1.403599500656127930e+00 -5.314282327890396118e-02 -3.507320284843444824e-01 2.518561780452728271e-01 9.004061818122863770e-01
1.387767219543457031e+01 -6.680880069732666016e+00 -1.375528812408447266e+00 -5.412910878658294678e-02 -3.555565178394317627e-01 2.422400414943695068e-01 9.010934233665466309e-01
1.425880718231201172e+01 -6.665785789489746094e+00 -1.349803686141967773e+00 -3.965086489915847778e-02 -3.540249168872833252e-01 2.387713044881820679e-01 9.033727049827575684e-01
1.463750839233398438e+01 -6.651993751525878906e+00 -1.323841214179992676e+00 -2.401161193847656250e-02 -3.502079844474792480e-01 2.358338087797164917e-01 9.061788916587829590e-01
1.501372146606445312e+01 -6.639661788940429688e+00 -1.297925710678100586e+00 -7.434919476509094238e-03 -3.443431854248046875e-01 2.333291023969650269e-01 9.093568921089172363e-01
1.538739013671875000e+01 -6.628929138183593750e+00 -1.272301554679870605e+00 9.854204952716827393e-03 -3.366706967353820801e-01 2.311595529317855835e-01 9.127545952796936035e-01
1.575845050811767578e+01 -6.619823932647705078e+00 -1.247176766395568848e+00 2.762793377041816711e-02 -3.274359703063964844e-01 2.292301058769226074e-01 9.162291288375854492e-01
1.612681770324707031e+01 -6.610906600952148438e+00 -1.222713589668273926e+00 4.565699025988578796e-02 -3.168922662734985352e-01 2.274497151374816895e-01 9.196528196334838867e-01
1.649241256713867188e+01 -6.600656986236572266e+00 -1.199100255966186523e+00 6.371193379163742065e-02 -3.053005933761596680e-01 2.257329523563385010e-01 9.229176640510559082e-01
1.685515022277832031e+01 -6.587716579437255859e+00 -1.176477909088134766e+00 8.156253397464752197e-02 -2.929314672946929932e-01 2.240000218152999878e-01 9.259389638900756836e-01
1.721492576599121094e+01 -6.570630550384521484e+00 -1.155034184455871582e+00 9.898021817207336426e-02 -2.800634205341339111e-01 2.221782654523849487e-01 9.286571741104125977e-01
1.757157707214355469e+01 -6.547683715820312500e+00 -1.135016441345214844e+00 1.157386749982833862e-01 -2.669832408428192139e-01 2.202018052339553833e-01 9.310401082038879395e-01
1.792482566833496094e+01 -6.516708374023437500e+00 -1.116775155067443848e+00 1.316149979829788208e-01 -2.539845108985900879e-01 2.180117070674896240e-01 9.330810308456420898e-01
1.827416419982910156e+01 -6.474798202514648438e+00 -1.100824594497680664e+00 1.463902592658996582e-01 -2.413658350706100464e-01 2.155553400516510010e-01 9.347985982894897461e-01
1.861861038208007812e+01 -6.417872905731201172e+00 -1.087944269180297852e+00 1.598501652479171753e-01 -2.294292896986007690e-01 2.127857208251953125e-01 9.362330436706542969e-01
1.895689010620117188e+01 -6.343255519866943359e+00 -1.078708767890930176e+00 1.717847585678100586e-01 -2.184789031744003296e-01 2.096601426601409912e-01 9.374431967735290527e-01
1.928821563720703125e+01 -6.252030372619628906e+00 -1.072912216186523438e+00 1.819881945848464966e-01 -2.088190466165542603e-01 2.061385512351989746e-01 9.384997487068176270e-01
1.961248779296875000e+01 -6.147015094757080078e+00 -1.069949626922607422e+00 1.902574002742767334e-01 -2.007529586553573608e-01 2.021817266941070557e-01 9.394801259040832520e-01
1.992997360229492188e+01 -6.030975341796875000e+00 -1.069199204444885254e+00 1.963908076286315918e-01 -1.945813894271850586e-01 1.977489292621612549e-01 9.404595494270324707e-01
2.024889564514160156e+01 -5.937104225158691406e+00 -1.067857980728149414e+00 2.001859247684478760e-01 -1.906002759933471680e-01 1.927950382232666016e-01 9.415026903152465820e-01
2.057451629638671875e+01 -5.964073181152343750e+00 -1.058804631233215332e+00 2.011703103780746460e-01 -1.891546845436096191e-01 1.872145235538482666e-01 9.427097439765930176e-01
2.088851356506347656e+01 -6.062295913696289062e+00 -1.045165061950683594e+00 1.999346017837524414e-01 -1.903695464134216309e-01 1.811060458421707153e-01 9.439206123352050781e-01
2.119263458251953125e+01 -6.181874752044677734e+00 -1.029591083526611328e+00 1.955438852310180664e-01 -1.945756971836090088e-01 1.742614358663558960e-01 9.452702999114990234e-01
2.149365234375000000e+01 -6.301813602447509766e+00 -1.013102412223815918e+00 1.884625852108001709e-01 -2.014676928520202637e-01 1.667865812778472900e-01 9.466122388839721680e-01
2.179145050048828125e+01 -6.422289371490478516e+00 -9.957085847854614258e-01 1.789688915014266968e-01 -2.106823474168777466e-01 1.587572842836380005e-01 9.478286504745483398e-01
2.208584213256835938e+01 -6.543579101562500000e+00 -9.773882627487182617e-01 1.673410683870315552e-01 -2.218520939350128174e-01 1.502487659454345703e-01 9.487907886505126953e-01
2.238424110412597656e+01 -6.669468879699707031e+00 -9.575896859169006348e-01 1.538611650466918945e-01 -2.346074283123016357e-01 1.413384526968002319e-01 9.493731856346130371e-01
2.268598747253417969e+01 -6.801272869110107422e+00 -9.359658360481262207e-01 1.388174444437026978e-01 -2.485789209604263306e-01 1.321081072092056274e-01 9.494660496711730957e-01
2.298986816406250000e+01 -6.941395282745361328e+00 -9.118233919143676758e-01 1.225058585405349731e-01 -2.634005546569824219e-01 1.226450204849243164e-01 9.489840865135192871e-01
2.329325103759765625e+01 -7.094563007354736328e+00 -8.837170004844665527e-01 1.052305400371551514e-01 -2.787117362022399902e-01 1.130429208278656006e-01 9.478753805160522461e-01
2.359037017822265625e+01 -7.269531726837158203e+00 -8.487982153892517090e-01 8.730320632457733154e-02 -2.941611111164093018e-01 1.034020259976387024e-01 9.461265206336975098e-01
2.386620140075683594e+01 -7.483208656311035156e+00 -8.010305762290954590e-01 6.904204189777374268e-02 -3.094082474708557129e-01 9.382890164852142334e-02 9.437668919563293457e-01
2.409870529174804688e+01 -7.747663497924804688e+00 -7.345464825630187988e-01 5.076969414949417114e-02 -3.241269886493682861e-01 8.443571627140045166e-02 9.408691525459289551e-01
2.432223510742187500e+01 -8.025641441345214844e+00 -6.594805717468261719e-01 3.281128779053688049e-02 -3.380068242549896240e-01 7.533933222293853760e-02 9.375493526458740234e-01
2.458558082580566406e+01 -8.273251533508300781e+00 -5.844625830650329590e-01 1.549207791686058044e-02 -3.507528007030487061e-01 6.666006892919540405e-02 9.339640736579895020e-01
2.489428901672363281e+01 -8.472648620605468750e+00 -5.134087800979614258e-01 -8.643828332424163818e-04 -3.620871901512145996e-01 5.852054432034492493e-02 9.303050637245178223e-01
2.522632217407226562e+01 -8.646427154541015625e+00 -4.490786790847778320e-01 -1.593763567507266998e-02 -3.717454075813293457e-01 5.104465037584304810e-02 9.267932176589965820e-01
2.555797386169433594e+01 -8.835888862609863281e+00 -3.938153088092803955e-01 -2.941228821873664856e-02 -3.794747889041900635e-01 4.435587674379348755e-02 9.236700534820556641e-01
2.587715721130371094e+01 -9.058234214782714844e+00 -3.480035364627838135e-01 -4.097649455070495605e-02 -3.850296139717102051e-01 3.857718408107757568e-02 9.211866855621337891e-01
2.617718696594238281e+01 -9.316905021667480469e+00 -3.114486634731292725e-01 -5.056107044219970703e-02 -3.859616518020629883e-01 3.408358246088027954e-02 9.204974174499511719e-01
2.645303726196289062e+01 -9.610651016235351562e+00 -2.840585410594940186e-01 -5.742205679416656494e-02 -3.861427009105682373e-01 3.053439036011695862e-02 9.201434850692749023e-01
2.670543861389160156e+01 -9.933195114135742188e+00 -2.642993032932281494e-01 -6.114901602268218994e-02 -3.861595988273620605e-01 2.789504453539848328e-02 9.199801087379455566e-01
2.693670654296875000e+01 -1.027892303466796875e+01 -2.504736185073852539e-01 -6.212346255779266357e-02 -3.805695772171020508e-01 2.689531445503234863e-02 9.222710728645324707e-01
2.714465332031250000e+01 -1.064628124237060547e+01 -2.423586994409561157e-01 -6.027239188551902771e-02 -3.720636963844299316e-01 2.714634686708450317e-02 9.258503913879394531e-01
2.732571029663085938e+01 -1.103426742553710938e+01 -2.399444580078125000e-01 -5.589509755373001099e-02 -3.609314858913421631e-01 2.852340601384639740e-02 9.304786324501037598e-01
2.747257232666015625e+01 -1.144257068634033203e+01 -2.437841743230819702e-01 -4.929072409868240356e-02 -3.474543988704681396e-01 3.090036287903785706e-02 9.358904957771301270e-01
2.757573509216308594e+01 -1.186958122253417969e+01 -2.546002268791198730e-01 -4.075947403907775879e-02 -3.319130241870880127e-01 3.415019810199737549e-02 9.418100714683532715e-01
2.763336372375488281e+01 -1.231046772003173828e+01 -2.720370292663574219e-01 -3.060507774353027344e-02 -3.145943582057952881e-01 3.814471885561943054e-02 9.479655027389526367e-01
2.765409088134765625e+01 -1.276002788543701172e+01 -2.945641875267028809e-01 -1.913421601057052612e-02 -2.957963943481445312e-01 4.275538399815559387e-02 9.541019201278686523e-01
2.764808845520019531e+01 -1.321546936035156250e+01 -3.205767869949340820e-01 -6.658191792666912079e-03 -2.758306562900543213e-01 4.785333573818206787e-02 9.599912762641906738e-01
2.762559509277343750e+01 -1.367588138580322266e+01 -3.485006690025329590e-01 6.509783677756786346e-03 -2.550246119499206543e-01 5.331067740917205811e-02 9.654420018196105957e-01
2.759895706176757812e+01 -1.414164638519287109e+01 -3.765655457973480225e-01 2.005335688591003418e-02 -2.337213158607482910e-01 5.900055170059204102e-02 9.703046679496765137e-01
2.757974624633789062e+01 -1.461343383789062500e+01 -4.031820595264434814e-01 3.365676477551460266e-02 -2.122785151004791260e-01 6.479863077402114868e-02 9.744774103164672852e-01
2.757862472534179688e+01 -1.509134387969970703e+01 -4.267834424972534180e-01 4.700559750199317932e-02 -1.910666823387145996e-01 7.058367133140563965e-02 9.779068827629089355e-01
2.759818458557128906e+01 -1.557468795776367188e+01 -4.473635852336883545e-01 5.978886410593986511e-02 -1.704661101102828979e-01 7.623833417892456055e-02 9.805887937545776367e-01
2.763605690002441406e+01 -1.606271362304687500e+01 -4.661093056201934814e-01 7.170038670301437378e-02 -1.508630514144897461e-01 8.164961636066436768e-02 9.825643897056579590e-01
2.768631362915039062e+01 -1.655532646179199219e+01 -4.846105873584747314e-01 8.243973553180694580e-02 -1.326483339071273804e-01 8.670907467603683472e-02 9.839154481887817383e-01
2.774285125732421875e+01 -1.703916549682617188e+01 -5.036327838897705078e-01 9.171243757009506226e-02 -1.162134334444999695e-01 9.131266176700592041e-02 9.847564697265625000e-01
2.780175209045410156e+01 -1.751460838317871094e+01 -5.240985155105590820e-01 9.922911971807479858e-02 -1.019473373889923096e-01 9.535990655422210693e-02 9.852243065834045410e-01
2.785977554321289062e+01 -1.798203659057617188e+01 -5.467086434364318848e-01 1.047040149569511414e-01 -9.023652970790863037e-02 9.875288605690002441e-02 9.854655861854553223e-01
2.791428565979003906e+01 -1.844175338745117188e+01 -5.719457864761352539e-01 1.078524366021156311e-01 -8.146284520626068115e-02 1.013945415616035461e-01 9.856220483779907227e-01
2.796237945556640625e+01 -1.889410400390625000e+01 -5.990337729454040527e-01 1.083874404430389404e-01 -7.600206881761550903e-02 1.031865477561950684e-01 9.858135581016540527e-01
2.800125885009765625e+01 -1.933934020996093750e+01 -6.268978714942932129e-01 1.061174347996711731e-01 -7.410826534032821655e-02 1.040596291422843933e-01 9.861128330230712891e-01
2.802848625183105469e+01 -1.977834892272949219e+01 -6.548299789428710938e-01 1.012479737401008606e-01 -7.556836307048797607e-02 1.040696203708648682e-01 9.865128993988037109e-01
2.804157829284667969e+01 -2.021093559265136719e+01 -6.822170615196228027e-01 9.408011287450790405e-02 -8.004819601774215698e-02 1.032997146248817444e-01 9.869501590728759766e-01
2.803797721862792969e+01 -2.063663482666015625e+01 -7.084997296333312988e-01 8.491221815347671509e-02 -8.721131831407546997e-02 1.018297225236892700e-01 9.873271584510803223e-01
2.801491165161132812e+01 -2.105466842651367188e+01 -7.331311106681823730e-01 7.404246181249618530e-02 -9.671842306852340698e-02 9.973810613155364990e-02 9.875299334526062012e-01
2.796934318542480469e+01 -2.146378326416015625e+01 -7.555355429649353027e-01 6.177065148949623108e-02 -1.082277595996856689e-01 9.710346162319183350e-02 9.874421954154968262e-01
2.789796829223632812e+01 -2.186212158203125000e+01 -7.750802636146545410e-01 4.839967191219329834e-02 -1.213959828019142151e-01 9.400595724582672119e-02 9.869565963745117188e-01
2.779792022705078125e+01 -2.224719429016113281e+01 -7.912017703056335449e-01 3.423614799976348877e-02 -1.358791291713714600e-01 9.052837640047073364e-02 9.859864711761474609e-01
2.767198181152343750e+01 -2.261730957031250000e+01 -8.046935796737670898e-01 1.959044486284255981e-02 -1.513344645500183105e-01 8.675678819417953491e-02 9.844731092453002930e-01
2.752203559875488281e+01 -2.297073364257812500e+01 -8.164044022560119629e-01 4.775856621563434601e-03 -1.674215197563171387e-01 8.278075605630874634e-02 9.823922514915466309e-01
2.735381126403808594e+01 -2.330786323547363281e+01 -8.274013996124267578e-01 -9.892133064568042755e-03 -1.838043332099914551e-01 7.869358360767364502e-02 9.797578454017639160e-01
2.717065429687500000e+01 -2.362890815734863281e+01 -8.385473489761352539e-01 -2.409813180565834045e-02 -2.001535296440124512e-01 7.459170371294021606e-02 9.766237139701843262e-01
2.697567749023437500e+01 -2.393444061279296875e+01 -8.506600856781005859e-01 -3.752655535936355591e-02 -2.161478996276855469e-01 7.057468593120574951e-02 9.730832576751708984e-01
2.677167892456054688e+01 -2.422526550292968750e+01 -8.645025491714477539e-01 -4.986497014760971069e-02 -2.314752489328384399e-01 6.674417108297348022e-02 9.692667126655578613e-01
2.656114959716796875e+01 -2.450231933593750000e+01 -8.807861208915710449e-01 -6.080328673124313354e-02 -2.458330243825912476e-01 6.320360302925109863e-02 9.653364419937133789e-01
2.634626007080078125e+01 -2.476659202575683594e+01 -9.001815319061279297e-01 -7.003446668386459351e-02 -2.589276432991027832e-01 6.005752831697463989e-02 9.614804983139038086e-01
2.612885284423828125e+01 -2.501903915405273438e+01 -9.231576323509216309e-01 -7.725515961647033691e-02 -2.704739868640899658e-01 5.741060525178909302e-02 9.579038023948669434e-01
2.590968513488769531e+01 -2.525989723205566406e+01 -9.493893384933471680e-01 -8.216384798288345337e-02 -2.801916003227233887e-01 5.536725372076034546e-02 9.548172950744628906e-01
2.569007682800292969e+01 -2.549001502990722656e+01 -9.782369732856750488e-01 -8.445926010608673096e-02 -2.878017127513885498e-01 5.403122678399085999e-02 9.524270892143249512e-01
2.547200202941894531e+01 -2.571111679077148438e+01 -1.008767366409301758e+00 -8.383854478597640991e-02 -2.930226027965545654e-01 5.350481346249580383e-02 9.509185552597045898e-01
2.525650596618652344e+01 -2.592417144775390625e+01 -1.040476918220520020e+00 -8.009962737560272217e-02 -2.956548333168029785e-01 5.385382845997810364e-02 9.504063129425048828e-01
2.504437255859375000e+01 -2.612998390197753906e+01 -1.072892785072326660e+00 -7.345445454120635986e-02 -2.958494126796722412e-01 5.500333011150360107e-02 9.508166313171386719e-01
2.483587265014648438e+01 -2.632885169982910156e+01 -1.105648159980773926e+00 -6.421671807765960693e-02 -2.938372790813446045e-01 5.684129521250724792e-02 9.520003795623779297e-01
2.463199615478515625e+01 -2.652191162109375000e+01 -1.138139009475708008e+00 -5.269895121455192566e-02 -2.898413240909576416e-01 5.925423651933670044e-02 9.537838697433471680e-01
2.443323707580566406e+01 -2.670974349975585938e+01 -1.170163273811340332e+00 -3.921477496623992920e-02 -2.840816676616668701e-01 6.212759390473365784e-02 9.559811949729919434e-01
2.423970603942871094e+01 -2.689254570007324219e+01 -1.201438903808593750e+00 -2.407977730035781860e-02 -2.767807543277740479e-01 6.534630060195922852e-02 9.584062695503234863e-01
2.405189132690429688e+01 -2.707093238830566406e+01 -1.231594204902648926e+00 -7.613617926836013794e-03 -2.681654095649719238e-01 6.879529356956481934e-02 9.608832597732543945e-01
2.386945724487304688e+01 -2.724451637268066406e+01 -1.261027812957763672e+00 9.861079044640064240e-03 -2.584689557552337646e-01 7.236039638519287109e-02 9.632551670074462891e-01
2.369261741638183594e+01 -2.741365814208984375e+01 -1.289164662361145020e+00 2.801930345594882965e-02 -2.479344308376312256e-01 7.592903077602386475e-02 9.653902053833007812e-01
2.352088546752929688e+01 -2.757779884338378906e+01 -1.316665887832641602e+00 4.653333872556686401e-02 -2.368139475584030151e-01 7.939049601554870605e-02 9.671871662139892578e-01
2.335446739196777344e+01 -2.773726654052734375e+01 -1.343007206916809082e+00 6.507532298564910889e-02 -2.253679037094116211e-01 8.263690024614334106e-02 9.685792326927185059e-01
2.319302749633789062e+01 -2.789171409606933594e+01 -1.368595600128173828e+00 8.331847190856933594e-02 -2.138664722442626953e-01 8.556353300809860229e-02 9.695349931716918945e-01
2.303674316406250000e+01 -2.804143333435058594e+01 -1.392990112304687500e+00 1.009386032819747925e-01 -2.025860100984573364e-01 8.806899189949035645e-02 9.700587987899780273e-01
2.288534164428710938e+01 -2.818615150451660156e+01 -1.416523098945617676e+00 1.176156476140022278e-01 -1.918096095323562622e-01 9.005551040172576904e-02 9.701884388923645020e-01
2.273898315429687500e+01 -2.832613945007324219e+01 -1.438811898231506348e+00 1.330344974994659424e-01 -1.818237900733947754e-01 9.142834693193435669e-02 9.699910879135131836e-01
2.258624267578125000e+01 -2.847204971313476562e+01 -1.461452960968017578e+00 1.468853801488876343e-01 -1.729177832603454590e-01 9.209556132555007935e-02 9.695580005645751953e-01
2.242719650268554688e+01 -2.862404441833496094e+01 -1.484242558479309082e+00 1.588636040687561035e-01 -1.653812229633331299e-01 9.196679294109344482e-02 9.689961075782775879e-01
2.226181793212890625e+01 -2.878213882446289062e+01 -1.507149934768676758e+00 1.686682254076004028e-01 -1.595031321048736572e-01 9.095223248004913330e-02 9.684200882911682129e-01
2.209010696411132812e+01 -2.894639015197753906e+01 -1.530120253562927246e+00 1.760003119707107544e-01 -1.555704474449157715e-01 8.896100521087646484e-02 9.679399132728576660e-01
2.191206932067871094e+01 -2.911686706542968750e+01 -1.553065180778503418e+00 1.805603057146072388e-01 -1.538664400577545166e-01 8.589934557676315308e-02 9.676488637924194336e-01
2.172750473022460938e+01 -2.929378890991210938e+01 -1.575464129447937012e+00 1.798320859670639038e-01 -1.547863036394119263e-01 8.133255690336227417e-02 9.680324196815490723e-01
2.153679084777832031e+01 -2.947665786743164062e+01 -1.598500967025756836e+00 1.789779216051101685e-01 -1.577849984169006348e-01 7.611326873302459717e-02 9.681308865547180176e-01
2.145489692687988281e+01 -2.955468177795410156e+01 -1.607980012893676758e+00 1.769688278436660767e-01 -1.628028750419616699e-01 7.014301419258117676e-02 9.681203961372375488e-01
