5.223216056823730469e+00 -2.748510360717773438e+01 -3.045905113220214844e+00 1.224279850721359253e-01 1.437305361032485962e-01 9.796699285507202148e-01 6.782120466232299805e-02
4.801846027374267578e+00 -2.730407905578613281e+01 -2.978129148483276367e+00 1.220921948552131653e-01 1.397133171558380127e-01 9.803547263145446777e-01 6.691996753215789795e-02
4.380127906799316406e+00 -2.711537551879882812e+01 -2.890468120574951172e+00 1.220882236957550049e-01 1.354510635137557983e-01 9.810139536857604980e-01 6.602298468351364136e-02
3.965407609939575195e+00 -2.691737556457519531e+01 -2.763933658599853516e+00 1.224044933915138245e-01 1.309838742017745972e-01 9.816415309906005859e-01 6.511657685041427612e-02
3.583721876144409180e+00 -2.671326065063476562e+01 -2.550992965698242188e+00 1.230291128158569336e-01 1.263521015644073486e-01 9.822315573692321777e-01 6.418698281049728394e-02
3.261834621429443359e+00 -2.654688644409179688e+01 -2.222252130508422852e+00 1.239498108625411987e-01 1.215960457921028137e-01 9.827787280082702637e-01 6.322080641984939575e-02
2.908299446105957031e+00 -2.647282409667968750e+01 -1.882013797760009766e+00 1.251548975706100464e-01 1.167561113834381104e-01 9.832776784896850586e-01 6.220419704914093018e-02
2.490743398666381836e+00 -2.641832923889160156e+01 -1.627991914749145508e+00 1.266325861215591431e-01 1.118727847933769226e-01 9.837238788604736328e-01 6.112376227974891663e-02
2.080167293548583984e+00 -2.621239852905273438e+01 -1.492311716079711914e+00 1.283706128597259521e-01 1.069867089390754700e-01 9.841132164001464844e-01 5.996587127447128296e-02
1.760631084442138672e+00 -2.585453224182128906e+01 -1.446942090988159180e+00 1.303576678037643433e-01 1.021384224295616150e-01 9.844424724578857422e-01 5.871725082397460938e-02
1.498853683471679688e+00 -2.545368385314941406e+01 -1.436215519905090332e+00 1.325819045305252075e-01 9.736865758895874023e-02 9.847084283828735352e-01 5.736431479454040527e-02
1.259172320365905762e+00 -2.502909851074218750e+01 -1.439374327659606934e+00 1.350317299365997314e-01 9.271816909313201904e-02 9.849089980125427246e-01 5.589371547102928162e-02
1.033897638320922852e+00 -2.458711814880371094e+01 -1.451593041419982910e+00 1.376955956220626831e-01 8.822767436504364014e-02 9.850421547889709473e-01 5.429228767752647400e-02
8.247558474540710449e-01 -2.413926124572753906e+01 -1.470625281333923340e+00 1.405623108148574829e-01 8.393808454275131226e-02 9.851069450378417969e-01 5.254654213786125183e-02
6.208007931709289551e-01 -2.369073677062988281e+01 -1.491528630256652832e+00 1.436199545860290527e-01 7.989011704921722412e-02 9.851020574569702148e-01 5.064362660050392151e-02
4.268383681774139404e-01 -2.323960685729980469e+01 -1.515975356101989746e+00 1.468479186296463013e-01 7.611969113349914551e-02 9.850286245346069336e-01 4.858085513114929199e-02
2.356896847486495972e-01 -2.278897666931152344e+01 -1.541089415550231934e+00 1.501866281032562256e-01 7.264251261949539185e-02 9.848930239677429199e-01 4.639980569481849670e-02
5.174926668405532837e-02 -2.233709907531738281e+01 -1.568201541900634766e+00 1.535667330026626587e-01 6.946940720081329346e-02 9.847038984298706055e-01 4.415306076407432556e-02
-1.306030303239822388e-01 -2.188624763488769531e+01 -1.595524907112121582e+00 1.569190770387649536e-01 6.661126017570495605e-02 9.844714403152465820e-01 4.189308732748031616e-02
-3.056518435478210449e-01 -2.143423271179199219e+01 -1.624315738677978516e+00 1.601750999689102173e-01 6.407905369997024536e-02 9.842072725296020508e-01 3.967244178056716919e-02
-4.801415801048278809e-01 -2.098365211486816406e+01 -1.653096318244934082e+00 1.632660031318664551e-01 6.188378483057022095e-02 9.839232563972473145e-01 3.754349052906036377e-02
-6.471239924430847168e-01 -2.053194236755371094e+01 -1.682811856269836426e+00 1.661239266395568848e-01 6.003642454743385315e-02 9.836330413818359375e-01 3.555925562977790833e-02
-8.128478527069091797e-01 -2.008141136169433594e+01 -1.712618708610534668e+00 1.686802953481674194e-01 5.854812264442443848e-02 9.833506345748901367e-01 3.377215564250946045e-02
-9.724279642105102539e-01 -1.963035011291503906e+01 -1.742759108543395996e+00 1.708667129278182983e-01 5.742993205785751343e-02 9.830906987190246582e-01 3.223491460084915161e-02
-1.128625512123107910e+00 -1.917973899841308594e+01 -1.773074030876159668e+00 1.726157367229461670e-01 5.669298022985458374e-02 9.828675985336303711e-01 3.099977225065231323e-02
-1.279272437095642090e+00 -1.872891235351562500e+01 -1.803383708000183105e+00 1.738585233688354492e-01 5.634829401969909668e-02 9.826956391334533691e-01 3.011979162693023682e-02
-1.424035668373107910e+00 -1.827776145935058594e+01 -1.833692908287048340e+00 1.745274513959884644e-01 5.640689656138420105e-02 9.825881123542785645e-01 2.964712865650653839e-02
-1.561782240867614746e+00 -1.782608604431152344e+01 -1.863697767257690430e+00 1.745537072420120239e-01 5.687974020838737488e-02 9.825566411018371582e-01 2.963417395949363708e-02
-1.691188931465148926e+00 -1.737349128723144531e+01 -1.893336772918701172e+00 1.738679856061935425e-01 5.777755752205848694e-02 9.826106429100036621e-01 3.013372793793678284e-02
-1.804980397224426270e+00 -1.691838645935058594e+01 -1.921747684478759766e+00 1.724012494087219238e-01 5.911094322800636292e-02 9.827564358711242676e-01 3.119789063930511475e-02
-1.904385924339294434e+00 -1.646148681640625000e+01 -1.949010014533996582e+00 1.700831651687622070e-01 6.089032068848609924e-02 9.829970002174377441e-01 3.287884593009948730e-02
-1.977386474609375000e+00 -1.600092506408691406e+01 -1.974027991294860840e+00 1.668428480625152588e-01 6.312569975852966309e-02 9.833298325538635254e-01 3.522848337888717651e-02
-2.002780675888061523e+00 -1.553681564331054688e+01 -1.994655132293701172e+00 1.626085340976715088e-01 6.582659482955932617e-02 9.837471246719360352e-01 3.829891979694366455e-02
-1.949688673019409180e+00 -1.507727050781250000e+01 -2.007329702377319336e+00 1.573071032762527466e-01 6.900207698345184326e-02 9.842343330383300781e-01 4.214143380522727966e-02
-1.780258774757385254e+00 -1.464986705780029297e+01 -2.006675481796264648e+00 1.508649140596389771e-01 7.266047596931457520e-02 9.847685694694519043e-01 4.680687934160232544e-02
-1.507020235061645508e+00 -1.427877044677734375e+01 -1.991886258125305176e+00 1.432490795850753784e-01 7.679815590381622314e-02 9.853147268295288086e-01 5.231345072388648987e-02
-1.214977979660034180e+00 -1.392356872558593750e+01 -1.972229242324829102e+00 1.345968842506408691e-01 8.136644959449768066e-02 9.858168959617614746e-01 5.855029448866844177e-02
-9.272961020469665527e-01 -1.356687831878662109e+01 -1.950400948524475098e+00 1.250886172056198120e-01 8.630567044019699097e-02 9.862203001976013184e-01 6.537393480539321899e-02
-6.539514064788818359e-01 -1.320110321044921875e+01 -1.927693128585815430e+00 1.149065271019935608e-01 9.155637025833129883e-02 9.864770770072937012e-01 7.264120131731033325e-02
-4.038134813308715820e-01 -1.282105350494384766e+01 -1.905118107795715332e+00 1.042348891496658325e-01 9.705958515405654907e-02 9.865500330924987793e-01 8.020889759063720703e-02
-1.777245998382568359e-01 -1.242811489105224609e+01 -1.883292555809020996e+00 9.325990825891494751e-02 1.027571409940719604e-01 9.864131808280944824e-01 8.793460577726364136e-02
2.874023281037807465e-02 -1.202625846862792969e+01 -1.861889958381652832e+00 8.216901868581771851e-02 1.085919290781021118e-01 9.860537648200988770e-01 9.567645937204360962e-02
2.234326153993606567e-01 -1.162035369873046875e+01 -1.840279459953308105e+00 7.115158438682556152e-02 1.145079806447029114e-01 9.854723215103149414e-01 1.032936573028564453e-01
4.099865555763244629e-01 -1.121244812011718750e+01 -1.817681550979614258e+00 6.039804592728614807e-02 1.204508244991302490e-01 9.846830964088439941e-01 1.106470674276351929e-01
5.944336056709289551e-01 -1.080544376373291016e+01 -1.792910099029541016e+00 5.009872466325759888e-02 1.263674497604370117e-01 9.837132692337036133e-01 1.175991743803024292e-01
7.876647710800170898e-01 -1.040470886230468750e+01 -1.762548208236694336e+00 4.044495895504951477e-02 1.322065740823745728e-01 9.826017022132873535e-01 1.240139007568359375e-01
1.015961885452270508e+00 -1.002601623535156250e+01 -1.722851872444152832e+00 3.162730112671852112e-02 1.379184126853942871e-01 9.813976287841796875e-01 1.297572106122970581e-01
1.294105172157287598e+00 -9.683867454528808594e+00 -1.680689930915832520e+00 2.383678406476974487e-02 1.434544324874877930e-01 9.801579117774963379e-01 1.346962600946426392e-01
1.585997223854064941e+00 -9.354507446289062500e+00 -1.643778681755065918e+00 1.726266369223594666e-02 1.487676203250885010e-01 9.789445400238037109e-01 1.386998295783996582e-01
1.879722833633422852e+00 -9.028618812561035156e+00 -1.610201954841613770e+00 1.209446787834167480e-02 1.538115739822387695e-01 9.778214693069458008e-01 1.416368633508682251e-01
2.173287391662597656e+00 -8.704671859741210938e+00 -1.578173756599426270e+00 8.520804345607757568e-03 1.585402935743331909e-01 9.768498539924621582e-01 1.433762460947036743e-01
2.465989828109741211e+00 -8.382110595703125000e+00 -1.547209739685058594e+00 6.729876622557640076e-03 1.629074215888977051e-01 9.760847091674804688e-01 1.437865495681762695e-01
2.757144689559936523e+00 -8.060377120971679688e+00 -1.516987919807434082e+00 6.909457966685295105e-03 1.668657660484313965e-01 9.755691289901733398e-01 1.427342593669891357e-01
3.044100284576416016e+00 -7.740191459655761719e+00 -1.487494468688964844e+00 9.247363545000553131e-03 1.703660041093826294e-01 9.753289222717285156e-01 1.400833874940872192e-01
3.324730157852172852e+00 -7.419696331024169922e+00 -1.458934307098388672e+00 1.393083296716213226e-02 1.733562350273132324e-01 9.753668904304504395e-01 1.356943994760513306e-01
3.633718252182006836e+00 -7.137859344482421875e+00 -1.448106646537780762e+00 2.062644250690937042e-02 1.724319756031036377e-01 9.762464761734008789e-01 1.295549422502517700e-01
4.003074645996093750e+00 -6.942444324493408203e+00 -1.470606923103332520e+00 2.969023399055004120e-02 1.712735593318939209e-01 9.772147536277770996e-01 1.217998564243316650e-01
4.371297359466552734e+00 -6.753996372222900391e+00 -1.494665503501892090e+00 4.087722301483154297e-02 1.699731200933456421e-01 9.781350493431091309e-01 1.126490905880928040e-01
4.741005897521972656e+00 -6.578061580657958984e+00 -1.517619252204895020e+00 5.393218994140625000e-02 1.686222255229949951e-01 9.788717627525329590e-01 1.023126766085624695e-01
5.118022918701171875e+00 -6.429281234741210938e+00 -1.538289427757263184e+00 6.858853250741958618e-02 1.673072129487991333e-01 9.792978167533874512e-01 9.099308401346206665e-02
5.500077247619628906e+00 -6.306898117065429688e+00 -1.556687235832214355e+00 8.456968516111373901e-02 1.661061346530914307e-01 9.793026447296142578e-01 7.888655364513397217e-02
5.890093803405761719e+00 -6.235141277313232422e+00 -1.570729970932006836e+00 1.015895381569862366e-01 1.650857776403427124e-01 9.787980318069458008e-01 6.618503481149673462e-02
6.282878398895263672e+00 -6.241937637329101562e+00 -1.577757477760314941e+00 1.193575486540794373e-01 1.642994582653045654e-01 9.777228236198425293e-01 5.307920277118682861e-02
6.669109821319580078e+00 -6.292894363403320312e+00 -1.580468058586120605e+00 1.375793963670730591e-01 1.637852787971496582e-01 9.760458469390869141e-01 3.975998610258102417e-02
7.051623821258544922e+00 -6.343204975128173828e+00 -1.582863092422485352e+00 1.559623628854751587e-01 1.635639816522598267e-01 9.737680554389953613e-01 2.642307616770267487e-02
7.432543754577636719e+00 -6.371550559997558594e+00 -1.586928367614746094e+00 1.742198914289474487e-01 1.636373549699783325e-01 9.709242582321166992e-01 1.327075064182281494e-02
7.810765266418457031e+00 -6.380371570587158203e+00 -1.592542409896850586e+00 1.920738220214843750e-01 1.639865934848785400e-01 9.675822854042053223e-01 5.156770348548889160e-04
8.185473442077636719e+00 -6.378161430358886719e+00 -1.599069476127624512e+00 2.092603892087936401e-01 1.645706743001937866e-01 9.638419747352600098e-01 -1.161661930382251740e-02
8.556520462036132812e+00 -6.368774890899658203e+00 -1.606255769729614258e+00 2.255314290523529053e-01 1.653254926204681396e-01 9.598329663276672363e-01 -2.288426831364631653e-02
8.924004554748535156e+00 -6.354329109191894531e+00 -1.613852858543395996e+00 2.406794428825378418e-01 1.655108928680419922e-01 9.558240175247192383e-01 -3.286358714103698730e-02
9.288225173950195312e+00 -6.336025238037109375e+00 -1.621475815773010254e+00 2.545872330665588379e-01 1.632557958364486694e-01 9.522972702980041504e-01 -4.077482968568801880e-02
9.648975372314453125e+00 -6.315076351165771484e+00 -1.629780292510986328e+00 -2.669730782508850098e-01 -1.611112207174301147e-01 -9.489791989326477051e-01 4.697675257921218872e-02
1.001699638366699219e+01 -6.291718482971191406e+00 -1.639319777488708496e+00 -2.776191532611846924e-01 -1.591461002826690674e-01 -9.460305571556091309e-01 5.124706029891967773e-02
1.039506816864013672e+01 -6.264987468719482422e+00 -1.651234984397888184e+00 -2.863100171089172363e-01 -1.574280261993408203e-01 -9.436077475547790527e-01 5.336340144276618958e-02
1.077989387512207031e+01 -6.208770751953125000e+00 -1.665609955787658691e+00 -2.928286790847778320e-01 -1.560218781232833862e-01 -9.418538808822631836e-01 5.310248583555221558e-02
1.115376949310302734e+01 -6.069328308105468750e+00 -1.678128600120544434e+00 -2.970263957977294922e-01 -1.549687385559082031e-01 -9.408652186393737793e-01 5.032591149210929871e-02
1.151721858978271484e+01 -5.879329681396484375e+00 -1.686241149902343750e+00 2.990380227565765381e-01 1.542250812053680420e-01 9.406083226203918457e-01 -4.524097964167594910e-02
1.188265609741210938e+01 -5.671446800231933594e+00 -1.692524075508117676e+00 2.990625500679016113e-01 1.537227630615234375e-01 9.409973621368408203e-01 -3.814033418893814087e-02
1.225148677825927734e+01 -5.449310302734375000e+00 -1.698569297790527344e+00 2.972940802574157715e-01 1.533906459808349609e-01 9.419277906417846680e-01 -2.931618504226207733e-02
1.262471199035644531e+01 -5.215157508850097656e+00 -1.705078125000000000e+00 2.939227819442749023e-01 1.531560868024826050e-01 9.432863593101501465e-01 -1.906054094433784485e-02
1.300204658508300781e+01 -4.968941688537597656e+00 -1.712370514869689941e+00 2.891403734683990479e-01 1.529463082551956177e-01 9.449585080146789551e-01 -7.666654884815216064e-03
1.338321590423583984e+01 -4.710184097290039062e+00 -1.720370411872863770e+00 2.831320464611053467e-01 1.510618627071380615e-01 9.470958709716796875e-01 5.057927221059799194e-03
1.376732254028320312e+01 -4.438363552093505859e+00 -1.729586124420166016e+00 2.760511934757232666e-01 1.486417353153228760e-01 9.494006037712097168e-01 1.842661574482917786e-02
1.415326595306396484e+01 -4.152664661407470703e+00 -1.740504384040832520e+00 2.681130468845367432e-01 1.465474516153335571e-01 9.516425728797912598e-01 3.186612576246261597e-02
1.454145717620849609e+01 -3.854110002517700195e+00 -1.754155516624450684e+00 2.595543265342712402e-01 1.448344439268112183e-01 9.537421464920043945e-01 4.505878314375877380e-02
1.493274021148681641e+01 -3.544201612472534180e+00 -1.771947264671325684e+00 2.506232559680938721e-01 1.435298323631286621e-01 9.556449055671691895e-01 5.770299583673477173e-02
1.531722259521484375e+01 -3.232716560363769531e+00 -1.795530676841735840e+00 2.415736019611358643e-01 1.426349431276321411e-01 9.573221206665039062e-01 6.951141357421875000e-02
1.569620227813720703e+01 -2.921650409698486328e+00 -1.826479196548461914e+00 2.326610982418060303e-01 1.421299725770950317e-01 9.587672948837280273e-01 8.020594716072082520e-02
1.607065200805664062e+01 -2.612756967544555664e+00 -1.867223143577575684e+00 2.241384536027908325e-01 1.419790536165237427e-01 9.599952697753906250e-01 8.951492607593536377e-02
1.644165802001953125e+01 -2.308153867721557617e+00 -1.921050667762756348e+00 2.161560058593750000e-01 1.411991715431213379e-01 9.611747264862060547e-01 9.737826883792877197e-02
1.681043815612792969e+01 -2.010874748229980469e+00 -1.992756009101867676e+00 2.087154388427734375e-01 1.377433687448501587e-01 9.626328945159912109e-01 1.039344668388366699e-01
1.717137908935546875e+01 -1.717919588088989258e+00 -2.089455127716064453e+00 2.022433727979660034e-01 1.336727738380432129e-01 9.640943408012390137e-01 1.084038019180297852e-01
1.750978279113769531e+01 -1.414330363273620605e+00 -2.209397554397583008e+00 1.969675272703170776e-01 1.289376914501190186e-01 9.655923247337341309e-01 1.104994788765907288e-01
1.775075721740722656e+01 -1.050968050956726074e+00 -2.354750871658325195e+00 1.931115984916687012e-01 1.234855055809020996e-01 9.671473503112792969e-01 1.099331229925155640e-01
1.751201820373535156e+01 -6.965751647949218750e-01 -2.402181863784790039e+00 1.908934414386749268e-01 1.172584071755409241e-01 9.687548875808715820e-01 1.064142957329750061e-01
1.709823989868164062e+01 -5.030256509780883789e-01 -2.357304096221923828e+00 1.904630661010742188e-01 1.102190241217613220e-01 9.703747630119323730e-01 9.974188357591629028e-02
1.666912841796875000e+01 -3.602751195430755615e-01 -2.291395902633666992e+00 1.917243599891662598e-01 1.024316549301147461e-01 9.719233512878417969e-01 9.008157998323440552e-02
1.623883438110351562e+01 -2.356170564889907837e-01 -2.217636585235595703e+00 1.945154219865798950e-01 9.398567676544189453e-02 9.732905626296997070e-01 7.769056409597396851e-02
1.581041145324707031e+01 -1.185745224356651306e-01 -2.140151977539062500e+00 1.986714452505111694e-01 8.496997505426406860e-02 9.743523597717285156e-01 6.282777339220046997e-02
1.538393115997314453e+01 -7.305297534912824631e-03 -2.062583208084106445e+00 2.040247768163681030e-01 7.547475397586822510e-02 9.749788045883178711e-01 4.575465247035026550e-02
1.495904731750488281e+01 9.811599552631378174e-02 -1.987735271453857422e+00 2.104062139987945557e-01 6.559227406978607178e-02 9.750444889068603516e-01 2.673791162669658661e-02
1.453561115264892578e+01 1.979916393756866455e-01 -1.918052315711975098e+00 2.176473885774612427e-01 5.541748180985450745e-02 9.744340777397155762e-01 6.049395538866519928e-03
1.411317348480224609e+01 2.915722727775573730e-01 -1.857015967369079590e+00 -2.255818992853164673e-01 -4.504858702421188354e-02 -9.730499982833862305e-01 1.603411138057708740e-02
1.369193077087402344e+01 3.791256546974182129e-01 -1.806433081626892090e+00 -2.340458631515502930e-01 -3.458680212497711182e-02 -9.708178639411926270e-01 3.923011943697929382e-02
1.327214527130126953e+01 4.604842960834503174e-01 -1.767438888549804688e+00 -2.428804486989974976e-01 -2.413623407483100891e-02 -9.676908850669860840e-01 6.325256824493408203e-02
1.285494232177734375e+01 5.376855134963989258e-01 -1.735817790031433105e+00 -2.519327700138092041e-01 -1.380345597863197327e-02 -9.636535048484802246e-01 8.781344443559646606e-02
1.244087505340576172e+01 6.118932962417602539e-01 -1.709546446800231934e+00 -2.610581517219543457e-01 -3.696896135807037354e-03 -9.587235450744628906e-01 1.126243025064468384e-01
1.203063201904296875e+01 6.850839257240295410e-01 -1.684779882431030273e+00 -2.701200246810913086e-01 6.074227392673492432e-03 -9.529533982276916504e-01 1.373974829912185669e-01
1.162481212615966797e+01 7.591088414192199707e-01 -1.658142924308776855e+00 -2.789919972419738770e-01 1.540053635835647583e-02 -9.464304447174072266e-01 1.618507802486419678e-01
1.122373008728027344e+01 8.346084356307983398e-01 -1.627702951431274414e+00 -2.875589132308959961e-01 2.417268604040145874e-02 -9.392752051353454590e-01 1.857077181339263916e-01
1.082719326019287109e+01 9.104464650154113770e-01 -1.594341993331909180e+00 -2.957160770893096924e-01 3.228283673524856567e-02 -9.316405653953552246e-01 2.087000012397766113e-01
1.043505191802978516e+01 9.857125878334045410e-01 -1.558405995368957520e+00 -3.033696711063385010e-01 3.962454944849014282e-02 -9.237071275711059570e-01 2.305684089660644531e-01
1.004707622528076172e+01 1.059634089469909668e+00 -1.521203279495239258e+00 -3.104375004768371582e-01 4.609347879886627197e-02 -9.156807065010070801e-01 2.510632276535034180e-01
9.663103103637695312e+00 1.131520390510559082e+00 -1.483177185058593750e+00 -3.168453574180603027e-01 5.158732831478118896e-02 -9.077866077423095703e-01 2.699466943740844727e-01
9.283124923706054688e+00 1.201934814453125000e+00 -1.445608496665954590e+00 -3.225280642509460449e-01 5.600511282682418823e-02 -9.002642035484313965e-01 2.869899272918701172e-01
8.905497550964355469e+00 1.271939992904663086e+00 -1.412102580070495605e+00 -3.239679932594299316e-01 4.905276745557785034e-02 -8.939498662948608398e-01 3.057647645473480225e-01
8.532340049743652344e+00 1.342621088027954102e+00 -1.380752205848693848e+00 -3.250139355659484863e-01 4.301051050424575806e-02 -8.881511688232421875e-01 3.220301568508148193e-01
8.163649559020996094e+00 1.414360880851745605e+00 -1.351837158203125000e+00 -3.258196115493774414e-01 3.778231143951416016e-02 -8.829110860824584961e-01 3.359791934490203857e-01
7.799384117126464844e+00 1.487188339233398438e+00 -1.325275897979736328e+00 -3.264924883842468262e-01 3.327734768390655518e-02 -8.782494068145751953e-01 3.478118479251861572e-01
7.439479827880859375e+00 1.560909032821655273e+00 -1.300769925117492676e+00 -3.271020650863647461e-01 2.941437810659408569e-02 -8.741676807403564453e-01 3.577287495136260986e-01
7.083865642547607422e+00 1.635326147079467773e+00 -1.278057575225830078e+00 -3.276871740818023682e-01 2.612253278493881226e-02 -8.706517219543457031e-01 3.659294843673706055e-01
6.732587337493896484e+00 1.710984468460083008e+00 -1.257794737815856934e+00 -3.282628655433654785e-01 2.334046363830566406e-02 -8.676743507385253906e-01 3.726121783256530762e-01
6.385446548461914062e+00 1.786764502525329590e+00 -1.238627552986145020e+00 -3.288256525993347168e-01 2.101503312587738037e-02 -8.651982545852661133e-01 3.779736161231994629e-01
6.042474746704101562e+00 1.863116979598999023e+00 -1.221126079559326172e+00 -3.293574154376983643e-01 1.910035312175750732e-02 -8.631775975227355957e-01 3.822084069252014160e-01
5.703295707702636719e+00 1.938343763351440430e+00 -1.204622149467468262e+00 -3.298302590847015381e-01 1.755432784557342529e-02 -8.615595698356628418e-01 3.855111598968505859e-01
5.367880344390869141e+00 2.012447357177734375e+00 -1.189051508903503418e+00 -3.302088677883148193e-01 1.633793115615844727e-02 -8.602861762046813965e-01 3.880759179592132568e-01
5.035934448242187500e+00 2.084185123443603516e+00 -1.174286484718322754e+00 -3.304534554481506348e-01 1.541316509246826172e-02 -8.592947125434875488e-01 3.900966942310333252e-01
4.707474231719970703e+00 2.153749704360961914e+00 -1.160235524177551270e+00 -3.305222094058990479e-01 1.474143564701080322e-02 -8.585189580917358398e-01 3.917688727378845215e-01
4.378989219665527344e+00 2.220863342285156250e+00 -1.146638154983520508e+00 -3.303720355033874512e-01 1.428383588790893555e-02 -8.578900694847106934e-01 3.932871818542480469e-01
4.050319671630859375e+00 2.284932851791381836e+00 -1.133596420288085938e+00 -3.299608826637268066e-01 1.399974524974822998e-02 -8.573360443115234375e-01 3.948477506637573242e-01
3.721512317657470703e+00 2.345965623855590820e+00 -1.120879173278808594e+00 -3.292480707168579102e-01 1.384793221950531006e-02 -8.567826151847839355e-01 3.966453075408935547e-01
3.392089843750000000e+00 2.401577711105346680e+00 -1.108746051788330078e+00 -3.281942009925842285e-01 1.378765702247619629e-02 -8.561534881591796875e-01 3.988730311393737793e-01
3.062388896942138672e+00 2.453014373779296875e+00 -1.096907019615173340e+00 -3.267625272274017334e-01 1.377867162227630615e-02 -8.553688526153564453e-01 4.017219543457031250e-01
2.731730937957763672e+00 2.496051311492919922e+00 -1.085675597190856934e+00 -3.249166011810302734e-01 1.378467679023742676e-02 -8.543458580970764160e-01 4.053791463375091553e-01
2.400511503219604492e+00 2.530972957611083984e+00 -1.074877023696899414e+00 -3.226210772991180420e-01 1.377469301223754883e-02 -8.529979586601257324e-01 4.100247919559478760e-01
2.068073749542236328e+00 2.554875373840332031e+00 -1.065164208412170410e+00 -3.188039958477020264e-01 1.159016788005828857e-02 -8.512825965881347656e-01 4.165903627872467041e-01
1.735308766365051270e+00 2.557503700256347656e+00 -1.056314110755920410e+00 -3.147506117820739746e-01 9.903714060783386230e-03 -8.491475582122802734e-01 4.240074753761291504e-01
1.403779268264770508e+00 2.538894891738891602e+00 -1.048295855522155762e+00 -3.104771077632904053e-01 8.691206574440002441e-03 -8.466047644615173340e-01 4.321906268596649170e-01
1.077696561813354492e+00 2.476349353790283203e+00 -1.042048335075378418e+00 -3.059991598129272461e-01 7.928058505058288574e-03 -8.436661958694458008e-01 4.410543441772460938e-01
7.821642756462097168e-01 2.328433752059936523e+00 -1.038917541503906250e+00 -3.013326823711395264e-01 7.589608430862426758e-03 -8.403441309928894043e-01 4.505138397216796875e-01
5.792968869209289551e-01 2.071810245513916016e+00 -1.039860248565673828e+00 -2.964946031570434570e-01 7.652014493942260742e-03 -8.366527557373046875e-01 4.604827463626861572e-01
5.002599954605102539e-01 1.753456115722656250e+00 -1.043491840362548828e+00 -2.915023863315582275e-01 8.089736104011535645e-03 -8.326076865196228027e-01 4.708772301673889160e-01
5.073510408401489258e-01 1.423745036125183105e+00 -1.047773122787475586e+00 -2.863748371601104736e-01 8.878886699676513672e-03 -8.282269835472106934e-01 4.816125035285949707e-01
5.600537061691284180e-01 1.097373962402343750e+00 -1.051882624626159668e+00 -2.811313867568969727e-01 9.994000196456909180e-03 -8.235315084457397461e-01 4.926064014434814453e-01
6.485192775726318359e-01 7.791561484336853027e-01 -1.055342674255371094e+00 -2.757926583290100098e-01 1.141051203012466431e-02 -8.185455203056335449e-01 5.037771463394165039e-01
7.499218583106994629e-01 4.655444324016571045e-01 -1.058269023895263672e+00 -2.703804671764373779e-01 1.310369372367858887e-02 -8.132963180541992188e-01 5.150454640388488770e-01
8.623876571655273438e-01 1.559390276670455933e-01 -1.060745477676391602e+00 -2.649186849594116211e-01 1.504864543676376343e-02 -8.078149557113647461e-01 5.263330340385437012e-01
9.841894507408142090e-01 -1.495379656553268433e-01 -1.062540888786315918e+00 -2.594314515590667725e-01 1.722014695405960083e-02 -8.021363615989685059e-01 5.375648140907287598e-01
1.111122965812683105e+00 -4.525472819805145264e-01 -1.063963890075683594e+00 -2.539448738098144531e-01 1.959343999624252319e-02 -7.962988018989562988e-01 5.486676692962646484e-01
1.242243647575378418e+00 -7.532351613044738770e-01 -1.065080881118774414e+00 -2.484858036041259766e-01 2.214425057172775269e-02 -7.903447151184082031e-01 5.595709085464477539e-01
1.379385948181152344e+00 -1.050760269165039062e+00 -1.065759897232055664e+00 -2.430826872587203979e-01 2.484761178493499756e-02 -7.843201756477355957e-01 5.702064633369445801e-01
1.516435503959655762e+00 -1.347839832305908203e+00 -1.066457152366638184e+00 -2.377649545669555664e-01 2.767913788557052612e-02 -7.782742977142333984e-01 5.805089473724365234e-01
1.661196231842041016e+00 -1.640650629997253418e+00 -1.066582918167114258e+00 -2.325628399848937988e-01 3.061496466398239136e-02 -7.722602486610412598e-01 5.904162526130676270e-01
1.806473374366760254e+00 -1.932672739028930664e+00 -1.066683650016784668e+00 -2.275077402591705322e-01 3.363065421581268311e-02 -7.663335204124450684e-01 5.998683571815490723e-01
1.953747510910034180e+00 -2.223085403442382812e+00 -1.066641807556152344e+00 -2.226316332817077637e-01 3.670326620340347290e-02 -7.605531811714172363e-01 6.088076829910278320e-01
2.106417179107666016e+00 -2.510095834732055664e+00 -1.066291809082031250e+00 -2.176812887191772461e-01 3.946901112794876099e-02 -7.549896240234375000e-01 6.172906160354614258e-01
2.258961200714111328e+00 -2.796571969985961914e+00 -1.065956115722656250e+00 -2.129439860582351685e-01 4.227915406227111816e-02 -7.496493458747863770e-01 6.252143979072570801e-01
2.415561437606811523e+00 -3.080179929733276367e+00 -1.065300822257995605e+00 -2.084119915962219238e-01 4.511982947587966919e-02 -7.445452809333801270e-01 6.325985193252563477e-01
2.575522422790527344e+00 -3.361300468444824219e+00 -1.064379572868347168e+00 -2.040785551071166992e-01 4.797758907079696655e-02 -7.396895289421081543e-01 6.394603252410888672e-01
2.735319852828979492e+00 -3.641891479492187500e+00 -1.063471078872680664e+00 -1.999366134405136108e-01 5.084034800529479980e-02 -7.350929379463195801e-01 6.458165049552917480e-01
2.901959180831909180e+00 -3.917775154113769531e+00 -1.062003493309020996e+00 -1.959795057773590088e-01 5.369669198989868164e-02 -7.307645678520202637e-01 6.516837477684020996e-01
3.069911956787109375e+00 -4.192239761352539062e+00 -1.060425400733947754e+00 -1.922010034322738647e-01 5.653587728738784790e-02 -7.267132997512817383e-01 6.570770740509033203e-01
3.239763021469116211e+00 -4.464835643768310547e+00 -1.058684349060058594e+00 -1.885950863361358643e-01 5.934799462556838989e-02 -7.229462862014770508e-01 6.620108485221862793e-01
3.417620658874511719e+00 -4.731621742248535156e+00 -1.056266784667968750e+00 -1.851560175418853760e-01 6.212373077869415283e-02 -7.194695472717285156e-01 6.664992570877075195e-01
3.595257520675659180e+00 -4.997898578643798828e+00 -1.053861021995544434e+00 -1.818782985210418701e-01 6.485468149185180664e-02 -7.162886261940002441e-01 6.705555915832519531e-01
3.783240795135498047e+00 -5.256147384643554688e+00 -1.050553202629089355e+00 -1.787572801113128662e-01 6.753239035606384277e-02 -7.134079337120056152e-01 6.741914153099060059e-01
3.974083185195922852e+00 -5.511691570281982422e+00 -1.046989440917968750e+00 -1.757878363132476807e-01 7.014996558427810669e-02 -7.108312845230102539e-01 6.774189472198486328e-01
4.177176475524902344e+00 -5.756511688232421875e+00 -1.042308330535888672e+00 -1.729657202959060669e-01 7.270035892724990845e-02 -7.085606455802917480e-01 6.802495121955871582e-01
4.387565612792968750e+00 -5.994661331176757812e+00 -1.036956429481506348e+00 -1.702868044376373291e-01 7.517741620540618896e-02 -7.065983414649963379e-01 6.826928257942199707e-01
4.618101596832275391e+00 -6.212073802947998047e+00 -1.029618501663208008e+00 -1.677468717098236084e-01 7.757587730884552002e-02 -7.049453258514404297e-01 6.847589612007141113e-01
4.861793041229248047e+00 -6.412992954254150391e+00 -1.020864844322204590e+00 -1.653427928686141968e-01 7.989035546779632568e-02 -7.036020159721374512e-01 6.864571571350097656e-01
5.128740310668945312e+00 -6.588565349578857422e+00 -1.009714007377624512e+00 -1.630707681179046631e-01 8.211688697338104248e-02 -7.025681138038635254e-01 6.877955794334411621e-01
5.422428607940673828e+00 -6.723251819610595703e+00 -9.953271150588989258e-01 -1.609275639057159424e-01 8.425179123878479004e-02 -7.018426060676574707e-01 6.887821555137634277e-01
5.737952232360839844e+00 -6.806745529174804688e+00 -9.775500297546386719e-01 -1.589103043079376221e-01 8.629179000854492188e-02 -7.014238238334655762e-01 6.894243359565734863e-01
6.065752029418945312e+00 -6.842718124389648438e+00 -9.570233225822448730e-01 -1.570156514644622803e-01 8.823490887880325317e-02 -7.013098001480102539e-01 6.897284388542175293e-01
6.398974418640136719e+00 -6.846540451049804688e+00 -9.349008202552795410e-01 -1.545098423957824707e-01 8.934649825096130371e-02 -7.015832066535949707e-01 6.898730397224426270e-01
6.735628604888916016e+00 -6.836615562438964844e+00 -9.117208719253540039e-01 -1.519984155893325806e-01 9.029370546340942383e-02 -7.021190524101257324e-01 6.897624731063842773e-01
7.075828075408935547e+00 -6.826651573181152344e+00 -8.879940509796142578e-01 -1.494774222373962402e-01 9.113486856222152710e-02 -7.028588056564331055e-01 6.894493103027343750e-01
7.419593811035156250e+00 -6.816696643829345703e+00 -8.639853000640869141e-01 -1.469424217939376831e-01 9.192687273025512695e-02 -7.037438750267028809e-01 6.889861226081848145e-01
7.766948699951171875e+00 -6.806818485260009766e+00 -8.399249315261840820e-01 -1.443891227245330811e-01 9.272789955139160156e-02 -7.047156691551208496e-01 6.884250640869140625e-01
8.117912292480468750e+00 -6.797076225280761719e+00 -8.160449266433715820e-01 -1.418134868144989014e-01 9.359499812126159668e-02 -7.057156562805175781e-01 6.878186464309692383e-01
8.472498893737792969e+00 -6.787513256072998047e+00 -7.925027012825012207e-01 -1.392109990119934082e-01 9.458594024181365967e-02 -7.066849470138549805e-01 6.872191429138183594e-01
8.824576377868652344e+00 -6.778340339660644531e+00 -7.698623538017272949e-01 -1.365776658058166504e-01 9.575864672660827637e-02 -7.075648307800292969e-01 6.866794824600219727e-01
9.174151420593261719e+00 -6.769600868225097656e+00 -7.482449412345886230e-01 -1.339096128940582275e-01 9.717024862766265869e-02 -7.082970142364501953e-01 6.862517595291137695e-01
9.521235466003417969e+00 -6.761340141296386719e+00 -7.277715802192687988e-01 -1.312020421028137207e-01 9.887836873531341553e-02 -7.088224291801452637e-01 6.859883069992065430e-01
9.865834236145019531e+00 -6.753608703613281250e+00 -7.085732817649841309e-01 -1.284506171941757202e-01 1.009403392672538757e-01 -7.090818881988525391e-01 6.859404444694519043e-01
1.020796871185302734e+01 -6.746545314788818359e+00 -6.910699605941772461e-01 -1.256512701511383057e-01 1.034137755632400513e-01 -7.090150117874145508e-01 6.861596107482910156e-01
1.054761695861816406e+01 -6.740086555480957031e+00 -6.749169826507568359e-01 -1.227988600730895996e-01 1.063555851578712463e-01 -7.085608839988708496e-01 6.866953372955322266e-01
1.088476085662841797e+01 -6.734178543090820312e+00 -6.597991585731506348e-01 -1.198886036872863770e-01 1.098225861787796021e-01 -7.076563835144042969e-01 6.875958442687988281e-01
1.121939182281494141e+01 -6.728799819946289062e+00 -6.455309987068176270e-01 -1.169150024652481079e-01 1.138715445995330811e-01 -7.062371969223022461e-01 6.889072060585021973e-01
1.155150604248046875e+01 -6.723934173583984375e+00 -6.319305300712585449e-01 -1.138720735907554626e-01 1.185583621263504028e-01 -7.042356133460998535e-01 6.906730532646179199e-01
1.188110065460205078e+01 -6.719563007354736328e+00 -6.188189387321472168e-01 -1.107530966401100159e-01 1.239383071660995483e-01 -7.015812397003173828e-01 6.929334402084350586e-01
1.220817470550537109e+01 -6.715699195861816406e+00 -6.060372591018676758e-01 -1.075513362884521484e-01 1.300663352012634277e-01 -6.981996297836303711e-01 6.957244873046875000e-01
1.253273010253906250e+01 -6.712278366088867188e+00 -5.932968258857727051e-01 -1.042582392692565918e-01 1.369957178831100464e-01 -6.940119266510009766e-01 6.990778446197509766e-01
1.285476779937744141e+01 -6.709278583526611328e+00 -5.804367065429687500e-01 -1.008651107549667358e-01 1.447786837816238403e-01 -6.889341473579406738e-01 7.030186057090759277e-01
1.317399501800537109e+01 -6.706614017486572266e+00 -5.681460499763488770e-01 -9.489509463310241699e-02 1.510445922613143921e-01 -6.834356784820556641e-01 7.078814506530761719e-01
1.349067687988281250e+01 -6.704212665557861328e+00 -5.556042194366455078e-01 -8.855543285608291626e-02 1.578672677278518677e-01 -6.771403551101684570e-01 7.132437229156494141e-01
1.380480289459228516e+01 -6.701181888580322266e+00 -5.426889061927795410e-01 -8.194670081138610840e-02 1.651821434497833252e-01 -6.701165437698364258e-01 7.189877033233642578e-01
1.411637210845947266e+01 -6.696937084197998047e+00 -5.294830203056335449e-01 -7.517093420028686523e-02 1.729176044464111328e-01 -6.624324321746826172e-01 7.250047922134399414e-01
1.442537689208984375e+01 -6.691151618957519531e+00 -5.160204768180847168e-01 -6.833156198263168335e-02 1.809937655925750732e-01 -6.541586518287658691e-01 7.311965823173522949e-01
1.473180484771728516e+01 -6.683502197265625000e+00 -5.023065209388732910e-01 -6.153310090303421021e-02 1.893218308687210083e-01 -6.453669667243957520e-01 7.374770641326904297e-01
1.503559875488281250e+01 -6.672932147979736328e+00 -4.882400333881378174e-01 -5.487994849681854248e-02 1.978043913841247559e-01 -6.361325979232788086e-01 7.437720894813537598e-01
1.533668041229248047e+01 -6.658766746520996094e+00 -4.738171398639678955e-01 -4.847648739814758301e-02 2.063347995281219482e-01 -6.265335679054260254e-01 7.500209808349609375e-01
1.563503742218017578e+01 -6.641393661499023438e+00 -4.591360390186309814e-01 -4.242543876171112061e-02 2.147983163595199585e-01 -6.166526079177856445e-01 7.561754584312438965e-01
1.593062591552734375e+01 -6.620668888092041016e+00 -4.442025721073150635e-01 -3.682701289653778076e-02 2.230719923973083496e-01 -6.065772771835327148e-01 7.621985077857971191e-01
1.622320365905761719e+01 -6.594650745391845703e+00 -4.288510084152221680e-01 -3.177779912948608398e-02 2.310259044170379639e-01 -5.964005589485168457e-01 7.680647969245910645e-01
1.651268577575683594e+01 -6.563681602478027344e+00 -4.131649732589721680e-01 -2.736937254667282104e-02 2.385233342647552490e-01 -5.862222909927368164e-01 7.737575769424438477e-01
1.679918479919433594e+01 -6.529155254364013672e+00 -3.972882032394409180e-01 -2.368692308664321899e-02 2.454217672348022461e-01 -5.761503577232360840e-01 7.792674899101257324e-01
1.708263969421386719e+01 -6.491037845611572266e+00 -3.812335133552551270e-01 -2.080831676721572876e-02 2.515735626220703125e-01 -5.662998557090759277e-01 7.845904231071472168e-01
1.736288452148437500e+01 -6.448774337768554688e+00 -3.650237917900085449e-01 -1.880200952291488647e-02 2.568270266056060791e-01 -5.567968487739562988e-01 7.897236347198486328e-01
1.764019203186035156e+01 -6.404375553131103516e+00 -3.488311767578125000e-01 -1.772711426019668579e-02 2.610270678997039795e-01 -5.477764606475830078e-01 7.946644425392150879e-01
1.791454505920410156e+01 -6.357939243316650391e+00 -3.326812684535980225e-01 -1.763220876455307007e-02 2.640165686607360840e-01 -5.393834710121154785e-01 7.994058132171630859e-01
1.818587303161621094e+01 -6.309272766113281250e+00 -3.166464269161224365e-01 -1.855556666851043701e-02 2.656378746032714844e-01 -5.317740440368652344e-01 8.039330840110778809e-01
1.845424461364746094e+01 -6.258956909179687500e+00 -3.008764684200286865e-01 -2.052578330039978027e-02 2.657347321510314941e-01 -5.251126289367675781e-01 8.082205653190612793e-01
1.871977424621582031e+01 -6.207711696624755859e+00 -2.854772806167602539e-01 -2.356372028589248657e-02 2.641541659832000732e-01 -5.195716023445129395e-01 8.122269511222839355e-01
1.898150825500488281e+01 -6.155444622039794922e+00 -2.726098597049713135e-01 -2.026122808456420898e-02 2.561062872409820557e-01 -5.176443457603454590e-01 8.161147236824035645e-01
1.924058341979980469e+01 -6.103531360626220703e+00 -2.609237730503082275e-01 -1.711429655551910400e-02 2.459057271480560303e-01 -5.171107053756713867e-01 8.196548819541931152e-01
1.949729156494140625e+01 -6.053222656250000000e+00 -2.510107457637786865e-01 -1.413783431053161621e-02 2.337175309658050537e-01 -5.178555846214294434e-01 8.228011727333068848e-01
1.975193595886230469e+01 -6.005929470062255859e+00 -2.436852902173995972e-01 -1.134654879570007324e-02 2.197054028511047363e-01 -5.197589993476867676e-01 8.255007266998291016e-01
2.000524520874023438e+01 -5.966062068939208984e+00 -2.414468377828598022e-01 -8.755341172218322754e-03 2.040341794490814209e-01 -5.226976871490478516e-01 8.276959061622619629e-01
2.025774192810058594e+01 -5.942424774169921875e+00 -2.484518438577651978e-01 -6.379380822181701660e-03 1.868704706430435181e-01 -5.265468358993530273e-01 8.293293714523315430e-01
2.050661087036132812e+01 -5.957941055297851562e+00 -2.740615904331207275e-01 -4.233539104461669922e-03 1.683837026357650757e-01 -5.311831235885620117e-01 8.303453326225280762e-01
2.073843193054199219e+01 -6.025767803192138672e+00 -3.220309317111968994e-01 -2.333529293537139893e-03 1.487477123737335205e-01 -5.364840030670166016e-01 8.306944966316223145e-01
2.095633697509765625e+01 -6.125882625579833984e+00 -3.517166078090667725e-01 -6.938539445400238037e-04 1.281393170356750488e-01 -5.423325300216674805e-01 8.303344845771789551e-01
2.117077064514160156e+01 -6.226926326751708984e+00 -3.585839867591857910e-01 6.697215139865875244e-04 1.067406237125396729e-01 -5.486157536506652832e-01 8.292325735092163086e-01
2.138177108764648438e+01 -6.325261116027832031e+00 -3.617281913757324219e-01 1.742616295814514160e-03 8.473683893680572510e-02 -5.552275776863098145e-01 8.273686766624450684e-01
2.158944320678710938e+01 -6.420382022857666016e+00 -3.642269670963287354e-01 2.509815618395805359e-03 6.231698393821716309e-02 -5.620695352554321289e-01 8.247351050376892090e-01
2.179562187194824219e+01 -6.512938022613525391e+00 -3.670852482318878174e-01 2.956597134470939636e-03 3.967344388365745544e-02 -5.690522193908691406e-01 8.213384151458740234e-01
2.200038719177246094e+01 -6.602784156799316406e+00 -3.709832727909088135e-01 3.068701829761266708e-03 1.699981093406677246e-02 -5.760954022407531738e-01 8.171998858451843262e-01
2.220387077331542969e+01 -6.689623832702636719e+00 -3.765109181404113770e-01 2.831785473972558975e-03 -5.508709698915481567e-03 -5.831292867660522461e-01 8.123557567596435547e-01
2.240657615661621094e+01 -6.772104263305664062e+00 -3.847576677799224854e-01 2.232115715742111206e-03 -2.765678241848945618e-02 -5.900948047637939453e-01 8.068569898605346680e-01
2.260813713073730469e+01 -6.850899696350097656e+00 -3.951126039028167725e-01 1.255810260772705078e-03 -4.925027489662170410e-02 -5.969436764717102051e-01 8.007690310478210449e-01
2.280851936340332031e+01 -6.925943374633789062e+00 -4.075863659381866455e-01 -1.106709241867065430e-04 -7.009658217430114746e-02 -6.036381125450134277e-01 7.941707968711853027e-01
2.300781250000000000e+01 -6.996784687042236328e+00 -4.224975407123565674e-01 -1.880932599306106567e-03 -9.000563621520996094e-02 -6.101516485214233398e-01 7.871533632278442383e-01
2.320630264282226562e+01 -7.061866283416748047e+00 -4.410018920898437500e-01 -4.068944603204727173e-03 -1.087908297777175903e-01 -6.164670586585998535e-01 7.798181176185607910e-01
2.340332984924316406e+01 -7.123155593872070312e+00 -4.610467553138732910e-01 -6.682638078927993774e-03 -1.263068765401840210e-01 -6.225889921188354492e-01 7.722595334053039551e-01
2.359880638122558594e+01 -7.180812835693359375e+00 -4.823617339134216309e-01 -9.707391262054443359e-03 -1.425652503967285156e-01 -6.285778284072875977e-01 7.645068764686584473e-01
2.379305076599121094e+01 -7.233307361602783203e+00 -5.051242113113403320e-01 -1.312150061130523682e-02 -1.576155275106430054e-01 -6.345025897026062012e-01 7.565656900405883789e-01
2.398569679260253906e+01 -7.281960964202880859e+00 -5.281429886817932129e-01 -1.690386235713958740e-02 -1.715088486671447754e-01 -6.404259204864501953e-01 7.484340667724609375e-01
2.417663002014160156e+01 -7.327159881591796875e+00 -5.510998368263244629e-01 -2.103321999311447144e-02 -1.842963099479675293e-01 -6.464056372642517090e-01 7.401027679443359375e-01
2.436604499816894531e+01 -7.368011951446533203e+00 -5.736773610115051270e-01 -2.548806369304656982e-02 -1.960285604000091553e-01 -6.524946689605712891e-01 7.315558195114135742e-01
2.455404663085937500e+01 -7.403985023498535156e+00 -5.950021147727966309e-01 -3.024695813655853271e-02 -2.067562341690063477e-01 -6.587403416633605957e-01 7.227711677551269531e-01
2.474040412902832031e+01 -7.435907363891601562e+00 -6.147069931030273438e-01 -3.528862446546554565e-02 -2.165294885635375977e-01 -6.651858091354370117e-01 7.137208580970764160e-01
2.492518997192382812e+01 -7.463314533233642578e+00 -6.322396993637084961e-01 -4.059122502803802490e-02 -2.253974080085754395e-01 -6.718692779541015625e-01 7.043719291687011719e-01
2.510855865478515625e+01 -7.485090732574462891e+00 -6.463980078697204590e-01 -4.613294452428817749e-02 -2.334086596965789795e-01 -6.788243651390075684e-01 6.946866512298583984e-01
2.529057502746582031e+01 -7.499418735504150391e+00 -6.548965573310852051e-01 -5.189209431409835815e-02 -2.406107634305953979e-01 -6.860807538032531738e-01 6.846216320991516113e-01
2.547076034545898438e+01 -7.506680965423583984e+00 -6.583023071289062500e-01 -5.784627795219421387e-02 -2.470504343509674072e-01 -6.936627626419067383e-01 6.741304397583007812e-01
2.564876365661621094e+01 -7.506256580352783203e+00 -6.564675569534301758e-01 -6.397295743227005005e-02 -2.527732253074645996e-01 -7.015911340713500977e-01 6.631613969802856445e-01
2.582415199279785156e+01 -7.497938156127929688e+00 -6.496520638465881348e-01 -7.024917006492614746e-02 -2.578238844871520996e-01 -7.098811864852905273e-01 6.516599059104919434e-01
2.599654197692871094e+01 -7.482109069824218750e+00 -6.386221051216125488e-01 -7.665216177701950073e-02 -2.622461616992950439e-01 -7.185441851615905762e-01 6.395667791366577148e-01
2.616574859619140625e+01 -7.459816932678222656e+00 -6.246463060379028320e-01 -8.315744996070861816e-02 -2.660821974277496338e-01 -7.275861501693725586e-01 6.268202662467956543e-01
2.633187484741210938e+01 -7.432661533355712891e+00 -6.093630790710449219e-01 -8.974134922027587891e-02 -2.693737447261810303e-01 -7.370075583457946777e-01 6.133548617362976074e-01
2.649528694152832031e+01 -7.402666568756103516e+00 -5.946716070175170898e-01 -9.637832641601562500e-02 -2.721607089042663574e-01 -7.468041777610778809e-01 5.991020202636718750e-01
2.665652465820312500e+01 -7.372453212738037109e+00 -5.819665193557739258e-01 -1.030433103442192078e-01 -2.744823098182678223e-01 -7.569657564163208008e-01 5.839900374412536621e-01
2.681627464294433594e+01 -7.347011089324951172e+00 -5.707790851593017578e-01 -1.097097545862197876e-01 -2.763762474060058594e-01 -7.674751877784729004e-01 5.679451823234558105e-01
2.697472572326660156e+01 -7.331861495971679688e+00 -5.601162314414978027e-01 -1.182531565427780151e-01 -2.751823663711547852e-01 -7.792435288429260254e-01 5.505181550979614258e-01
2.713076591491699219e+01 -7.336491107940673828e+00 -5.505413413047790527e-01 -1.266762316226959229e-01 -2.734309434890747070e-01 -7.912119030952453613e-01 5.321391820907592773e-01
2.727800178527832031e+01 -7.374599456787109375e+00 -5.422317385673522949e-01 -1.349152326583862305e-01 -2.711625099182128906e-01 -8.032153844833374023e-01 5.129463076591491699e-01
2.739862823486328125e+01 -7.459525108337402344e+00 -5.358868241310119629e-01 -1.429151147603988647e-01 -2.684282064437866211e-01 -8.150984048843383789e-01 4.930882751941680908e-01
2.746541404724121094e+01 -7.598934650421142578e+00 -5.325073003768920898e-01 -1.506314277648925781e-01 -2.652883529663085938e-01 -8.267177939414978027e-01 4.727260470390319824e-01
2.748996925354003906e+01 -7.760511875152587891e+00 -5.312731862068176270e-01 -1.580327153205871582e-01 -2.618102729320526123e-01 -8.379440903663635254e-01 4.520294070243835449e-01
2.749013137817382812e+01 -7.933095455169677734e+00 -5.315777659416198730e-01 -1.651005446910858154e-01 -2.580667436122894287e-01 -8.486632108688354492e-01 4.311776459217071533e-01
2.747503662109375000e+01 -8.114239692687988281e+00 -5.330905318260192871e-01 -1.718295514583587646e-01 -2.541335821151733398e-01 -8.587762117385864258e-01 4.103585779666900635e-01
2.744782257080078125e+01 -8.303226470947265625e+00 -5.358831882476806641e-01 -1.782275289297103882e-01 -2.500870227813720703e-01 -8.682025074958801270e-01 3.897637128829956055e-01
2.741385269165039062e+01 -8.495693206787109375e+00 -5.397350788116455078e-01 -1.843123883008956909e-01 -2.460028082132339478e-01 -8.768773078918457031e-01 3.695910274982452393e-01
2.737553215026855469e+01 -8.692036628723144531e+00 -5.445159673690795898e-01 -1.901123672723770142e-01 -2.419545948505401611e-01 -8.847520351409912109e-01 3.500413000583648682e-01
2.733379364013671875e+01 -8.892439842224121094e+00 -5.502087473869323730e-01 -1.956623047590255737e-01 -2.380130589008331299e-01 -8.917929530143737793e-01 3.313177227973937988e-01
2.728930282592773438e+01 -9.097030639648437500e+00 -5.572070479393005371e-01 -2.010019123554229736e-01 -2.342453896999359131e-01 -8.979797363281250000e-01 3.136236369609832764e-01
2.724382972717285156e+01 -9.306223869323730469e+00 -5.655099153518676758e-01 -2.061724215745925903e-01 -2.307161390781402588e-01 -9.033032059669494629e-01 2.971636950969696045e-01
2.719811439514160156e+01 -9.520202636718750000e+00 -5.750640630722045898e-01 -2.112139165401458740e-01 -2.274874448776245117e-01 -9.077629446983337402e-01 2.821425497531890869e-01
2.715274620056152344e+01 -9.739098548889160156e+00 -5.860113501548767090e-01 -2.161628752946853638e-01 -2.246208041906356812e-01 -9.113638997077941895e-01 2.687655985355377197e-01
2.710825157165527344e+01 -9.963007926940917969e+00 -5.985250473022460938e-01 -2.210484594106674194e-01 -2.221779078245162964e-01 -9.141133427619934082e-01 2.572372853755950928e-01
2.706420326232910156e+01 -1.019185352325439453e+01 -6.120831370353698730e-01 -2.258899062871932983e-01 -2.202232033014297485e-01 -9.160178899765014648e-01 2.477634251117706299e-01
2.702059745788574219e+01 -1.042564964294433594e+01 -6.264843344688415527e-01 -2.306925207376480103e-01 -2.188249677419662476e-01 -9.170780181884765625e-01 2.405501902103424072e-01
2.697762680053710938e+01 -1.066444587707519531e+01 -6.415225267410278320e-01 -2.354446798563003540e-01 -2.180579602718353271e-01 -9.172852039337158203e-01 2.358056604862213135e-01
2.693626594543457031e+01 -1.090732860565185547e+01 -6.553121805191040039e-01 -2.419242560863494873e-01 -2.108193486928939819e-01 -9.183089733123779297e-01 2.318111211061477661e-01
2.689654159545898438e+01 -1.115525627136230469e+01 -6.686336994171142578e-01 -2.484711408615112305e-01 -2.032756060361862183e-01 -9.186982512474060059e-01 2.300748527050018311e-01
2.685936546325683594e+01 -1.140837097167968750e+01 -6.805349588394165039e-01 -2.550289332866668701e-01 -1.954403221607208252e-01 -9.184905886650085449e-01 2.305175364017486572e-01
2.682636833190917969e+01 -1.166689300537109375e+01 -6.892614364624023438e-01 -2.615395188331604004e-01 -1.873241513967514038e-01 -9.177101254463195801e-01 2.330556809902191162e-01
2.680104446411132812e+01 -1.193111515045166016e+01 -6.912835836410522461e-01 -2.679400146007537842e-01 -1.789354681968688965e-01 -9.163704514503479004e-01 2.376031875610351562e-01
2.678202629089355469e+01 -1.220052719116210938e+01 -6.859063506126403809e-01 -2.741663455963134766e-01 -1.702808290719985962e-01 -9.144763350486755371e-01 2.440704554319381714e-01
2.676440620422363281e+01 -1.247460460662841797e+01 -6.755175590515136719e-01 -2.801511883735656738e-01 -1.613654941320419312e-01 -9.120242595672607422e-01 2.523652017116546631e-01
2.674343109130859375e+01 -1.275309944152832031e+01 -6.638799905776977539e-01 -2.858261764049530029e-01 -1.521942913532257080e-01 -9.090050458908081055e-01 2.623929977416992188e-01
2.671810531616210938e+01 -1.303596973419189453e+01 -6.529361009597778320e-01 -2.911205291748046875e-01 -1.427710801362991333e-01 -9.054051637649536133e-01 2.740558087825775146e-01
2.668932151794433594e+01 -1.332328319549560547e+01 -6.433975100517272949e-01 -2.959626913070678711e-01 -1.331000328063964844e-01 -9.012079238891601562e-01 2.872535586357116699e-01
2.665805625915527344e+01 -1.361511707305908203e+01 -6.356777548789978027e-01 -3.002811968326568604e-01 -1.231857985258102417e-01 -8.963943719863891602e-01 3.018833696842193604e-01
2.662486076354980469e+01 -1.391151905059814453e+01 -6.300653219223022461e-01 -3.040027022361755371e-01 -1.130334436893463135e-01 -8.909449577331542969e-01 3.178408145904541016e-01
2.659006690979003906e+01 -1.421251583099365234e+01 -6.267983913421630859e-01 -3.070559203624725342e-01 -1.026491522789001465e-01 -8.848403096199035645e-01 3.350181281566619873e-01
2.655390548706054688e+01 -1.451811599731445312e+01 -6.261028647422790527e-01 -3.093693256378173828e-01 -9.203977882862091064e-02 -8.780631422996520996e-01 3.533051311969757080e-01
2.651653671264648438e+01 -1.482832145690917969e+01 -6.282137632369995117e-01 -3.108725249767303467e-01 -8.121350407600402832e-02 -8.705971837043762207e-01 3.725896179676055908e-01
2.647808456420898438e+01 -1.514311885833740234e+01 -6.333895921707153320e-01 -3.114967644214630127e-01 -7.018037140369415283e-02 -8.624294996261596680e-01 3.927591741085052490e-01
2.643862724304199219e+01 -1.546248531341552734e+01 -6.419988870620727539e-01 -3.111757040023803711e-01 -5.895148962736129761e-02 -8.535506129264831543e-01 4.136975109577178955e-01
2.639814949035644531e+01 -1.578629589080810547e+01 -6.555895805358886719e-01 -3.098455071449279785e-01 -4.753927141427993774e-02 -8.439549207687377930e-01 4.352883994579315186e-01
2.635692977905273438e+01 -1.611461448669433594e+01 -6.725616455078125000e-01 -3.074447512626647949e-01 -3.595815598964691162e-02 -8.336405754089355469e-01 4.574146568775177002e-01
2.631508064270019531e+01 -1.644743919372558594e+01 -6.927484273910522461e-01 -3.039160966873168945e-01 -2.422322332859039307e-02 -8.226109743118286133e-01 4.799575209617614746e-01
2.627269554138183594e+01 -1.678474617004394531e+01 -7.160583138465881348e-01 -2.992250323295593262e-01 -1.236258447170257568e-02 -8.108751773834228516e-01 5.027852654457092285e-01
2.622951126098632812e+01 -1.712676811218261719e+01 -7.431698441505432129e-01 -2.916032671928405762e-01 -3.208920359611511230e-03 -7.984483838081359863e-01 5.267233252525329590e-01
2.618523788452148438e+01 -1.747377204895019531e+01 -7.750405669212341309e-01 -2.784475386142730713e-01 -1.762956380844116211e-04 -7.854719758033752441e-01 5.527211427688598633e-01
2.614127349853515625e+01 -1.782493209838867188e+01 -8.097177147865295410e-01 -2.648546397686004639e-01 4.454106092453002930e-03 -7.720698118209838867e-01 5.777025818824768066e-01
2.609806060791015625e+01 -1.818021011352539062e+01 -8.472976684570312500e-01 -2.510603964328765869e-01 1.052287220954895020e-02 -7.582893371582031250e-01 6.015439033508300781e-01
2.605663299560546875e+01 -1.853961944580078125e+01 -8.880517482757568359e-01 -2.372818887233734131e-01 1.784022897481918335e-02 -7.441849708557128906e-01 6.241534948348999023e-01
2.604077529907226562e+01 -1.878200340270996094e+01 -8.977157473564147949e-01 -2.237153798341751099e-01 2.619661390781402588e-02 -7.298227548599243164e-01 6.454640626907348633e-01
2.608682632446289062e+01 -1.843718910217285156e+01 -8.076516389846801758e-01 -2.105357199907302856e-01 3.537062555551528931e-02 -7.152810096740722656e-01 6.654297709465026855e-01
2.612974548339843750e+01 -1.808285522460937500e+01 -7.169915437698364258e-01 -1.978956162929534912e-01 4.513602703809738159e-02 -7.006530165672302246e-01 6.840214133262634277e-01
2.617135238647460938e+01 -1.771875762939453125e+01 -6.277874708175659180e-01 -1.859264969825744629e-01 5.526654422283172607e-02 -6.860494613647460938e-01 7.012225389480590820e-01
2.621154785156250000e+01 -1.734455108642578125e+01 -5.415475368499755859e-01 -1.747379004955291748e-01 6.554020196199417114e-02 -6.715975403785705566e-01 7.170271277427673340e-01
2.625013160705566406e+01 -1.696006011962890625e+01 -4.592764079570770264e-01 -1.644178628921508789e-01 7.574276626110076904e-02 -6.574426293373107910e-01 7.314361333847045898e-01
2.628684425354003906e+01 -1.656515884399414062e+01 -3.818429410457611084e-01 -1.550334692001342773e-01 8.567025512456893921e-02 -6.437466144561767578e-01 7.444564700126647949e-01
2.632137870788574219e+01 -1.615976333618164062e+01 -3.101406693458557129e-01 -1.466315537691116333e-01 9.513089805841445923e-02 -6.306868195533752441e-01 7.560974955558776855e-01
2.635331726074218750e+01 -1.574379444122314453e+01 -2.451913356781005859e-01 -1.392408758401870728e-01 1.039461269974708557e-01 -6.184549927711486816e-01 7.663684487342834473e-01
2.638215827941894531e+01 -1.531718730926513672e+01 -1.882339417934417725e-01 -1.328731924295425415e-01 1.119528561830520630e-01 -6.072537899017333984e-01 7.752767205238342285e-01
2.640645217895507812e+01 -1.487967967987060547e+01 -1.428741365671157837e-01 -1.275274455547332764e-01 1.190028414130210876e-01 -5.972939729690551758e-01 7.828250527381896973e-01
2.642735862731933594e+01 -1.443195724487304688e+01 -1.061859130859375000e-01 -1.231927648186683655e-01 1.249637976288795471e-01 -5.887908935546875000e-01 7.890074253082275391e-01
2.644540977478027344e+01 -1.397430419921875000e+01 -7.682067900896072388e-02 -1.198541224002838135e-01 1.297186315059661865e-01 -5.819596052169799805e-01 7.938078641891479492e-01
2.646085929870605469e+01 -1.350686740875244141e+01 -5.417785421013832092e-02 -1.174971461296081543e-01 1.331653594970703125e-01 -5.770107507705688477e-01 7.971950173377990723e-01
2.647345352172851562e+01 -1.302981376647949219e+01 -3.914031758904457092e-02 -1.112932562828063965e-01 1.317904144525527954e-01 -5.749012827873229980e-01 7.998334765434265137e-01
2.648410606384277344e+01 -1.254323863983154297e+01 -2.971618622541427612e-02 -1.061022430658340454e-01 1.292132735252380371e-01 -5.747506618499755859e-01 8.010667562484741211e-01
2.649338722229003906e+01 -1.204728984832763672e+01 -2.519714273512363434e-02 -1.018874421715736389e-01 1.255030035972595215e-01 -5.764266252517700195e-01 8.009995222091674805e-01
2.650232315063476562e+01 -1.155950450897216797e+01 -2.469604462385177612e-02 -9.860988706350326538e-02 1.207260638475418091e-01 -5.797842144966125488e-01 7.997195720672607422e-01
2.650111770629882812e+01 -1.108000946044921875e+01 -2.589996345341205597e-02 -9.622873365879058838e-02 1.149468272924423218e-01 -5.846684575080871582e-01 7.973017096519470215e-01
2.636778068542480469e+01 -1.063439941406250000e+01 -2.754852175712585449e-02 -9.470220655202865601e-02 1.082286238670349121e-01 -5.909174084663391113e-01 7.938103079795837402e-01
2.608415412902832031e+01 -1.026870536804199219e+01 -2.480224519968032837e-02 -9.398666024208068848e-02 1.006336808204650879e-01 -5.983631014823913574e-01 7.893041372299194336e-01
2.578739166259765625e+01 -9.924218177795410156e+00 -2.212036028504371643e-02 -9.403870999813079834e-02 9.222508221864700317e-02 -6.068344712257385254e-01 7.838386297225952148e-01
2.549355888366699219e+01 -9.588409423828125000e+00 -2.227752655744552612e-02 -9.481424093246459961e-02 8.306621015071868896e-02 -6.161594390869140625e-01 7.774688601493835449e-01
2.520539283752441406e+01 -9.259004592895507812e+00 -2.614257670938968658e-02 -9.626861661672592163e-02 7.322128117084503174e-02 -6.261654496192932129e-01 7.702518701553344727e-01
2.492408561706542969e+01 -8.935064315795898438e+00 -3.358825668692588806e-02 -9.835777431726455688e-02 6.275661289691925049e-02 -6.366813778877258301e-01 7.622494101524353027e-01
2.465008544921875000e+01 -8.616307258605957031e+00 -4.431670904159545898e-02 -1.010379418730735779e-01 5.173947289586067200e-02 -6.475405097007751465e-01 7.535288333892822266e-01
2.438372230529785156e+01 -8.302557945251464844e+00 -5.833099409937858582e-02 -1.042653024196624756e-01 4.023915529251098633e-02 -6.585797667503356934e-01 7.441654801368713379e-01
2.412539672851562500e+01 -7.993619441986083984e+00 -7.582763582468032837e-02 -1.079976409673690796e-01 2.832690998911857605e-02 -6.696425676345825195e-01 7.342431545257568359e-01
2.387454032897949219e+01 -7.689998149871826172e+00 -9.517364203929901123e-02 -1.121925860643386841e-01 1.607513055205345154e-02 -6.805796623229980469e-01 7.238547801971435547e-01
2.363092803955078125e+01 -7.391917705535888672e+00 -1.157177686691284180e-01 -1.168099790811538696e-01 3.557797521352767944e-03 -6.912494897842407227e-01 7.131036520004272461e-01
2.339448738098144531e+01 -7.099485874176025391e+00 -1.371121257543563843e-01 -1.218103319406509399e-01 -9.150531142950057983e-03 -7.015205025672912598e-01 7.021023035049438477e-01
2.316604995727539062e+01 -6.812094688415527344e+00 -1.592895537614822388e-01 -1.271559000015258789e-01 -2.197396755218505859e-02 -7.112695574760437012e-01 6.909734010696411133e-01
2.294480323791503906e+01 -6.530408859252929688e+00 -1.814382821321487427e-01 -1.328108459711074829e-01 -3.483692184090614319e-02 -7.203844785690307617e-01 6.798484325408935547e-01
2.273077774047851562e+01 -6.254446983337402344e+00 -2.034411579370498657e-01 -1.387412846088409424e-01 -4.766436293721199036e-02 -7.287622690200805664e-01 6.688681244850158691e-01
2.252510643005371094e+01 -5.983353137969970703e+00 -2.250817865133285522e-01 -1.449170708656311035e-01 -6.039356440305709839e-02 -7.363343238830566406e-01 6.581515073776245117e-01
2.232801437377929688e+01 -5.716974258422851562e+00 -2.458953857421875000e-01 -1.513154655694961548e-01 -7.301610708236694336e-02 -7.431336045265197754e-01 6.477072834968566895e-01
2.213994026184082031e+01 -5.455015182495117188e+00 -2.655569314956665039e-01 -1.579152494668960571e-01 -8.553479611873626709e-02 -7.492160797119140625e-01 6.375122070312500000e-01
2.196282958984375000e+01 -5.196153640747070312e+00 -2.833837866783142090e-01 -1.646940708160400391e-01 -9.795447438955307007e-02 -7.546347379684448242e-01 6.275405287742614746e-01
2.179368591308593750e+01 -4.926045894622802734e+00 -2.985675036907196045e-01 -1.716300845146179199e-01 -1.102787554264068604e-01 -7.594407796859741211e-01 6.177631020545959473e-01
2.164015579223632812e+01 -4.640987873077392578e+00 -3.091778457164764404e-01 -1.786999404430389404e-01 -1.225121021270751953e-01 -7.636827230453491211e-01 6.081493496894836426e-01
2.152871131896972656e+01 -4.332049369812011719e+00 -3.088528513908386230e-01 -1.858805418014526367e-01 -1.346586197614669800e-01 -7.674081921577453613e-01 5.986653566360473633e-01
2.150027084350585938e+01 -4.051339626312255859e+00 -2.933090031147003174e-01 -1.931483894586563110e-01 -1.467220187187194824e-01 -7.706620097160339355e-01 5.892761349678039551e-01
