-1.996488189697265625e+01 -8.553671836853027344e+00 -1.457802653312683105e+00 2.444004714488983154e-01 -1.828957498073577881e-01 4.572848081588745117e-01 8.352892398834228516e-01
-1.991738319396972656e+01 -8.337426185607910156e+00 -1.478144526481628418e+00 2.532649636268615723e-01 -1.813262701034545898e-01 4.606891870498657227e-01 8.311096429824829102e-01
-1.986822128295898438e+01 -8.130742073059082031e+00 -1.499492168426513672e+00 2.616336941719055176e-01 -1.797413825988769531e-01 4.642646014690399170e-01 8.268610239028930664e-01
-1.982015609741210938e+01 -7.932861328125000000e+00 -1.520302653312683105e+00 2.693780064582824707e-01 -1.781686246395111084e-01 4.679961800575256348e-01 8.226000070571899414e-01
-1.977322196960449219e+01 -7.743823051452636719e+00 -1.540556550025939941e+00 2.763708829879760742e-01 -1.766362190246582031e-01 4.718709290027618408e-01 8.183864951133728027e-01
-1.972785186767578125e+01 -7.564394474029541016e+00 -1.558886647224426270e+00 2.779867351055145264e-01 -1.778118908405303955e-01 4.748870432376861572e-01 8.158361315727233887e-01
-1.968429565429687500e+01 -7.393507957458496094e+00 -1.576454997062683105e+00 2.795654535293579102e-01 -1.786657571792602539e-01 4.781318306922912598e-01 8.132107257843017578e-01
-1.964273452758789062e+01 -7.231125354766845703e+00 -1.593105435371398926e+00 2.810915708541870117e-01 -1.792339086532592773e-01 4.815240204334259033e-01 8.105537295341491699e-01
-1.960322189331054688e+01 -7.077255725860595703e+00 -1.608867168426513672e+00 2.825478315353393555e-01 -1.795532107353210449e-01 4.849803745746612549e-01 8.079118132591247559e-01
-1.956578063964843750e+01 -6.931926250457763672e+00 -1.623701095581054688e+00 2.839159369468688965e-01 -1.796609461307525635e-01 4.884164631366729736e-01 8.053341507911682129e-01
-1.953035163879394531e+01 -6.795173168182373047e+00 -1.637607336044311523e+00 2.851769328117370605e-01 -1.795954704284667969e-01 4.917472004890441895e-01 8.028725385665893555e-01
-1.949708938598632812e+01 -6.666979789733886719e+00 -1.650644540786743164e+00 2.863122224807739258e-01 -1.793966889381408691e-01 4.948865175247192383e-01 8.005806803703308105e-01
-1.946570205688476562e+01 -6.547453403472900391e+00 -1.662695288658142090e+00 2.873036861419677734e-01 -1.791065633296966553e-01 4.977483153343200684e-01 7.985136508941650391e-01
-1.943658065795898438e+01 -6.436521053314208984e+00 -1.673896431922912598e+00 2.881339788436889648e-01 -1.787684857845306396e-01 5.002459883689880371e-01 7.967273592948913574e-01
-1.940945243835449219e+01 -6.334287166595458984e+00 -1.684150338172912598e+00 2.887868881225585938e-01 -1.784275174140930176e-01 5.022924542427062988e-01 7.952785491943359375e-01
-1.938443374633789062e+01 -6.240736961364746094e+00 -1.693505764007568359e+00 2.892477810382843018e-01 -1.781308948993682861e-01 5.038005709648132324e-01 7.942228913307189941e-01
-1.936173820495605469e+01 -6.155854225158691406e+00 -1.702001929283142090e+00 2.895028889179229736e-01 -1.779266148805618286e-01 5.046826601028442383e-01 7.936155200004577637e-01
-1.934087753295898438e+01 -6.079780101776123047e+00 -1.709492206573486328e+00 2.895400524139404297e-01 -1.778649091720581055e-01 5.048500299453735352e-01 7.935093641281127930e-01
-1.932236289978027344e+01 -6.012429237365722656e+00 -1.716142535209655762e+00 2.893476486206054688e-01 -1.779956221580505371e-01 5.042131543159484863e-01 7.939549088478088379e-01
-1.930564498901367188e+01 -5.951591491699218750e+00 -1.722177743911743164e+00 2.889146804809570312e-01 -1.783699989318847656e-01 5.026809573173522949e-01 7.949995398521423340e-01
-1.929029273986816406e+01 -5.897417068481445312e+00 -1.727421879768371582e+00 2.882301807403564453e-01 -1.790390014648437500e-01 5.001603960990905762e-01 7.966855764389038086e-01
-1.927671813964843750e+01 -5.849816799163818359e+00 -1.732031226158142090e+00 2.872821688652038574e-01 -1.800529807806015015e-01 4.965557754039764404e-01 7.990508079528808594e-01
-1.926314353942871094e+01 -5.802055358886718750e+00 -1.736689448356628418e+00 2.860569953918457031e-01 -1.814611256122589111e-01 4.917684793472290039e-01 8.021265864372253418e-01
-1.924941444396972656e+01 -5.754191875457763672e+00 -1.741298794746398926e+00 2.845383286476135254e-01 -1.833106428384780884e-01 4.856956005096435547e-01 8.059372305870056152e-01
-1.923517608642578125e+01 -5.706335544586181641e+00 -1.745722651481628418e+00 2.827062606811523438e-01 -1.856461465358734131e-01 4.782302379608154297e-01 8.104988336563110352e-01
-1.922103500366210938e+01 -5.658647537231445312e+00 -1.749824166297912598e+00 2.790011763572692871e-01 -1.893777847290039062e-01 4.689493775367736816e-01 8.163216114044189453e-01
-1.920677757263183594e+01 -5.610800743103027344e+00 -1.753906250000000000e+00 2.751266360282897949e-01 -1.934294402599334717e-01 4.583544731140136719e-01 8.226795196533203125e-01
-1.919189453125000000e+01 -5.562860965728759766e+00 -1.757714748382568359e+00 2.711128890514373779e-01 -1.977222859859466553e-01 4.466149806976318359e-01 8.294207453727722168e-01
-1.917710876464843750e+01 -5.514582633972167969e+00 -1.761591792106628418e+00 2.669928073883056641e-01 -2.021788060665130615e-01 4.339055418968200684e-01 8.363996744155883789e-01
-1.915913963317871094e+01 -5.458044528961181641e+00 -1.765830039978027344e+00 2.628026902675628662e-01 -2.067230045795440674e-01 4.204074442386627197e-01 8.434795737266540527e-01
-1.913802719116210938e+01 -5.393161296844482422e+00 -1.770458936691284180e+00 2.585825920104980469e-01 -2.112823128700256348e-01 4.063079655170440674e-01 8.505343198776245117e-01
-1.911341667175292969e+01 -5.319994926452636719e+00 -1.775205016136169434e+00 2.543764710426330566e-01 -2.157860249280929565e-01 3.918015360832214355e-01 8.574499487876892090e-01
-1.908550643920898438e+01 -5.238430023193359375e+00 -1.780205011367797852e+00 2.502325177192687988e-01 -2.201672196388244629e-01 3.770894706249237061e-01 8.641259670257568359e-01
-1.905373001098632812e+01 -5.148571491241455078e+00 -1.785009741783142090e+00 2.462030649185180664e-01 -2.243624031543731689e-01 3.623791337013244629e-01 8.704751133918762207e-01
-1.901863288879394531e+01 -5.050202369689941406e+00 -1.789960861206054688e+00 2.423442304134368896e-01 -2.283115237951278687e-01 3.478844761848449707e-01 8.764243721961975098e-01
-1.898019409179687500e+01 -4.943271160125732422e+00 -1.795068264007568359e+00 2.387157678604125977e-01 -2.319579869508743286e-01 3.338234126567840576e-01 8.819140195846557617e-01
-1.893855476379394531e+01 -4.827673435211181641e+00 -1.800302743911743164e+00 2.353805452585220337e-01 -2.352492660284042358e-01 3.204179406166076660e-01 8.868969678878784180e-01
-1.889964866638183594e+01 -4.717834472656250000e+00 -1.805283188819885254e+00 2.324039638042449951e-01 -2.381351590156555176e-01 3.078929781913757324e-01 8.913372159004211426e-01
-1.886324119567871094e+01 -4.613791465759277344e+00 -1.810009717941284180e+00 2.298535704612731934e-01 -2.405686974525451660e-01 2.964752614498138428e-01 8.952075242996215820e-01
-1.882995986938476562e+01 -4.515307426452636719e+00 -1.814599514007568359e+00 2.277982234954833984e-01 -2.425043433904647827e-01 2.863923609256744385e-01 8.984870314598083496e-01
-1.879902267456054688e+01 -4.422614574432373047e+00 -1.818994045257568359e+00 2.263073325157165527e-01 -2.438977062702178955e-01 2.778716087341308594e-01 9.011582136154174805e-01
-1.877078056335449219e+01 -4.335554122924804688e+00 -1.823271393775939941e+00 2.254499644041061401e-01 -2.447036951780319214e-01 2.711387872695922852e-01 9.032032489776611328e-01
-1.874523353576660156e+01 -4.254108905792236328e+00 -1.827431559562683105e+00 2.252940386533737183e-01 -2.448768168687820435e-01 2.664174437522888184e-01 9.045992493629455566e-01
-1.872126960754394531e+01 -4.178598403930664062e+00 -1.831337809562683105e+00 2.259051203727722168e-01 -2.443684935569763184e-01 2.639276385307312012e-01 9.053138494491577148e-01
-1.870023345947265625e+01 -4.108571529388427734e+00 -1.835205078125000000e+00 2.273453474044799805e-01 -2.431257218122482300e-01 2.638849020004272461e-01 9.053003787994384766e-01
-1.868134689331054688e+01 -4.044570446014404297e+00 -1.838486313819885254e+00 2.277484536170959473e-01 -2.416682094335556030e-01 2.659118771553039551e-01 9.049960374832153320e-01
-1.866384696960449219e+01 -3.986564874649047852e+00 -1.841454982757568359e+00 2.287558019161224365e-01 -2.395499646663665771e-01 2.702783346176147461e-01 9.040112495422363281e-01
-1.864777374267578125e+01 -3.934587240219116211e+00 -1.844091773033142090e+00 2.302807867527008057e-01 -2.368355244398117065e-01 2.767107188701629639e-01 9.023917317390441895e-01
-1.863482475280761719e+01 -3.888251781463623047e+00 -1.846660137176513672e+00 2.322347313165664673e-01 -2.335864603519439697e-01 2.849324643611907959e-01 9.001766443252563477e-01
-1.862335968017578125e+01 -3.848017454147338867e+00 -1.848886728286743164e+00 2.345280945301055908e-01 -2.298594266176223755e-01 2.946646809577941895e-01 8.974039554595947266e-01
-1.861330032348632812e+01 -3.813964843750000000e+00 -1.850761651992797852e+00 2.370714843273162842e-01 -2.257086634635925293e-01 3.056280016899108887e-01 8.941164612770080566e-01
-1.860468673706054688e+01 -3.786127805709838867e+00 -1.852275371551513672e+00 2.397766709327697754e-01 -2.211851179599761963e-01 3.175434470176696777e-01 8.903653025627136230e-01
-1.859761619567871094e+01 -3.764548301696777344e+00 -1.853437423706054688e+00 2.425567507743835449e-01 -2.163379937410354614e-01 3.301338851451873779e-01 8.862141966819763184e-01
-1.859212875366210938e+01 -3.749264955520629883e+00 -1.854228496551513672e+00 2.453270554542541504e-01 -2.112144529819488525e-01 3.431249558925628662e-01 8.817415237426757812e-01
-1.858828163146972656e+01 -3.740331888198852539e+00 -1.854667901992797852e+00 2.480053007602691650e-01 -2.058606743812561035e-01 3.562465608119964600e-01 8.770422935485839844e-01
-1.858333969116210938e+01 -3.726545333862304688e+00 -1.855390548706054688e+00 2.505118548870086670e-01 -2.003217935562133789e-01 3.692331612110137939e-01 8.722280859947204590e-01
-1.857736206054687500e+01 -3.707966327667236328e+00 -1.856386661529541016e+00 2.527706623077392578e-01 -1.946436613798141479e-01 3.818247914314270020e-01 8.674275875091552734e-01
-1.857039070129394531e+01 -3.684660673141479492e+00 -1.857675790786743164e+00 2.547096014022827148e-01 -1.888725161552429199e-01 3.937667012214660645e-01 8.627850413322448730e-01
-1.856376838684082031e+01 -3.656418323516845703e+00 -1.859462857246398926e+00 2.562614083290100098e-01 -1.830554902553558350e-01 4.048103988170623779e-01 8.584574460983276367e-01
-1.855650329589843750e+01 -3.623539924621582031e+00 -1.861572265625000000e+00 2.573647499084472656e-01 -1.772408783435821533e-01 4.147126376628875732e-01 8.546124696731567383e-01
-1.854853439331054688e+01 -3.586105823516845703e+00 -1.864003896713256836e+00 2.579646408557891846e-01 -1.714789569377899170e-01 4.232326745986938477e-01 8.514242768287658691e-01
-1.853996086120605469e+01 -3.544189453125000000e+00 -1.866767525672912598e+00 2.580149769783020020e-01 -1.658216714859008789e-01 4.301331043243408203e-01 8.490682840347290039e-01
-1.853072166442871094e+01 -3.497863769531250000e+00 -1.869873046875000000e+00 2.574788331985473633e-01 -1.603236645460128784e-01 4.351753890514373779e-01 8.477165699005126953e-01
-1.852185440063476562e+01 -3.447062969207763672e+00 -1.873447179794311523e+00 2.563307881355285645e-01 -1.550433337688446045e-01 4.381181001663208008e-01 8.475309014320373535e-01
-1.851552772521972656e+01 -3.391542911529541016e+00 -1.877831935882568359e+00 2.545576989650726318e-01 -1.500436365604400635e-01 4.387136697769165039e-01 8.486563563346862793e-01
-1.850908088684082031e+01 -3.332714796066284180e+00 -1.881122946739196777e+00 2.461340129375457764e-01 -1.484779119491577148e-01 4.357383549213409424e-01 8.529387116432189941e-01
-1.850244140625000000e+01 -3.269658088684082031e+00 -1.884531259536743164e+00 2.361898571252822876e-01 -1.476799845695495605e-01 4.302243292331695557e-01 8.586686849594116211e-01
-1.850212860107421875e+01 -3.201933622360229492e+00 -1.889033198356628418e+00 2.248963266611099243e-01 -1.475437730550765991e-01 4.223681986331939697e-01 8.655967116355895996e-01
-1.850302696228027344e+01 -3.129694700241088867e+00 -1.893896460533142090e+00 2.124243974685668945e-01 -1.479621231555938721e-01 4.123649001121520996e-01 8.734633922576904297e-01
-1.850816345214843750e+01 -3.053097963333129883e+00 -1.899365186691284180e+00 1.989478468894958496e-01 -1.488281339406967163e-01 4.004122614860534668e-01 8.820090889930725098e-01
-1.851992225646972656e+01 -2.972165346145629883e+00 -1.905693292617797852e+00 1.846446692943572998e-01 -1.500351727008819580e-01 3.867144584655761719e-01 8.909813165664672852e-01
-1.853638648986816406e+01 -2.887114286422729492e+00 -1.912529230117797852e+00 1.696998178958892822e-01 -1.514795869588851929e-01 3.714878559112548828e-01 9.001404047012329102e-01
-1.856107330322265625e+01 -2.798452138900756836e+00 -1.920058608055114746e+00 1.543045341968536377e-01 -1.530608832836151123e-01 3.549588918685913086e-01 9.092670679092407227e-01
-1.859238243103027344e+01 -2.706362247467041016e+00 -1.927919864654541016e+00 1.386575102806091309e-01 -1.546822935342788696e-01 3.373693823814392090e-01 9.181663393974304199e-01
-1.863033103942871094e+01 -2.610790967941284180e+00 -1.936152338981628418e+00 1.229640617966651917e-01 -1.562528908252716064e-01 3.189741671085357666e-01 9.266716837882995605e-01
-1.867607307434082031e+01 -2.512538909912109375e+00 -1.944287061691284180e+00 1.074355542659759521e-01 -1.576878428459167480e-01 3.000409603118896484e-01 9.346483349800109863e-01
-1.872589874267578125e+01 -2.410190343856811523e+00 -1.952763676643371582e+00 9.228780865669250488e-02 -1.589076817035675049e-01 2.808493971824645996e-01 9.419952034950256348e-01
-1.878306579589843750e+01 -2.305280685424804688e+00 -1.960576176643371582e+00 7.774019241333007812e-02 -1.598398238420486450e-01 2.616890668869018555e-01 9.486445188522338867e-01
-1.884298706054687500e+01 -2.195822715759277344e+00 -1.968720674514770508e+00 6.401439011096954346e-02 -1.604185849428176880e-01 2.428575307130813599e-01 9.545618295669555664e-01
-1.890759658813476562e+01 -2.082734346389770508e+00 -1.976181626319885254e+00 5.133248120546340942e-02 -1.605829596519470215e-01 2.246579229831695557e-01 9.597431421279907227e-01
-1.897447204589843750e+01 -1.964975595474243164e+00 -1.983886718750000000e+00 3.991668671369552612e-02 -1.602786183357238770e-01 2.073960602283477783e-01 9.642117619514465332e-01
-1.904415893554687500e+01 -1.842770934104919434e+00 -1.990996003150939941e+00 2.998786605894565582e-02 -1.594543457031250000e-01 1.913788020610809326e-01 9.680129885673522949e-01
-1.911564445495605469e+01 -1.715776324272155762e+00 -1.998427748680114746e+00 2.176547236740589142e-02 -1.580617874860763550e-01 1.769114732742309570e-01 9.712080359458923340e-01
-1.918843650817871094e+01 -1.583740234375000000e+00 -2.005214691162109375e+00 1.546736247837543488e-02 -1.560531854629516602e-01 1.642965674400329590e-01 9.738659262657165527e-01
-1.926290893554687500e+01 -1.447016596794128418e+00 -2.012665987014770508e+00 1.131002511829137802e-02 -1.533801406621932983e-01 1.538320630788803101e-01 9.760544896125793457e-01
-1.933779335021972656e+01 -1.304929137229919434e+00 -2.019433498382568359e+00 9.443068876862525940e-03 -1.500075906515121460e-01 1.457436829805374146e-01 9.778380990028381348e-01
-1.941427612304687500e+01 -1.158220171928405762e+00 -2.026855468750000000e+00 9.752884507179260254e-03 -1.459639966487884521e-01 1.399840116500854492e-01 9.792873859405517578e-01
-1.949081993103027344e+01 -1.006052255630493164e+00 -2.033798694610595703e+00 1.205961219966411591e-02 -1.412899345159530640e-01 1.364329755306243896e-01 9.804477095603942871e-01
-1.956863212585449219e+01 -8.490819931030273438e-01 -2.041044950485229492e+00 1.618320122361183167e-02 -1.360214203596115112e-01 1.349660754203796387e-01 9.813359975814819336e-01
-1.964640617370605469e+01 -6.866455078125000000e-01 -2.047939300537109375e+00 2.194269746541976929e-02 -1.301918327808380127e-01 1.354552805423736572e-01 9.819473028182983398e-01
-1.972478485107421875e+01 -5.190234184265136719e-01 -2.054726600646972656e+00 2.915730886161327362e-02 -1.238314658403396606e-01 1.377700716257095337e-01 9.822601675987243652e-01
-1.980302619934082031e+01 -3.458984196186065674e-01 -2.061220645904541016e+00 3.764509037137031555e-02 -1.169699206948280334e-01 1.417779475450515747e-01 9.822422862052917480e-01
-1.988093757629394531e+01 -1.670996099710464478e-01 -2.067207098007202148e+00 4.722327739000320435e-02 -1.096360981464385986e-01 1.473448127508163452e-01 9.818550944328308105e-01
-1.995833969116210938e+01 1.737548783421516418e-02 -2.072753906250000000e+00 5.770809948444366455e-02 -1.018594503402709961e-01 1.543354392051696777e-01 9.810581207275390625e-01
-2.003431510925292969e+01 2.079736292362213135e-01 -2.077451229095458984e+00 6.891483068466186523e-02 -9.367077052593231201e-02 1.626137346029281616e-01 9.798128604888916016e-01
-2.010843658447265625e+01 4.047631621360778809e-01 -2.081240177154541016e+00 8.065792918205261230e-02 -8.510211110115051270e-02 1.720434874296188354e-01 9.780864119529724121e-01
-2.018038940429687500e+01 6.078906059265136719e-01 -2.083964824676513672e+00 9.275116026401519775e-02 -7.618664950132369995e-02 1.824883222579956055e-01 9.758539199829101562e-01
-2.024673843383789062e+01 8.183373808860778809e-01 -2.084707021713256836e+00 1.050083935260772705e-01 -6.696084141731262207e-02 1.938127577304840088e-01 9.731012582778930664e-01
-2.031025314331054688e+01 1.035090327262878418e+00 -2.084208965301513672e+00 1.172437444329261780e-01 -5.746219679713249207e-02 2.058824896812438965e-01 9.698269963264465332e-01
-2.036144447326660156e+01 1.260515093803405762e+00 -2.079990148544311523e+00 1.292722821235656738e-01 -4.773037135601043701e-02 2.185650914907455444e-01 9.660434126853942871e-01
-2.040113258361816406e+01 1.493334889411926270e+00 -2.073037147521972656e+00 1.409108489751815796e-01 -3.780755773186683655e-02 2.317305803298950195e-01 9.617773294448852539e-01
-2.042603492736816406e+01 1.733320236206054688e+00 -2.063124895095825195e+00 1.519782245159149170e-01 -2.773652970790863037e-02 2.452520728111267090e-01 9.570708870887756348e-01
-2.043165969848632812e+01 1.965698242187500000e+00 -2.051093816757202148e+00 1.622959375381469727e-01 -1.756180450320243835e-02 2.590061724185943604e-01 9.519808292388916016e-01
-2.041343688964843750e+01 2.188559532165527344e+00 -2.037197113037109375e+00 1.716886758804321289e-01 -7.329110056161880493e-03 2.728737592697143555e-01 9.465776681900024414e-01
-2.037384796142578125e+01 2.399230957031250000e+00 -2.022646427154541016e+00 1.799842119216918945e-01 2.916172146797180176e-03 2.867396771907806396e-01 9.409450292587280273e-01
-2.031904220581054688e+01 2.596218109130859375e+00 -2.006152391433715820e+00 1.785041689872741699e-01 1.037526503205299377e-02 3.006029129028320312e-01 9.368384480476379395e-01
-2.025363159179687500e+01 2.780795812606811523e+00 -1.990380764007568359e+00 1.768369078636169434e-01 1.777019724249839783e-02 3.143984377384185791e-01 9.325054883956909180e-01
-2.017230415344238281e+01 2.949160099029541016e+00 -1.976152300834655762e+00 1.749978959560394287e-01 2.504399046301841736e-02 3.280044198036193848e-01 9.279879331588745117e-01
-2.008849525451660156e+01 3.105834960937500000e+00 -1.963242173194885254e+00 1.730083376169204712e-01 3.214170038700103760e-02 3.413006067276000977e-01 9.233357310295104980e-01
-2.000025367736816406e+01 3.249726533889770508e+00 -1.951884746551513672e+00 1.708941608667373657e-01 3.901238739490509033e-02 3.541689813137054443e-01 9.186063408851623535e-01
-1.991160202026367188e+01 3.382285118103027344e+00 -1.941972613334655762e+00 1.686870157718658447e-01 4.560570418834686279e-02 3.664938211441040039e-01 9.138637781143188477e-01
-1.982271385192871094e+01 3.503591299057006836e+00 -1.933535099029541016e+00 1.664231866598129272e-01 5.187328904867172241e-02 3.781637251377105713e-01 9.091780781745910645e-01
-1.973867225646972656e+01 3.616857767105102539e+00 -1.925781250000000000e+00 1.641438454389572144e-01 5.776730924844741821e-02 3.890702724456787109e-01 9.046236872673034668e-01
-1.965406227111816406e+01 3.717866182327270508e+00 -1.919999957084655762e+00 1.618949621915817261e-01 6.323876231908798218e-02 3.991082608699798584e-01 9.002795815467834473e-01
-1.957552719116210938e+01 3.811691761016845703e+00 -1.914638638496398926e+00 1.597264558076858521e-01 6.823828816413879395e-02 4.081770479679107666e-01 8.962267637252807617e-01
-1.950304603576660156e+01 3.898288488388061523e+00 -1.909687399864196777e+00 1.576928496360778809e-01 7.271270453929901123e-02 4.161789119243621826e-01 8.925474286079406738e-01
-1.943246078491210938e+01 3.974001407623291016e+00 -1.906542897224426270e+00 1.558520793914794922e-01 7.660514861345291138e-02 4.230202138423919678e-01 8.893230557441711426e-01
-1.936835861206054688e+01 4.042780876159667969e+00 -1.903681635856628418e+00 1.542653292417526245e-01 7.985276728868484497e-02 4.286108314990997314e-01 8.866332173347473145e-01
-1.931076049804687500e+01 4.104592323303222656e+00 -1.901093721389770508e+00 1.529962718486785889e-01 8.238533139228820801e-02 4.328643977642059326e-01 8.845524787902832031e-01
-1.925964736938476562e+01 4.159413814544677734e+00 -1.898798823356628418e+00 1.521100401878356934e-01 8.412282913923263550e-02 4.356980919837951660e-01 8.831495642662048340e-01
-1.921427726745605469e+01 4.206508636474609375e+00 -1.897138595581054688e+00 1.516720056533813477e-01 8.497314900159835815e-02 4.370327889919281006e-01 8.824836611747741699e-01
-1.917429733276367188e+01 4.245520114898681641e+00 -1.896259665489196777e+00 1.517458707094192505e-01 8.483049273490905762e-02 4.367935657501220703e-01 8.826031088829040527e-01
-1.914115142822265625e+01 4.277790546417236328e+00 -1.895527243614196777e+00 1.523913443088531494e-01 8.357219398021697998e-02 4.349093139171600342e-01 8.835419416427612305e-01
-1.911486244201660156e+01 4.303317546844482422e+00 -1.894941329956054688e+00 1.536611020565032959e-01 8.105690032243728638e-02 4.313136041164398193e-01 8.853172659873962402e-01
-1.909539031982421875e+01 4.322106838226318359e+00 -1.894501924514770508e+00 1.555967479944229126e-01 7.712253928184509277e-02 4.259446561336517334e-01 8.879261016845703125e-01
-1.908210945129394531e+01 4.333615779876708984e+00 -1.891787052154541016e+00 1.490811854600906372e-01 6.733813136816024780e-02 4.194949865341186523e-01 8.928965926170349121e-01
-1.907574081420898438e+01 4.338356971740722656e+00 -1.889013648033142090e+00 1.423701345920562744e-01 5.585145577788352966e-02 4.112477898597717285e-01 8.986026644706726074e-01
-1.907625007629394531e+01 4.336379528045654297e+00 -1.886220693588256836e+00 1.354696005582809448e-01 4.284231737256050110e-02 4.012969434261322021e-01 9.048608541488647461e-01
-1.907365226745605469e+01 4.337580680847167969e+00 -1.883222579956054688e+00 1.283871382474899292e-01 2.849248424172401428e-02 3.897394239902496338e-01 9.114867448806762695e-01
-1.906790924072265625e+01 4.342009067535400391e+00 -1.880048751831054688e+00 1.211318969726562500e-01 1.298728026449680328e-02 3.766757547855377197e-01 9.182994365692138672e-01
-1.905902290344238281e+01 4.349723815917968750e+00 -1.876767516136169434e+00 1.137155145406723022e-01 -3.483779728412628174e-03 3.622155189514160156e-01 9.251251816749572754e-01
-1.905601501464843750e+01 4.352001667022705078e+00 -1.873583912849426270e+00 1.061528921127319336e-01 -2.072891965508460999e-02 3.464750349521636963e-01 9.318030476570129395e-01
-1.905888557434082031e+01 4.348903656005859375e+00 -1.870576143264770508e+00 9.846192598342895508e-02 -3.855241090059280396e-02 3.295821547508239746e-01 9.381868839263916016e-01
-1.905507850646972656e+01 4.352692604064941406e+00 -1.867470622062683105e+00 9.066411852836608887e-02 -5.675696581602096558e-02 3.116745352745056152e-01 9.441491961479187012e-01
-1.904458999633789062e+01 4.363418102264404297e+00 -1.864326119422912598e+00 8.278448879718780518e-02 -7.514435052871704102e-02 2.928997576236724854e-01 9.495840072631835938e-01
-1.902740097045898438e+01 4.381130218505859375e+00 -1.861171841621398926e+00 7.485116273164749146e-02 -9.351598471403121948e-02 2.734158039093017578e-01 9.544087052345275879e-01
-1.900347518920898438e+01 4.405871391296386719e+00 -1.858046889305114746e+00 6.689529120922088623e-02 -1.116745397448539734e-01 2.533898651599884033e-01 9.585653543472290039e-01
-1.897275352478027344e+01 4.437680721282958984e+00 -1.854951143264770508e+00 5.895086005330085754e-02 -1.294256001710891724e-01 2.329973578453063965e-01 9.620217680931091309e-01
-1.893363189697265625e+01 4.474967956542968750e+00 -1.852851510047912598e+00 5.105409026145935059e-02 -1.465785950422286987e-01 2.124207168817520142e-01 9.647723436355590820e-01
-1.890103530883789062e+01 4.506572246551513672e+00 -1.851005792617797852e+00 4.324303939938545227e-02 -1.629482656717300415e-01 1.918471008539199829e-01 9.668363332748413086e-01
-1.887495994567871094e+01 4.532607555389404297e+00 -1.849375009536743164e+00 3.555689752101898193e-02 -1.783545017242431641e-01 1.714674532413482666e-01 9.682583808898925781e-01
-1.885535049438476562e+01 4.553085803985595703e+00 -1.847949147224426270e+00 2.803590334951877594e-02 -1.926247477531433105e-01 1.514744162559509277e-01 9.691053628921508789e-01
-1.884214782714843750e+01 4.568005084991455078e+00 -1.846708893775939941e+00 2.071987092494964600e-02 -2.055919766426086426e-01 1.320609450340270996e-01 9.694650173187255859e-01
-1.883527374267578125e+01 4.577358245849609375e+00 -1.845634698867797852e+00 1.364920753985643387e-02 -2.170960754156112671e-01 1.134189143776893616e-01 9.694427251815795898e-01
-1.882250022888183594e+01 4.592082500457763672e+00 -1.844745993614196777e+00 6.863322108983993530e-03 -2.269832044839859009e-01 9.573767334222793579e-02 9.691572189331054688e-01
-1.880380821228027344e+01 4.612153053283691406e+00 -1.843984365463256836e+00 3.907214850187301636e-04 -2.351540029048919678e-01 7.916827499866485596e-02 9.687284827232360840e-01
-1.878275299072265625e+01 4.634294509887695312e+00 -1.843339800834655762e+00 -5.776641890406608582e-03 -2.417113184928894043e-01 6.371901184320449829e-02 9.682366847991943359e-01
-1.875933647155761719e+01 4.658478736877441406e+00 -1.842753887176513672e+00 -1.165693812072277069e-02 -2.468066960573196411e-01 4.935916513204574585e-02 9.677367210388183594e-01
-1.873357391357421875e+01 4.684679985046386719e+00 -1.842226505279541016e+00 -1.727005839347839355e-02 -2.505887448787689209e-01 3.605440258979797363e-02 9.672678112983703613e-01
-1.870542907714843750e+01 4.712814807891845703e+00 -1.841777324676513672e+00 -2.263509854674339294e-02 -2.532038390636444092e-01 2.376817166805267334e-02 9.668560028076171875e-01
-1.867392539978027344e+01 4.741755485534667969e+00 -1.842138648033142090e+00 -2.777232974767684937e-02 -2.547955513000488281e-01 1.246183179318904877e-02 9.665157794952392578e-01
-1.864003944396972656e+01 4.772572994232177734e+00 -1.842548727989196777e+00 -3.270258381962776184e-02 -2.555057704448699951e-01 2.095267176628112793e-03 9.662520289421081543e-01
-1.860376930236816406e+01 4.805251121520996094e+00 -1.843017578125000000e+00 -3.744579479098320007e-02 -2.554734051227569580e-01 -7.372304797172546387e-03 9.660624861717224121e-01
-1.856511688232421875e+01 4.839777946472167969e+00 -1.843515634536743164e+00 -4.202317073941230774e-02 -2.548371255397796631e-01 -1.598271727561950684e-02 9.659381508827209473e-01
-1.852410125732421875e+01 4.876140117645263672e+00 -1.844062447547912598e+00 -4.645494371652603149e-02 -2.537327706813812256e-01 -2.377775125205516815e-02 9.658656120300292969e-01
-1.848074150085449219e+01 4.914330959320068359e+00 -1.844619154930114746e+00 -5.076163634657859802e-02 -2.522959411144256592e-01 -3.080002963542938232e-02 9.658268094062805176e-01
-1.843501853942871094e+01 4.954343318939208984e+00 -1.845214843750000000e+00 -5.496414005756378174e-02 -2.506607770919799805e-01 -3.709188476204872131e-02 9.658013582229614258e-01
-1.838687515258789062e+01 4.996015548706054688e+00 -1.845957040786743164e+00 -5.908313021063804626e-02 -2.489610612392425537e-01 -4.269598424434661865e-02 9.657663702964782715e-01
-1.833515548706054688e+01 5.037895202636718750e+00 -1.848037123680114746e+00 -6.313892453908920288e-02 -2.473292350769042969e-01 -4.765471816062927246e-02 9.656970500946044922e-01
-1.828109359741210938e+01 5.081508636474609375e+00 -1.850205063819885254e+00 -6.715177744626998901e-02 -2.458980530500411987e-01 -5.201075226068496704e-02 9.655670523643493652e-01
-1.822466850280761719e+01 5.126850605010986328e+00 -1.852460861206054688e+00 -7.114236801862716675e-02 -2.447987496852874756e-01 -5.580618232488632202e-02 9.653486609458923340e-01
-1.816595649719238281e+01 5.173923015594482422e+00 -1.854794859886169434e+00 -7.513127475976943970e-02 -2.441631853580474854e-01 -5.908404290676116943e-02 9.650122523307800293e-01
-1.810488319396972656e+01 5.222726821899414062e+00 -1.857236266136169434e+00 -7.913826406002044678e-02 -2.441218644380569458e-01 -6.188659369945526123e-02 9.645267724990844727e-01
-1.804130744934082031e+01 5.272922039031982422e+00 -1.860087871551513672e+00 -8.318372815847396851e-02 -2.448047250509262085e-01 -6.425597518682479858e-02 9.638580083847045898e-01
-1.797418022155761719e+01 5.323017597198486328e+00 -1.864755868911743164e+00 -8.728770911693572998e-02 -2.463408559560775757e-01 -6.623493880033493042e-02 9.629694223403930664e-01
-1.790472602844238281e+01 5.374775409698486328e+00 -1.869589805603027344e+00 -9.146385639905929565e-02 -2.488242387771606445e-01 -6.786396354436874390e-02 9.618291258811950684e-01
-1.783294868469238281e+01 5.428190708160400391e+00 -1.874609351158142090e+00 -9.570067375898361206e-02 -2.522088587284088135e-01 -6.917354464530944824e-02 9.604410529136657715e-01
-1.775890541076660156e+01 5.483266353607177734e+00 -1.879794836044311523e+00 -9.998057782649993896e-02 -2.564145922660827637e-01 -7.019218802452087402e-02 9.588161706924438477e-01
-1.768218803405761719e+01 5.539404392242431641e+00 -1.885800719261169434e+00 -1.042850613594055176e-01 -2.613603174686431885e-01 -7.094835489988327026e-02 9.569648504257202148e-01
-1.760197257995605469e+01 5.595221996307373047e+00 -1.894101500511169434e+00 -1.085963547229766846e-01 -2.669653594493865967e-01 -7.147005200386047363e-02 9.548971056938171387e-01
-1.751941299438476562e+01 5.652621746063232422e+00 -1.902675747871398926e+00 -1.128965243697166443e-01 -2.731483578681945801e-01 -7.178631424903869629e-02 9.526232481002807617e-01
-1.743455123901367188e+01 5.711608886718750000e+00 -1.911513686180114746e+00 -1.171674579381942749e-01 -2.798283398151397705e-01 -7.192511856555938721e-02 9.501550197601318359e-01
-1.734736251831054688e+01 5.772180080413818359e+00 -1.920654296875000000e+00 -1.213909685611724854e-01 -2.869248390197753906e-01 -7.191517949104309082e-02 9.475054144859313965e-01
-1.725644493103027344e+01 5.831752777099609375e+00 -1.932460904121398926e+00 -1.255496591329574585e-01 -2.943571805953979492e-01 -7.178536057472229004e-02 9.446893334388732910e-01
-1.716316413879394531e+01 5.892770767211914062e+00 -1.944687485694885254e+00 -1.296258419752120972e-01 -3.020461499691009521e-01 -7.156455516815185547e-02 9.417238235473632812e-01
-1.706749916076660156e+01 5.955307483673095703e+00 -1.957265615463256836e+00 -1.336022317409515381e-01 -3.099123835563659668e-01 -7.128141820430755615e-02 9.386286735534667969e-01
-1.696925735473632812e+01 6.018849849700927734e+00 -1.970615148544311523e+00 -1.374622434377670288e-01 -3.178777098655700684e-01 -7.096590846776962280e-02 9.354259371757507324e-01
-1.686757850646972656e+01 6.081735610961914062e+00 -1.986015558242797852e+00 -1.411888450384140015e-01 -3.258648216724395752e-01 -7.064670324325561523e-02 9.321409463882446289e-01
-1.676351547241210938e+01 6.146074295043945312e+00 -2.001835823059082031e+00 -1.447659730911254883e-01 -3.337973952293395996e-01 -7.035391777753829956e-02 9.288015961647033691e-01
-1.665707015991210938e+01 6.211862564086914062e+00 -2.018066406250000000e+00 -1.481782048940658569e-01 -3.415996134281158447e-01 -7.011689990758895874e-02 9.254387021064758301e-01
-1.654726600646972656e+01 6.277023792266845703e+00 -2.035986185073852539e+00 -1.514100432395935059e-01 -3.491975963115692139e-01 -6.996599584817886353e-02 9.220850467681884766e-01
-1.643478393554687500e+01 6.343044281005859375e+00 -2.054707050323486328e+00 -1.544463485479354858e-01 -3.565179109573364258e-01 -6.993086636066436768e-02 9.187768101692199707e-01
-1.631994056701660156e+01 6.410461425781250000e+00 -2.073876857757568359e+00 -1.572725623846054077e-01 -3.634882867336273193e-01 -7.004175335168838501e-02 9.155521988868713379e-01
-1.620179557800292969e+01 6.477450847625732422e+00 -2.094218730926513672e+00 -1.598748266696929932e-01 -3.700371980667114258e-01 -7.032896578311920166e-02 9.124507308006286621e-01
-1.608087921142578125e+01 6.545085430145263672e+00 -2.115322113037109375e+00 -1.622386276721954346e-01 -3.760945200920104980e-01 -7.082244753837585449e-02 9.095139503479003906e-01
-1.595662117004394531e+01 6.613752365112304688e+00 -2.137128829956054688e+00 -1.615912467241287231e-01 -3.763731420040130615e-01 -6.925737112760543823e-02 9.096344113349914551e-01
-1.582886695861816406e+01 6.681562423706054688e+00 -2.159560441970825195e+00 -1.611184328794479370e-01 -3.765758275985717773e-01 -6.811486929655075073e-02 9.097207188606262207e-01
-1.569867134094238281e+01 6.750549316406250000e+00 -2.182431697845458984e+00 -1.608087867498397827e-01 -3.767081201076507568e-01 -6.736695021390914917e-02 9.097764492034912109e-01
-1.557289028167724609e+01 6.816237449645996094e+00 -2.204208850860595703e+00 -1.606489568948745728e-01 -3.767763078212738037e-01 -6.698097288608551025e-02 9.098048806190490723e-01
-1.545125007629394531e+01 6.878212928771972656e+00 -2.224726438522338867e+00 -1.606240570545196533e-01 -3.767868876457214355e-01 -6.692088395357131958e-02 9.098093509674072266e-01
-1.533449172973632812e+01 6.937756061553955078e+00 -2.244443416595458984e+00 -1.607171744108200073e-01 -3.767471909523010254e-01 -6.714572757482528687e-02 9.097927212715148926e-01
-1.522175788879394531e+01 6.993593692779541016e+00 -2.262070178985595703e+00 -1.609099060297012329e-01 -3.766649067401885986e-01 -6.761117279529571533e-02 9.097582697868347168e-01
-1.511371040344238281e+01 7.046720981597900391e+00 -2.278613328933715820e+00 -1.611817181110382080e-01 -3.765487372875213623e-01 -6.826774030923843384e-02 9.097092747688293457e-01
-1.501044845581054688e+01 7.097368240356445312e+00 -2.294179677963256836e+00 -1.615109592676162720e-01 -3.764075934886932373e-01 -6.906332820653915405e-02 9.096491932868957520e-01
-1.491123008728027344e+01 7.144523620605468750e+00 -2.306699275970458984e+00 -1.618741601705551147e-01 -3.762515783309936523e-01 -6.994123011827468872e-02 9.095821380615234375e-01
-1.481691360473632812e+01 7.189362525939941406e+00 -2.318593740463256836e+00 -1.622467488050460815e-01 -3.760910332202911377e-01 -7.084207236766815186e-02 9.095124602317810059e-01
-1.472720623016357422e+01 7.231484413146972656e+00 -2.329267501831054688e+00 -1.626033335924148560e-01 -3.759369850158691406e-01 -7.170458137989044189e-02 9.094448089599609375e-01
-1.464173793792724609e+01 7.270219326019287109e+00 -2.337724447250366211e+00 -1.629174649715423584e-01 -3.758009672164916992e-01 -7.246457785367965698e-02 9.093846082687377930e-01
-1.456117153167724609e+01 7.306711196899414062e+00 -2.345683574676513672e+00 -1.631629168987274170e-01 -3.756944537162780762e-01 -7.305863499641418457e-02 9.093370437622070312e-01
-1.448533153533935547e+01 7.340661525726318359e+00 -2.352841854095458984e+00 -1.633128970861434937e-01 -3.756293058395385742e-01 -7.342164218425750732e-02 9.093078374862670898e-01
-1.441371059417724609e+01 7.371103286743164062e+00 -2.358095645904541016e+00 -1.633411943912506104e-01 -3.756169974803924561e-01 -7.349018007516860962e-02 9.093022942543029785e-01
-1.434701156616210938e+01 7.399392127990722656e+00 -2.362988233566284180e+00 -1.632222384214401245e-01 -3.756687045097351074e-01 -7.320223748683929443e-02 9.093254804611206055e-01
-1.428492164611816406e+01 7.425375938415527344e+00 -2.367792844772338867e+00 -1.613858044147491455e-01 -3.759176731109619141e-01 -7.185913622379302979e-02 9.096574783325195312e-01
-1.422722625732421875e+01 7.448393344879150391e+00 -2.371835947036743164e+00 -1.583276689052581787e-01 -3.763247132301330566e-01 -6.961715221405029297e-02 9.102007746696472168e-01
-1.417384719848632812e+01 7.468647480010986328e+00 -2.374804735183715820e+00 -1.551776081323623657e-01 -3.729830086231231689e-01 -6.615173071622848511e-02 9.123746752738952637e-01
-1.412511730194091797e+01 7.486862659454345703e+00 -2.377324104309082031e+00 -1.519189327955245972e-01 -3.659984469413757324e-01 -6.146967038512229919e-02 9.160716533660888672e-01
-1.408128833770751953e+01 7.503051757812500000e+00 -2.379580020904541016e+00 -1.483635008335113525e-01 -3.583211004734039307e-01 -5.610097944736480713e-02 9.200255274772644043e-01
-1.404232406616210938e+01 7.517221450805664062e+00 -2.381601572036743164e+00 -1.445198059082031250e-01 -3.499879240989685059e-01 -5.009873956441879272e-02 9.241821169853210449e-01
-1.400824165344238281e+01 7.529330730438232422e+00 -2.383359432220458984e+00 -1.403960436582565308e-01 -3.410361409187316895e-01 -4.351598769426345825e-02 9.284878373146057129e-01
-1.397878837585449219e+01 7.538764476776123047e+00 -2.384521484375000000e+00 -1.360007971525192261e-01 -3.315049707889556885e-01 -3.640649467706680298e-02 9.328895807266235352e-01
-1.395429611206054688e+01 7.546342372894287109e+00 -2.385566234588623047e+00 -1.313432455062866211e-01 -3.214330077171325684e-01 -2.882422320544719696e-02 9.373361468315124512e-01
-1.393482398986816406e+01 7.552072525024414062e+00 -2.386494159698486328e+00 -1.264334321022033691e-01 -3.108624219894409180e-01 -2.082420885562896729e-02 9.417778849601745605e-01
-1.392035102844238281e+01 7.555966854095458984e+00 -2.387324094772338867e+00 -1.212821155786514282e-01 -2.998350262641906738e-01 -1.246166974306106567e-02 9.461682438850402832e-01
-1.391093730926513672e+01 7.558032035827636719e+00 -2.388056516647338867e+00 -1.159002259373664856e-01 -2.883957922458648682e-01 -3.792349249124526978e-03 9.504634141921997070e-01
-1.390656185150146484e+01 7.558273792266845703e+00 -2.388691425323486328e+00 -1.103001758456230164e-01 -2.765905857086181641e-01 5.127400159835815430e-03 9.546231031417846680e-01
-1.390337848663330078e+01 7.558105468750000000e+00 -2.389394521713256836e+00 -1.044947057962417603e-01 -2.644669413566589355e-01 1.424107700586318970e-02 9.586111307144165039e-01
-1.389324188232421875e+01 7.560500144958496094e+00 -2.390468597412109375e+00 -9.849735349416732788e-02 -2.520744800567626953e-01 2.349182963371276855e-02 9.623953700065612793e-01
-1.387623023986816406e+01 7.565456390380859375e+00 -2.391904354095458984e+00 -9.232255816459655762e-02 -2.394641488790512085e-01 3.282269462943077087e-02 9.659483432769775391e-01
-1.385230445861816406e+01 7.572983264923095703e+00 -2.393701076507568359e+00 -8.598583191633224487e-02 -2.266889065504074097e-01 4.217654466629028320e-02 9.692469835281372070e-01
-1.382150363922119141e+01 7.583076000213623047e+00 -2.395859241485595703e+00 -7.950235903263092041e-02 -2.138024568557739258e-01 5.149672180414199829e-02 9.722735881805419922e-01
-1.378386688232421875e+01 7.595736980438232422e+00 -2.398388624191284180e+00 -7.288885116577148438e-02 -2.008605301380157471e-01 6.072647869586944580e-02 9.750151634216308594e-01
-1.373937511444091797e+01 7.610961914062500000e+00 -2.401288986206054688e+00 -6.616210192441940308e-02 -1.879193484783172607e-01 6.980967521667480469e-02 9.774637818336486816e-01
-1.368761730194091797e+01 7.627524375915527344e+00 -2.404130697250366211e+00 -5.933982878923416138e-02 -1.750365793704986572e-01 7.869055867195129395e-02 9.796166419982910156e-01
-1.362898445129394531e+01 7.646378993988037109e+00 -2.407255887985229492e+00 -5.243943631649017334e-02 -1.622701436281204224e-01 8.731412142515182495e-02 9.814757704734802246e-01
-1.356349563598632812e+01 7.667604923248291016e+00 -2.410654306411743164e+00 -4.547884687781333923e-02 -1.496787369251251221e-01 9.562606364488601685e-02 9.830480813980102539e-01
-1.349119091033935547e+01 7.691193580627441406e+00 -2.414326190948486328e+00 -3.847610950469970703e-02 -1.373143941164016724e-01 1.035830453038215637e-01 9.843448400497436523e-01
-1.341148376464843750e+01 7.715470790863037109e+00 -2.418134689331054688e+00 -3.144891187548637390e-02 -1.252002567052841187e-01 1.111829802393913269e-01 9.853802919387817383e-01
-1.332482433319091797e+01 7.741701602935791016e+00 -2.422177791595458984e+00 -2.441463619470596313e-02 -1.133516728878021240e-01 1.184344366192817688e-01 9.861686825752258301e-01
-1.323130798339843750e+01 7.770114421844482422e+00 -2.426435470581054688e+00 -1.739087887108325958e-02 -1.017834544181823730e-01 1.253462582826614380e-01 9.867249131202697754e-01
-1.313033199310302734e+01 7.798883914947509766e+00 -2.431298732757568359e+00 -1.039408612996339798e-02 -9.051053225994110107e-02 1.319276690483093262e-01 9.870637655258178711e-01
-1.302234363555908203e+01 7.829416275024414062e+00 -2.436445236206054688e+00 -3.441638313233852386e-03 -7.954686135053634644e-02 1.381880939006805420e-01 9.872003197669982910e-01
-1.290728473663330078e+01 7.861447811126708984e+00 -2.442089796066284180e+00 3.450020682066679001e-03 -6.890650838613510132e-02 1.441373527050018311e-01 9.871496558189392090e-01
-1.278488254547119141e+01 7.893984317779541016e+00 -2.448769569396972656e+00 1.026461366564035416e-02 -5.860238522291183472e-02 1.497853845357894897e-01 9.869268536567687988e-01
-1.265550708770751953e+01 7.928425312042236328e+00 -2.455712795257568359e+00 1.698564738035202026e-02 -4.864797368645668030e-02 1.551424115896224976e-01 9.865472912788391113e-01
-1.251878833770751953e+01 7.963159084320068359e+00 -2.464111328125000000e+00 2.359722740948200226e-02 -3.905578330159187317e-02 1.602187752723693848e-01 9.860262274742126465e-01
-1.237497997283935547e+01 7.999418735504150391e+00 -2.473056554794311523e+00 3.008359670639038086e-02 -2.983826957643032074e-02 1.650250405073165894e-01 9.853788018226623535e-01
-1.222396469116210938e+01 8.036435127258300781e+00 -2.483349561691284180e+00 3.642918542027473450e-02 -2.100727334618568420e-02 1.695719063282012939e-01 9.846202135086059570e-01
-1.207990169525146484e+01 8.071068763732910156e+00 -2.493886709213256836e+00 4.261864721775054932e-02 -1.257455535233020782e-02 1.738701760768890381e-01 9.837656021118164062e-01
-1.194289016723632812e+01 8.103711128234863281e+00 -2.504374980926513672e+00 4.863692075014114380e-02 -4.551762714982032776e-03 1.779306828975677490e-01 9.828298091888427734e-01
-1.181281185150146484e+01 8.133676528930664062e+00 -2.515673875808715820e+00 5.446900427341461182e-02 3.050340339541435242e-03 1.817645281553268433e-01 9.818276762962341309e-01
-1.168982410430908203e+01 8.162040710449218750e+00 -2.526396512985229492e+00 6.010017916560173035e-02 1.022084429860115051e-02 1.853826195001602173e-01 9.807735681533813477e-01
-1.157419872283935547e+01 8.188283920288085938e+00 -2.537236213684082031e+00 6.551592051982879639e-02 1.694879122078418732e-02 1.887960433959960938e-01 9.796819090843200684e-01
-1.146591758728027344e+01 8.212289810180664062e+00 -2.548349618911743164e+00 7.070177793502807617e-02 2.322411164641380310e-02 1.920158267021179199e-01 9.785661697387695312e-01
-1.136503887176513672e+01 8.234684944152832031e+00 -2.558740139007568359e+00 7.564358413219451904e-02 2.903624624013900757e-02 1.950531303882598877e-01 9.774401187896728516e-01
-1.127156257629394531e+01 8.255461692810058594e+00 -2.568388700485229492e+00 8.032716810703277588e-02 3.437528014183044434e-02 1.979187875986099243e-01 9.763166308403015137e-01
-1.118542957305908203e+01 8.273974418640136719e+00 -2.578564405441284180e+00 8.473681658506393433e-02 3.923398628830909729e-02 2.006207108497619629e-01 9.752085804939270020e-01
-1.110671806335449219e+01 8.290832519531250000e+00 -2.588066339492797852e+00 8.885024487972259521e-02 4.361674934625625610e-02 2.031537890434265137e-01 9.741312265396118164e-01
-1.103537082672119141e+01 8.306125640869140625e+00 -2.596689462661743164e+00 9.264341741800308228e-02 4.753081128001213074e-02 2.055097520351409912e-01 9.731001257896423340e-01
-1.097140598297119141e+01 8.319850921630859375e+00 -2.604423761367797852e+00 9.609243273735046387e-02 5.098348483443260193e-02 2.076801657676696777e-01 9.721295237541198730e-01
-1.091482353210449219e+01 8.332006454467773438e+00 -2.611289024353027344e+00 9.917324781417846680e-02 5.398234724998474121e-02 2.096565812826156616e-01 9.712336063385009766e-01
-1.086564445495605469e+01 8.342363357543945312e+00 -2.617753744125366211e+00 1.018619909882545471e-01 5.653457343578338623e-02 2.114303410053253174e-01 9.704251885414123535e-01
-1.082384777069091797e+01 8.351017951965332031e+00 -2.623613119125366211e+00 1.041346266865730286e-01 5.864775925874710083e-02 2.129926979541778564e-01 9.697167277336120605e-01
-1.077935504913330078e+01 8.360175132751464844e+00 -2.629687547683715820e+00 1.059670746326446533e-01 6.032919138669967651e-02 2.143346518278121948e-01 9.691191911697387695e-01
-1.073214817047119141e+01 8.369841575622558594e+00 -2.635966777801513672e+00 1.073352247476577759e-01 6.158614903688430786e-02 2.154470086097717285e-01 9.686427712440490723e-01
-1.068224620819091797e+01 8.380002021789550781e+00 -2.642460823059082031e+00 1.082147657871246338e-01 6.242605298757553101e-02 2.163204252719879150e-01 9.682964086532592773e-01
-1.062962913513183594e+01 8.390666007995605469e+00 -2.649140596389770508e+00 1.085813269019126892e-01 6.285606324672698975e-02 2.169451266527175903e-01 9.680878520011901855e-01
-1.057433605194091797e+01 8.401818275451660156e+00 -2.656005859375000000e+00 1.084103733301162720e-01 6.288319081068038940e-02 2.173110693693161011e-01 9.680231213569641113e-01
-1.051632785797119141e+01 8.413413047790527344e+00 -2.663212776184082031e+00 1.076771095395088196e-01 6.251461803913116455e-02 2.174080014228820801e-01 9.681071639060974121e-01
-1.045572280883789062e+01 8.425044059753417969e+00 -2.671787023544311523e+00 1.063566952943801880e-01 6.175716221332550049e-02 2.172251194715499878e-01 9.683426618576049805e-01
-1.039240169525146484e+01 8.437140464782714844e+00 -2.680595636367797852e+00 1.044239327311515808e-01 6.061770021915435791e-02 2.167513072490692139e-01 9.687311649322509766e-01
-1.032642555236816406e+01 8.449704170227050781e+00 -2.689638614654541016e+00 1.018535122275352478e-01 5.910290777683258057e-02 2.159750610589981079e-01 9.692716598510742188e-01
-1.025775337219238281e+01 8.462729454040527344e+00 -2.698906183242797852e+00 9.861989319324493408e-02 5.721941590309143066e-02 2.148842811584472656e-01 9.699612259864807129e-01
-1.018640613555908203e+01 8.476222991943359375e+00 -2.708378791809082031e+00 9.469731152057647705e-02 5.497372895479202271e-02 2.134664952754974365e-01 9.707946777343750000e-01
-1.011250019073486328e+01 8.489813804626464844e+00 -2.719189405441284180e+00 9.005980938673019409e-02 5.237235128879547119e-02 2.117086946964263916e-01 9.717643260955810547e-01
-1.003601551055908203e+01 8.503591537475585938e+00 -2.731054544448852539e+00 8.468133956193923950e-02 4.942157864570617676e-02 2.095972895622253418e-01 9.728594422340393066e-01
-9.956874847412109375e+00 8.517824172973632812e+00 -2.743193387985229492e+00 7.855189591646194458e-02 4.613059759140014648e-02 2.071179449558258057e-01 9.740654826164245605e-01
-9.875117301940917969e+00 8.532516479492187500e+00 -2.755615234375000000e+00 7.172659039497375488e-02 4.252011701464653015e-02 2.042550742626190186e-01 9.753600955009460449e-01
-9.790722846984863281e+00 8.547631263732910156e+00 -2.768466711044311523e+00 6.427685916423797607e-02 3.861407190561294556e-02 2.009927183389663696e-01 9.767186641693115234e-01
-9.703945159912109375e+00 8.562362670898437500e+00 -2.783749818801879883e+00 5.627462267875671387e-02 3.443617001175880432e-02 1.973153203725814819e-01 9.781175851821899414e-01
-9.614589691162109375e+00 8.577555656433105469e+00 -2.799453020095825195e+00 4.779199883341789246e-02 3.001057915389537811e-02 1.932075619697570801e-01 9.795336127281188965e-01
-9.522636413574218750e+00 8.593222618103027344e+00 -2.815576076507568359e+00 3.890157490968704224e-02 2.536164969205856323e-02 1.886546760797500610e-01 9.809448719024658203e-01
-9.428163528442382812e+00 8.609169960021972656e+00 -2.832577943801879883e+00 2.967631444334983826e-02 2.051373943686485291e-02 1.836423575878143311e-01 9.823308587074279785e-01
-9.331386566162109375e+00 8.624557495117187500e+00 -2.852187395095825195e+00 2.018946968019008636e-02 1.549171283841133118e-02 1.781570911407470703e-01 9.836729168891906738e-01
-9.232050895690917969e+00 8.640404701232910156e+00 -2.872372865676879883e+00 1.051462627947330475e-02 1.032049860805273056e-02 1.721857339143753052e-01 9.849542975425720215e-01
-9.130136489868164062e+00 8.656718254089355469e+00 -2.893134593963623047e+00 7.256278768181800842e-04 5.025146063417196274e-03 1.657161265611648560e-01 9.861604571342468262e-01
-9.026015281677246094e+00 8.672302246093750000e+00 -2.916620969772338867e+00 -9.103456512093544006e-03 -3.691170131787657738e-04 1.587367057800292969e-01 9.872788786888122559e-01
-8.919472694396972656e+00 8.687892913818359375e+00 -2.941562414169311523e+00 -1.889877766370773315e-02 -5.836767144501209259e-03 1.512367278337478638e-01 9.882997274398803711e-01
-8.810409545898437500e+00 8.703923225402832031e+00 -2.967236280441284180e+00 -2.858597412705421448e-02 -1.135261915624141693e-02 1.432059854269027710e-01 9.892148375511169434e-01
-8.699198722839355469e+00 8.718928337097167969e+00 -2.995898485183715820e+00 -3.809102997183799744e-02 -1.689108274877071381e-02 1.346351355314254761e-01 9.900187253952026367e-01
-8.585663795471191406e+00 8.733666419982910156e+00 -3.026425600051879883e+00 -4.733999818563461304e-02 -2.242651768028736115e-02 1.255153566598892212e-01 9.907077550888061523e-01
-8.469589233398437500e+00 8.748793601989746094e+00 -3.057822227478027344e+00 -5.625984445214271545e-02 -2.793361805379390717e-02 1.158383935689926147e-01 9.912799000740051270e-01
-8.351777076721191406e+00 8.761674880981445312e+00 -3.093691349029541016e+00 -6.477669626474380493e-02 -3.338676691055297852e-02 1.055965945124626160e-01 9.917352199554443359e-01
-8.231523513793945312e+00 8.774753570556640625e+00 -3.130751848220825195e+00 -7.281833887100219727e-02 -3.876124694943428040e-02 9.478255361318588257e-02 9.920742511749267578e-01
-8.109276771545410156e+00 8.786389350891113281e+00 -3.170966625213623047e+00 -8.031209558248519897e-02 -4.403126984834671021e-02 8.338928967714309692e-02 9.922990202903747559e-01
-7.985136508941650391e+00 8.796474456787109375e+00 -3.214511632919311523e+00 -8.718604594469070435e-02 -4.917243123054504395e-02 7.141001522541046143e-02 9.924118518829345703e-01
-7.858983993530273438e+00 8.805460929870605469e+00 -3.260693311691284180e+00 -9.338543564081192017e-02 -5.416186526417732239e-02 5.885426700115203857e-02 9.924121499061584473e-01
-7.731484413146972656e+00 8.811296463012695312e+00 -3.311748027801513672e+00 -9.891730546951293945e-02 -5.898441001772880554e-02 4.579692333936691284e-02 9.922897219657897949e-01
-7.602284908294677734e+00 8.815339088439941406e+00 -3.365996122360229492e+00 -1.038056686520576477e-01 -6.362716108560562134e-02 3.232946619391441345e-02 9.920336604118347168e-01
-7.472284793853759766e+00 8.815224647521972656e+00 -3.425791025161743164e+00 -1.080751344561576843e-01 -6.807794421911239624e-02 1.854360103607177734e-02 9.916356801986694336e-01
-7.341054439544677734e+00 8.810153961181640625e+00 -3.489296913146972656e+00 -1.117502078413963318e-01 -7.232376188039779663e-02 4.531434737145900726e-03 9.910905957221984863e-01
-7.208339691162109375e+00 8.801098823547363281e+00 -3.556064367294311523e+00 -1.148569509387016296e-01 -7.635303586721420288e-02 -9.614918380975723267e-03 9.903967380523681641e-01
-7.075156211853027344e+00 8.779638290405273438e+00 -3.625556468963623047e+00 -1.174206957221031189e-01 -8.015372604131698608e-02 -2.380373701453208923e-02 9.895560741424560547e-01
-6.940742015838623047e+00 8.747873306274414062e+00 -3.694706916809082031e+00 -1.194686815142631531e-01 -8.371494710445404053e-02 -3.794270753860473633e-02 9.885745048522949219e-01
-6.805800437927246094e+00 8.701686859130859375e+00 -3.760859251022338867e+00 -1.210280060768127441e-01 -8.702563494443893433e-02 -5.194039270281791687e-02 9.874619245529174805e-01
-6.671835899353027344e+00 8.635991096496582031e+00 -3.818720579147338867e+00 -1.221262216567993164e-01 -9.007509797811508179e-02 -6.570610404014587402e-02 9.862324595451354980e-01
-6.542070388793945312e+00 8.546706199645996094e+00 -3.860380887985229492e+00 -1.227921545505523682e-01 -9.285388886928558350e-02 -7.914905250072479248e-02 9.849039316177368164e-01
-6.421367168426513672e+00 8.434103965759277344e+00 -3.878144502639770508e+00 -1.230543032288551331e-01 -9.535220265388488770e-02 -9.217952936887741089e-02 9.834980964660644531e-01
-6.313593387603759766e+00 8.303603172302246094e+00 -3.868876934051513672e+00 -1.229416579008102417e-01 -9.756086766719818115e-02 -1.047088354825973511e-01 9.820404052734375000e-01
-6.221699237823486328e+00 8.161987304687500000e+00 -3.831699132919311523e+00 -1.224840879440307617e-01 -9.947159886360168457e-02 -1.166487932205200195e-01 9.805591106414794922e-01
-6.141484260559082031e+00 8.015410423278808594e+00 -3.777089834213256836e+00 -1.217108219861984253e-01 -1.010758429765701294e-01 -1.279122680425643921e-01 9.790855646133422852e-01
-6.068534851074218750e+00 7.865781307220458984e+00 -3.711572170257568359e+00 -1.206519976258277893e-01 -1.023655086755752563e-01 -1.384134143590927124e-01 9.776533842086791992e-01
-6.000800609588623047e+00 7.713625431060791016e+00 -3.637851476669311523e+00 -1.193374320864677429e-01 -1.033328399062156677e-01 -1.480661332607269287e-01 9.762977957725524902e-01
-5.939511775970458984e+00 7.559545516967773438e+00 -3.555195331573486328e+00 -1.177967637777328491e-01 -1.039700135588645935e-01 -1.567858755588531494e-01 9.750550389289855957e-01
-5.881015300750732422e+00 7.403537273406982422e+00 -3.467431545257568359e+00 -1.160593256354331970e-01 -1.042691618204116821e-01 -1.644886434078216553e-01 9.739618897438049316e-01
-5.824023246765136719e+00 7.245417118072509766e+00 -3.375781059265136719e+00 -1.141549870371818542e-01 -1.042227447032928467e-01 -1.710902601480484009e-01 9.730541706085205078e-01
-5.770117282867431641e+00 7.085551738739013672e+00 -3.278876781463623047e+00 -1.121134683489799500e-01 -1.038330048322677612e-01 -1.765343248844146729e-01 9.723604917526245117e-01
-5.716444969177246094e+00 6.923471450805664062e+00 -3.179345607757568359e+00 -1.099720075726509094e-01 -1.031435951590538025e-01 -1.808743625879287720e-01 9.718806743621826172e-01
