-3.156386613845825195e+00 -1.083504867553710938e+01 -2.692148447036743164e+00 -0.000000000000000000e+00 -0.000000000000000000e+00 -3.170515894889831543e-01 9.484083056449890137e-01
-2.922714710235595703e+00 -1.087496089935302734e+01 -2.631083965301513672e+00 -1.340461894869804382e-04 1.385489851236343384e-02 -3.142997026443481445e-01 9.492226839065551758e-01
-2.695019483566284180e+00 -1.091376972198486328e+01 -2.571445226669311523e+00 -5.605341866612434387e-04 2.820893004536628723e-02 -3.122513592243194580e-01 9.495804309844970703e-01
-2.473261594772338867e+00 -1.095148944854736328e+01 -2.513212919235229492e+00 -1.227690838277339935e-03 4.297003522515296936e-02 -3.107663989067077637e-01 9.495136737823486328e-01
-2.257441282272338867e+00 -1.098815917968750000e+01 -2.456435441970825195e+00 -2.083634957671165466e-03 5.804604291915893555e-02 -3.097057938575744629e-01 9.490567445755004883e-01
-2.047499895095825195e+00 -1.102379417419433594e+01 -2.401113271713256836e+00 -3.076555207371711731e-03 7.334434241056442261e-02 -3.089311420917510986e-01 9.482471346855163574e-01
-1.843398451805114746e+00 -1.105840778350830078e+01 -2.347265481948852539e+00 -4.154616966843605042e-03 8.877243846654891968e-02 -3.083048164844512939e-01 9.471274018287658691e-01
-1.645214796066284180e+00 -1.109119606018066406e+01 -2.294081926345825195e+00 -5.265435203909873962e-03 1.042379811406135559e-01 -3.076919913291931152e-01 9.457443356513977051e-01
-1.462285161018371582e+00 -1.108943367004394531e+01 -2.211357355117797852e+00 -6.357476115226745605e-03 1.196487545967102051e-01 -3.069592118263244629e-01 9.441503286361694336e-01
-1.300156235694885254e+00 -1.105758285522460938e+01 -2.106191396713256836e+00 -7.379081100225448608e-03 1.349136382341384888e-01 -3.059753775596618652e-01 9.424026608467102051e-01
-1.149472594261169434e+00 -1.101778793334960938e+01 -1.997724533081054688e+00 -8.278999477624893188e-03 1.499420106410980225e-01 -3.046111762523651123e-01 9.405641555786132812e-01
-1.006464838981628418e+00 -1.097405719757080078e+01 -1.890917897224426270e+00 -9.005304425954818726e-03 1.646439731121063232e-01 -3.027396500110626221e-01 9.387011528015136719e-01
-8.699804544448852539e-01 -1.092636680603027344e+01 -1.787646412849426270e+00 -9.507630020380020142e-03 1.789312511682510376e-01 -3.002349138259887695e-01 9.368842840194702148e-01
-7.396093606948852539e-01 -1.087476539611816406e+01 -1.688867092132568359e+00 -9.734798222780227661e-03 1.927162706851959229e-01 -2.969734370708465576e-01 9.351857900619506836e-01
-6.151952743530273438e-01 -1.081939411163330078e+01 -1.595126867294311523e+00 -9.636729955673217773e-03 2.059127241373062134e-01 -2.928319573402404785e-01 9.336790442466735840e-01
-4.967382848262786865e-01 -1.076048851013183594e+01 -1.506767511367797852e+00 -9.163126349449157715e-03 2.184350341558456421e-01 -2.876873910427093506e-01 9.324367046356201172e-01
-3.841992020606994629e-01 -1.069840812683105469e+01 -1.423994064331054688e+00 -8.263573050498962402e-03 2.301983982324600220e-01 -2.814171314239501953e-01 9.315281510353088379e-01
-2.778515517711639404e-01 -1.063260746002197266e+01 -1.347294926643371582e+00 -6.888836622238159180e-03 2.411187291145324707e-01 -2.738961279392242432e-01 9.310182929039001465e-01
-1.789257824420928955e-01 -1.056078624725341797e+01 -1.278300762176513672e+00 -4.989072680473327637e-03 2.511115968227386475e-01 -2.649986147880554199e-01 9.309639334678649902e-01
-8.683593571186065674e-02 -1.048585891723632812e+01 -1.216230392456054688e+00 -2.514638006687164307e-03 2.600923180580139160e-01 -2.545951008796691895e-01 9.314113259315490723e-01
-1.347656245343387127e-03 -1.040861797332763672e+01 -1.160800814628601074e+00 5.833059549331665039e-04 2.679753899574279785e-01 -2.425526827573776245e-01 9.323931932449340820e-01
7.492187619209289551e-02 -1.032605934143066406e+01 -1.114462852478027344e+00 2.023063600063323975e-03 2.666041851043701172e-01 -2.299330383539199829e-01 9.359748363494873047e-01
1.449414044618606567e-01 -1.024391078948974609e+01 -1.074140548706054688e+00 4.624653607606887817e-03 2.649281620979309082e-01 -2.153954356908798218e-01 9.398918151855468750e-01
2.090625017881393433e-01 -1.016261672973632812e+01 -1.039394497871398926e+00 8.346360176801681519e-03 2.630765140056610107e-01 -1.990629434585571289e-01 9.439783096313476562e-01
2.649413943290710449e-01 -1.008036136627197266e+01 -1.012519478797912598e+00 1.311886683106422424e-02 2.611909806728363037e-01 -1.810849905014038086e-01 9.480587244033813477e-01
3.163085877895355225e-01 -1.000144004821777344e+01 -9.894726276397705078e-01 1.884221658110618591e-02 2.594178617000579834e-01 -1.616391390562057495e-01 9.519559144973754883e-01
3.608788847923278809e-01 -9.923940658569335938e+00 -9.724707007408142090e-01 2.538512647151947021e-02 2.578987181186676025e-01 -1.409330219030380249e-01 9.555007815361022949e-01
4.007226526737213135e-01 -9.850068092346191406e+00 -9.592480063438415527e-01 3.258821368217468262e-02 2.567601501941680908e-01 -1.192017868161201477e-01 9.585422277450561523e-01
4.353124797344207764e-01 -9.779438018798828125e+00 -9.502441287040710449e-01 4.027024284005165100e-02 2.561050355434417725e-01 -9.670246392488479614e-02 9.609563946723937988e-01
4.655859172344207764e-01 -9.713061332702636719e+00 -9.443066120147705078e-01 4.823718965053558350e-02 2.560054063796997070e-01 -7.370731234550476074e-02 9.626534581184387207e-01
4.910937249660491943e-01 -9.650732040405273438e+00 -9.417480230331420898e-01 5.629244819283485413e-02 2.564988732337951660e-01 -5.049181729555130005e-02 9.635818600654602051e-01
5.140429735183715820e-01 -9.593667030334472656e+00 -9.403613209724426270e-01 6.424874067306518555e-02 2.575870752334594727e-01 -2.732680365443229675e-02 9.637293815612792969e-01
5.315234065055847168e-01 -9.540942192077636719e+00 -9.427050352096557617e-01 7.193775475025177002e-02 2.592394351959228516e-01 -4.467541351914405823e-03 9.631198644638061523e-01
5.474609136581420898e-01 -9.493896484375000000e+00 -9.450292587280273438e-01 7.921852171421051025e-02 2.613972425460815430e-01 1.785320416092872620e-02 9.618092775344848633e-01
5.606250166893005371e-01 -9.452372550964355469e+00 -9.483398199081420898e-01 8.598246425390243530e-02 2.639816105365753174e-01 3.942894563078880310e-02 9.598781466484069824e-01
5.701562166213989258e-01 -9.416264533996582031e+00 -9.533886313438415527e-01 9.215565770864486694e-02 2.669002413749694824e-01 6.008143350481987000e-02 9.574245810508728027e-01
5.785937309265136719e-01 -9.386044502258300781e+00 -9.578515291213989258e-01 9.769801050424575806e-02 2.700545191764831543e-01 7.965962588787078857e-02 9.545574188232421875e-01
5.858203172683715820e-01 -9.361757278442382812e+00 -9.617187380790710449e-01 1.026004403829574585e-01 2.733457684516906738e-01 9.803663939237594604e-02 9.513905644416809082e-01
5.918749570846557617e-01 -9.343446731567382812e+00 -9.649804234504699707e-01 1.068802699446678162e-01 2.766793966293334961e-01 1.151057034730911255e-01 9.480378627777099609e-01
5.967382788658142090e-01 -9.331147193908691406e+00 -9.676464796066284180e-01 1.105758845806121826e-01 2.799679934978485107e-01 1.307755708694458008e-01 9.446102976799011230e-01
5.999218821525573730e-01 -9.324902534484863281e+00 -9.700878858566284180e-01 1.137409061193466187e-01 2.831327319145202637e-01 1.449655592441558838e-01 9.412139654159545898e-01
6.044335961341857910e-01 -9.309975624084472656e+00 -9.721190929412841797e-01 1.097931936383247375e-01 2.828887999057769775e-01 1.602933704853057861e-01 9.392685294151306152e-01
6.088476181030273438e-01 -9.286186218261718750e+00 -9.753222465515136719e-01 1.061425656080245972e-01 2.832228541374206543e-01 1.737597435712814331e-01 9.371904730796813965e-01
6.132421493530273438e-01 -9.253569602966308594e+00 -9.797363281250000000e-01 1.027579754590988159e-01 2.840653955936431885e-01 1.854730993509292603e-01 9.350653886795043945e-01
6.176366806030273438e-01 -9.212142944335937500e+00 -9.853320121765136719e-01 9.962647408246994019e-02 2.853344678878784180e-01 1.955298483371734619e-01 9.329666495323181152e-01
6.184374690055847168e-01 -9.162343978881835938e+00 -9.945800304412841797e-01 9.675074368715286255e-02 2.869386374950408936e-01 2.040162086486816406e-01 9.309580326080322266e-01
6.174023151397705078e-01 -9.103969573974609375e+00 -1.006279230117797852e+00 9.414662420749664307e-02 2.887788116931915283e-01 2.110098302364349365e-01 9.290952682495117188e-01
6.121875047683715820e-01 -9.037665367126464844e+00 -1.021640658378601074e+00 9.184112399816513062e-02 2.907491922378540039e-01 2.165810465812683105e-01 9.274280667304992676e-01
6.033007502555847168e-01 -8.963286399841308594e+00 -1.040458917617797852e+00 9.030833840370178223e-02 2.914541065692901611e-01 2.211252301931381226e-01 9.262842535972595215e-01
5.874999761581420898e-01 -8.881898880004882812e+00 -1.063623070716857910e+00 8.926133066415786743e-02 2.917764782905578613e-01 2.244495153427124023e-01 9.254843592643737793e-01
5.676562190055847168e-01 -8.792821884155273438e+00 -1.089990258216857910e+00 8.861059695482254028e-02 2.919748425483703613e-01 2.265121787786483765e-01 9.249815940856933594e-01
5.427148342132568359e-01 -8.696376800537109375e+00 -1.119501948356628418e+00 8.835107833147048950e-02 2.920535206794738770e-01 2.273341417312622070e-01 9.247800111770629883e-01
5.071288943290710449e-01 -8.593939781188964844e+00 -1.150839805603027344e+00 8.847654610872268677e-02 2.920154333114624023e-01 2.269369363784790039e-01 9.248775839805603027e-01
4.675781130790710449e-01 -8.483393669128417969e+00 -1.183369159698486328e+00 8.897883445024490356e-02 2.918628454208374023e-01 2.253452390432357788e-01 9.252666234970092773e-01
4.286913871765136719e-01 -8.378549575805664062e+00 -1.212519526481628418e+00 8.984725922346115112e-02 2.915967106819152832e-01 2.225898504257202148e-01 9.259333610534667969e-01
3.906835913658142090e-01 -8.279438018798828125e+00 -1.238710880279541016e+00 9.106739610433578491e-02 2.912179231643676758e-01 2.187109589576721191e-01 9.268571734428405762e-01
3.537304699420928955e-01 -8.185913085937500000e+00 -1.261386632919311523e+00 9.262064844369888306e-02 2.907275557518005371e-01 2.137603014707565308e-01 9.280115365982055664e-01
3.186718821525573730e-01 -8.098075866699218750e+00 -1.282255887985229492e+00 9.454215317964553833e-02 2.899464368820190430e-01 2.078502774238586426e-01 9.294035434722900391e-01
2.857421934604644775e-01 -8.015625000000000000e+00 -1.300908207893371582e+00 9.816741943359375000e-02 2.845511436462402344e-01 2.021426707506179810e-01 9.319507479667663574e-01
2.549804747104644775e-01 -7.938784122467041016e+00 -1.318007826805114746e+00 1.024239659309387207e-01 2.774988412857055664e-01 1.959623694419860840e-01 9.349344372749328613e-01
2.265820205211639404e-01 -7.867399692535400391e+00 -1.333124995231628418e+00 1.072683781385421753e-01 2.685971260070800781e-01 1.894503533840179443e-01 9.383269548416137695e-01
2.013671845197677612e-01 -7.801945686340332031e+00 -1.345439434051513672e+00 1.050470173358917236e-01 2.562301754951477051e-01 1.848190128803253174e-01 9.429491758346557617e-01
1.788671761751174927e-01 -7.741887092590332031e+00 -1.355722665786743164e+00 1.028020381927490234e-01 2.420010417699813843e-01 1.799925118684768677e-01 9.478765726089477539e-01
1.585156172513961792e-01 -7.687592506408691406e+00 -1.364765644073486328e+00 1.005261242389678955e-01 2.261048555374145508e-01 1.749855279922485352e-01 9.529696702957153320e-01
1.402148455381393433e-01 -7.639081954956054688e+00 -1.372666001319885254e+00 9.821292757987976074e-02 2.087406516075134277e-01 1.698142290115356445e-01 9.580942988395690918e-01
1.246289014816284180e-01 -7.596037387847900391e+00 -1.378925800323486328e+00 9.585733711719512939e-02 1.901125460863113403e-01 1.644970923662185669e-01 9.631247520446777344e-01
1.110742166638374329e-01 -7.558786392211914062e+00 -1.384081959724426270e+00 9.345564991235733032e-02 1.704294085502624512e-01 1.590554416179656982e-01 9.679468274116516113e-01
9.947265684604644775e-02 -7.527363300323486328e+00 -1.388193368911743164e+00 9.100597351789474487e-02 1.499056369066238403e-01 1.535134911537170410e-01 9.724607467651367188e-01
8.982421457767486572e-02 -7.501762390136718750e+00 -1.391288995742797852e+00 8.850821852684020996e-02 1.287602335214614868e-01 1.478988081216812134e-01 9.765823483467102051e-01
8.214843273162841797e-02 -7.481984615325927734e+00 -1.393378853797912598e+00 8.596418052911758423e-02 1.072167605161666870e-01 1.422420889139175415e-01 9.802457690238952637e-01
7.662109285593032837e-02 -7.467939376831054688e+00 -1.394345641136169434e+00 8.337767422199249268e-02 8.550187200307846069e-02 1.365773379802703857e-01 9.834043383598327637e-01
7.304687052965164185e-02 -7.459704399108886719e+00 -1.394326090812683105e+00 8.075441420078277588e-02 6.384477019309997559e-02 1.309414356946945190e-01 9.860308170318603516e-01
7.130859047174453735e-02 -7.457343578338623047e+00 -1.393417954444885254e+00 7.810185849666595459e-02 4.247599840164184570e-02 1.253743022680282593e-01 9.881179928779602051e-01
6.880859285593032837e-02 -7.452661037445068359e+00 -1.392929673194885254e+00 7.542922347784042358e-02 2.162608876824378967e-02 1.199181973934173584e-01 9.896778464317321777e-01
6.468749791383743286e-02 -7.442890644073486328e+00 -1.393330097198486328e+00 7.274707406759262085e-02 1.525141298770904541e-03 1.146175041794776917e-01 9.907413721084594727e-01
5.896484106779098511e-02 -7.428029537200927734e+00 -1.394609332084655762e+00 7.006734609603881836e-02 -1.759906485676765442e-02 1.095184609293937683e-01 9.913558363914489746e-01
5.164062231779098511e-02 -7.408075809478759766e+00 -1.396777272224426270e+00 6.740287691354751587e-02 -3.552091121673583984e-02 1.046685874462127686e-01 9.915844202041625977e-01
4.273437336087226868e-02 -7.383029460906982422e+00 -1.399843692779541016e+00 6.476721167564392090e-02 -5.201739445328712463e-02 1.001162007451057434e-01 9.915019869804382324e-01
3.226562589406967163e-02 -7.352890491485595703e+00 -1.403798818588256836e+00 6.217421591281890869e-02 -6.686909496784210205e-02 9.591019898653030396e-02 9.911932945251464844e-01
2.046874910593032837e-02 -7.317575454711914062e+00 -1.408574223518371582e+00 5.963781476020812988e-02 -7.985924184322357178e-02 9.209940582513809204e-02 9.907490015029907227e-01
8.339843712747097015e-03 -7.276738166809082031e+00 -1.413769483566284180e+00 5.717158317565917969e-02 -9.077368676662445068e-02 8.873228728771209717e-02 9.902617335319519043e-01
-5.117187276482582092e-03 -7.230741977691650391e+00 -1.419794917106628418e+00 5.479347705841064453e-02 -9.946220368146896362e-02 8.584704250097274780e-02 9.898157119750976562e-01
-1.990234293043613434e-02 -7.179587364196777344e+00 -1.426630854606628418e+00 5.254089087247848511e-02 -1.060246527194976807e-01 8.344274014234542847e-02 9.894622564315795898e-01
-3.330077975988388062e-02 -7.122482776641845703e+00 -1.433466792106628418e+00 5.045505985617637634e-02 -1.106221377849578857e-01 8.150720596313476562e-02 9.892287850379943848e-01
-4.761718586087226868e-02 -7.060111999511718750e+00 -1.441015601158142090e+00 4.857622087001800537e-02 -1.134141385555267334e-01 8.002681285142898560e-02 9.891275763511657715e-01
-6.005859375000000000e-02 -6.991784572601318359e+00 -1.447831988334655762e+00 4.694396257400512695e-02 -1.145600154995918274e-01 7.898676395416259766e-02 9.891578555107116699e-01
-7.201171666383743286e-02 -6.917849063873291016e+00 -1.454648375511169434e+00 4.559723287820816040e-02 -1.142171621322631836e-01 7.837148010730743408e-02 9.893094301223754883e-01
-8.031249791383743286e-02 -6.837836742401123047e+00 -1.459121108055114746e+00 4.457459971308708191e-02 -1.125424355268478394e-01 7.816470414400100708e-02 9.895643591880798340e-01
-8.724609017372131348e-02 -6.752241134643554688e+00 -1.462597608566284180e+00 4.391439259052276611e-02 -1.096920222043991089e-01 7.834979146718978882e-02 9.898992180824279785e-01
-9.052734076976776123e-02 -6.660915374755859375e+00 -1.463056564331054688e+00 4.365474730730056763e-02 -1.058215275406837463e-01 7.890975475311279297e-02 9.902874827384948730e-01
-9.121093899011611938e-02 -6.564211368560791016e+00 -1.460810542106628418e+00 4.383378848433494568e-02 -1.010867357254028320e-01 7.982754707336425781e-02 9.907006025314331055e-01
-9.021484106779098511e-02 -6.462128639221191406e+00 -1.456796884536743164e+00 4.448959976434707642e-02 -9.564353525638580322e-02 8.108600229024887085e-02 9.911095499992370605e-01
-8.613280951976776123e-02 -6.354956150054931641e+00 -1.448662042617797852e+00 4.566026851534843445e-02 -8.964774757623672485e-02 8.266800642013549805e-02 9.914859533309936523e-01
-8.123046904802322388e-02 -6.242538928985595703e+00 -1.439091801643371582e+00 4.738393798470497131e-02 -8.325545489788055420e-02 8.455654978752136230e-02 9.918031096458435059e-01
-7.484374940395355225e-02 -6.125021934509277344e+00 -1.426826119422912598e+00 4.969878867268562317e-02 -7.662303745746612549e-02 8.673471957445144653e-02 9.920362830162048340e-01
-6.771484017372131348e-02 -6.002333641052246094e+00 -1.412685513496398926e+00 5.264307931065559387e-02 -6.990741938352584839e-02 8.918579667806625366e-02 9.921631217002868652e-01
-5.988281220197677612e-02 -5.874470233917236328e+00 -1.396689414978027344e+00 5.625509843230247498e-02 -6.326552480459213257e-02 9.189324826002120972e-02 9.921635389328002930e-01
-5.173828080296516418e-02 -5.741415977478027344e+00 -1.378974556922912598e+00 6.057317554950714111e-02 -5.685482174158096313e-02 9.484063833951950073e-02 9.920199513435363770e-01
-4.326171800494194031e-02 -5.603144168853759766e+00 -1.359677672386169434e+00 6.563558429479598999e-02 -5.083225294947624207e-02 9.801169484853744507e-02 9.917165637016296387e-01
-3.443359211087226868e-02 -5.459606647491455078e+00 -1.339150309562683105e+00 7.148066163063049316e-02 -4.535537585616111755e-02 1.013902723789215088e-01 9.912382960319519043e-01
-2.529296837747097015e-02 -5.310839653015136719e+00 -1.317138671875000000e+00 7.814650982618331909e-02 -4.058147966861724854e-02 1.049601137638092041e-01 9.905703067779541016e-01
-1.578124985098838806e-02 -5.156740665435791016e+00 -1.294209003448486328e+00 8.563853055238723755e-02 -3.663960844278335571e-02 1.086948141455650330e-01 9.897014498710632324e-01
-5.976562388241291046e-03 -4.997412204742431641e+00 -1.269746065139770508e+00 9.383157640695571899e-02 -3.354999050498008728e-02 1.125278025865554810e-01 9.886392951011657715e-01
4.160156007856130600e-03 -4.832729339599609375e+00 -1.244472622871398926e+00 1.025679409503936768e-01 -3.130482509732246399e-02 1.163825839757919312e-01 9.873980283737182617e-01
1.462890580296516418e-02 -4.662819862365722656e+00 -1.217636704444885254e+00 1.116899922490119934e-01 -2.989647909998893738e-02 1.201830357313156128e-01 9.859957098960876465e-01
2.533202990889549255e-02 -4.487568378448486328e+00 -1.189931631088256836e+00 1.210405379533767700e-01 -2.931744605302810669e-02 1.238535642623901367e-01 9.844540953636169434e-01
3.638671711087226868e-02 -4.307082653045654297e+00 -1.160761713981628418e+00 1.304627805948257446e-01 -2.955973893404006958e-02 1.273190230131149292e-01 9.827999472618103027e-01
4.767578095197677612e-02 -4.121294021606445312e+00 -1.130595684051513672e+00 1.398006230592727661e-01 -3.061603941023349762e-02 1.305051445960998535e-01 9.810641407966613770e-01
5.927734076976776123e-02 -3.930275678634643555e+00 -1.099081993103027344e+00 1.488986909389495850e-01 -3.247849643230438232e-02 1.333381980657577515e-01 9.792830348014831543e-01
7.113280892372131348e-02 -3.733999013900756836e+00 -1.066484332084655762e+00 1.576024591922760010e-01 -3.514013066887855530e-02 1.357452273368835449e-01 9.774967432022094727e-01
8.345703035593032837e-02 -3.530451536178588867e+00 -1.032304644584655762e+00 1.657581627368927002e-01 -3.859313204884529114e-02 1.376537531614303589e-01 9.757490754127502441e-01
9.619140625000000000e-02 -3.319631338119506836e+00 -9.966894388198852539e-01 1.732127517461776733e-01 -4.283035546541213989e-02 1.389918327331542969e-01 9.740863442420959473e-01
1.093554645776748657e-01 -3.101562500000000000e+00 -9.596484303474426270e-01 1.798139214515686035e-01 -4.784533381462097168e-02 1.396879702806472778e-01 9.725559353828430176e-01
1.230859383940696716e-01 -2.876569747924804688e+00 -9.206835627555847168e-01 1.815700829029083252e-01 -5.418220162391662598e-02 1.394573599100112915e-01 9.719302058219909668e-01
1.381835937500000000e-01 -2.644321203231811523e+00 -8.810155987739562988e-01 1.822000890970230103e-01 -6.127234920859336853e-02 1.383889466524124146e-01 9.715437889099121094e-01
1.558007746934890747e-01 -2.404724121093750000e+00 -8.414355516433715820e-01 1.827703863382339478e-01 -6.892701983451843262e-02 1.364887952804565430e-01 9.711924791336059570e-01
1.773828119039535522e-01 -2.157841682434082031e+00 -8.025195002555847168e-01 1.832483410835266113e-01 -7.712160050868988037e-02 1.337170153856277466e-01 9.708717465400695801e-01
2.041992098093032837e-01 -1.903823256492614746e+00 -7.646288871765136719e-01 1.835998296737670898e-01 -8.584111928939819336e-02 1.300419270992279053e-01 9.705727100372314453e-01
2.361132800579071045e-01 -1.642780780792236328e+00 -7.274804711341857910e-01 1.837890744209289551e-01 -9.507884830236434937e-02 1.254400163888931274e-01 9.702815413475036621e-01
2.721679508686065674e-01 -1.374743580818176270e+00 -6.905566453933715820e-01 1.837788671255111694e-01 -1.048407852649688721e-01 1.198965832591056824e-01 9.699785709381103516e-01
3.117578029632568359e-01 -1.099716782569885254e+00 -6.534960865974426270e-01 1.835302710533142090e-01 -1.151455640792846680e-01 1.134061515331268311e-01 9.696376323699951172e-01
3.536328077316284180e-01 -8.183544874191284180e-01 -6.141992211341857910e-01 1.755702942609786987e-01 -1.268210560083389282e-01 1.050315350294113159e-01 9.705976843833923340e-01
3.974023461341857910e-01 -5.299975275993347168e-01 -5.736913681030273438e-01 1.655380427837371826e-01 -1.390719562768936157e-01 9.545522928237915039e-02 9.716709256172180176e-01
4.428125023841857910e-01 -2.345605343580245972e-01 -5.319238305091857910e-01 1.536226868629455566e-01 -1.517646461725234985e-01 8.480197936296463013e-02 9.727157950401306152e-01
4.903124868869781494e-01 6.793945282697677612e-02 -4.888085722923278809e-01 1.400174200534820557e-01 -1.647643893957138062e-01 7.319926470518112183e-02 9.735963344573974609e-01
5.393944978713989258e-01 3.776245117187500000e-01 -4.442870914936065674e-01 1.249203532934188843e-01 -1.779359877109527588e-01 6.077793613076210022e-02 9.741867184638977051e-01
5.900195240974426270e-01 6.945800781250000000e-01 -3.984082043170928955e-01 1.085351631045341492e-01 -1.911449730396270752e-01 4.767232388257980347e-02 9.743773341178894043e-01
6.427929401397705078e-01 1.018715739250183105e+00 -3.508984148502349854e-01 9.107113629579544067e-02 -2.042586058378219604e-01 3.402020037174224854e-02 9.740776419639587402e-01
6.973828077316284180e-01 1.350141525268554688e+00 -3.018456995487213135e-01 7.274276763200759888e-02 -2.171475440263748169e-01 1.996239833533763885e-02 9.732198715209960938e-01
7.538085579872131348e-01 1.688886642456054688e+00 -2.512597739696502686e-01 5.376904830336570740e-02 -2.296864986419677734e-01 5.642229691147804260e-03 9.717619419097900391e-01
8.128125071525573730e-01 2.034787654876708984e+00 -1.986718773841857910e-01 3.437228873372077942e-02 -2.417557239532470703e-01 -8.795797824859619141e-03 9.696882367134094238e-01
8.744531273841857910e-01 2.387817382812500000e+00 -1.439257711172103882e-01 1.477705873548984528e-02 -2.532417178153991699e-01 -2.320570684969425201e-02 9.670118093490600586e-01
9.391796588897705078e-01 2.748688936233520508e+00 -8.668944984674453735e-02 -4.791642073541879654e-03 -2.640383839607238770e-01 -3.744274750351905823e-02 9.637731909751892090e-01
1.007539033889770508e+00 3.117209434509277344e+00 -2.647460810840129852e-02 -2.410952746868133545e-02 -2.740469574928283691e-01 -5.136293917894363403e-02 9.600410461425781250e-01
1.079941391944885254e+00 3.493207931518554688e+00 3.697265684604644775e-02 -4.295448213815689087e-02 -2.831774353981018066e-01 -6.482483446598052979e-02 9.559096693992614746e-01
1.156699180603027344e+00 3.876547813415527344e+00 1.038378849625587463e-01 -6.110800802707672119e-02 -2.913469970226287842e-01 -7.768989354372024536e-02 9.514971971511840820e-01
1.237910151481628418e+00 4.267133712768554688e+00 1.741308569908142090e-01 -7.835590094327926636e-02 -2.984809279441833496e-01 -8.982324600219726562e-02 9.469431638717651367e-01
1.322988271713256836e+00 4.665082931518554688e+00 2.474706918001174927e-01 -9.448894858360290527e-02 -3.045102953910827637e-01 -1.010933220386505127e-01 9.424040317535400391e-01
1.410019516944885254e+00 5.070956707000732422e+00 3.228320181369781494e-01 -1.093028932809829712e-01 -3.093725144863128662e-01 -1.113731265068054199e-01 9.380498528480529785e-01
1.484941363334655762e+00 5.488390922546386719e+00 3.941894471645355225e-01 -1.225985288619995117e-01 -3.130079507827758789e-01 -1.205385178327560425e-01 9.340589642524719238e-01
1.469941377639770508e+00 5.924574851989746094e+00 3.752245903015136719e-01 -1.341809481382369995e-01 -3.153585195541381836e-01 -1.284683942794799805e-01 9.306129217147827148e-01
1.457089781761169434e+00 6.342743873596191406e+00 2.305663973093032837e-01 -1.439121514558792114e-01 -3.164003193378448486e-01 -1.350773125886917114e-01 9.278655052185058594e-01
1.447031259536743164e+00 6.693810939788818359e+00 -5.606445297598838806e-02 -1.518730521202087402e-01 -3.162396848201751709e-01 -1.404163837432861328e-01 9.258565306663513184e-01
1.456171870231628418e+00 7.031569480895996094e+00 -3.713867068290710449e-01 -1.581951379776000977e-01 -3.150112032890319824e-01 -1.445675790309906006e-01 9.245768785476684570e-01
1.481640577316284180e+00 7.376020431518554688e+00 -6.907616853713989258e-01 -1.630090773105621338e-01 -3.128406405448913574e-01 -1.476106047630310059e-01 9.239966869354248047e-01
1.538867115974426270e+00 7.737961292266845703e+00 -9.982910156250000000e-01 -1.664416044950485229e-01 -3.098490536212921143e-01 -1.496230214834213257e-01 9.240690469741821289e-01
1.738593697547912598e+00 8.054989814758300781e+00 -1.121298789978027344e+00 -1.686185598373413086e-01 -3.061526119709014893e-01 -1.506801247596740723e-01 9.247344732284545898e-01
1.699120998382568359e+00 7.642072677612304688e+00 -8.607519268989562988e-01 -1.696639358997344971e-01 -3.018640279769897461e-01 -1.508563607931137085e-01 9.259236454963684082e-01
1.613671779632568359e+00 7.203947544097900391e+00 -6.400683522224426270e-01 -1.696999073028564453e-01 -2.970943152904510498e-01 -1.502242982387542725e-01 9.275611042976379395e-01
1.548808574676513672e+00 6.764250278472900391e+00 -4.209179580211639404e-01 -1.688491106033325195e-01 -2.919529080390930176e-01 -1.488566249608993530e-01 9.295672178268432617e-01
1.512128829956054688e+00 6.325722694396972656e+00 -1.980175673961639404e-01 -1.672328114509582520e-01 -2.865485548973083496e-01 -1.468255370855331421e-01 9.318612217903137207e-01
1.490195274353027344e+00 5.884286880493164062e+00 1.546874921768903732e-02 -1.649734377861022949e-01 -2.809906899929046631e-01 -1.442034840583801270e-01 9.343625307083129883e-01
1.453183531761169434e+00 5.412646293640136719e+00 1.195898428559303284e-01 -1.621927171945571899e-01 -2.753897011280059814e-01 -1.410626769065856934e-01 9.369927048683166504e-01
1.381992101669311523e+00 4.935839653015136719e+00 6.092773377895355225e-02 -1.590139716863632202e-01 -2.698562741279602051e-01 -1.374768614768981934e-01 9.396767020225524902e-01
1.285976529121398926e+00 4.470768928527832031e+00 -3.159179538488388062e-02 -1.555603742599487305e-01 -2.645035982131958008e-01 -1.335196346044540405e-01 9.423434734344482422e-01
1.170996069908142090e+00 4.023864746093750000e+00 -1.674218773841857910e-01 -1.519563794136047363e-01 -2.594458162784576416e-01 -1.292654871940612793e-01 9.449272751808166504e-01
1.060956954956054688e+00 3.608105421066284180e+00 -3.770703077316284180e-01 -1.483269035816192627e-01 -2.547984123229980469e-01 -1.247900426387786865e-01 9.473671317100524902e-01
9.688085913658142090e-01 3.232370615005493164e+00 -6.550097465515136719e-01 -1.447975635528564453e-01 -2.506785690784454346e-01 -1.201686859130859375e-01 9.496069550514221191e-01
9.004492163658142090e-01 2.889218568801879883e+00 -9.752636551856994629e-01 -1.414947509765625000e-01 -2.472049444913864136e-01 -1.154782027006149292e-01 9.515953660011291504e-01
8.807226419448852539e-01 2.563664436340332031e+00 -1.316367149353027344e+00 -1.385447382926940918e-01 -2.444966733455657959e-01 -1.107950881123542786e-01 9.532843828201293945e-01
9.217187166213989258e-01 2.248220205307006836e+00 -1.661699175834655762e+00 -1.360746473073959351e-01 -2.426737695932388306e-01 -1.061966046690940857e-01 9.546284675598144531e-01
1.011875033378601074e+00 1.943464279174804688e+00 -2.004081964492797852e+00 -1.341851949691772461e-01 -2.418263852596282959e-01 -1.017517745494842529e-01 9.555944800376892090e-01
1.193105459213256836e+00 1.670864224433898926e+00 -2.300917863845825195e+00 -1.328744888305664062e-01 -2.419239282608032227e-01 -9.750272333621978760e-02 9.561958312988281250e-01
1.576289057731628418e+00 1.478161573410034180e+00 -2.475527286529541016e+00 -1.321142911911010742e-01 -2.429049909114837646e-01 -9.348313510417938232e-02 9.564538002014160156e-01
1.978984355926513672e+00 1.312878370285034180e+00 -2.625410079956054688e+00 -1.318759173154830933e-01 -2.447076141834259033e-01 -8.972682058811187744e-02 9.563869833946228027e-01
2.403945207595825195e+00 1.186633229255676270e+00 -2.740077972412109375e+00 -1.321303397417068481e-01 -2.472687512636184692e-01 -8.626735210418701172e-02 9.560113549232482910e-01
2.844238281250000000e+00 1.100319743156433105e+00 -2.818720579147338867e+00 -1.328479051589965820e-01 -2.505253255367279053e-01 -8.313778042793273926e-02 9.553411006927490234e-01
3.290527343750000000e+00 1.043986797332763672e+00 -2.871982336044311523e+00 -1.339993476867675781e-01 -2.544132769107818604e-01 -8.037117123603820801e-02 9.543890953063964844e-01
3.738105297088623047e+00 1.008381366729736328e+00 -2.908632755279541016e+00 -1.355548799037933350e-01 -2.588687539100646973e-01 -7.800035178661346436e-02 9.531672000885009766e-01
4.185195446014404297e+00 9.872436523437500000e-01 -2.933984279632568359e+00 -1.374845653772354126e-01 -2.638280093669891357e-01 -7.605853676795959473e-02 9.516867995262145996e-01
4.631914138793945312e+00 9.884521365165710449e-01 -2.943125009536743164e+00 -1.397583931684494019e-01 -2.692265808582305908e-01 -7.457828521728515625e-02 9.499593973159790039e-01
5.077011585235595703e+00 9.946948289871215820e-01 -2.948827981948852539e+00 -1.423469334840774536e-01 -2.749998867511749268e-01 -7.359275221824645996e-02 9.479960799217224121e-01
5.520273208618164062e+00 1.015859365463256836e+00 -2.944462776184082031e+00 -1.452202349901199341e-01 -2.810840606689453125e-01 -7.313469052314758301e-02 9.458087682723999023e-01
5.961777210235595703e+00 1.040102481842041016e+00 -2.938134670257568359e+00 -1.483480036258697510e-01 -2.874149084091186523e-01 -7.323677092790603638e-02 9.434096813201904297e-01
6.400898456573486328e+00 1.075324654579162598e+00 -2.924814462661743164e+00 -1.517009139060974121e-01 -2.939283847808837891e-01 -7.393194735050201416e-02 9.408118724822998047e-01
6.838476181030273438e+00 1.110615253448486328e+00 -2.911464691162109375e+00 -1.552492082118988037e-01 -3.005605041980743408e-01 -7.525324821472167969e-02 9.380287528038024902e-01
7.273202896118164062e+00 1.157097101211547852e+00 -2.891523361206054688e+00 -1.589632332324981689e-01 -3.072479367256164551e-01 -7.723328471183776855e-02 9.350745677947998047e-01
7.706425666809082031e+00 1.203481435775756836e+00 -2.871689319610595703e+00 -1.628134995698928833e-01 -3.139266371726989746e-01 -7.990481704473495483e-02 9.319640994071960449e-01
8.137147903442382812e+00 1.256342768669128418e+00 -2.848417997360229492e+00 -1.667702645063400269e-01 -3.205336928367614746e-01 -8.330052345991134644e-02 9.287124872207641602e-01
8.565800666809082031e+00 1.312514662742614746e+00 -2.823427677154541016e+00 -1.708043217658996582e-01 -3.270055949687957764e-01 -8.745300769805908203e-02 9.253351092338562012e-01
8.992616653442382812e+00 1.370605468750000000e+00 -2.797607421875000000e+00 -1.748860478401184082e-01 -3.332793712615966797e-01 -9.239482879638671875e-02 9.218474626541137695e-01
9.417070388793945312e+00 1.435707926750183105e+00 -2.768925666809082031e+00 -1.759629100561141968e-01 -3.396151661872863770e-01 -9.701536595821380615e-02 9.188507199287414551e-01
9.840019226074218750e+00 1.500690937042236328e+00 -2.740351438522338867e+00 -1.774002611637115479e-01 -3.456421196460723877e-01 -1.024290174245834351e-01 9.157341122627258301e-01
1.026000022888183594e+01 1.572822213172912598e+00 -2.708750009536743164e+00 -1.791810393333435059e-01 -3.513099551200866699e-01 -1.085305362939834595e-01 9.125221371650695801e-01
1.067802715301513672e+01 1.647280216217041016e+00 -2.676191329956054688e+00 -1.812828183174133301e-01 -3.565675020217895508e-01 -1.152139902114868164e-01 9.092425704002380371e-01
1.109382820129394531e+01 1.724982857704162598e+00 -2.642451047897338867e+00 -1.836765706539154053e-01 -3.613626360893249512e-01 -1.223707795143127441e-01 9.059278964996337891e-01
1.150665950775146484e+01 1.809916973114013672e+00 -2.605976581573486328e+00 -1.863293349742889404e-01 -3.647599816322326660e-01 -1.297605335712432861e-01 9.029914736747741699e-01
1.191837882995605469e+01 1.894604444503784180e+00 -2.569306612014770508e+00 -1.891648620367050171e-01 -3.632975518703460693e-01 -1.367901265621185303e-01 9.019533991813659668e-01
1.232550716400146484e+01 1.991882324218750000e+00 -2.528564453125000000e+00 -1.920894831418991089e-01 -3.617597520351409912e-01 -1.440618634223937988e-01 9.008205533027648926e-01
1.273124980926513672e+01 2.089079618453979492e+00 -2.487880706787109375e+00 -1.950541734695434570e-01 -3.601698577404022217e-01 -1.514555215835571289e-01 8.996069431304931641e-01
1.313158130645751953e+01 2.200061082839965820e+00 -2.443251848220825195e+00 -1.980074197053909302e-01 -3.585547804832458496e-01 -1.588432788848876953e-01 8.983318805694580078e-01
1.352978515625000000e+01 2.313671827316284180e+00 -2.397890567779541016e+00 -2.008950114250183105e-01 -3.569449186325073242e-01 -1.660889387130737305e-01 8.970205783843994141e-01
1.392056655883789062e+01 2.445127010345458984e+00 -2.347949266433715820e+00 -2.036605030298233032e-01 -3.553742468357086182e-01 -1.730489581823348999e-01 8.957039117813110352e-01
1.430763626098632812e+01 2.582580566406250000e+00 -2.296621084213256836e+00 -2.062456011772155762e-01 -3.538802564144134521e-01 -1.795736402273178101e-01 8.944186568260192871e-01
1.468246078491210938e+01 2.737219095230102539e+00 -2.241611242294311523e+00 -2.085912078619003296e-01 -3.525027334690093994e-01 -1.855095922946929932e-01 8.932062983512878418e-01
1.504501914978027344e+01 2.906479358673095703e+00 -2.184531211853027344e+00 -2.076525390148162842e-01 -3.519195616245269775e-01 -1.895250380039215088e-01 8.928119540214538574e-01
1.539318370819091797e+01 3.088654756546020508e+00 -2.125693321228027344e+00 -2.059001177549362183e-01 -3.516613841056823730e-01 -1.924650371074676514e-01 8.926906585693359375e-01
1.572337818145751953e+01 3.288430213928222656e+00 -2.064697265625000000e+00 -2.035029530525207520e-01 -3.517126739025115967e-01 -1.942663192749023438e-01 8.928299546241760254e-01
1.602941322326660156e+01 3.511301279067993164e+00 -2.001943349838256836e+00 -2.004260122776031494e-01 -3.520945608615875244e-01 -1.947896480560302734e-01 8.932612538337707520e-01
1.631310462951660156e+01 3.750927686691284180e+00 -1.939257740974426270e+00 -1.966221928596496582e-01 -3.528235554695129395e-01 -1.938977241516113281e-01 8.940127491950988770e-01
1.657326126098632812e+01 4.006193637847900391e+00 -1.877871036529541016e+00 -1.920285969972610474e-01 -3.539113104343414307e-01 -1.914552599191665649e-01 8.951071500778198242e-01
1.681091690063476562e+01 4.274091720581054688e+00 -1.818749904632568359e+00 -1.858647465705871582e-01 -3.470567762851715088e-01 -1.866700947284698486e-01 9.000889658927917480e-01
1.702712821960449219e+01 4.551352500915527344e+00 -1.762968659400939941e+00 -1.787649095058441162e-01 -3.392690122127532959e-01 -1.802755892276763916e-01 9.057816267013549805e-01
1.722330093383789062e+01 4.835155963897705078e+00 -1.710068345069885254e+00 -1.707976609468460083e-01 -3.306205868721008301e-01 -1.724146306514739990e-01 9.120260477066040039e-01
1.740097618103027344e+01 5.123022556304931641e+00 -1.659570217132568359e+00 -1.620328426361083984e-01 -3.211863338947296143e-01 -1.632306873798370361e-01 9.186623692512512207e-01
1.756078147888183594e+01 5.413337230682373047e+00 -1.610937476158142090e+00 -1.525422930717468262e-01 -3.110438287258148193e-01 -1.528702229261398315e-01 9.255341291427612305e-01
1.770806694030761719e+01 5.702343463897705078e+00 -1.563408136367797852e+00 -1.424010694026947021e-01 -3.002742528915405273e-01 -1.414829492568969727e-01 9.324911832809448242e-01
1.784529304504394531e+01 5.988562107086181641e+00 -1.516640543937683105e+00 -1.316870450973510742e-01 -2.889645099639892578e-01 -1.292217820882797241e-01 9.393932223320007324e-01
1.797437477111816406e+01 6.270937442779541016e+00 -1.470449209213256836e+00 -1.204814463853836060e-01 -2.772059738636016846e-01 -1.162427142262458801e-01 9.461124539375305176e-01
1.809550666809082031e+01 6.549089431762695312e+00 -1.424091815948486328e+00 -1.088689863681793213e-01 -2.650968730449676514e-01 -1.027061268687248230e-01 9.525347948074340820e-01
1.821201133728027344e+01 6.821579456329345703e+00 -1.377529263496398926e+00 -9.693798422813415527e-02 -2.527408003807067871e-01 -8.877512812614440918e-02 9.585635066032409668e-01
1.832480430603027344e+01 7.088066101074218750e+00 -1.331181645393371582e+00 -8.477928489446640015e-02 -2.402474731206893921e-01 -7.461532205343246460e-02 9.641193151473999023e-01
1.843447303771972656e+01 7.348107814788818359e+00 -1.283896446228027344e+00 -7.248637080192565918e-02 -2.277318239212036133e-01 -6.039448454976081848e-02 9.691420197486877441e-01
1.854138565063476562e+01 7.601706504821777344e+00 -1.236708998680114746e+00 -6.015459820628166199e-02 -2.153137177228927612e-01 -4.628149047493934631e-02 9.735909700393676758e-01
1.864552688598632812e+01 7.848871707916259766e+00 -1.189619064331054688e+00 -4.788116365671157837e-02 -2.031169384717941284e-01 -3.244592249393463135e-02 9.774446487426757812e-01
1.874705123901367188e+01 8.089369773864746094e+00 -1.142050743103027344e+00 -3.576358407735824585e-02 -1.912693083286285400e-01 -1.905681379139423370e-02 9.807007312774658203e-01
1.884585952758789062e+01 8.323491096496582031e+00 -1.095244169235229492e+00 -2.389943040907382965e-02 -1.799011826515197754e-01 -6.282381247729063034e-03 9.833742380142211914e-01
1.894232368469238281e+01 8.550676345825195312e+00 -1.047538995742797852e+00 -1.238591969013214111e-02 -1.691440492868423462e-01 5.710498895496129990e-03 9.854969978332519531e-01
1.903593635559082031e+01 8.771537780761718750e+00 -1.000947237014770508e+00 -1.319660805165767670e-03 -1.591316908597946167e-01 1.675702072679996490e-02 9.871141910552978516e-01
1.912751960754394531e+01 8.985168457031250000e+00 -9.531250000000000000e-01 9.204801172018051147e-03 -1.499980092048645020e-01 2.669443748891353607e-02 9.882829785346984863e-01
1.921611213684082031e+01 9.192506790161132812e+00 -9.066308140754699707e-01 1.909421943128108978e-02 -1.418762654066085815e-01 3.536199033260345459e-02 9.890682697296142578e-01
1.930298805236816406e+01 9.392290115356445312e+00 -8.585839867591857910e-01 2.827024273574352264e-02 -1.348658949136734009e-01 4.264529049396514893e-02 9.895420074462890625e-01
1.938681602478027344e+01 9.585795402526855469e+00 -8.119726181030273438e-01 3.670785203576087952e-02 -1.289306133985519409e-01 4.860937222838401794e-02 9.897810816764831543e-01
1.946935462951660156e+01 9.771398544311523438e+00 -7.634765505790710449e-01 4.439569637179374695e-02 -1.239980459213256836e-01 5.336425825953483582e-02 9.898514151573181152e-01
1.954888534545898438e+01 9.950724601745605469e+00 -7.164550423622131348e-01 5.132279917597770691e-02 -1.199932396411895752e-01 5.701998993754386902e-02 9.898061752319335938e-01
1.962763595581054688e+01 1.012169170379638672e+01 -6.671191453933715820e-01 5.747835338115692139e-02 -1.168398410081863403e-01 5.968645215034484863e-02 9.896879792213439941e-01
1.970339775085449219e+01 1.028639888763427734e+01 -6.193163990974426270e-01 6.285153329372406006e-02 -1.144594922661781311e-01 6.147319450974464417e-02 9.895300269126892090e-01
1.977914047241210938e+01 1.044195556640625000e+01 -5.682910084724426270e-01 6.743142008781433105e-02 -1.127737089991569519e-01 6.248945742845535278e-02 9.893584847450256348e-01
1.985201072692871094e+01 1.059115695953369141e+01 -5.186914205551147461e-01 7.120694965124130249e-02 -1.117025837302207947e-01 6.284408271312713623e-02 9.891930222511291504e-01
1.992394447326660156e+01 1.073190116882324219e+01 -4.672753810882568359e-01 7.416681945323944092e-02 -1.111656948924064636e-01 6.264562904834747314e-02 9.890485405921936035e-01
1.999314498901367188e+01 1.086613464355468750e+01 -4.170410037040710449e-01 7.629953324794769287e-02 -1.110826283693313599e-01 6.200239062309265137e-02 9.889361858367919922e-01
2.006039047241210938e+01 1.099296855926513672e+01 -3.666796684265136719e-01 7.759335637092590332e-02 -1.113722398877143860e-01 6.102243438363075256e-02 9.888638257980346680e-01
2.012876892089843750e+01 1.112068843841552734e+01 -3.145703077316284180e-01 7.803639769554138184e-02 -1.119527891278266907e-01 5.981363728642463684e-02 9.888373613357543945e-01
2.019826126098632812e+01 1.124934768676757812e+01 -2.607910037040710449e-01 7.761657238006591797e-02 -1.127433776855468750e-01 5.848383903503417969e-02 9.888601303100585938e-01
2.026810455322265625e+01 1.137971401214599609e+01 -2.061621099710464478e-01 7.632159441709518433e-02 -1.136618331074714661e-01 5.714074149727821350e-02 9.889342188835144043e-01
2.033851432800292969e+01 1.151170635223388672e+01 -1.506640613079071045e-01 7.413904368877410889e-02 -1.146261543035507202e-01 5.589203163981437683e-02 9.890602827072143555e-01
2.040947151184082031e+01 1.164533424377441406e+01 -9.430664032697677612e-02 7.105641812086105347e-02 -1.155543550848960876e-01 5.484537035226821899e-02 9.892371892929077148e-01
2.047810554504394531e+01 1.178350067138671875e+01 -4.127929732203483582e-02 6.706105917692184448e-02 -1.163638234138488770e-01 5.410838872194290161e-02 9.894617795944213867e-01
2.053421783447265625e+01 1.193352794647216797e+01 -5.781250074505805969e-03 6.214027479290962219e-02 -1.169717311859130859e-01 5.378868430852890015e-02 9.897286891937255859e-01
2.057074165344238281e+01 1.209567070007324219e+01 1.249999972060322762e-03 5.628133192658424377e-02 -1.172948107123374939e-01 5.399379134178161621e-02 9.900298118591308594e-01
2.060120964050292969e+01 1.226107883453369141e+01 -8.242187090218067169e-03 4.947148263454437256e-02 -1.172490715980529785e-01 5.483108758926391602e-02 9.903528690338134766e-01
2.063447189331054688e+01 1.242661571502685547e+01 -2.917968668043613434e-02 4.171606898307800293e-02 -1.167766302824020386e-01 5.637299641966819763e-02 9.906790852546691895e-01
2.067113304138183594e+01 1.259034442901611328e+01 -6.592773646116256714e-02 3.309246897697448730e-02 -1.159243583679199219e-01 5.855262279510498047e-02 9.909783601760864258e-01
2.071413993835449219e+01 1.274996757507324219e+01 -1.183788999915122986e-01 2.369641140103340149e-02 -1.147655621170997620e-01 6.126819923520088196e-02 9.912181496620178223e-01
2.076689338684082031e+01 1.290350055694580078e+01 -1.841015517711639404e-01 1.362414564937353134e-02 -1.133740246295928955e-01 6.441786885261535645e-02 9.913682937622070312e-01
2.083146476745605469e+01 1.304949283599853516e+01 -2.602734267711639404e-01 2.972547430545091629e-03 -1.118236780166625977e-01 6.789981573820114136e-02 9.914012551307678223e-01
2.090853500366210938e+01 1.318715953826904297e+01 -3.440136611461639404e-01 -8.161529898643493652e-03 -1.101894527673721313e-01 7.161228358745574951e-02 9.912938475608825684e-01
2.099421882629394531e+01 1.331809616088867188e+01 -4.338964819908142090e-01 -1.967979595065116882e-02 -1.085460186004638672e-01 7.545393705368041992e-02 9.910283088684082031e-01
2.108539009094238281e+01 1.344374752044677734e+01 -5.293847322463989258e-01 -3.148453682661056519e-02 -1.069698110222816467e-01 7.932365685701370239e-02 9.905927181243896484e-01
2.118001937866210938e+01 1.356504249572753906e+01 -6.304589509963989258e-01 -4.347763210535049438e-02 -1.055368632078170776e-01 8.312083780765533447e-02 9.899811148643493652e-01
2.127640533447265625e+01 1.368255805969238281e+01 -7.373827695846557617e-01 -5.556086823344230652e-02 -1.043244525790214539e-01 8.674553781747817993e-02 9.891939163208007812e-01
2.137265586853027344e+01 1.379616165161132812e+01 -8.514843583106994629e-01 -6.763618439435958862e-02 -1.034097671508789062e-01 9.009844809770584106e-02 9.882378578186035156e-01
2.146609306335449219e+01 1.390603828430175781e+01 -9.740234017372131348e-01 -7.960587739944458008e-02 -1.028707623481750488e-01 9.308098256587982178e-02 9.871253371238708496e-01
2.155415916442871094e+01 1.401233291625976562e+01 -1.105888605117797852e+00 -9.137322753667831421e-02 -1.027857288718223572e-01 9.559527039527893066e-02 9.858739972114562988e-01
2.163248062133789062e+01 1.411402893066406250e+01 -1.249277353286743164e+00 -1.028415709733963013e-01 -1.032330021262168884e-01 9.754420816898345947e-02 9.845057725906372070e-01
2.169369125366210938e+01 1.420887947082519531e+01 -1.406982421875000000e+00 -1.139156073331832886e-01 -1.042909845709800720e-01 9.883128851652145386e-02 9.830456972122192383e-01
2.173109245300292969e+01 1.429530239105224609e+01 -1.578544855117797852e+00 -1.244999021291732788e-01 -1.060385853052139282e-01 9.936046600341796875e-02 9.815208911895751953e-01
2.173511695861816406e+01 1.437202835083007812e+01 -1.760478496551513672e+00 -1.345010250806808472e-01 -1.085537672042846680e-01 9.903601557016372681e-02 9.799578785896301270e-01
2.170619010925292969e+01 1.444236087799072266e+01 -1.944892525672912598e+00 -1.438250541687011719e-01 -1.119150966405868530e-01 9.776228666305541992e-02 9.783822894096374512e-01
2.164878845214843750e+01 1.450835418701171875e+01 -2.126845598220825195e+00 -1.523791849613189697e-01 -1.162001788616180420e-01 9.544347971677780151e-02 9.768155813217163086e-01
2.156605339050292969e+01 1.457323169708251953e+01 -2.301640510559082031e+00 -1.600707173347473145e-01 -1.214867085218429565e-01 9.198313951492309570e-02 9.752729535102844238e-01
2.144792938232421875e+01 1.465434741973876953e+01 -2.450214862823486328e+00 -1.595987677574157715e-01 -1.271652579307556152e-01 8.826601505279541016e-02 9.749699234962463379e-01
2.130359268188476562e+01 1.475031089782714844e+01 -2.568232297897338867e+00 -1.591141968965530396e-01 -1.339476853609085083e-01 8.340805768966674805e-02 9.745684862136840820e-01
2.115113258361816406e+01 1.485098075866699219e+01 -2.675771474838256836e+00 -1.586488038301467896e-01 -1.417096853256225586e-01 7.752469927072525024e-02 9.740322828292846680e-01
2.099150276184082031e+01 1.495594978332519531e+01 -2.772158145904541016e+00 -1.582372337579727173e-01 -1.503184735774993896e-01 7.072362303733825684e-02 9.733259081840515137e-01
2.082494163513183594e+01 1.506521606445312500e+01 -2.855898380279541016e+00 -1.579152047634124756e-01 -1.596348732709884644e-01 6.310608237981796265e-02 9.724181294441223145e-01
2.065271377563476562e+01 1.517846298217773438e+01 -2.927314281463623047e+00 -1.577179878950119019e-01 -1.695127934217453003e-01 5.476878210902214050e-02 9.712830781936645508e-01
2.047669792175292969e+01 1.529493713378906250e+01 -2.989912033081054688e+00 -1.576789319515228271e-01 -1.798026710748672485e-01 4.580516368150711060e-02 9.699020981788635254e-01
2.029703140258789062e+01 1.541368484497070312e+01 -3.044443368911743164e+00 -1.578281521797180176e-01 -1.903516501188278198e-01 3.630720451474189758e-02 9.682655930519104004e-01
2.011386680603027344e+01 1.553255081176757812e+01 -3.095038890838623047e+00 -1.581910401582717896e-01 -2.010045200586318970e-01 2.636720612645149231e-02 9.663733839988708496e-01
1.992886734008789062e+01 1.564801597595214844e+01 -3.145663976669311523e+00 -1.587869524955749512e-01 -2.116070836782455444e-01 1.607913896441459656e-02 9.642357826232910156e-01
1.974255752563476562e+01 1.575903129577636719e+01 -3.199980497360229492e+00 -1.596277952194213867e-01 -2.220060527324676514e-01 5.540642887353897095e-03 9.618739485740661621e-01
1.955546760559082031e+01 1.586504268646240234e+01 -3.260077953338623047e+00 -1.607166826725006104e-01 -2.320512533187866211e-01 -5.145337432622909546e-03 9.593206048011779785e-01
1.936820220947265625e+01 1.596538639068603516e+01 -3.327558517456054688e+00 -1.620465517044067383e-01 -2.415977716445922852e-01 -1.586912199854850769e-02 9.566188454627990723e-01
1.918103408813476562e+01 1.606169509887695312e+01 -3.399794816970825195e+00 -1.635992228984832764e-01 -2.505062818527221680e-01 -2.651255764067173004e-02 9.538233280181884766e-01
1.899408149719238281e+01 1.615437889099121094e+01 -3.475878715515136719e+00 -1.653444021940231323e-01 -2.586462199687957764e-01 -3.694821894168853760e-02 9.509984850883483887e-01
1.880738258361816406e+01 1.624350357055664062e+01 -3.555341720581054688e+00 -1.672395616769790649e-01 -2.658951878547668457e-01 -4.703811928629875183e-02 9.482183456420898438e-01
1.862089729309082031e+01 1.632881927490234375e+01 -3.637997865676879883e+00 -1.692301034927368164e-01 -2.721416056156158447e-01 -5.663451924920082092e-02 9.455647468566894531e-01
1.843464851379394531e+01 1.640964126586914062e+01 -3.724033117294311523e+00 -1.712504625320434570e-01 -2.772825658321380615e-01 -6.557868421077728271e-02 9.431262612342834473e-01
1.824843788146972656e+01 1.648287582397460938e+01 -3.815146446228027344e+00 -1.732262820005416870e-01 -2.812260985374450684e-01 -7.370410859584808350e-02 9.409953355789184570e-01
1.806210899353027344e+01 1.654532623291015625e+01 -3.912158012390136719e+00 -1.750773489475250244e-01 -2.838875353336334229e-01 -8.083736896514892578e-02 9.392662048339843750e-01
1.787542915344238281e+01 1.659208488464355469e+01 -4.015136718750000000e+00 -1.728062927722930908e-01 -2.855827212333679199e-01 -8.564169704914093018e-02 9.387470483779907227e-01
1.768669891357421875e+01 1.662830352783203125e+01 -4.117187500000000000e+00 -1.705569773912429810e-01 -2.860563993453979492e-01 -8.937686681747436523e-02 9.386659264564514160e-01
1.749552726745605469e+01 1.666351318359375000e+01 -4.213368892669677734e+00 -1.682785749435424805e-01 -2.854162454605102539e-01 -9.207957983016967773e-02 9.390107989311218262e-01
1.730078125000000000e+01 1.670234107971191406e+01 -4.305253982543945312e+00 -1.659192442893981934e-01 -2.837683856487274170e-01 -9.378588944673538208e-02 9.397608637809753418e-01
1.710372924804687500e+01 1.674681472778320312e+01 -4.394306659698486328e+00 -1.634251177310943604e-01 -2.812167406082153320e-01 -9.453137218952178955e-02 9.408895373344421387e-01
1.690556526184082031e+01 1.679752349853515625e+01 -4.482392311096191406e+00 -1.607426851987838745e-01 -2.778638601303100586e-01 -9.435111284255981445e-02 9.423648118972778320e-01
1.670695304870605469e+01 1.685512161254882812e+01 -4.570322036743164062e+00 -1.578164249658584595e-01 -2.738110721111297607e-01 -9.327960014343261719e-02 9.441506266593933105e-01
1.650859260559082031e+01 1.692048454284667969e+01 -4.658535003662109375e+00 -1.545913815498352051e-01 -2.691586613655090332e-01 -9.135139733552932739e-02 9.462082982063293457e-01
1.631126976013183594e+01 1.699462318420410156e+01 -4.747284889221191406e+00 -1.510113179683685303e-01 -2.640066742897033691e-01 -8.860097825527191162e-02 9.484966993331909180e-01
1.611587905883789062e+01 1.707870292663574219e+01 -4.836787223815917969e+00 -1.470210403203964233e-01 -2.584549188613891602e-01 -8.506271243095397949e-02 9.509732723236083984e-01
1.592365169525146484e+01 1.717411994934082031e+01 -4.927109241485595703e+00 -1.425646245479583740e-01 -2.526028752326965332e-01 -8.077129721641540527e-02 9.535948634147644043e-01
1.573587894439697266e+01 1.728202819824218750e+01 -5.018222332000732422e+00 -1.375864148139953613e-01 -2.465506196022033691e-01 -7.576109468936920166e-02 9.563173651695251465e-01
1.555226516723632812e+01 1.740071678161621094e+01 -5.109911918640136719e+00 -1.320308297872543335e-01 -2.403977364301681519e-01 -7.006706297397613525e-02 9.590971469879150391e-01
1.537255859375000000e+01 1.752903556823730469e+01 -5.202050685882568359e+00 -1.258432269096374512e-01 -2.342441529035568237e-01 -6.372499465942382812e-02 9.618899822235107422e-01
1.519673824310302734e+01 1.766625785827636719e+01 -5.294492244720458984e+00 -1.189689785242080688e-01 -2.281900495290756226e-01 -5.677000060677528381e-02 9.646517038345336914e-01
1.502488231658935547e+01 1.781208038330078125e+01 -5.387050628662109375e+00 -1.113535985350608826e-01 -2.223351448774337769e-01 -4.923805594444274902e-02 9.673381447792053223e-01
1.485800743103027344e+01 1.796730232238769531e+01 -5.479296684265136719e+00 -1.029437258839607239e-01 -2.167796194553375244e-01 -4.116576910018920898e-02 9.699044823646545410e-01
1.471480464935302734e+01 1.814632987976074219e+01 -5.565058231353759766e+00 -9.368575364351272583e-02 -2.116228640079498291e-01 -3.258908540010452271e-02 9.723048210144042969e-01
1.493251895904541016e+01 1.807101821899414062e+01 -5.477773189544677734e+00 -8.352740854024887085e-02 -2.069634944200515747e-01 -2.354547008872032166e-02 9.744920730590820312e-01
1.514833927154541016e+01 1.796327400207519531e+01 -5.391582012176513672e+00 -7.241611927747726440e-02 -2.028994411230087280e-01 -1.407201495021581650e-02 9.764167666435241699e-01
1.536646461486816406e+01 1.785295295715332031e+01 -5.307753562927246094e+00 -6.032850593328475952e-02 -1.995000541210174561e-01 -4.209228791296482086e-03 9.780298471450805664e-01
1.558781242370605469e+01 1.774236679077148438e+01 -5.225712776184082031e+00 -4.735487699508666992e-02 -1.967258006334304810e-01 5.988323129713535309e-03 9.792959094047546387e-01
1.581250000000000000e+01 1.763240242004394531e+01 -5.144892692565917969e+00 -3.361482545733451843e-02 -1.945108771324157715e-01 1.646225526928901672e-02 9.801860451698303223e-01
1.604105377197265625e+01 1.752405738830566406e+01 -5.065458774566650391e+00 -1.922877505421638489e-02 -1.927893012762069702e-01 2.715372852981090546e-02 9.806759357452392578e-01
1.627339744567871094e+01 1.741749763488769531e+01 -4.987119197845458984e+00 -4.318496212363243103e-03 -1.914973706007003784e-01 3.800331428647041321e-02 9.807476401329040527e-01
1.650923728942871094e+01 1.731265068054199219e+01 -4.909443378448486328e+00 1.099292188882827759e-02 -1.905715763568878174e-01 4.895133525133132935e-02 9.803904294967651367e-01
1.674806594848632812e+01 1.720901870727539062e+01 -4.831621170043945312e+00 2.658224664628505707e-02 -1.899500340223312378e-01 5.993805825710296631e-02 9.796018004417419434e-01
1.698941421508789062e+01 1.710624885559082031e+01 -4.752861022949218750e+00 4.232575744390487671e-02 -1.895733028650283813e-01 7.090389728546142578e-02 9.783880114555358887e-01
1.723275375366210938e+01 1.700379371643066406e+01 -4.672470569610595703e+00 5.809974297881126404e-02 -1.893828362226486206e-01 8.178965002298355103e-02 9.767645597457885742e-01
1.747775268554687500e+01 1.690133094787597656e+01 -4.589804649353027344e+00 7.378094643354415894e-02 -1.893224418163299561e-01 9.253676235675811768e-02 9.747565388679504395e-01
1.772414016723632812e+01 1.679848670959472656e+01 -4.504111289978027344e+00 8.924692869186401367e-02 -1.893382519483566284e-01 1.030875444412231445e-01 9.723985791206359863e-01
1.797146415710449219e+01 1.669495201110839844e+01 -4.414599418640136719e+00 1.043764576315879822e-01 -1.893778443336486816e-01 1.133854016661643982e-01 9.697347283363342285e-01
1.821957015991210938e+01 1.659062385559082031e+01 -4.321093559265136719e+00 1.190497502684593201e-01 -1.893913149833679199e-01 1.233749538660049438e-01 9.668177962303161621e-01
1.846857452392578125e+01 1.648548889160156250e+01 -4.223916053771972656e+00 1.331489086151123047e-01 -1.893310397863388062e-01 1.330023705959320068e-01 9.637092351913452148e-01
1.871865272521972656e+01 1.637952613830566406e+01 -4.123720645904541016e+00 1.465579867362976074e-01 -1.891510486602783203e-01 1.422152370214462280e-01 9.604776501655578613e-01
1.896058464050292969e+01 1.627681541442871094e+01 -4.024950981140136719e+00 1.591629981994628906e-01 -1.888069212436676025e-01 1.509626805782318115e-01 9.571986198425292969e-01
1.919457054138183594e+01 1.617731857299804688e+01 -3.928144454956054688e+00 1.708521842956542969e-01 -1.882557272911071777e-01 1.591952443122863770e-01 9.539529681205749512e-01
1.939460945129394531e+01 1.603719139099121094e+01 -3.836122989654541016e+00 1.815156936645507812e-01 -1.874563843011856079e-01 1.668650507926940918e-01 9.508250355720520020e-01
1.953167915344238281e+01 1.584003353118896484e+01 -3.757148265838623047e+00 1.910452544689178467e-01 -1.863679438829421997e-01 1.739252805709838867e-01 9.479022026062011719e-01
1.964218711853027344e+01 1.563361644744873047e+01 -3.685927629470825195e+00 1.993339508771896362e-01 -1.849497556686401367e-01 1.803300380706787109e-01 9.452728033065795898e-01
1.974742126464843750e+01 1.543312931060791016e+01 -3.615869045257568359e+00 2.002525031566619873e-01 -1.843638867139816284e-01 1.848703026771545410e-01 9.443155527114868164e-01
1.984773445129394531e+01 1.523928928375244141e+01 -3.548681497573852539e+00 2.010366320610046387e-01 -1.832778453826904297e-01 1.889919042587280273e-01 9.435441493988037109e-01
1.994306564331054688e+01 1.505205535888671875e+01 -3.484375000000000000e+00 2.016884535551071167e-01 -1.817157715559005737e-01 1.927268505096435547e-01 9.429513812065124512e-01
2.003343772888183594e+01 1.487144470214843750e+01 -3.422958850860595703e+00 2.022107690572738647e-01 -1.797058284282684326e-01 1.961033940315246582e-01 9.425284862518310547e-01
2.011896514892578125e+01 1.469752502441406250e+01 -3.364394426345825195e+00 2.026075720787048340e-01 -1.772798299789428711e-01 1.991467773914337158e-01 9.422646164894104004e-01
2.019976425170898438e+01 1.453040027618408203e+01 -3.308642387390136719e+00 2.028835564851760864e-01 -1.744713485240936279e-01 2.018797695636749268e-01 9.421479105949401855e-01
2.027552604675292969e+01 1.436988639831542969e+01 -3.255800724029541016e+00 2.030444592237472534e-01 -1.713170409202575684e-01 2.043236047029495239e-01 9.421651363372802734e-01
2.034742164611816406e+01 1.421652603149414062e+01 -3.205859184265136719e+00 2.030968666076660156e-01 -1.678549200296401978e-01 2.064986974000930786e-01 9.423028230667114258e-01
2.041552734375000000e+01 1.407041072845458984e+01 -3.158691406250000000e+00 2.030485272407531738e-01 -1.641250252723693848e-01 2.084251940250396729e-01 9.425461292266845703e-01
2.048025321960449219e+01 1.393151950836181641e+01 -3.114970684051513672e+00 2.029077559709548950e-01 -1.601679325103759766e-01 2.101234495639801025e-01 9.428800940513610840e-01
2.054167938232421875e+01 1.380010128021240234e+01 -3.074003934860229492e+00 2.026841193437576294e-01 -1.560259014368057251e-01 2.116146087646484375e-01 9.432891607284545898e-01
2.060003852844238281e+01 1.367613601684570312e+01 -3.036288976669311523e+00 2.023876607418060303e-01 -1.517413407564163208e-01 2.129209041595458984e-01 9.437576532363891602e-01
2.065535163879394531e+01 1.355972099304199219e+01 -3.001494169235229492e+00 2.020293325185775757e-01 -1.473573148250579834e-01 2.140661180019378662e-01 9.442698359489440918e-01
2.070779228210449219e+01 1.345087718963623047e+01 -2.969824075698852539e+00 2.016205787658691406e-01 -1.429171860218048096e-01 2.150757759809494019e-01 9.448100328445434570e-01
2.075710868835449219e+01 1.334962844848632812e+01 -2.940908193588256836e+00 2.011734843254089355e-01 -1.384645700454711914e-01 2.159771025180816650e-01 9.453626871109008789e-01
2.080384635925292969e+01 1.325607109069824219e+01 -2.915292978286743164e+00 2.007004022598266602e-01 -1.340432763099670410e-01 2.167994379997253418e-01 9.459120631217956543e-01
2.084683609008789062e+01 1.316999340057373047e+01 -2.891728401184082031e+00 2.002141177654266357e-01 -1.296968758106231689e-01 2.175739705562591553e-01 9.464432001113891602e-01
2.088787078857421875e+01 1.309185409545898438e+01 -2.871982336044311523e+00 1.997275501489639282e-01 -1.254686266183853149e-01 2.183337956666946411e-01 9.469408392906188965e-01
2.092511749267578125e+01 1.302118015289306641e+01 -2.854228496551513672e+00 1.992539167404174805e-01 -1.214024648070335388e-01 2.191137820482254028e-01 9.473903179168701172e-01
2.095869064331054688e+01 1.295802783966064453e+01 -2.838554620742797852e+00 1.988064646720886230e-01 -1.175419837236404419e-01 2.199503481388092041e-01 9.477771520614624023e-01
2.098998069763183594e+01 1.290269088745117188e+01 -2.826005697250366211e+00 1.969434022903442383e-01 -1.142563968896865845e-01 2.207052558660507202e-01 9.483923316001892090e-01
2.101716804504394531e+01 1.285477066040039062e+01 -2.815156221389770508e+00 1.954164057970046997e-01 -1.111213713884353638e-01 2.216304093599319458e-01 9.488648176193237305e-01
2.104021453857421875e+01 1.281425952911376953e+01 -2.806005716323852539e+00 1.941995918750762939e-01 -1.081113219261169434e-01 2.227495163679122925e-01 9.492002725601196289e-01
2.105916023254394531e+01 1.278116512298583984e+01 -2.798554658889770508e+00 1.932666897773742676e-01 -1.052001267671585083e-01 2.240858674049377441e-01 9.494032859802246094e-01
2.107525253295898438e+01 1.275597286224365234e+01 -2.793974637985229492e+00 1.925911903381347656e-01 -1.023616343736648560e-01 2.256626784801483154e-01 9.494771957397460938e-01
2.108687400817871094e+01 1.273805427551269531e+01 -2.790732383728027344e+00 1.921465396881103516e-01 -9.956951439380645752e-02 2.275027930736541748e-01 9.494251012802124023e-01
2.109402275085449219e+01 1.272740840911865234e+01 -2.788818359375000000e+00 1.919059306383132935e-01 -9.679763019084930420e-02 2.296290397644042969e-01 9.492485523223876953e-01
2.109673690795898438e+01 1.272403621673583984e+01 -2.788242101669311523e+00 1.918423324823379517e-01 -9.401946514844894409e-02 2.320638298988342285e-01 9.489485025405883789e-01
2.110330009460449219e+01 1.271468734741210938e+01 -2.786601543426513672e+00 1.919284909963607788e-01 -9.120818972587585449e-02 2.348294109106063843e-01 9.485250115394592285e-01
2.111371040344238281e+01 1.269935894012451172e+01 -2.783906221389770508e+00 1.921371817588806152e-01 -8.833765983581542969e-02 2.379478216171264648e-01 9.479771256446838379e-01
2.112798690795898438e+01 1.267805671691894531e+01 -2.780146360397338867e+00 1.924406439065933228e-01 -8.538077771663665771e-02 2.414407879114151001e-01 9.473030567169189453e-01
2.114611244201660156e+01 1.265078258514404297e+01 -2.775312423706054688e+00 1.928111314773559570e-01 -8.231092244386672974e-02 2.453296929597854614e-01 9.464998841285705566e-01
2.116833877563476562e+01 1.261765384674072266e+01 -2.769658088684082031e+00 1.932207047939300537e-01 -7.910136133432388306e-02 2.496357858180999756e-01 9.455637335777282715e-01
2.119613265991210938e+01 1.257939052581787109e+01 -2.764707088470458984e+00 1.936409473419189453e-01 -7.572506368160247803e-02 2.543796002864837646e-01 9.444893002510070801e-01
2.122806549072265625e+01 1.253530693054199219e+01 -2.758984327316284180e+00 1.940433382987976074e-01 -7.215486466884613037e-02 2.595815360546112061e-01 9.432699084281921387e-01
2.126417922973632812e+01 1.248540782928466797e+01 -2.752490282058715820e+00 1.943989992141723633e-01 -6.836362928152084351e-02 2.652612924575805664e-01 9.418980479240417480e-01
2.130689430236816406e+01 1.243118667602539062e+01 -2.748066425323486328e+00 1.946786940097808838e-01 -6.432425975799560547e-02 2.714380621910095215e-01 9.403638243675231934e-01
2.135425758361816406e+01 1.237142276763916016e+01 -2.743378877639770508e+00 1.948529481887817383e-01 -6.000974029302597046e-02 2.781303822994232178e-01 9.386557936668395996e-01
2.140828132629394531e+01 1.230763912200927734e+01 -2.741064310073852539e+00 1.948916316032409668e-01 -5.539237707853317261e-02 2.853557467460632324e-01 9.367609024047851562e-01
2.146785163879394531e+01 1.223907470703125000e+01 -2.739775419235229492e+00 1.947646439075469971e-01 -5.044536665081977844e-02 2.931313514709472656e-01 9.346635937690734863e-01
2.153453063964843750e+01 1.216713809967041016e+01 -2.741777181625366211e+00 1.942701935768127441e-01 -4.521649703383445740e-02 3.014481663703918457e-01 9.323859810829162598e-01
2.160757827758789062e+01 1.209142017364501953e+01 -2.746464729309082031e+00 1.936572343111038208e-01 -3.969269990921020508e-02 3.102557361125946045e-01 9.298724532127380371e-01
2.168681526184082031e+01 1.201184749603271484e+01 -2.753867149353027344e+00 1.929260641336441040e-01 -3.395770117640495300e-02 3.194735050201416016e-01 9.271261692047119141e-01
2.177164077758789062e+01 1.192791938781738281e+01 -2.763662099838256836e+00 1.920816153287887573e-01 -2.809511497616767883e-02 3.290222883224487305e-01 9.241534471511840820e-01
2.186082077026367188e+01 1.183834457397460938e+01 -2.774550676345825195e+00 1.911336183547973633e-01 -2.218782156705856323e-02 3.388243913650512695e-01 9.209634065628051758e-01
2.195353507995605469e+01 1.174212360382080078e+01 -2.784462928771972656e+00 1.900971382856369019e-01 -1.631803065538406372e-02 3.488040566444396973e-01 9.175688624382019043e-01
2.204972648620605469e+01 1.163907909393310547e+01 -2.790673732757568359e+00 1.889924257993698120e-01 -1.056684553623199463e-02 3.588869273662567139e-01 9.139860272407531738e-01
2.214900398254394531e+01 1.152910327911376953e+01 -2.787988185882568359e+00 1.878451704978942871e-01 -5.014263093471527100e-03 3.690007030963897705e-01 9.102348685264587402e-01
2.225117111206054688e+01 1.141313648223876953e+01 -2.773193359375000000e+00 1.866859644651412964e-01 2.617910504341125488e-04 3.790741860866546631e-01 9.063392877578735352e-01
2.235548782348632812e+01 1.129250431060791016e+01 -2.742666006088256836e+00 1.855502128601074219e-01 5.185559391975402832e-03 3.890393078327178955e-01 9.023261666297912598e-01
2.245759773254394531e+01 1.117297554016113281e+01 -2.692226409912109375e+00 1.844776868820190430e-01 9.682383388280868530e-03 3.988277614116668701e-01 8.982263803482055664e-01
2.255562400817871094e+01 1.105420875549316406e+01 -2.625644445419311523e+00 1.835115253925323486e-01 1.368097960948944092e-02 4.083738923072814941e-01 8.940733075141906738e-01
2.264384651184082031e+01 1.093316173553466797e+01 -2.544384717941284180e+00 1.826981008052825928e-01 1.711161434650421143e-02 4.176132678985595703e-01 8.899031877517700195e-01
2.271275329589843750e+01 1.080730247497558594e+01 -2.448085784912109375e+00 1.820861101150512695e-01 1.990626752376556396e-02 4.264824688434600830e-01 8.857544064521789551e-01
2.274990272521972656e+01 1.067613029479980469e+01 -2.338398456573486328e+00 1.817256063222885132e-01 2.199856191873550415e-02 4.349192976951599121e-01 8.816671967506408691e-01
2.274566268920898438e+01 1.054329299926757812e+01 -2.221240282058715820e+00 1.816668212413787842e-01 2.332391962409019470e-02 4.428625404834747314e-01 8.776821494102478027e-01
2.269224548339843750e+01 1.041630840301513672e+01 -2.105537176132202148e+00 1.819600909948348999e-01 2.381721511483192444e-02 4.502520561218261719e-01 8.738399147987365723e-01
2.259162139892578125e+01 1.030367660522460938e+01 -2.001923799514770508e+00 1.826537996530532837e-01 2.341382578015327454e-02 4.570283889770507812e-01 8.701806664466857910e-01
2.246689414978027344e+01 1.020010948181152344e+01 -1.910478472709655762e+00 1.837942153215408325e-01 2.204752340912818909e-02 4.631325006484985352e-01 8.667420148849487305e-01
2.232716751098632812e+01 1.010148620605468750e+01 -1.829765558242797852e+00 1.854237020015716553e-01 1.965015381574630737e-02 4.685057103633880615e-01 8.635591268539428711e-01
2.217681503295898438e+01 1.000488281250000000e+01 -1.759208917617797852e+00 1.868461966514587402e-01 1.578182727098464966e-02 4.731221795082092285e-01 8.608105778694152832e-01
2.201925659179687500e+01 9.907607078552246094e+00 -1.698163986206054688e+00 1.886307597160339355e-01 1.082541793584823608e-02 4.770013988018035889e-01 8.583535552024841309e-01
2.185691452026367188e+01 9.807929039001464844e+00 -1.644824147224426270e+00 1.907616853713989258e-01 4.886679351329803467e-03 4.801952838897705078e-01 8.561533093452453613e-01
2.169097518920898438e+01 9.705009460449218750e+00 -1.598554611206054688e+00 1.932224631309509277e-01 -1.928649842739105225e-03 4.827539324760437012e-01 8.541721105575561523e-01
2.152498054504394531e+01 9.599919319152832031e+00 -1.559960961341857910e+00 1.959964632987976074e-01 -9.515069425106048584e-03 4.847266376018524170e-01 8.523702025413513184e-01
2.136060523986816406e+01 9.490117073059082031e+00 -1.532167911529541016e+00 1.990665048360824585e-01 -1.776640117168426514e-02 4.861623048782348633e-01 8.507074713706970215e-01
2.119822311401367188e+01 9.377158164978027344e+00 -1.510576128959655762e+00 2.024156302213668823e-01 -2.657666057348251343e-02 4.871100783348083496e-01 8.491438627243041992e-01
2.103796768188476562e+01 9.261037826538085938e+00 -1.495107412338256836e+00 2.060267627239227295e-01 -3.583920747041702271e-02 4.876198470592498779e-01 8.476410508155822754e-01
2.088152313232421875e+01 9.140048980712890625e+00 -1.488115191459655762e+00 2.098833620548248291e-01 -4.544743895530700684e-02 4.877426922321319580e-01 8.461622595787048340e-01
2.072695350646972656e+01 9.017490386962890625e+00 -1.483955025672912598e+00 2.139694690704345703e-01 -5.529510229825973511e-02 4.875310063362121582e-01 8.446733951568603516e-01
2.057542991638183594e+01 8.891989707946777344e+00 -1.484501957893371582e+00 2.182694077491760254e-01 -6.527514755725860596e-02 4.870387911796569824e-01 8.431434631347656250e-01
2.042677688598632812e+01 8.764101028442382812e+00 -1.488271474838256836e+00 2.227684259414672852e-01 -7.528101652860641479e-02 4.863222837448120117e-01 8.415448069572448730e-01
2.027999877929687500e+01 8.635024070739746094e+00 -1.493896484375000000e+00 2.274528145790100098e-01 -8.520688116550445557e-02 4.854393601417541504e-01 8.398533463478088379e-01
2.013706970214843750e+01 8.502773284912109375e+00 -1.502558588981628418e+00 2.323091775178909302e-01 -9.494599699974060059e-02 4.844499826431274414e-01 8.380488753318786621e-01
1.999537086486816406e+01 8.370190620422363281e+00 -1.511816382408142090e+00 2.373255044221878052e-01 -1.043934300541877747e-01 4.834159314632415771e-01 8.361145853996276855e-01
1.985765647888183594e+01 8.234519004821777344e+00 -1.522890567779541016e+00 2.424905896186828613e-01 -1.134442239999771118e-01 4.824008047580718994e-01 8.340372443199157715e-01
1.972126960754394531e+01 8.098479270935058594e+00 -1.534150362014770508e+00 2.477937340736389160e-01 -1.219932287931442261e-01 4.814698994159698486e-01 8.318068385124206543e-01
1.958831977844238281e+01 7.960029125213623047e+00 -1.545966744422912598e+00 2.532256245613098145e-01 -1.299373805522918701e-01 4.806896746158599854e-01 8.294158577919006348e-01
1.945714759826660156e+01 7.820886135101318359e+00 -1.557646393775939941e+00 2.587772309780120850e-01 -1.371731460094451904e-01 4.801275730133056641e-01 8.268587589263916016e-01
1.932908248901367188e+01 7.679787635803222656e+00 -1.569003820419311523e+00 2.644403278827667236e-01 -1.435979157686233521e-01 4.798519015312194824e-01 8.241316676139831543e-01
1.920306587219238281e+01 7.537306785583496094e+00 -1.579062461853027344e+00 2.675102949142456055e-01 -1.507099866867065430e-01 4.794214069843292236e-01 8.221190571784973145e-01
1.907995986938476562e+01 7.393068790435791016e+00 -1.588076114654541016e+00 2.703427076339721680e-01 -1.571687608957290649e-01 4.792062640190124512e-01 8.201060891151428223e-01
1.895882797241210938e+01 7.247975826263427734e+00 -1.596425771713256836e+00 2.729560434818267822e-01 -1.630176603794097900e-01 4.791759848594665527e-01 8.181141018867492676e-01
1.884015655517578125e+01 7.101640701293945312e+00 -1.603915929794311523e+00 2.753664851188659668e-01 -1.682997345924377441e-01 4.793015122413635254e-01 8.161607980728149414e-01
1.872326087951660156e+01 6.954668045043945312e+00 -1.610849618911743164e+00 2.775880098342895508e-01 -1.730572879314422607e-01 4.795553088188171387e-01 8.142621517181396484e-01
1.860843658447265625e+01 6.806804180145263672e+00 -1.617089748382568359e+00 2.796330451965332031e-01 -1.773323416709899902e-01 4.799106717109680176e-01 8.124310970306396484e-01
1.849513626098632812e+01 6.658561706542968750e+00 -1.622880816459655762e+00 2.815123498439788818e-01 -1.811661422252655029e-01 4.803412854671478271e-01 8.106797933578491211e-01
1.838365173339843750e+01 6.509685039520263672e+00 -1.628076076507568359e+00 2.832354605197906494e-01 -1.845994442701339722e-01 4.808211326599121094e-01 8.090189695358276367e-01
1.827335929870605469e+01 6.360683441162109375e+00 -1.632958889007568359e+00 2.848104834556579590e-01 -1.876719295978546143e-01 4.813241362571716309e-01 8.074585199356079102e-01
1.816464805603027344e+01 6.211247444152832031e+00 -1.637343764305114746e+00 2.862445712089538574e-01 -1.904234290122985840e-01 4.818237423896789551e-01 8.060078620910644531e-01
1.805679702758789062e+01 6.061918735504150391e+00 -1.641542911529541016e+00 2.875439524650573730e-01 -1.928927302360534668e-01 4.822931587696075439e-01 8.046764135360717773e-01
1.795031166076660156e+01 5.912326335906982422e+00 -1.645331978797912598e+00 2.887142300605773926e-01 -1.951189935207366943e-01 4.827049076557159424e-01 8.034728169441223145e-01
1.784443283081054688e+01 5.763031959533691406e+00 -1.649033188819885254e+00 2.897603213787078857e-01 -1.971409618854522705e-01 4.830310344696044922e-01 8.024060726165771484e-01
1.773964881896972656e+01 5.613661766052246094e+00 -1.652441382408142090e+00 2.906871438026428223e-01 -1.989984810352325439e-01 4.832426011562347412e-01 8.014842867851257324e-01
1.762478446960449219e+01 5.470761775970458984e+00 -1.658691406250000000e+00 2.914992570877075195e-01 -2.007315009832382202e-01 4.833106696605682373e-01 8.007158041000366211e-01
1.746410179138183594e+01 5.373764514923095703e+00 -1.679902315139770508e+00 2.922019362449645996e-01 -2.023817598819732666e-01 4.832054972648620605e-01 8.001075387001037598e-01
1.730068397521972656e+01 5.275092601776123047e+00 -1.701464772224426270e+00 2.928006649017333984e-01 -2.039925605058670044e-01 4.828970432281494141e-01 7.996656298637390137e-01
1.713459014892578125e+01 5.174731254577636719e+00 -1.723398447036743164e+00 2.933017611503601074e-01 -2.056089192628860474e-01 4.823555350303649902e-01 7.993950247764587402e-01
1.695429611206054688e+01 5.099814414978027344e+00 -1.751337885856628418e+00 2.937130928039550781e-01 -2.072792202234268188e-01 4.815514385700225830e-01 7.992973327636718750e-01
1.676460838317871094e+01 5.038979530334472656e+00 -1.782900333404541016e+00 2.940435409545898438e-01 -2.090543657541275024e-01 4.804563522338867188e-01 7.993724942207336426e-01
1.657171821594238281e+01 4.975207328796386719e+00 -1.812841773033142090e+00 2.851530909538269043e-01 -2.164313793182373047e-01 4.766170084476470947e-01 8.029204607009887695e-01
1.637574195861816406e+01 4.910165786743164062e+00 -1.842978477478027344e+00 2.748336791992187500e-01 -2.246435582637786865e-01 4.720413684844970703e-01 8.069564104080200195e-01
1.617660140991210938e+01 4.843908786773681641e+00 -1.873320221900939941e+00 2.632003426551818848e-01 -2.335520684719085693e-01 4.667800068855285645e-01 8.113540410995483398e-01
1.597433567047119141e+01 4.776489257812500000e+00 -1.903896450996398926e+00 2.503711283206939697e-01 -2.430178523063659668e-01 4.608864784240722656e-01 8.159903287887573242e-01
1.576869106292724609e+01 4.708622932434082031e+00 -1.934853434562683105e+00 2.364678829908370972e-01 -2.529023885726928711e-01 4.544188082218170166e-01 8.207477927207946777e-01
1.555744075775146484e+01 4.648901462554931641e+00 -1.967831969261169434e+00 2.216172218322753906e-01 -2.630690336227416992e-01 4.474404454231262207e-01 8.255165219306945801e-01
1.534296798706054688e+01 4.588325023651123047e+00 -2.001171827316284180e+00 2.059502005577087402e-01 -2.733824551105499268e-01 4.400217533111572266e-01 8.301972150802612305e-01
1.513304615020751953e+01 4.529047966003417969e+00 -2.033544778823852539e+00 1.896031796932220459e-01 -2.837113440036773682e-01 4.322400987148284912e-01 8.347016572952270508e-01
1.492767524719238281e+01 4.471117973327636719e+00 -2.065000057220458984e+00 1.727170795202255249e-01 -2.939276695251464844e-01 4.241806268692016602e-01 8.389554023742675781e-01
1.472689437866210938e+01 4.414587497711181641e+00 -2.095576047897338867e+00 1.554371267557144165e-01 -3.039079904556274414e-01 4.159360527992248535e-01 8.428975939750671387e-01
1.453074169158935547e+01 4.359492301940917969e+00 -2.125302791595458984e+00 1.379124820232391357e-01 -3.135346770286560059e-01 4.076068997383117676e-01 8.464825749397277832e-01
1.433921813964843750e+01 4.305873870849609375e+00 -2.154218673706054688e+00 1.202948987483978271e-01 -3.226947784423828125e-01 3.993008136749267578e-01 8.496800065040588379e-01
1.415238285064697266e+01 4.253764629364013672e+00 -2.182353496551513672e+00 1.027388572692871094e-01 -3.312822282314300537e-01 3.911322355270385742e-01 8.524742722511291504e-01
1.397021484375000000e+01 4.203559398651123047e+00 -2.209990262985229492e+00 8.539961278438568115e-02 -3.391968011856079102e-01 3.832218647003173828e-01 8.548646569252014160e-01
1.379285144805908203e+01 4.154919147491455078e+00 -2.236933469772338867e+00 6.843308359384536743e-02 -3.463442921638488770e-01 3.756953477859497070e-01 8.568638563156127930e-01
1.362031173706054688e+01 4.107836723327636719e+00 -2.263173818588256836e+00 5.199493467807769775e-02 -3.526362776756286621e-01 3.686831593513488770e-01 8.584969639778137207e-01
1.345269489288330078e+01 4.062321662902832031e+00 -2.288759708404541016e+00 3.623981773853302002e-02 -3.579893708229064941e-01 3.623189330101013184e-01 8.597995638847351074e-01
1.329003906250000000e+01 4.018381118774414062e+00 -2.313710927963256836e+00 2.132035046815872192e-02 -3.623246252536773682e-01 3.567385971546173096e-01 8.608157634735107422e-01
1.313238239288330078e+01 3.976013183593750000e+00 -2.338056564331054688e+00 7.387295365333557129e-03 -3.655658364295959473e-01 3.520800769329071045e-01 8.615954518318176270e-01
1.297984313964843750e+01 3.935212373733520508e+00 -2.361806631088256836e+00 -5.411550402641296387e-03 -3.676387071609497070e-01 3.484808802604675293e-01 8.621910810470581055e-01
1.283433532714843750e+01 3.896655082702636719e+00 -2.387109279632568359e+00 -6.900727748870849609e-03 -3.644411861896514893e-01 3.503234684467315674e-01 8.627910614013671875e-01
1.269371032714843750e+01 3.859470129013061523e+00 -2.411542892456054688e+00 -8.572697639465332031e-03 -3.606880307197570801e-01 3.526752293109893799e-01 8.633949160575866699e-01
1.255796813964843750e+01 3.823659658432006836e+00 -2.435117244720458984e+00 -1.039648056030273438e-02 -3.564418554306030273e-01 3.555159270763397217e-01 8.639730215072631836e-01
1.242708969116210938e+01 3.789648294448852539e+00 -2.458105325698852539e+00 -1.233762502670288086e-02 -3.517683744430541992e-01 3.588323593139648438e-01 8.644917011260986328e-01
1.230107402801513672e+01 3.757014036178588867e+00 -2.480234384536743164e+00 -1.435890793800354004e-02 -3.467362821102142334e-01 3.626160025596618652e-01 8.649147152900695801e-01
1.217996025085449219e+01 3.725737333297729492e+00 -2.501513719558715820e+00 -1.642179489135742188e-02 -3.414159119129180908e-01 3.668623566627502441e-01 8.652037978172302246e-01
1.206373023986816406e+01 3.695822715759277344e+00 -2.521933555603027344e+00 -1.848615705966949463e-02 -3.358803987503051758e-01 3.715690076351165771e-01 8.653202056884765625e-01
1.195242118835449219e+01 3.667270421981811523e+00 -2.541484355926513672e+00 -2.051091194152832031e-02 -3.302055597305297852e-01 3.767341077327728271e-01 8.652254343032836914e-01
1.184597587585449219e+01 3.640080451965332031e+00 -2.560204982757568359e+00 -2.245433628559112549e-02 -3.244686424732208252e-01 3.823558688163757324e-01 8.648813962936401367e-01
1.174441337585449219e+01 3.614257812500000000e+00 -2.578066349029541016e+00 -2.427371591329574585e-02 -3.187495768070220947e-01 3.884309232234954834e-01 8.642516136169433594e-01
1.164773368835449219e+01 3.589807033538818359e+00 -2.595097541809082031e+00 -2.592545002698898315e-02 -3.131293952465057373e-01 3.949539363384246826e-01 8.633013367652893066e-01
1.155595684051513672e+01 3.566728353500366211e+00 -2.611289024353027344e+00 -2.736470848321914673e-02 -3.076904416084289551e-01 4.019166827201843262e-01 8.619980812072753906e-01
1.146904277801513672e+01 3.545019388198852539e+00 -2.626650333404541016e+00 -2.854529023170471191e-02 -3.025150895118713379e-01 4.093078970909118652e-01 8.603120446205139160e-01
1.138697242736816406e+01 3.524682521820068359e+00 -2.641191244125366211e+00 -2.941870689392089844e-02 -2.976860105991363525e-01 4.171125292778015137e-01 8.582160472869873047e-01
1.131039047241210938e+01 3.505886077880859375e+00 -2.654785156250000000e+00 -2.993430942296981812e-02 -2.932847738265991211e-01 4.253113567829132080e-01 8.556857705116271973e-01
1.123927688598632812e+01 3.488620519638061523e+00 -2.667451143264770508e+00 -3.003898262977600098e-02 -2.893903553485870361e-01 4.338813126087188721e-01 8.527002930641174316e-01
1.117365169525146484e+01 3.472887992858886719e+00 -2.679189443588256836e+00 -2.967604249715805054e-02 -2.860794067382812500e-01 4.427953362464904785e-01 8.492409586906433105e-01
1.111343765258789062e+01 3.458683967590332031e+00 -2.689990282058715820e+00 -2.878583967685699463e-02 -2.834235131740570068e-01 4.520222842693328857e-01 8.452918529510498047e-01
1.105869102478027344e+01 3.446015596389770508e+00 -2.699882745742797852e+00 -2.730438858270645142e-02 -2.814901769161224365e-01 4.615269899368286133e-01 8.408391475677490234e-01
1.100931644439697266e+01 3.435119628906250000e+00 -2.709013700485229492e+00 -2.516473084688186646e-02 -2.803390324115753174e-01 4.712713062763214111e-01 8.358708620071411133e-01
1.096624946594238281e+01 3.426142454147338867e+00 -2.718759775161743164e+00 -1.620841026306152344e-02 -2.764602899551391602e-01 4.832544326782226562e-01 8.305252194404602051e-01
1.092859363555908203e+01 3.418708324432373047e+00 -2.727597713470458984e+00 -6.539508700370788574e-03 -2.731289267539978027e-01 4.953785538673400879e-01 8.245955705642700195e-01
1.089626884460449219e+01 3.412814855575561523e+00 -2.735507726669311523e+00 3.767654299736022949e-03 -2.702894210815429688e-01 5.075782537460327148e-01 8.181036710739135742e-01
1.086931610107421875e+01 3.408454418182373047e+00 -2.742470741271972656e+00 1.463706046342849731e-02 -2.678878009319305420e-01 5.197886824607849121e-01 8.110743761062622070e-01
1.084765625000000000e+01 3.405617713928222656e+00 -2.748486280441284180e+00 2.599260956048965454e-02 -2.658702731132507324e-01 5.319465398788452148e-01 8.035360574722290039e-01
1.083132743835449219e+01 3.404296875000000000e+00 -2.753525257110595703e+00 3.775732219219207764e-02 -2.641845941543579102e-01 5.439909100532531738e-01 7.955216765403747559e-01
1.082029247283935547e+01 3.404472589492797852e+00 -2.757587909698486328e+00 4.985444247722625732e-02 -2.627794146537780762e-01 5.558634400367736816e-01 7.870688438415527344e-01
1.081453132629394531e+01 3.406140089035034180e+00 -2.760644435882568359e+00 6.220648437738418579e-02 -2.616055309772491455e-01 5.675088167190551758e-01 7.782201170921325684e-01
1.081406211853027344e+01 3.409272432327270508e+00 -2.762695312500000000e+00 7.473576813936233521e-02 -2.606152296066284180e-01 5.788750648498535156e-01 7.690240144729614258e-01
1.080570316314697266e+01 3.410458803176879883e+00 -2.766113281250000000e+00 8.736577630043029785e-02 -2.597620785236358643e-01 5.899145603179931641e-01 7.595338821411132812e-01
1.078943347930908203e+01 3.409677743911743164e+00 -2.770878791809082031e+00 1.000192239880561829e-01 -2.590027451515197754e-01 6.005831360816955566e-01 7.498090267181396484e-01
1.076525402069091797e+01 3.406908988952636719e+00 -2.776982307434082031e+00 1.126212477684020996e-01 -2.582950592041015625e-01 6.108415722846984863e-01 7.399139404296875000e-01
1.073314476013183594e+01 3.402128934860229492e+00 -2.784443378448486328e+00 1.250963211059570312e-01 -2.575993537902832031e-01 6.206547617912292480e-01 7.299185991287231445e-01
1.069314384460449219e+01 3.395312309265136719e+00 -2.793232440948486328e+00 1.373707950115203857e-01 -2.568780183792114258e-01 6.299924850463867188e-01 7.198975682258605957e-01
1.064523410797119141e+01 3.386437892913818359e+00 -2.803349494934082031e+00 1.493729501962661743e-01 -2.560952901840209961e-01 6.388288736343383789e-01 7.099299430847167969e-01
1.058943367004394531e+01 3.375480890274047852e+00 -2.814804553985595703e+00 1.610315144062042236e-01 -2.552179992198944092e-01 6.471425294876098633e-01 7.000994086265563965e-01
1.052576160430908203e+01 3.362416982650756836e+00 -2.827607393264770508e+00 1.722775995731353760e-01 -2.542139291763305664e-01 6.549164056777954102e-01 6.904928088188171387e-01
1.045419883728027344e+01 3.347221612930297852e+00 -2.841747999191284180e+00 1.830440163612365723e-01 -2.530532479286193848e-01 6.621369719505310059e-01 6.812000870704650879e-01
1.037480449676513672e+01 3.329870462417602539e+00 -2.857236146926879883e+00 1.932644993066787720e-01 -2.517075836658477783e-01 6.687945127487182617e-01 6.723138689994812012e-01
1.028755855560302734e+01 3.310341835021972656e+00 -2.874072313308715820e+00 2.028754502534866333e-01 -2.501494586467742920e-01 6.748819947242736816e-01 6.639285087585449219e-01
1.019248008728027344e+01 3.288618087768554688e+00 -2.892275333404541016e+00 2.118311226367950439e-01 -2.483627945184707642e-01 6.803987026214599609e-01 6.561257839202880859e-01
1.008957004547119141e+01 3.264692306518554688e+00 -2.911845684051513672e+00 2.201575785875320435e-01 -2.463720589876174927e-01 6.853593587875366211e-01 6.489329934120178223e-01
9.978866577148437500e+00 3.238561868667602539e+00 -2.932783126831054688e+00 2.278974652290344238e-01 -2.442109286785125732e-01 6.897804141044616699e-01 6.423603296279907227e-01
9.860390663146972656e+00 3.210229396820068359e+00 -2.955117225646972656e+00 2.350932359695434570e-01 -2.419126927852630615e-01 6.936753392219543457e-01 6.364149451255798340e-01
9.734121322631835938e+00 3.179689884185791016e+00 -2.978837728500366211e+00 2.417868524789810181e-01 -2.395084500312805176e-01 6.970555782318115234e-01 6.311008334159851074e-01
9.600038528442382812e+00 3.147468090057373047e+00 -3.004296779632568359e+00 2.480193227529525757e-01 -2.370291501283645630e-01 6.999298930168151855e-01 6.264198422431945801e-01
9.458105087280273438e+00 3.113571643829345703e+00 -3.031503915786743164e+00 2.538321912288665771e-01 -2.345045804977416992e-01 7.023046612739562988e-01 6.223704814910888672e-01
9.308417320251464844e+00 3.077531576156616211e+00 -3.060146331787109375e+00 2.592652738094329834e-01 -2.319632321596145630e-01 7.041847109794616699e-01 6.189494729042053223e-01
9.150976181030273438e+00 3.039348125457763672e+00 -3.090253829956054688e+00 2.643583714962005615e-01 -2.294331938028335571e-01 7.055721282958984375e-01 6.161516904830932617e-01
8.985800743103027344e+00 2.999025821685791016e+00 -3.121787071228027344e+00 2.691507339477539062e-01 -2.269421666860580444e-01 7.064675092697143555e-01 6.139698624610900879e-01
8.812870979309082031e+00 2.956562519073486328e+00 -3.154785156250000000e+00 2.736802995204925537e-01 -2.245159447193145752e-01 7.068693637847900391e-01 6.123946905136108398e-01
8.632225990295410156e+00 2.911965370178222656e+00 -3.189218759536743164e+00 2.779855132102966309e-01 -2.221809625625610352e-01 7.067744135856628418e-01 6.114160418510437012e-01
8.443808555603027344e+00 2.865231752395629883e+00 -3.225117206573486328e+00 2.821035683155059814e-01 -2.199623733758926392e-01 7.061778306961059570e-01 6.110211610794067383e-01
8.247538566589355469e+00 2.817595243453979492e+00 -3.263281106948852539e+00 2.860711812973022461e-01 -2.178847938776016235e-01 7.050727605819702148e-01 6.111969947814941406e-01
8.043397903442382812e+00 2.768798828125000000e+00 -3.303534984588623047e+00 2.899246811866760254e-01 -2.159724682569503784e-01 7.034513950347900391e-01 6.119279265403747559e-01
7.831523418426513672e+00 2.717958927154541016e+00 -3.345302581787109375e+00 2.936994135379791260e-01 -2.142488211393356323e-01 7.013034820556640625e-01 6.131978034973144531e-01
7.611875057220458984e+00 2.665078163146972656e+00 -3.388593673706054688e+00 2.974305450916290283e-01 -2.127368599176406860e-01 6.986179947853088379e-01 6.149885654449462891e-01
7.384491920471191406e+00 2.610158681869506836e+00 -3.433398246765136719e+00 3.011530637741088867e-01 -2.114596515893936157e-01 6.953819990158081055e-01 6.172807216644287109e-01
7.149277210235595703e+00 2.553842782974243164e+00 -3.480126857757568359e+00 3.049000799655914307e-01 -2.104386985301971436e-01 6.915811300277709961e-01 6.200541257858276367e-01
6.905976295471191406e+00 2.498813390731811523e+00 -3.530556678771972656e+00 3.087056875228881836e-01 -2.096960395574569702e-01 6.871997117996215820e-01 6.232856512069702148e-01
6.654882431030273438e+00 2.441884756088256836e+00 -3.582587718963623047e+00 3.125887513160705566e-01 -2.092443406581878662e-01 6.822332143783569336e-01 6.269474029541015625e-01
6.396015644073486328e+00 2.383068799972534180e+00 -3.636210918426513672e+00 3.165143132209777832e-01 -2.090635299682617188e-01 6.767286062240600586e-01 6.309908032417297363e-01
6.129277229309082031e+00 2.323535203933715820e+00 -3.692167997360229492e+00 3.204340338706970215e-01 -2.091254740953445435e-01 6.707468032836914062e-01 6.353638172149658203e-01
5.854277133941650391e+00 2.268232345581054688e+00 -3.753613233566284180e+00 3.243007063865661621e-01 -2.094026803970336914e-01 6.643500924110412598e-01 6.400145292282104492e-01
5.571464538574218750e+00 2.211298704147338867e+00 -3.816757678985595703e+00 3.280670940876007080e-01 -2.098679542541503906e-01 6.576020121574401855e-01 6.448929905891418457e-01
5.280742168426513672e+00 2.154641151428222656e+00 -3.882724523544311523e+00 3.316868245601654053e-01 -2.104942202568054199e-01 6.505686044692993164e-01 6.499511599540710449e-01
4.981855392456054688e+00 2.104548215866088867e+00 -3.955302715301513672e+00 3.347613811492919922e-01 -2.108154296875000000e-01 6.434223055839538574e-01 6.553619503974914551e-01
4.675097465515136719e+00 2.053085803985595703e+00 -4.029755592346191406e+00 3.369710445404052734e-01 -2.104053497314453125e-01 6.363005042076110840e-01 6.612877845764160156e-01
4.360488414764404297e+00 2.013437509536743164e+00 -4.113183498382568359e+00 3.390785157680511475e-01 -2.102263569831848145e-01 6.290332078933715820e-01 6.671941876411437988e-01
