-1.994306564331054688e+01 -9.198212623596191406e+00 -2.303476572036743164e+00 2.837640345096588135e-01 -2.815124094486236572e-01 3.942551016807556152e-01 8.275213837623596191e-01
-1.992462921142578125e+01 -9.501981735229492188e+00 -2.324013710021972656e+00 2.831494212150573730e-01 -2.861633598804473877e-01 3.897337317466735840e-01 8.282780051231384277e-01
-1.978310585021972656e+01 -9.754140853881835938e+00 -2.307197332382202148e+00 2.825377583503723145e-01 -2.904375493526458740e-01 3.855631351470947266e-01 8.289507627487182617e-01
-1.957040977478027344e+01 -9.943603515625000000e+00 -2.265781164169311523e+00 2.819219827651977539e-01 -2.943029999732971191e-01 3.817259073257446289e-01 8.295728564262390137e-01
-1.934761619567871094e+01 -1.010525321960449219e+01 -2.218867063522338867e+00 2.812938392162322998e-01 -2.977284789085388184e-01 3.782019913196563721e-01 8.301774859428405762e-01
-1.912744140625000000e+01 -1.026652812957763672e+01 -2.170654296875000000e+00 2.769176363945007324e-01 -3.002745807170867920e-01 3.737747073173522949e-01 8.327329158782958984e-01
-1.890945243835449219e+01 -1.042663574218750000e+01 -2.121640682220458984e+00 2.727401256561279297e-01 -3.026416003704071045e-01 3.696586489677429199e-01 8.350887894630432129e-01
-1.869380760192871094e+01 -1.058564472198486328e+01 -2.071533203125000000e+00 2.687226533889770508e-01 -3.048557341098785400e-01 3.658321499824523926e-01 8.372681140899658203e-01
-1.848060417175292969e+01 -1.074362277984619141e+01 -2.019999980926513672e+00 2.648261785507202148e-01 -3.069419264793395996e-01 3.622726202011108398e-01 8.392927646636962891e-01
-1.827046775817871094e+01 -1.090084457397460938e+01 -1.965566396713256836e+00 2.610119283199310303e-01 -3.089235424995422363e-01 3.589575886726379395e-01 8.411827683448791504e-01
-1.806341743469238281e+01 -1.105729007720947266e+01 -1.908242106437683105e+00 2.572410702705383301e-01 -3.108231425285339355e-01 3.558635711669921875e-01 8.429573178291320801e-01
-1.785982322692871094e+01 -1.121306610107421875e+01 -1.847285151481628418e+00 2.534747123718261719e-01 -3.126621246337890625e-01 3.529669046401977539e-01 8.446344137191772461e-01
-1.766025352478027344e+01 -1.136830997467041016e+01 -1.781533122062683105e+00 2.496742010116577148e-01 -3.144611120223999023e-01 3.502432703971862793e-01 8.462308049201965332e-01
-1.746511650085449219e+01 -1.152284145355224609e+01 -1.709872961044311523e+00 2.458008229732513428e-01 -3.162398934364318848e-01 3.476680517196655273e-01 8.477624654769897461e-01
-1.727396392822265625e+01 -1.167565441131591797e+01 -1.632138609886169434e+00 2.418158352375030518e-01 -3.180176913738250732e-01 3.452159464359283447e-01 8.492442369461059570e-01
-1.708593750000000000e+01 -1.182561492919921875e+01 -1.548789024353027344e+00 2.376804053783416748e-01 -3.198132216930389404e-01 3.428616225719451904e-01 8.506899476051330566e-01
-1.689994049072265625e+01 -1.197165966033935547e+01 -1.460859298706054688e+00 2.333556115627288818e-01 -3.216445147991180420e-01 3.405790925025939941e-01 8.521125316619873047e-01
-1.671490287780761719e+01 -1.211305141448974609e+01 -1.369716763496398926e+00 2.288023233413696289e-01 -3.235292434692382812e-01 3.383424282073974609e-01 8.535237312316894531e-01
-1.653007698059082031e+01 -1.224948215484619141e+01 -1.276806592941284180e+00 2.239811420440673828e-01 -3.254843652248382568e-01 3.361252248287200928e-01 8.549339771270751953e-01
-1.634443283081054688e+01 -1.238018512725830078e+01 -1.183320283889770508e+00 2.188522219657897949e-01 -3.275267183780670166e-01 3.339009881019592285e-01 8.563528060913085938e-01
-1.615800666809082031e+01 -1.250604915618896484e+01 -1.090615153312683105e+00 2.133753895759582520e-01 -3.296723365783691406e-01 3.316432237625122070e-01 8.577877879142761230e-01
-1.597115230560302734e+01 -1.262771415710449219e+01 -9.991894364356994629e-01 2.075097858905792236e-01 -3.319368362426757812e-01 3.293253779411315918e-01 8.592453002929687500e-01
-1.578435516357421875e+01 -1.274594688415527344e+01 -9.091015458106994629e-01 2.012139856815338135e-01 -3.343352973461151123e-01 3.269210159778594971e-01 8.607295751571655273e-01
-1.559728527069091797e+01 -1.286021900177001953e+01 -8.204394578933715820e-01 1.944458484649658203e-01 -3.368822038173675537e-01 3.244040608406066895e-01 8.622430562973022461e-01
-1.541125011444091797e+01 -1.297223091125488281e+01 -7.328026890754699707e-01 1.871624886989593506e-01 -3.395912945270538330e-01 3.217487037181854248e-01 8.637856245040893555e-01
-1.522632789611816406e+01 -1.308213806152343750e+01 -6.461230516433715820e-01 1.792626678943634033e-01 -3.422294855117797852e-01 3.189532160758972168e-01 8.654552102088928223e-01
-1.504222583770751953e+01 -1.318936538696289062e+01 -5.605370998382568359e-01 1.708965897560119629e-01 -3.451447784900665283e-01 3.159984946250915527e-01 8.670723438262939453e-01
-1.485962867736816406e+01 -1.329500484466552734e+01 -4.757910072803497314e-01 1.621164977550506592e-01 -3.482946455478668213e-01 3.128937482833862305e-01 8.686233758926391602e-01
-1.467835903167724609e+01 -1.339867687225341797e+01 -3.919628858566284180e-01 1.529748886823654175e-01 -3.516367673873901367e-01 3.096487522125244141e-01 8.700964450836181641e-01
-1.449849605560302734e+01 -1.350051212310791016e+01 -3.090038895606994629e-01 1.435251235961914062e-01 -3.551302850246429443e-01 3.062737286090850830e-01 8.714811205863952637e-01
-1.432027339935302734e+01 -1.360082530975341797e+01 -2.268554568290710449e-01 1.337971091270446777e-01 -3.586635291576385498e-01 3.027892112731933594e-01 8.727986216545104980e-01
-1.414359378814697266e+01 -1.369946765899658203e+01 -1.455078125000000000e-01 1.238111928105354309e-01 -3.621014058589935303e-01 2.992232441902160645e-01 8.740816712379455566e-01
-1.396859359741210938e+01 -1.379651832580566406e+01 -6.483398377895355225e-02 1.136706322431564331e-01 -3.655531704425811768e-01 2.955722510814666748e-01 8.752639293670654297e-01
-1.379546833038330078e+01 -1.389220142364501953e+01 1.536132767796516418e-02 1.034359112381935120e-01 -3.689969778060913086e-01 2.918480932712554932e-01 8.763371109962463379e-01
-1.362597656250000000e+01 -1.398955535888671875e+01 9.521484375000000000e-02 9.316840022802352905e-02 -3.724111318588256836e-01 2.880629897117614746e-01 8.772965669631958008e-01
-1.348044872283935547e+01 -1.411463832855224609e+01 1.723144501447677612e-01 8.292923867702484131e-02 -3.757742047309875488e-01 2.842288315296173096e-01 8.781402111053466797e-01
-1.350730419158935547e+01 -1.431224536895751953e+01 1.972167938947677612e-01 7.278074324131011963e-02 -3.790649473667144775e-01 2.803584933280944824e-01 8.788696527481079102e-01
-1.357361316680908203e+01 -1.450698661804199219e+01 2.041113227605819702e-01 6.278495490550994873e-02 -3.822624385356903076e-01 2.764645814895629883e-01 8.794888854026794434e-01
-1.363847637176513672e+01 -1.469978523254394531e+01 2.099316418170928955e-01 5.300395935773849487e-02 -3.853459358215332031e-01 2.725602090358734131e-01 8.800056576728820801e-01
-1.370021438598632812e+01 -1.489114189147949219e+01 2.154394537210464478e-01 4.349990189075469971e-02 -3.882952332496643066e-01 2.686589956283569336e-01 8.804299235343933105e-01
-1.375712871551513672e+01 -1.508151817321777344e+01 2.210937440395355225e-01 3.433499485254287720e-02 -3.910902440547943115e-01 2.647748291492462158e-01 8.807745575904846191e-01
-1.380187511444091797e+01 -1.527248477935791016e+01 2.281249910593032837e-01 2.557056397199630737e-02 -3.937117457389831543e-01 2.609221041202545166e-01 8.810544013977050781e-01
-1.380408191680908203e+01 -1.546379852294921875e+01 2.504199147224426270e-01 1.726797968149185181e-02 -3.961408138275146484e-01 2.571158409118652344e-01 8.812863826751708984e-01
-1.374648380279541016e+01 -1.564619064331054688e+01 3.056249916553497314e-01 9.488321840763092041e-03 -3.983592987060546875e-01 2.533715963363647461e-01 8.814888596534729004e-01
-1.367103481292724609e+01 -1.582370567321777344e+01 3.762402236461639404e-01 2.291537821292877197e-03 -4.003500938415527344e-01 2.497052252292633057e-01 8.816812038421630859e-01
-1.359099578857421875e+01 -1.600369644165039062e+01 4.530175626277923584e-01 -4.560403525829315186e-03 -4.014191031455993652e-01 2.463368475437164307e-01 8.821338415145874023e-01
-1.350599575042724609e+01 -1.618760681152343750e+01 5.317577719688415527e-01 -1.085141301155090332e-02 -4.021236598491668701e-01 2.431270033121109009e-01 8.826484084129333496e-01
-1.341456985473632812e+01 -1.637561035156250000e+01 6.103222370147705078e-01 -1.660402864217758179e-02 -4.024772644042968750e-01 2.400910705327987671e-01 8.832284212112426758e-01
-1.331525325775146484e+01 -1.656761741638183594e+01 6.866894364356994629e-01 -2.184168994426727295e-02 -4.024930000305175781e-01 2.372433692216873169e-01 8.838766217231750488e-01
-1.320642566680908203e+01 -1.676328659057617188e+01 7.586230039596557617e-01 -2.658674865961074829e-02 -4.021832942962646484e-01 2.345983684062957764e-01 8.845933079719543457e-01
-1.308527278900146484e+01 -1.696166419982910156e+01 8.226367235183715820e-01 -3.086289018392562866e-02 -4.015599787235260010e-01 2.321694493293762207e-01 8.853781819343566895e-01
-1.294626903533935547e+01 -1.715990638732910156e+01 8.711132407188415527e-01 -3.469342738389968872e-02 -4.006341397762298584e-01 2.299699932336807251e-01 8.862293362617492676e-01
-1.278703117370605469e+01 -1.735439491271972656e+01 9.003320336341857910e-01 -3.639101237058639526e-02 -3.989762067794799805e-01 2.287827581167221069e-01 8.872159719467163086e-01
-1.261304664611816406e+01 -1.753805541992187500e+01 9.118847250938415527e-01 -3.786090761423110962e-02 -3.970871269702911377e-01 2.277655899524688721e-01 8.882630467414855957e-01
-1.242847633361816406e+01 -1.771178627014160156e+01 9.128808379173278809e-01 -3.937561064958572388e-02 -3.950380086898803711e-01 2.268202602863311768e-01 8.893520236015319824e-01
-1.223708915710449219e+01 -1.787829017639160156e+01 9.118359088897705078e-01 -4.092256724834442139e-02 -3.928264379501342773e-01 2.259771823883056641e-01 8.904756903648376465e-01
-1.204298782348632812e+01 -1.804183959960937500e+01 9.166503548622131348e-01 -4.248931258916854858e-02 -3.904503285884857178e-01 2.252671122550964355e-01 8.916265368461608887e-01
-1.184849548339843750e+01 -1.820523834228515625e+01 9.189843535423278809e-01 -4.406397789716720581e-02 -3.879079222679138184e-01 2.247199714183807373e-01 8.927970528602600098e-01
-1.165511703491210938e+01 -1.837001419067382812e+01 9.108007550239562988e-01 -4.563514143228530884e-02 -3.851980566978454590e-01 2.243656218051910400e-01 8.939798474311828613e-01
-1.146505832672119141e+01 -1.853694725036621094e+01 8.847754001617431641e-01 -4.719202220439910889e-02 -3.823196887969970703e-01 2.242334187030792236e-01 8.951669335365295410e-01
-1.127984333038330078e+01 -1.870547294616699219e+01 8.394335508346557617e-01 -4.872443526983261108e-02 -3.792729377746582031e-01 2.243515998125076294e-01 8.963505625724792480e-01
-1.110089778900146484e+01 -1.887464714050292969e+01 7.745507359504699707e-01 -5.022316426038742065e-02 -3.760573267936706543e-01 2.247483283281326294e-01 8.975224494934082031e-01
-1.093074226379394531e+01 -1.903793334960937500e+01 6.787304282188415527e-01 -5.167981237173080444e-02 -3.726737797260284424e-01 2.254503071308135986e-01 8.986744284629821777e-01
-1.077753925323486328e+01 -1.918082427978515625e+01 5.358495712280273438e-01 -5.308683216571807861e-02 -3.691231310367584229e-01 2.264836281538009644e-01 8.997972607612609863e-01
-1.071005821228027344e+01 -1.922212791442871094e+01 3.064745962619781494e-01 -5.443778634071350098e-02 -3.654067814350128174e-01 2.278731316328048706e-01 9.008819460868835449e-01
-1.077445316314697266e+01 -1.912064933776855469e+01 8.765624463558197021e-02 -5.445451289415359497e-02 -3.612058460712432861e-01 2.301415205001831055e-01 9.019976854324340820e-01
-1.089164066314697266e+01 -1.896713256835937500e+01 -7.961913943290710449e-02 -5.438122153282165527e-02 -3.568559587001800537e-01 2.327418327331542969e-01 9.030657410621643066e-01
-1.102767562866210938e+01 -1.879647827148437500e+01 -2.127734273672103882e-01 -5.425103008747100830e-02 -3.523916006088256836e-01 2.356133460998535156e-01 9.040814638137817383e-01
-1.116843700408935547e+01 -1.862295341491699219e+01 -3.368652164936065674e-01 -5.409701168537139893e-02 -3.478490114212036133e-01 2.386953681707382202e-01 9.050409197807312012e-01
-1.131013679504394531e+01 -1.845114135742187500e+01 -4.488867223262786865e-01 -5.395203828811645508e-02 -3.432638645172119141e-01 2.419275790452957153e-01 9.059415459632873535e-01
-1.145164012908935547e+01 -1.828298759460449219e+01 -5.519042611122131348e-01 -5.384930968284606934e-02 -3.386726081371307373e-01 2.452501803636550903e-01 9.067819118499755859e-01
-1.159193325042724609e+01 -1.811873054504394531e+01 -6.476757526397705078e-01 -5.382221192121505737e-02 -3.341122865676879883e-01 2.486034184694290161e-01 9.075618982315063477e-01
-1.172943305969238281e+01 -1.795908164978027344e+01 -7.393944859504699707e-01 -5.390385538339614868e-02 -3.296201825141906738e-01 2.519281208515167236e-01 9.082825779914855957e-01
-1.186699199676513672e+01 -1.780434989929199219e+01 -8.231152296066284180e-01 -5.412751436233520508e-02 -3.252346515655517578e-01 2.551651000976562500e-01 9.089463353157043457e-01
-1.200056648254394531e+01 -1.765411567687988281e+01 -9.043749570846557617e-01 -5.452674627304077148e-02 -3.209936022758483887e-01 2.582560777664184570e-01 9.095568060874938965e-01
-1.213208961486816406e+01 -1.750907707214355469e+01 -9.812304377555847168e-01 -5.513472855091094971e-02 -3.169358968734741211e-01 2.611426711082458496e-01 9.101188778877258301e-01
-1.226232433319091797e+01 -1.736952590942382812e+01 -1.052900314331054688e+00 -5.598504841327667236e-02 -3.131006062030792236e-01 2.637668251991271973e-01 9.106374979019165039e-01
-1.238849544525146484e+01 -1.723443412780761719e+01 -1.122236251831054688e+00 -5.711121857166290283e-02 -3.095265328884124756e-01 2.660709619522094727e-01 9.111189842224121094e-01
-1.251136684417724609e+01 -1.710424232482910156e+01 -1.188652276992797852e+00 -5.854693800210952759e-02 -3.062528073787689209e-01 2.679971456527709961e-01 9.115694761276245117e-01
-1.263394546508789062e+01 -1.698068237304687500e+01 -1.249843716621398926e+00 -6.032527983188629150e-02 -3.033186495304107666e-01 2.694879472255706787e-01 9.119949936866760254e-01
-1.275238227844238281e+01 -1.686150932312011719e+01 -1.308798789978027344e+00 -6.248011440038681030e-02 -3.007624745368957520e-01 2.704854309558868408e-01 9.124011397361755371e-01
-1.286662101745605469e+01 -1.674673271179199219e+01 -1.365517497062683105e+00 -6.504479795694351196e-02 -2.986231446266174316e-01 2.709313333034515381e-01 9.127921462059020996e-01
-1.297876930236816406e+01 -1.663786506652832031e+01 -1.418789029121398926e+00 -6.805230677127838135e-02 -2.969380915164947510e-01 2.707674503326416016e-01 9.131711721420288086e-01
-1.308927726745605469e+01 -1.653524398803710938e+01 -1.468330025672912598e+00 -7.153677940368652344e-02 -2.957440912723541260e-01 2.699344158172607422e-01 9.135388731956481934e-01
-1.319548797607421875e+01 -1.643689346313476562e+01 -1.515742182731628418e+00 -7.553061842918395996e-02 -2.950774431228637695e-01 2.683723866939544678e-01 9.138931035995483398e-01
-1.329685497283935547e+01 -1.634279823303222656e+01 -1.561777353286743164e+00 -7.641793787479400635e-02 -2.939001917839050293e-01 2.672120928764343262e-01 9.145385026931762695e-01
-1.339445304870605469e+01 -1.625350952148437500e+01 -1.605507731437683105e+00 -7.727348059415817261e-02 -2.931118905544281006e-01 2.654930949211120605e-01 9.152199625968933105e-01
-1.349171829223632812e+01 -1.617210960388183594e+01 -1.645263671875000000e+00 -7.809140533208847046e-02 -2.926948070526123047e-01 2.632713615894317627e-01 9.159255027770996094e-01
-1.358435535430908203e+01 -1.609475135803222656e+01 -1.683095693588256836e+00 -7.886731624603271484e-02 -2.926300764083862305e-01 2.606035172939300537e-01 9.166424274444580078e-01
-1.367232418060302734e+01 -1.602144432067871094e+01 -1.718994140625000000e+00 -7.959805428981781006e-02 -2.928970754146575928e-01 2.575464546680450439e-01 9.173576831817626953e-01
-1.375568294525146484e+01 -1.595216274261474609e+01 -1.752968668937683105e+00 -8.028183132410049438e-02 -2.934735417366027832e-01 2.541565001010894775e-01 9.180591106414794922e-01
-1.383435535430908203e+01 -1.588690376281738281e+01 -1.784999966621398926e+00 -8.091853559017181396e-02 -2.943339049816131592e-01 2.504894733428955078e-01 9.187353849411010742e-01
-1.391265583038330078e+01 -1.583020973205566406e+01 -1.813271403312683105e+00 -8.150904625654220581e-02 -2.954505980014801025e-01 2.465999722480773926e-01 9.193767905235290527e-01
-1.398621082305908203e+01 -1.577743625640869141e+01 -1.839658141136169434e+00 -8.205568045377731323e-02 -2.967928349971771240e-01 2.425414174795150757e-01 9.199752807617187500e-01
-1.405474567413330078e+01 -1.572835922241210938e+01 -1.864218711853027344e+00 -8.256195485591888428e-02 -2.983265519142150879e-01 2.383658885955810547e-01 9.205251336097717285e-01
-1.411828136444091797e+01 -1.568297290802001953e+01 -1.886962890625000000e+00 -8.303190767765045166e-02 -3.000158667564392090e-01 2.341234385967254639e-01 9.210224747657775879e-01
-1.417679691314697266e+01 -1.564125442504882812e+01 -1.907910108566284180e+00 -8.347067981958389282e-02 -3.018214106559753418e-01 2.298628240823745728e-01 9.214660525321960449e-01
-1.423031234741210938e+01 -1.560321235656738281e+01 -1.927031159400939941e+00 -8.388346433639526367e-02 -3.037024438381195068e-01 2.256310433149337769e-01 9.218563437461853027e-01
-1.427876949310302734e+01 -1.556884288787841797e+01 -1.944345712661743164e+00 -8.427578955888748169e-02 -3.056162893772125244e-01 2.214735746383666992e-01 9.221961498260498047e-01
-1.432382774353027344e+01 -1.554004859924316406e+01 -1.958886623382568359e+00 -8.465291559696197510e-02 -3.075189590454101562e-01 2.174353450536727905e-01 9.224900007247924805e-01
-1.436398410797119141e+01 -1.551512145996093750e+01 -1.971513628959655762e+00 -8.501946926116943359e-02 -3.093663454055786133e-01 2.135602235794067383e-01 9.227437973022460938e-01
-1.439882755279541016e+01 -1.549355888366699219e+01 -1.982470631599426270e+00 -8.537922799587249756e-02 -3.111140727996826172e-01 2.098925411701202393e-01 9.229645729064941406e-01
-1.442835903167724609e+01 -1.547536563873291016e+01 -1.991728425025939941e+00 -8.573446422815322876e-02 -3.127189278602600098e-01 2.064774632453918457e-01 9.231594800949096680e-01
-1.445257759094238281e+01 -1.546053695678710938e+01 -1.999296784400939941e+00 -8.608553558588027954e-02 -3.141398727893829346e-01 2.033614814281463623e-01 9.233360290527343750e-01
-1.447140598297119141e+01 -1.544906711578369141e+01 -2.005166053771972656e+00 -8.643037080764770508e-02 -3.153389990329742432e-01 2.005934715270996094e-01 9.235005378723144531e-01
-1.448263645172119141e+01 -1.544104480743408203e+01 -2.012255907058715820e+00 -7.310792803764343262e-02 -3.133279681205749512e-01 2.028698027133941650e-01 9.248377084732055664e-01
-1.448818302154541016e+01 -1.543627452850341797e+01 -2.018085956573486328e+00 -5.784252285957336426e-02 -3.106517493724822998e-01 2.061758041381835938e-01 9.260892868041992188e-01
-1.448816394805908203e+01 -1.543472576141357422e+01 -2.022597551345825195e+00 -4.089824855327606201e-02 -3.073629438877105713e-01 2.104067355394363403e-01 9.271377325057983398e-01
-1.449542903900146484e+01 -1.542808055877685547e+01 -2.029824256896972656e+00 -2.254106849431991577e-02 -3.035175800323486328e-01 2.154587209224700928e-01 9.278721213340759277e-01
-1.451001930236816406e+01 -1.541630840301513672e+01 -2.039716720581054688e+00 -3.042042255401611328e-03 -2.991752028465270996e-01 2.212293148040771484e-01 9.281931519508361816e-01
-1.453205013275146484e+01 -1.539937496185302734e+01 -2.052216768264770508e+00 1.732545346021652222e-02 -2.944025397300720215e-01 2.276183515787124634e-01 9.280177950859069824e-01
-1.456152343750000000e+01 -1.537728023529052734e+01 -2.067255735397338867e+00 3.828507289290428162e-02 -2.892720699310302734e-01 2.345293462276458740e-01 9.272819757461547852e-01
-1.459849548339843750e+01 -1.534999942779541016e+01 -2.084755897521972656e+00 5.955906584858894348e-02 -2.838641405105590820e-01 2.418700605630874634e-01 9.259442687034606934e-01
-1.464304637908935547e+01 -1.531755352020263672e+01 -2.104648351669311523e+00 8.086883276700973511e-02 -2.782669961452484131e-01 2.495530545711517334e-01 9.239864349365234375e-01
-1.469519519805908203e+01 -1.527996540069580078e+01 -2.126874923706054688e+00 1.019375100731849670e-01 -2.725757658481597900e-01 2.574971914291381836e-01 9.214153885841369629e-01
-1.475148391723632812e+01 -1.524335861206054688e+01 -2.147998094558715820e+00 1.224902942776679993e-01 -2.668928802013397217e-01 2.656275928020477295e-01 9.182626605033874512e-01
-1.480996036529541016e+01 -1.520534133911132812e+01 -2.169472694396972656e+00 1.422562897205352783e-01 -2.613280713558197021e-01 2.738759815692901611e-01 9.145834445953369141e-01
-1.487066364288330078e+01 -1.516597175598144531e+01 -2.191259622573852539e+00 1.609692275524139404e-01 -2.559958696365356445e-01 2.821813225746154785e-01 9.104552268981933594e-01
-1.493359375000000000e+01 -1.512531185150146484e+01 -2.213251829147338867e+00 1.783683001995086670e-01 -2.510155439376831055e-01 2.904893755912780762e-01 9.059756994247436523e-01
-1.499874973297119141e+01 -1.508341312408447266e+01 -2.235419988632202148e+00 1.941986978054046631e-01 -2.465113401412963867e-01 2.987521886825561523e-01 9.012581110000610352e-01
-1.506615161895751953e+01 -1.504035568237304688e+01 -2.257704973220825195e+00 2.082108855247497559e-01 -2.426088154315948486e-01 3.069279193878173828e-01 8.964287042617797852e-01
-1.513677692413330078e+01 -1.499746036529541016e+01 -2.278847694396972656e+00 2.201602160930633545e-01 -2.394354939460754395e-01 3.149791061878204346e-01 8.916211128234863281e-01
-1.521033191680908203e+01 -1.495437908172607422e+01 -2.299199104309082031e+00 2.298053354024887085e-01 -2.371190935373306274e-01 3.228719234466552734e-01 8.869711160659790039e-01
-1.528611278533935547e+01 -1.491040515899658203e+01 -2.319443225860595703e+00 2.369064986705780029e-01 -2.357862591743469238e-01 3.305737078189849854e-01 8.826104402542114258e-01
-1.536415958404541016e+01 -1.486561012268066406e+01 -2.339550733566284180e+00 2.412230670452117920e-01 -2.355607748031616211e-01 3.380512595176696777e-01 8.786602616310119629e-01
-1.544445323944091797e+01 -1.482003402709960938e+01 -2.359482288360595703e+00 2.425912916660308838e-01 -2.365254014730453491e-01 3.452745974063873291e-01 8.752089738845825195e-01
-1.552749919891357422e+01 -1.477407169342041016e+01 -2.378027200698852539e+00 2.411617636680603027e-01 -2.386081814765930176e-01 3.522315323352813721e-01 8.722615242004394531e-01
-1.561314392089843750e+01 -1.472761154174804688e+01 -2.395537137985229492e+00 2.371593713760375977e-01 -2.416939139366149902e-01 3.589077889919281006e-01 8.697842359542846680e-01
-1.570111274719238281e+01 -1.468031215667724609e+01 -2.412968635559082031e+00 2.308042496442794800e-01 -2.456621080636978149e-01 3.652817904949188232e-01 8.677262067794799805e-01
-1.579134750366210938e+01 -1.463214778900146484e+01 -2.430390596389770508e+00 2.223140597343444824e-01 -2.503887414932250977e-01 3.713271617889404297e-01 8.660243153572082520e-01
-1.588374996185302734e+01 -1.458248519897460938e+01 -2.446972608566284180e+00 2.119057476520538330e-01 -2.557485401630401611e-01 3.770143985748291016e-01 8.646090030670166016e-01
-1.597828102111816406e+01 -1.453093719482421875e+01 -2.462285041809082031e+00 1.997966617345809937e-01 -2.616141736507415771e-01 3.823133707046508789e-01 8.634094595909118652e-01
-1.607511711120605469e+01 -1.447835445404052734e+01 -2.477695226669311523e+00 1.862065941095352173e-01 -2.678586244583129883e-01 3.871952593326568604e-01 8.623564243316650391e-01
-1.617429733276367188e+01 -1.442469692230224609e+01 -2.493261575698852539e+00 1.713576465845108032e-01 -2.743569016456604004e-01 3.916321992874145508e-01 8.613879084587097168e-01
-1.627406120300292969e+01 -1.436627864837646484e+01 -2.507353544235229492e+00 1.554756462574005127e-01 -2.809850871562957764e-01 3.956015706062316895e-01 8.604499101638793945e-01
-1.637568283081054688e+01 -1.430575656890869141e+01 -2.521279335021972656e+00 1.387901157140731812e-01 -2.876237630844116211e-01 3.990850746631622314e-01 8.595004081726074219e-01
-1.647962760925292969e+01 -1.424396896362304688e+01 -2.535517454147338867e+00 1.215335354208946228e-01 -2.941564917564392090e-01 4.020699560642242432e-01 8.585111498832702637e-01
-1.658250045776367188e+01 -1.417541980743408203e+01 -2.548857450485229492e+00 1.039422675967216492e-01 -3.004722893238067627e-01 4.045502245426177979e-01 8.574680685997009277e-01
-1.668591690063476562e+01 -1.410276794433593750e+01 -2.561972618103027344e+00 8.625409007072448730e-02 -3.064655065536499023e-01 4.065264761447906494e-01 8.563733696937561035e-01
-1.679148483276367188e+01 -1.402862739562988281e+01 -2.575546741485595703e+00 6.870908290147781372e-02 -3.120352327823638916e-01 4.080068171024322510e-01 8.552446961402893066e-01
-1.689122962951660156e+01 -1.394281196594238281e+01 -2.588251829147338867e+00 5.154833197593688965e-02 -3.170874714851379395e-01 4.090057313442230225e-01 8.541151285171508789e-01
-1.699169921875000000e+01 -1.385379409790039062e+01 -2.601318359375000000e+00 3.501268476247787476e-02 -3.215331435203552246e-01 4.095443189144134521e-01 8.530322313308715820e-01
-1.709115219116210938e+01 -1.376006317138671875e+01 -2.614462852478027344e+00 1.934253424406051636e-02 -3.252884447574615479e-01 4.096494019031524658e-01 8.520566821098327637e-01
-1.718556594848632812e+01 -1.365757274627685547e+01 -2.627070188522338867e+00 4.776626825332641602e-03 -3.282743692398071289e-01 4.093521237373352051e-01 8.512601852416992188e-01
-1.728156280517578125e+01 -1.355324649810791016e+01 -2.640371084213256836e+00 -8.447542786598205566e-03 -3.304150402545928955e-01 4.086874723434448242e-01 8.507226705551147461e-01
-1.736900329589843750e+01 -1.343912601470947266e+01 -2.655224561691284180e+00 -1.006323099136352539e-02 -3.268105983734130859e-01 4.115948975086212158e-01 8.506956100463867188e-01
-1.745718765258789062e+01 -1.332246589660644531e+01 -2.670175790786743164e+00 -1.202356815338134766e-02 -3.232775926589965820e-01 4.134560227394104004e-01 8.511175513267517090e-01
-1.754187393188476562e+01 -1.320028305053710938e+01 -2.684462785720825195e+00 -1.424309611320495605e-02 -3.198625743389129639e-01 4.143608808517456055e-01 8.519330620765686035e-01
-1.762495994567871094e+01 -1.307395458221435547e+01 -2.698457002639770508e+00 -1.664784550666809082e-02 -3.166016340255737305e-01 4.143977463245391846e-01 8.530889153480529785e-01
-1.770660209655761719e+01 -1.294385719299316406e+01 -2.712158203125000000e+00 -1.917345821857452393e-02 -3.135239779949188232e-01 4.136514663696289062e-01 8.545334935188293457e-01
-1.778597640991210938e+01 -1.280944347381591797e+01 -2.725429534912109375e+00 -2.176457643508911133e-02 -3.106535077095031738e-01 4.122029840946197510e-01 8.562180399894714355e-01
-1.786138725280761719e+01 -1.267899417877197266e+01 -2.738007783889770508e+00 -2.437332272529602051e-02 -3.080106377601623535e-01 4.101292192935943604e-01 8.580963611602783203e-01
-1.793144416809082031e+01 -1.255168437957763672e+01 -2.749619007110595703e+00 -2.695724368095397949e-02 -3.056151270866394043e-01 4.075025916099548340e-01 8.601245284080505371e-01
-1.799890518188476562e+01 -1.242912578582763672e+01 -2.760800838470458984e+00 -2.947937697172164917e-02 -3.034856617450714111e-01 4.043911099433898926e-01 8.622615933418273926e-01
-1.806228446960449219e+01 -1.231048774719238281e+01 -2.771240234375000000e+00 -3.190620988607406616e-02 -3.016419112682342529e-01 4.008587002754211426e-01 8.644688725471496582e-01
-1.812324142456054688e+01 -1.219666957855224609e+01 -2.781279325485229492e+00 -3.420691937208175659e-02 -3.001054823398590088e-01 3.969650268554687500e-01 8.667094707489013672e-01
-1.818203163146972656e+01 -1.208780765533447266e+01 -2.790937423706054688e+00 -3.635298460721969604e-02 -2.988997995853424072e-01 3.927660882472991943e-01 8.689488172531127930e-01
-1.823853492736816406e+01 -1.198383235931396484e+01 -2.800204992294311523e+00 -3.831695765256881714e-02 -2.980513572692871094e-01 3.883143067359924316e-01 8.711539506912231445e-01
-1.829255867004394531e+01 -1.188464355468750000e+01 -2.809062480926513672e+00 -4.007263481616973877e-02 -2.975888252258300781e-01 3.836588263511657715e-01 8.732931613922119141e-01
-1.834607315063476562e+01 -1.179131317138671875e+01 -2.817822217941284180e+00 -4.159348458051681519e-02 -2.975451350212097168e-01 3.788458406925201416e-01 8.753357529640197754e-01
-1.839724540710449219e+01 -1.170284175872802734e+01 -2.826210975646972656e+00 -4.285305738449096680e-02 -2.979557216167449951e-01 3.739192783832550049e-01 8.772516250610351562e-01
-1.844580078125000000e+01 -1.161905765533447266e+01 -2.834179639816284180e+00 -4.382444918155670166e-02 -2.988587021827697754e-01 3.689212501049041748e-01 8.790106773376464844e-01
-1.849306678771972656e+01 -1.154074668884277344e+01 -2.841933488845825195e+00 -4.447909444570541382e-02 -3.002963066101074219e-01 3.638920783996582031e-01 8.805829286575317383e-01
-1.853796768188476562e+01 -1.146726036071777344e+01 -2.849296808242797852e+00 -4.478739947080612183e-02 -3.023118972778320312e-01 3.588717281818389893e-01 8.819368481636047363e-01
-1.858013725280761719e+01 -1.139838886260986328e+01 -2.856259584426879883e+00 -4.471718519926071167e-02 -3.049517869949340820e-01 3.539005517959594727e-01 8.830396533012390137e-01
-1.861919975280761719e+01 -1.133410167694091797e+01 -2.863574266433715820e+00 -4.096006602048873901e-02 -3.069453239440917969e-01 3.501569330692291260e-01 8.840231895446777344e-01
-1.865656280517578125e+01 -1.127503395080566406e+01 -2.870488166809082031e+00 -3.718716651201248169e-02 -3.097207248210906982e-01 3.464052677154541016e-01 8.846996426582336426e-01
-1.869111251831054688e+01 -1.122052669525146484e+01 -2.876894474029541016e+00 -3.342805802822113037e-02 -3.132033944129943848e-01 3.426591157913208008e-01 8.850824236869812012e-01
-1.872285079956054688e+01 -1.117057132720947266e+01 -2.882783174514770508e+00 -2.971205115318298340e-02 -3.173185586929321289e-01 3.389317989349365234e-01 8.851844668388366699e-01
-1.875183486938476562e+01 -1.112517070770263672e+01 -2.888154268264770508e+00 -2.606878429651260376e-02 -3.219915330410003662e-01 3.352366983890533447e-01 8.850187659263610840e-01
-1.877822303771972656e+01 -1.108447265625000000e+01 -2.893027305603027344e+00 -2.252835035324096680e-02 -3.271476626396179199e-01 3.315875232219696045e-01 8.845997452735900879e-01
-1.880222702026367188e+01 -1.104858875274658203e+01 -2.897431612014770508e+00 -1.912013441324234009e-02 -3.327127695083618164e-01 3.279985189437866211e-01 8.839420676231384277e-01
-1.882333946228027344e+01 -1.101719665527343750e+01 -2.901288986206054688e+00 -1.587381213903427124e-02 -3.386131227016448975e-01 3.244842886924743652e-01 8.830623626708984375e-01
-1.884156227111816406e+01 -1.099030208587646484e+01 -2.904628753662109375e+00 -1.281962543725967407e-02 -3.447752594947814941e-01 3.210600316524505615e-01 8.819785118103027344e-01
-1.885687446594238281e+01 -1.096790027618408203e+01 -2.907431602478027344e+00 -9.986937046051025391e-03 -3.511264026165008545e-01 3.177418410778045654e-01 8.807102441787719727e-01
-1.886929702758789062e+01 -1.094999504089355469e+01 -2.909687519073486328e+00 -7.406100630760192871e-03 -3.575948476791381836e-01 3.145461082458496094e-01 8.792791366577148438e-01
-1.887878799438476562e+01 -1.093657207489013672e+01 -2.911406278610229492e+00 -5.106329917907714844e-03 -3.641094863414764404e-01 3.114900588989257812e-01 8.777084946632385254e-01
-1.888541030883789062e+01 -1.092764091491699219e+01 -2.912587881088256836e+00 -3.117918968200683594e-03 -3.705996572971343994e-01 3.085918724536895752e-01 8.760235309600830078e-01
-1.888910102844238281e+01 -1.092319297790527344e+01 -2.913212776184082031e+00 -1.470744609832763672e-03 -3.769959211349487305e-01 3.058698475360870361e-01 8.742513656616210938e-01
-1.888990211486816406e+01 -1.092323684692382812e+01 -2.913300752639770508e+00 -1.942366361618041992e-04 -3.832295238971710205e-01 3.033434450626373291e-01 8.724207878112792969e-01
-1.889160156250000000e+01 -1.092180633544921875e+01 -2.913447141647338867e+00 6.815493106842041016e-04 -3.892322778701782227e-01 3.010320365428924561e-01 8.705615401268005371e-01
-1.889419937133789062e+01 -1.091889667510986328e+01 -2.913652181625366211e+00 1.126959919929504395e-03 -3.949370384216308594e-01 2.989557981491088867e-01 8.687053322792053223e-01
-1.889771461486816406e+01 -1.091451168060302734e+01 -2.913915872573852539e+00 1.111865043640136719e-03 -4.002766013145446777e-01 2.971350848674774170e-01 8.668842315673828125e-01
-1.890214729309082031e+01 -1.090864276885986328e+01 -2.914228439331054688e+00 6.068199872970581055e-04 -4.051848351955413818e-01 2.955904006958007812e-01 8.651307225227355957e-01
-1.890748023986816406e+01 -1.090129852294921875e+01 -2.914589881896972656e+00 -4.182159900665283203e-04 -4.095953106880187988e-01 2.943423688411712646e-01 8.634778261184692383e-01
-1.891279220581054688e+01 -1.089206027984619141e+01 -2.915527343750000000e+00 4.346221685409545898e-04 -4.095952510833740234e-01 2.961395680904388428e-01 8.628630638122558594e-01
-1.891898345947265625e+01 -1.088135242462158203e+01 -2.916611194610595703e+00 1.390501856803894043e-03 -4.095931053161621094e-01 2.981524765491485596e-01 8.621696829795837402e-01
-1.892607307434082031e+01 -1.086918449401855469e+01 -2.917841672897338867e+00 2.417176961898803711e-03 -4.095883667469024658e-01 3.003126084804534912e-01 8.614196181297302246e-01
-1.893427658081054688e+01 -1.085571289062500000e+01 -2.919247865676879883e+00 3.481566905975341797e-03 -4.095807075500488281e-01 3.025501966476440430e-01 8.606362342834472656e-01
-1.894343757629394531e+01 -1.084080505371093750e+01 -2.920800685882568359e+00 4.550963640213012695e-03 -4.095702171325683594e-01 3.047963082790374756e-01 8.598433732986450195e-01
-1.895355415344238281e+01 -1.082448673248291016e+01 -2.922499895095825195e+00 5.593508481979370117e-03 -4.095573127269744873e-01 3.069840073585510254e-01 8.590647578239440918e-01
-1.896462821960449219e+01 -1.080676746368408203e+01 -2.924355506896972656e+00 6.578668951988220215e-03 -4.095426797866821289e-01 3.090495765209197998e-01 8.583238124847412109e-01
-1.897671890258789062e+01 -1.078764629364013672e+01 -2.926357269287109375e+00 7.477775216102600098e-03 -4.095272421836853027e-01 3.109332323074340820e-01 8.576432466506958008e-01
-1.898980331420898438e+01 -1.076713848114013672e+01 -2.928515672683715820e+00 8.264094591140747070e-03 -4.095121026039123535e-01 3.125794529914855957e-01 8.570446372032165527e-01
-1.900388717651367188e+01 -1.074525356292724609e+01 -2.930830001831054688e+00 8.912876248359680176e-03 -4.094985127449035645e-01 3.139368295669555664e-01 8.565483689308166504e-01
-1.901902389526367188e+01 -1.072200679779052734e+01 -2.933290958404541016e+00 9.401068091392517090e-03 -4.094876050949096680e-01 3.149578273296356201e-01 8.561734557151794434e-01
-1.903517532348632812e+01 -1.069738769531250000e+01 -2.935898303985595703e+00 9.707093238830566406e-03 -4.094804525375366211e-01 3.155975341796875000e-01 8.559378385543823242e-01
-1.905238151550292969e+01 -1.067141532897949219e+01 -2.938662052154541016e+00 9.810373187065124512e-03 -4.094779789447784424e-01 3.158134222030639648e-01 8.558582663536071777e-01
-1.907078170776367188e+01 -1.064419937133789062e+01 -2.941581964492797852e+00 9.686514735221862793e-03 -4.094731807708740234e-01 3.155662119388580322e-01 8.559531569480895996e-01
-1.909052658081054688e+01 -1.061581039428710938e+01 -2.944599628448486328e+00 8.814245462417602539e-03 -4.085450172424316406e-01 3.151593208312988281e-01 8.565557599067687988e-01
-1.911138534545898438e+01 -1.058611297607421875e+01 -2.947773456573486328e+00 7.775276899337768555e-03 -4.077959060668945312e-01 3.141314387321472168e-01 8.573001623153686523e-01
-1.913335800170898438e+01 -1.055511188507080078e+01 -2.951122999191284180e+00 6.572932004928588867e-03 -4.072722494602203369e-01 3.124155402183532715e-01 8.581856489181518555e-01
-1.915648460388183594e+01 -1.052282714843750000e+01 -2.954638719558715820e+00 5.204513669013977051e-03 -4.070161581039428711e-01 3.099408447742462158e-01 8.592132329940795898e-01
-1.918074226379394531e+01 -1.048925781250000000e+01 -2.958329916000366211e+00 3.658950328826904297e-03 -4.070630371570587158e-01 3.066315352916717529e-01 8.603855371475219727e-01
-1.920632743835449219e+01 -1.045450210571289062e+01 -2.962207078933715820e+00 1.915231347084045410e-03 -4.074406325817108154e-01 3.024053275585174561e-01 8.617072701454162598e-01
-1.923132705688476562e+01 -1.041799736022949219e+01 -2.968408107757568359e+00 1.108485460281372070e-02 -4.042819142341613770e-01 3.024408519268035889e-01 8.631122112274169922e-01
-1.925726509094238281e+01 -1.038009262084960938e+01 -2.975087881088256836e+00 2.159354090690612793e-02 -4.009369015693664551e-01 3.022271990776062012e-01 8.645473122596740723e-01
-1.928413963317871094e+01 -1.034073734283447266e+01 -2.982177734375000000e+00 3.290297091007232666e-02 -3.966746926307678223e-01 3.019687533378601074e-01 8.662455677986145020e-01
-1.931197166442871094e+01 -1.029993629455566406e+01 -2.989667892456054688e+00 4.493413120508193970e-02 -3.916478157043457031e-01 3.015519082546234131e-01 8.681355118751525879e-01
-1.934132766723632812e+01 -1.025829601287841797e+01 -2.997480392456054688e+00 5.777597427368164062e-02 -3.864129781723022461e-01 3.007660806179046631e-01 8.699923753738403320e-01
-1.937183570861816406e+01 -1.021550273895263672e+01 -3.005595684051513672e+00 7.128283381462097168e-02 -3.810671567916870117e-01 2.995646595954895020e-01 8.717611432075500488e-01
-1.940332031250000000e+01 -1.017144489288330078e+01 -3.014013528823852539e+00 8.529923856258392334e-02 -3.757092952728271484e-01 2.979136407375335693e-01 8.733922839164733887e-01
-1.943597602844238281e+01 -1.012687492370605469e+01 -3.022558450698852539e+00 9.966083616018295288e-02 -3.704371452331542969e-01 2.957930564880371094e-01 8.748430609703063965e-01
-1.946992111206054688e+01 -1.008186531066894531e+01 -3.031152248382568359e+00 1.141927689313888550e-01 -3.653456568717956543e-01 2.931966483592987061e-01 8.760812282562255859e-01
-1.950460815429687500e+01 -1.003602981567382812e+01 -3.039843797683715820e+00 1.287105083465576172e-01 -3.605238497257232666e-01 2.901310026645660400e-01 8.770862221717834473e-01
-1.954121017456054688e+01 -9.990273475646972656e+00 -3.048496007919311523e+00 1.430214941501617432e-01 -3.560526072978973389e-01 2.866139709949493408e-01 8.778517842292785645e-01
-1.957872962951660156e+01 -9.943827629089355469e+00 -3.057128906250000000e+00 1.569269597530364990e-01 -3.520023524761199951e-01 2.826724648475646973e-01 8.783874511718750000e-01
-1.961847686767578125e+01 -9.897866249084472656e+00 -3.065771341323852539e+00 1.702242046594619751e-01 -3.484316170215606689e-01 2.783386111259460449e-01 8.787187337875366211e-01
-1.965995979309082031e+01 -9.852021217346191406e+00 -3.074521303176879883e+00 1.827095746994018555e-01 -3.453861474990844727e-01 2.736463546752929688e-01 8.788874745368957520e-01
-1.970388603210449219e+01 -9.807108879089355469e+00 -3.083701133728027344e+00 1.941809952259063721e-01 -3.428987562656402588e-01 2.686285078525543213e-01 8.789498209953308105e-01
-1.975076103210449219e+01 -9.764038085937500000e+00 -3.094433546066284180e+00 2.044401466846466064e-01 -3.409901559352874756e-01 2.633127570152282715e-01 8.789745569229125977e-01
-1.979978561401367188e+01 -9.722909927368164062e+00 -3.109287023544311523e+00 2.132939845323562622e-01 -3.396699726581573486e-01 2.577195167541503906e-01 8.790395259857177734e-01
-1.984654235839843750e+01 -9.680448532104492188e+00 -3.131093740463256836e+00 2.205556035041809082e-01 -3.389384150505065918e-01 2.518597841262817383e-01 8.792283535003662109e-01
-1.988925743103027344e+01 -9.634945869445800781e+00 -3.157538890838623047e+00 2.260439991950988770e-01 -3.387879729270935059e-01 2.457342594861984253e-01 8.796257376670837402e-01
-1.992767524719238281e+01 -9.586615562438964844e+00 -3.186347484588623047e+00 2.295835018157958984e-01 -3.392047286033630371e-01 2.393333613872528076e-01 8.803129792213439941e-01
-1.995490264892578125e+01 -9.532377243041992188e+00 -3.217802762985229492e+00 2.260950505733489990e-01 -3.396427929401397705e-01 2.306297570466995239e-01 8.833649754524230957e-01
-1.998068237304687500e+01 -9.476352691650390625e+00 -3.249521493911743164e+00 2.228491008281707764e-01 -3.399753868579864502e-01 2.224766612052917480e-01 8.861485123634338379e-01
-2.000390625000000000e+01 -9.418114662170410156e+00 -3.281347513198852539e+00 2.198339253664016724e-01 -3.402667343616485596e-01 2.148463428020477295e-01 8.886690735816955566e-01
-2.002388572692871094e+01 -9.357548713684082031e+00 -3.313095569610595703e+00 2.170364409685134888e-01 -3.405693173408508301e-01 2.077132016420364380e-01 8.909336328506469727e-01
-2.004273414611816406e+01 -9.295224189758300781e+00 -3.344433546066284180e+00 2.144438624382019043e-01 -3.409250974655151367e-01 2.010545134544372559e-01 8.929506540298461914e-01
-2.006232452392578125e+01 -9.231645584106445312e+00 -3.375175714492797852e+00 2.118831127882003784e-01 -3.414022326469421387e-01 1.947895437479019165e-01 8.947665691375732422e-01
-2.008437538146972656e+01 -9.167865753173828125e+00 -3.404365062713623047e+00 2.041308879852294922e-01 -3.431129157543182373e-01 1.869112551212310791e-01 8.975903391838073730e-01
-2.010853385925292969e+01 -9.103423118591308594e+00 -3.432890653610229492e+00 1.954361200332641602e-01 -3.450891077518463135e-01 1.790251880884170532e-01 9.003711342811584473e-01
-2.013459014892578125e+01 -9.038344383239746094e+00 -3.460957050323486328e+00 1.859621256589889526e-01 -3.472881317138671875e-01 1.711790114641189575e-01 9.030541181564331055e-01
-2.016328048706054688e+01 -8.972822189331054688e+00 -3.488349437713623047e+00 1.758738160133361816e-01 -3.496692478656768799e-01 1.634216606616973877e-01 9.055899977684020996e-01
-2.019413948059082031e+01 -8.906840324401855469e+00 -3.515312433242797852e+00 1.653377413749694824e-01 -3.521949052810668945e-01 1.558037400245666504e-01 9.079357981681823730e-01
-2.022654342651367188e+01 -8.840233802795410156e+00 -3.542128801345825195e+00 1.545220911502838135e-01 -3.548296988010406494e-01 1.483774483203887939e-01 9.100564718246459961e-01
-2.026171875000000000e+01 -8.773447036743164062e+00 -3.568369150161743164e+00 1.435964107513427734e-01 -3.575416207313537598e-01 1.411965191364288330e-01 9.119253158569335938e-01
-2.029771423339843750e+01 -8.705849647521972656e+00 -3.594765663146972656e+00 1.327315866947174072e-01 -3.603017926216125488e-01 1.343161463737487793e-01 9.135228991508483887e-01
-2.033644485473632812e+01 -8.638163566589355469e+00 -3.620673656463623047e+00 1.220993474125862122e-01 -3.630847036838531494e-01 1.277929544448852539e-01 9.148389101028442383e-01
-2.037589836120605469e+01 -8.569663047790527344e+00 -3.646816253662109375e+00 1.118721663951873779e-01 -3.658678829669952393e-01 1.216847449541091919e-01 9.158701896667480469e-01
-2.041732406616210938e+01 -8.500917434692382812e+00 -3.672851562500000000e+00 1.022228449583053589e-01 -3.686321377754211426e-01 1.160501912236213684e-01 9.166205525398254395e-01
-2.046345710754394531e+01 -8.425600051879882812e+00 -3.701406240463256836e+00 9.332416951656341553e-02 -3.713598847389221191e-01 1.109487712383270264e-01 9.171002507209777832e-01
-2.051476478576660156e+01 -8.344003677368164062e+00 -3.732412099838256836e+00 8.534896373748779297e-02 -3.740368485450744629e-01 1.064405068755149841e-01 9.173234701156616211e-01
-2.057165908813476562e+01 -8.256352424621582031e+00 -3.765771389007568359e+00 7.846955955028533936e-02 -3.766494393348693848e-01 1.025855094194412231e-01 9.173079133033752441e-01
-2.063435554504394531e+01 -8.162856101989746094e+00 -3.801464796066284180e+00 7.268054783344268799e-02 -3.773219585418701172e-01 9.941706061363220215e-02 9.178572297096252441e-01
-2.070312500000000000e+01 -8.063686370849609375e+00 -3.839413881301879883e+00 6.808124482631683350e-02 -3.778377175331115723e-01 9.691620618104934692e-02 9.182651042938232422e-01
-2.077921867370605469e+01 -7.959731101989746094e+00 -3.879228353500366211e+00 6.460620462894439697e-02 -3.782174289226531982e-01 9.501394629478454590e-02 9.185585975646972656e-01
-2.086144447326660156e+01 -7.850251197814941406e+00 -3.921269416809082031e+00 6.218976154923439026e-02 -3.784777522087097168e-01 9.363996237516403198e-02 9.187592864036560059e-01
-2.095359420776367188e+01 -7.737883090972900391e+00 -3.964413881301879883e+00 6.076606363058090210e-02 -3.786320984363555908e-01 9.272331744432449341e-02 9.188837409019470215e-01
-2.105412101745605469e+01 -7.621870040893554688e+00 -4.009033203125000000e+00 6.026904657483100891e-02 -3.786917030811309814e-01 9.219298511743545532e-02 9.189453721046447754e-01
-2.116411972045898438e+01 -7.503078460693359375e+00 -4.054794788360595703e+00 6.063230335712432861e-02 -3.786660134792327881e-01 9.197865426540374756e-02 9.189535379409790039e-01
-2.128304672241210938e+01 -7.388195514678955078e+00 -4.099111080169677734e+00 6.178885698318481445e-02 -3.785637915134429932e-01 9.201098233461380005e-02 9.189153313636779785e-01
-2.141171836853027344e+01 -7.278908729553222656e+00 -4.141396522521972656e+00 6.367088109254837036e-02 -3.783934414386749268e-01 9.222228825092315674e-02 9.188358783721923828e-01
-2.154906272888183594e+01 -7.174936294555664062e+00 -4.181728363037109375e+00 6.620939075946807861e-02 -3.781636357307434082e-01 9.254691004753112793e-02 9.187184572219848633e-01
-2.169513702392578125e+01 -7.077155590057373047e+00 -4.219696998596191406e+00 6.933391839265823364e-02 -3.778835833072662354e-01 9.292162954807281494e-02 9.185654520988464355e-01
-2.184726524353027344e+01 -6.987807273864746094e+00 -4.254374980926513672e+00 7.297216355800628662e-02 -3.775635063648223877e-01 9.328609704971313477e-02 9.183782339096069336e-01
-2.200501823425292969e+01 -6.907412052154541016e+00 -4.285459041595458984e+00 7.704959064722061157e-02 -3.772147297859191895e-01 9.358313679695129395e-02 9.181582331657409668e-01
-2.216804695129394531e+01 -6.836752891540527344e+00 -4.312460899353027344e+00 8.148918300867080688e-02 -3.768498599529266357e-01 9.375888109207153320e-02 9.179067611694335938e-01
-2.233613204956054688e+01 -6.777224063873291016e+00 -4.334560394287109375e+00 8.621118217706680298e-02 -3.764823675155639648e-01 9.376302361488342285e-02 9.176257252693176270e-01
-2.251021385192871094e+01 -6.735846996307373047e+00 -4.347861289978027344e+00 9.113289415836334229e-02 -3.761270344257354736e-01 9.354864805936813354e-02 9.173177480697631836e-01
-2.268072128295898438e+01 -6.759919166564941406e+00 -4.338144302368164062e+00 9.616856276988983154e-02 -3.757991790771484375e-01 9.307213127613067627e-02 9.169863462448120117e-01
-2.269212913513183594e+01 -6.930182933807373047e+00 -4.354003906250000000e+00 1.012295112013816833e-01 -3.755146563053131104e-01 9.229262173175811768e-02 9.166369438171386719e-01
-2.265677642822265625e+01 -7.088778972625732422e+00 -4.432070255279541016e+00 1.061559617519378662e-01 -3.725418448448181152e-01 9.099515527486801147e-02 9.174221754074096680e-01
-2.261513710021972656e+01 -7.247165203094482422e+00 -4.507519245147705078e+00 1.109117045998573303e-01 -3.668259382247924805e-01 8.906097710132598877e-02 9.193505644798278809e-01
-2.257140541076660156e+01 -7.408359050750732422e+00 -4.575234413146972656e+00 1.154967248439788818e-01 -3.602940440177917480e-01 8.655253797769546509e-02 9.216058850288391113e-01
-2.252695274353027344e+01 -7.571552753448486328e+00 -4.637236118316650391e+00 1.198973506689071655e-01 -3.529950678348541260e-01 8.351020514965057373e-02 9.241456389427185059e-01
-2.248470687866210938e+01 -7.737931728363037109e+00 -4.691308498382568359e+00 1.241120174527168274e-01 -3.449971377849578857e-01 7.999604195356369019e-02 9.269163012504577637e-01
-2.244771385192871094e+01 -7.908505916595458984e+00 -4.734335899353027344e+00 1.281391680240631104e-01 -3.363687694072723389e-01 7.607230544090270996e-02 9.298653006553649902e-01
-2.241745948791503906e+01 -8.082841873168945312e+00 -4.765038967132568359e+00 1.319774240255355835e-01 -3.271788656711578369e-01 7.180152088403701782e-02 9.329418540000915527e-01
-2.239468765258789062e+01 -8.260268211364746094e+00 -4.782724380493164062e+00 1.356257349252700806e-01 -3.174990117549896240e-01 6.724674999713897705e-02 9.360972046852111816e-01
-2.238449096679687500e+01 -8.439526557922363281e+00 -4.779814243316650391e+00 1.390833705663681030e-01 -3.074007928371429443e-01 6.247123330831527710e-02 9.392858147621154785e-01
-2.238259696960449219e+01 -8.617851257324218750e+00 -4.763847351074218750e+00 1.423501670360565186e-01 -2.969580888748168945e-01 5.753873661160469055e-02 9.424657225608825684e-01
-2.238761711120605469e+01 -8.795302391052246094e+00 -4.737070083618164062e+00 1.454263776540756226e-01 -2.862461507320404053e-01 5.251328647136688232e-02 9.455984830856323242e-01
-2.240714836120605469e+01 -8.966820716857910156e+00 -4.688291072845458984e+00 1.483130455017089844e-01 -2.753416001796722412e-01 4.745923355221748352e-02 9.486504793167114258e-01
-2.243021392822265625e+01 -9.136093139648437500e+00 -4.634335994720458984e+00 1.510116606950759888e-01 -2.643225789070129395e-01 4.244111105799674988e-02 9.515922069549560547e-01
-2.246470642089843750e+01 -9.297397613525390625e+00 -4.563622951507568359e+00 1.535245925188064575e-01 -2.532688081264495850e-01 3.752360492944717407e-02 9.543988108634948730e-01
-2.250169944763183594e+01 -9.456191062927246094e+00 -4.489247798919677734e+00 1.558548808097839355e-01 -2.422609925270080566e-01 3.277193754911422729e-02 9.570500254631042480e-01
-2.254869079589843750e+01 -9.605126380920410156e+00 -4.400732517242431641e+00 1.580060869455337524e-01 -2.313810288906097412e-01 2.825037017464637756e-02 9.595305323600769043e-01
-2.259560585021972656e+01 -9.754042625427246094e+00 -4.312129020690917969e+00 1.599826514720916748e-01 -2.207122296094894409e-01 2.402422577142715454e-02 9.618287086486816406e-01
-2.264954948425292969e+01 -9.890434265136718750e+00 -4.214794635772705078e+00 1.617895662784576416e-01 -2.103375047445297241e-01 2.015805803239345551e-02 9.639377593994140625e-01
-2.270318222045898438e+01 -1.002310562133789062e+01 -4.118164062500000000e+00 1.634323000907897949e-01 -2.003409266471862793e-01 1.671614497900009155e-02 9.658539891242980957e-01
-2.275777244567871094e+01 -1.015022945404052734e+01 -4.020898342132568359e+00 1.649170219898223877e-01 -1.908070445060729980e-01 1.376351900398731232e-02 9.675772190093994141e-01
-2.281603431701660156e+01 -1.026795387268066406e+01 -3.919707059860229492e+00 1.662501692771911621e-01 -1.818199157714843750e-01 1.136439852416515350e-02 9.691095352172851562e-01
-2.287292861938476562e+01 -1.038323688507080078e+01 -3.820546865463256836e+00 1.674383729696273804e-01 -1.734643280506134033e-01 9.582636877894401550e-03 9.704548120498657227e-01
-2.293120956420898438e+01 -1.049198722839355469e+01 -3.720400333404541016e+00 1.678534746170043945e-01 -1.658133715391159058e-01 8.353823795914649963e-03 9.717310667037963867e-01
-2.299164009094238281e+01 -1.059280204772949219e+01 -3.618535041809082031e+00 1.683012694120407104e-01 -1.588618904352188110e-01 7.784839719533920288e-03 9.728190898895263672e-01
-2.305058479309082031e+01 -1.069137191772460938e+01 -3.518886566162109375e+00 1.687666177749633789e-01 -1.525962948799133301e-01 7.810201495885848999e-03 9.737408161163330078e-01
-2.311029243469238281e+01 -1.078380870819091797e+01 -3.419345617294311523e+00 1.692380309104919434e-01 -1.470023989677429199e-01 8.365843445062637329e-03 9.745146632194519043e-01
-2.317251968383789062e+01 -1.086716270446777344e+01 -3.318251848220825195e+00 1.697070151567459106e-01 -1.420641690492630005e-01 9.389839135110378265e-03 9.751559495925903320e-01
-2.323314476013183594e+01 -1.094853019714355469e+01 -3.219540834426879883e+00 1.701672971248626709e-01 -1.377656012773513794e-01 1.082050148397684097e-02 9.756774902343750000e-01
-2.329343605041503906e+01 -1.102538108825683594e+01 -3.122187376022338867e+00 1.706146001815795898e-01 -1.340895593166351318e-01 1.259810477495193481e-02 9.760900735855102539e-01
-2.335763549804687500e+01 -1.108937931060791016e+01 -3.022724628448486328e+00 1.710459142923355103e-01 -1.310190409421920776e-01 1.466280128806829453e-02 9.764026999473571777e-01
-2.342011642456054688e+01 -1.115172863006591797e+01 -2.925810575485229492e+00 1.714592576026916504e-01 -1.285362243652343750e-01 1.695586368441581726e-02 9.766229987144470215e-01
-2.348101425170898438e+01 -1.121207523345947266e+01 -2.831318378448486328e+00 1.718531101942062378e-01 -1.266240477561950684e-01 1.941863261163234711e-02 9.767578244209289551e-01
-2.354757690429687500e+01 -1.125251483917236328e+01 -2.734677791595458984e+00 1.722262799739837646e-01 -1.252643913030624390e-01 2.199280261993408203e-02 9.768127799034118652e-01
-2.361222648620605469e+01 -1.129183578491210938e+01 -2.640712738037109375e+00 1.725774109363555908e-01 -1.244401559233665466e-01 2.462020516395568848e-02 9.767934679985046387e-01
-2.367501831054687500e+01 -1.133002376556396484e+01 -2.549413919448852539e+00 1.729048788547515869e-01 -1.241335496306419373e-01 2.724273689091205597e-02 9.767049551010131836e-01
-2.374312400817871094e+01 -1.134004402160644531e+01 -2.459023475646972656e+00 1.732063591480255127e-01 -1.243275627493858337e-01 2.980232983827590942e-02 9.765520691871643066e-01
-2.380939483642578125e+01 -1.134892082214355469e+01 -2.371308565139770508e+00 1.734787374734878540e-01 -1.250049322843551636e-01 3.224071487784385681e-02 9.763397574424743652e-01
-2.387386703491210938e+01 -1.135317802429199219e+01 -2.287177801132202148e+00 1.737177968025207520e-01 -1.261486262083053589e-01 3.449944406747817993e-02 9.760729074478149414e-01
-2.393863296508789062e+01 -1.132179641723632812e+01 -2.212851524353027344e+00 1.739181131124496460e-01 -1.277417093515396118e-01 3.651976585388183594e-02 9.757564663887023926e-01
-2.400123023986816406e+01 -1.129146480560302734e+01 -2.140986204147338867e+00 1.740669310092926025e-01 -1.297685205936431885e-01 3.824190795421600342e-02 9.753965735435485840e-01
-2.405958938598632812e+01 -1.125249958038330078e+01 -2.076650381088256836e+00 1.741291880607604980e-01 -1.322127580642700195e-01 3.960248082876205444e-02 9.750028252601623535e-01
-2.410929679870605469e+01 -1.119623470306396484e+01 -2.027431488037109375e+00 1.742096394300460815e-01 -1.350535899400711060e-01 4.055701568722724915e-02 9.745597243309020996e-01
-2.415525245666503906e+01 -1.114432144165039062e+01 -1.981982350349426270e+00 1.741705685853958130e-01 -1.382831186056137085e-01 4.103512689471244812e-02 9.740936756134033203e-01
-2.419747924804687500e+01 -1.109675312042236328e+01 -1.940312504768371582e+00 1.740470081567764282e-01 -1.419000625610351562e-01 4.101961106061935425e-02 9.735961556434631348e-01
-2.422935485839843750e+01 -1.104255867004394531e+01 -1.912431597709655762e+00 1.738292574882507324e-01 -1.459085047245025635e-01 4.049507528543472290e-02 9.730643033981323242e-01
-2.425701141357421875e+01 -1.099191379547119141e+01 -1.889052748680114746e+00 1.735061556100845337e-01 -1.503124535083770752e-01 3.944640234112739563e-02 9.724946022033691406e-01
-2.428171730041503906e+01 -1.094693374633789062e+01 -1.868251919746398926e+00 1.730649918317794800e-01 -1.551150977611541748e-01 3.785874322056770325e-02 9.718819260597229004e-01
-2.430349540710449219e+01 -1.090761184692382812e+01 -1.850029230117797852e+00 1.724913716316223145e-01 -1.603201776742935181e-01 3.571780398488044739e-02 9.712200164794921875e-01
-2.432232284545898438e+01 -1.087395954132080078e+01 -1.834374904632568359e+00 1.717693358659744263e-01 -1.659315526485443115e-01 3.300990536808967590e-02 9.705010652542114258e-01
-2.433820343017578125e+01 -1.084596157073974609e+01 -1.821308493614196777e+00 1.708810031414031982e-01 -1.719532161951065063e-01 2.972193248569965363e-02 9.697155952453613281e-01
-2.435066413879394531e+01 -1.082317829132080078e+01 -1.811425685882568359e+00 1.698067039251327515e-01 -1.783897131681442261e-01 2.584210038185119629e-02 9.688523411750793457e-01
-2.435851478576660156e+01 -1.080454540252685547e+01 -1.806191325187683105e+00 1.685246229171752930e-01 -1.852459460496902466e-01 2.135865762829780579e-02 9.678983092308044434e-01
-2.436417961120605469e+01 -1.079225063323974609e+01 -1.802548766136169434e+00 1.666572839021682739e-01 -1.925329566001892090e-01 1.619108766317367554e-02 9.668992161750793457e-01
-2.436771392822265625e+01 -1.078629875183105469e+01 -1.800478458404541016e+00 1.640075147151947021e-01 -2.002521008253097534e-01 1.028613187372684479e-02 9.658648371696472168e-01
-2.437128829956054688e+01 -1.078087425231933594e+01 -1.798447251319885254e+00 1.608245819807052612e-01 -2.083978801965713501e-01 3.681749105453491211e-03 9.647238850593566895e-01
-2.437484359741210938e+01 -1.077595710754394531e+01 -1.796484351158142090e+00 1.570597738027572632e-01 -2.169689685106277466e-01 -3.640923649072647095e-03 9.634539484977722168e-01
-2.437841796875000000e+01 -1.077155208587646484e+01 -1.794560551643371582e+00 1.526639014482498169e-01 -2.259643375873565674e-01 -1.169982179999351501e-02 9.620274901390075684e-01
-2.438204956054687500e+01 -1.076763629913330078e+01 -1.792695283889770508e+00 1.475876122713088989e-01 -2.353804558515548706e-01 -2.051268145442008972e-02 9.604130387306213379e-01
-2.438570213317871094e+01 -1.076420879364013672e+01 -1.790878891944885254e+00 1.417814046144485474e-01 -2.452120333909988403e-01 -3.009642660617828369e-02 9.585735797882080078e-01
-2.438941383361816406e+01 -1.076124954223632812e+01 -1.789101481437683105e+00 1.351957023143768311e-01 -2.554524540901184082e-01 -4.046632722020149231e-02 9.564667344093322754e-01
-2.439320182800292969e+01 -1.075874996185302734e+01 -1.787373065948486328e+00 1.277810633182525635e-01 -2.660929262638092041e-01 -5.163683369755744934e-02 9.540441036224365234e-01
-2.439708900451660156e+01 -1.075667953491210938e+01 -1.785673737525939941e+00 1.194883510470390320e-01 -2.771211862564086914e-01 -6.362102925777435303e-02 9.512512087821960449e-01
-2.440103530883789062e+01 -1.075501918792724609e+01 -1.784042954444885254e+00 1.102994233369827271e-01 -2.884986996650695801e-01 -7.640461623668670654e-02 9.480320811271667480e-01
-2.440501976013183594e+01 -1.075373554229736328e+01 -1.782480478286743164e+00 1.003200113773345947e-01 -3.000847995281219482e-01 -8.987049758434295654e-02 9.443560242652893066e-01
-2.440902328491210938e+01 -1.075281238555908203e+01 -1.781035065650939941e+00 8.968932181596755981e-02 -3.117175102233886719e-01 -1.038760989904403687e-01 9.402115941047668457e-01
-2.441300773620605469e+01 -1.075222587585449219e+01 -1.779716730117797852e+00 7.854921370744705200e-02 -3.232390880584716797e-01 -1.182795912027359009e-01 9.356048703193664551e-01
-2.442048835754394531e+01 -1.074239253997802734e+01 -1.775996088981628418e+00 6.704475730657577515e-02 -3.344978392124176025e-01 -1.329386979341506958e-01 9.305608868598937988e-01
-2.443140602111816406e+01 -1.072330093383789062e+01 -1.769882798194885254e+00 5.532268434762954712e-02 -3.453479111194610596e-01 -1.477145850658416748e-01 9.251241087913513184e-01
-2.444568252563476562e+01 -1.069495582580566406e+01 -1.761415958404541016e+00 4.353155940771102905e-02 -3.556513190269470215e-01 -1.624699234962463379e-01 9.193587899208068848e-01
-2.446330070495605469e+01 -1.065736770629882812e+01 -1.750585913658142090e+00 3.182099014520645142e-02 -3.652779161930084229e-01 -1.770702004432678223e-01 9.133484959602355957e-01
-2.448423767089843750e+01 -1.061055183410644531e+01 -1.737412095069885254e+00 2.034065872430801392e-02 -3.741050958633422852e-01 -1.913855075836181641e-01 9.071953296661376953e-01
-2.450839805603027344e+01 -1.055452632904052734e+01 -1.721904277801513672e+00 9.239777922630310059e-03 -3.820188045501708984e-01 -2.052898705005645752e-01 9.010173678398132324e-01
-2.453540992736816406e+01 -1.048913574218750000e+01 -1.704404234886169434e+00 -1.333177089691162109e-03 -3.889117836952209473e-01 -2.186621725559234619e-01 8.949484229087829590e-01
-2.455888557434082031e+01 -1.041103458404541016e+01 -1.691357374191284180e+00 -1.123137027025222778e-02 -3.946844339370727539e-01 -2.313851118087768555e-01 8.891337513923645020e-01
-2.458478546142578125e+01 -1.032321739196777344e+01 -1.677080035209655762e+00 -1.834724843502044678e-02 -3.941065073013305664e-01 -2.446612417697906494e-01 8.857111334800720215e-01
-2.461285018920898438e+01 -1.022589778900146484e+01 -1.661308526992797852e+00 -2.483351528644561768e-02 -3.934435546398162842e-01 -2.568061053752899170e-01 8.824035525321960449e-01
-2.464304542541503906e+01 -1.011911582946777344e+01 -1.643974542617797852e+00 -3.067749738693237305e-02 -3.927456140518188477e-01 -2.676468789577484131e-01 8.793036341667175293e-01
-2.466742134094238281e+01 -1.000040054321289062e+01 -1.631328105926513672e+00 -3.585348278284072876e-02 -3.920290470123291016e-01 -2.770215570926666260e-01 8.765197396278381348e-01
-2.469201087951660156e+01 -9.871723175048828125e+00 -1.618593692779541016e+00 -4.032897949218750000e-02 -3.913120329380035400e-01 -2.847718596458435059e-01 8.741586804389953613e-01
-2.471790885925292969e+01 -9.733495712280273438e+00 -1.604892492294311523e+00 -4.405986517667770386e-02 -3.906168639659881592e-01 -2.907475531101226807e-01 8.723204731941223145e-01
-2.473847579956054688e+01 -9.584530830383300781e+00 -1.593906164169311523e+00 -4.698430001735687256e-02 -3.899723887443542480e-01 -2.948082089424133301e-01 8.710924386978149414e-01
-2.475597572326660156e+01 -9.425302505493164062e+00 -1.584355473518371582e+00 -4.901690781116485596e-02 -3.894158005714416504e-01 -2.968226373195648193e-01 8.705452084541320801e-01
-2.477429580688476562e+01 -9.256259918212890625e+00 -1.574560523033142090e+00 -4.651372134685516357e-02 -3.808708488941192627e-01 -2.988821268081665039e-01 8.737523555755615234e-01
-2.478249931335449219e+01 -9.076611518859863281e+00 -1.567822217941284180e+00 -4.222273081541061401e-02 -3.704636096954345703e-01 -2.994115948677062988e-01 8.782520890235900879e-01
-2.478947257995605469e+01 -8.887119293212890625e+00 -1.561230421066284180e+00 -3.629901260137557983e-02 -3.583604395389556885e-01 -2.985078990459442139e-01 8.838287591934204102e-01
-2.478941345214843750e+01 -8.687807083129882812e+00 -1.555224537849426270e+00 -2.889858931303024292e-02 -3.447253406047821045e-01 -2.962655723094940186e-01 8.902561068534851074e-01
-2.478162002563476562e+01 -8.478632926940917969e+00 -1.549892544746398926e+00 -2.017889171838760376e-02 -3.297244310379028320e-01 -2.927784025669097900e-01 8.973044753074645996e-01
-2.476753807067871094e+01 -8.259975433349609375e+00 -1.544970631599426270e+00 -1.029996573925018311e-02 -3.135282695293426514e-01 -2.881442904472351074e-01 9.047468304634094238e-01
-2.474322128295898438e+01 -8.032035827636718750e+00 -1.540878891944885254e+00 5.761235952377319336e-04 -2.963141798973083496e-01 -2.824649512767791748e-01 9.123657345771789551e-01
-2.471076202392578125e+01 -7.795107364654541016e+00 -1.537255883216857910e+00 1.228479295969009399e-02 -2.782680392265319824e-01 -2.758491337299346924e-01 9.199582338333129883e-01
-2.466876983642578125e+01 -7.549340724945068359e+00 -1.534218668937683105e+00 2.465929090976715088e-02 -2.595859169960021973e-01 -2.684127390384674072e-01 9.273411631584167480e-01
-2.461523437500000000e+01 -7.295566082000732422e+00 -1.531640648841857910e+00 3.753145039081573486e-02 -2.404731959104537964e-01 -2.602805197238922119e-01 9.343543052673339844e-01
-2.455496025085449219e+01 -7.032848834991455078e+00 -1.529287099838256836e+00 5.073249712586402893e-02 -2.211448699235916138e-01 -2.515855431556701660e-01 9.408644437789916992e-01
-2.447947120666503906e+01 -6.763503074645996094e+00 -1.527070283889770508e+00 6.409391015768051147e-02 -2.018247544765472412e-01 -2.424694895744323730e-01 9.467667937278747559e-01
-2.439660072326660156e+01 -6.485812664031982422e+00 -1.524677753448486328e+00 7.744877040386199951e-02 -1.827442944049835205e-01 -2.330811917781829834e-01 9.519870281219482422e-01
-2.430404281616210938e+01 -6.200463771820068359e+00 -1.521972656250000000e+00 9.063264727592468262e-02 -1.641402244567871094e-01 -2.235774993896484375e-01 9.564815163612365723e-01
-2.419997978210449219e+01 -5.908361911773681641e+00 -1.518290996551513672e+00 1.034845337271690369e-01 -1.462548077106475830e-01 -2.141200453042984009e-01 9.602359533309936523e-01
-2.408843612670898438e+01 -5.608252048492431641e+00 -1.513730406761169434e+00 1.158478111028671265e-01 -1.293320208787918091e-01 -2.048755288124084473e-01 9.632645249366760254e-01
-2.396839714050292969e+01 -5.300598144531250000e+00 -1.507910132408142090e+00 1.275705546140670776e-01 -1.136180460453033447e-01 -1.960140168666839600e-01 9.656061530113220215e-01
-2.383945274353027344e+01 -4.985744476318359375e+00 -1.499814391136169434e+00 1.385058015584945679e-01 -9.935866296291351318e-02 -1.877073794603347778e-01 9.673209786415100098e-01
-2.370376968383789062e+01 -4.662885665893554688e+00 -1.490283131599426270e+00 1.485111564397811890e-01 -8.679904043674468994e-02 -1.801283955574035645e-01 9.684855341911315918e-01
-2.356109237670898438e+01 -4.332182407379150391e+00 -1.479238271713256836e+00 1.574486643075942993e-01 -7.618191093206405640e-02 -1.734490096569061279e-01 9.691861271858215332e-01
-2.340964698791503906e+01 -3.994621515274047852e+00 -1.465996026992797852e+00 1.641628444194793701e-01 -6.749235093593597412e-02 -1.678686589002609253e-01 9.696986079216003418e-01
-2.325085830688476562e+01 -3.649924278259277344e+00 -1.450449228286743164e+00 1.657083779573440552e-01 -6.011081114411354065e-02 -1.634930521249771118e-01 9.706685543060302734e-01
-2.308410072326660156e+01 -3.297980785369873047e+00 -1.433769464492797852e+00 1.668056249618530273e-01 -5.463618785142898560e-02 -1.598895788192749023e-01 9.714041352272033691e-01
-2.290863227844238281e+01 -2.939208984375000000e+00 -1.416035175323486328e+00 1.675442308187484741e-01 -5.084332078695297241e-02 -1.569765806198120117e-01 9.719579219818115234e-01
-2.272320175170898438e+01 -2.574267625808715820e+00 -1.397490143775939941e+00 1.679959297180175781e-01 -4.850760102272033691e-02 -1.546593755483627319e-01 9.723707437515258789e-01
-2.252583885192871094e+01 -2.204311370849609375e+00 -1.378525376319885254e+00 1.682190299034118652e-01 -4.740549996495246887e-02 -1.528341323137283325e-01 9.726750850677490234e-01
-2.231259727478027344e+01 -1.831713795661926270e+00 -1.360048770904541016e+00 1.682626157999038696e-01 -4.731583595275878906e-02 -1.513869464397430420e-01 9.728981256484985352e-01
-2.207326126098632812e+01 -1.463349580764770508e+00 -1.345214843750000000e+00 1.681698262691497803e-01 -4.801876842975616455e-02 -1.501985490322113037e-01 9.730639457702636719e-01
-2.178718757629394531e+01 -1.117077589035034180e+00 -1.344277262687683105e+00 1.679807454347610474e-01 -4.929632693529129028e-02 -1.491445749998092651e-01 9.731948375701904297e-01
-2.144845581054687500e+01 -8.078881502151489258e-01 -1.370585918426513672e+00 1.677343249320983887e-01 -5.093079805374145508e-02 -1.480969637632369995e-01 9.733131527900695801e-01
-2.109416007995605469e+01 -5.216015577316284180e-01 -1.418808579444885254e+00 1.674699485301971436e-01 -5.270545184612274170e-02 -1.469267457723617554e-01 9.734415411949157715e-01
-2.073818397521972656e+01 -2.415209859609603882e-01 -1.474287033081054688e+00 1.672277003526687622e-01 -5.440315604209899902e-02 -1.455051153898239136e-01 9.736033082008361816e-01
-2.037882804870605469e+01 3.126464784145355225e-02 -1.530361294746398926e+00 1.670484393835067749e-01 -5.580555647611618042e-02 -1.437034457921981812e-01 9.738223552703857422e-01
-2.001425743103027344e+01 2.946166992187500000e-01 -1.584160089492797852e+00 1.669728159904479980e-01 -5.669172480702400208e-02 -1.413958370685577393e-01 9.741218090057373047e-01
-1.964478492736816406e+01 5.487865805625915527e-01 -1.634296894073486328e+00 1.670392453670501709e-01 -5.683941394090652466e-02 -1.384601145982742310e-01 9.745234251022338867e-01
-1.926990127563476562e+01 7.928808331489562988e-01 -1.679648399353027344e+00 1.672818362712860107e-01 -5.602090433239936829e-02 -1.347778439521789551e-01 9.750453233718872070e-01
-1.888939476013183594e+01 1.025988698005676270e+00 -1.719228506088256836e+00 1.677266359329223633e-01 -5.400532856583595276e-02 -1.302350759506225586e-01 9.756997227668762207e-01
-1.849625015258789062e+01 1.233994126319885254e+00 -1.757246017456054688e+00 1.683878451585769653e-01 -5.055562034249305725e-02 -1.247243806719779968e-01 9.764903783798217773e-01
-1.809042930603027344e+01 1.411845684051513672e+00 -1.797402262687683105e+00 1.692627519369125366e-01 -4.542991146445274353e-02 -1.181428506970405579e-01 9.774090051651000977e-01
-1.766892623901367188e+01 1.556416034698486328e+00 -1.841484308242797852e+00 1.675709038972854614e-01 -3.806957602500915527e-02 -1.105010136961936951e-01 9.789077639579772949e-01
-1.723673820495605469e+01 1.674355387687683105e+00 -1.889492154121398926e+00 1.640002727508544922e-01 -2.844449132680892944e-02 -1.016318127512931824e-01 9.807986617088317871e-01
-1.679699134826660156e+01 1.773393511772155762e+00 -1.940947175025939941e+00 1.603650003671646118e-01 -1.689446158707141876e-02 -9.146072715520858765e-02 9.826661348342895508e-01
-1.635025405883789062e+01 1.853432536125183105e+00 -1.995995998382568359e+00 1.566551476716995239e-01 -3.608151338994503021e-03 -8.002748340368270874e-02 9.843991398811340332e-01
-1.589355468750000000e+01 1.914274811744689941e+00 -2.055615186691284180e+00 1.528610140085220337e-01 1.122289523482322693e-02 -6.737381964921951294e-02 9.858845472335815430e-01
-1.542851543426513672e+01 1.969042897224426270e+00 -2.117500066757202148e+00 1.489735543727874756e-01 2.740377932786941528e-02 -5.354427546262741089e-02 9.870101213455200195e-01
-1.495464801788330078e+01 2.004421234130859375e+00 -2.184238195419311523e+00 1.449851691722869873e-01 4.473672062158584595e-02 -3.858665004372596741e-02 9.876685142517089844e-01
-1.447308540344238281e+01 2.037136077880859375e+00 -2.252714872360229492e+00 1.408899873495101929e-01 6.302050501108169556e-02 -2.255270443856716156e-02 9.877600073814392090e-01
-1.398380851745605469e+01 2.056450128555297852e+00 -2.325136661529541016e+00 1.366842985153198242e-01 8.205130696296691895e-02 -5.498161539435386658e-03 9.871953725814819336e-01
-1.348697280883789062e+01 2.070222139358520508e+00 -2.399941444396972656e+00 1.323667466640472412e-01 1.016231924295425415e-01 1.251772046089172363e-02 9.858981370925903320e-01
-1.299798774719238281e+01 2.081799268722534180e+00 -2.474335908889770508e+00 1.279386579990386963e-01 1.215286105871200562e-01 3.143152967095375061e-02 9.838061332702636719e-01
-1.251706981658935547e+01 2.086215734481811523e+00 -2.549824237823486328e+00 1.234041303396224976e-01 1.415601074695587158e-01 5.117642879486083984e-02 9.808737039566040039e-01
-1.204398441314697266e+01 2.090783596038818359e+00 -2.624228477478027344e+00 1.187698170542716980e-01 1.615105420351028442e-01 7.168269157409667969e-02 9.770719408988952637e-01
-1.157888603210449219e+01 2.094518899917602539e+00 -2.698398351669311523e+00 1.140453368425369263e-01 1.811749339103698730e-01 9.287822991609573364e-02 9.723902940750122070e-01
-1.112195301055908203e+01 2.096804141998291016e+00 -2.772890567779541016e+00 1.092427968978881836e-01 2.003514021635055542e-01 1.146894842386245728e-01 9.668359160423278809e-01
-1.067292976379394531e+01 2.099348068237304688e+00 -2.846269369125366211e+00 1.043766885995864868e-01 2.188423573970794678e-01 1.370421648025512695e-01 9.604337811470031738e-01
-1.023191356658935547e+01 2.102509737014770508e+00 -2.918857336044311523e+00 9.946370869874954224e-02 2.364557534456253052e-01 1.598623543977737427e-01 9.532259702682495117e-01
-9.799179077148437500e+00 2.107639074325561523e+00 -2.992011547088623047e+00 9.452240169048309326e-02 2.530055940151214600e-01 1.830773800611495972e-01 9.452705383300781250e-01
-9.374491691589355469e+00 2.113019943237304688e+00 -3.063955068588256836e+00 8.957286179065704346e-02 2.683129608631134033e-01 2.066164314746856689e-01 9.366399645805358887e-01
-8.957812309265136719e+00 2.118657112121582031e+00 -3.134677648544311523e+00 8.463631570339202881e-02 2.822065949440002441e-01 2.304114699363708496e-01 9.274193644523620605e-01
-8.549472808837890625e+00 2.128535032272338867e+00 -3.205497980117797852e+00 7.973503321409225464e-02 2.945223450660705566e-01 2.543979585170745850e-01 9.177039265632629395e-01
-8.147890090942382812e+00 2.141013145446777344e+00 -3.274472475051879883e+00 7.063097506761550903e-02 2.968373596668243408e-01 2.825269103050231934e-01 9.094378948211669922e-01
-7.754550457000732422e+00 2.153696298599243164e+00 -3.342050790786743164e+00 6.146942079067230225e-02 2.988689839839935303e-01 3.103597462177276611e-01 9.003197550773620605e-01
-7.369511604309082031e+00 2.166530609130859375e+00 -3.408222675323486328e+00 5.234206467866897583e-02 3.006017208099365234e-01 3.376256525516510010e-01 8.904536962509155273e-01
-6.993574142456054688e+00 2.188498497009277344e+00 -3.474960803985595703e+00 4.333872348070144653e-02 3.020312190055847168e-01 3.640758097171783447e-01 8.799702525138854980e-01
-6.626093387603759766e+00 2.211164474487304688e+00 -3.540439367294311523e+00 3.454473614692687988e-02 3.031629920005798340e-01 3.894899785518646240e-01 8.690203428268432617e-01
-6.267070293426513672e+00 2.233542442321777344e+00 -3.604482412338256836e+00 2.603819966316223145e-02 3.040117025375366211e-01 4.136824607849121094e-01 8.577678799629211426e-01
-5.916543006896972656e+00 2.255558967590332031e+00 -3.667070150375366211e+00 1.788818836212158203e-02 3.046000003814697266e-01 4.365029335021972656e-01 8.463828563690185547e-01
-5.575898170471191406e+00 2.291425704956054688e+00 -3.730546712875366211e+00 1.015500724315643311e-02 3.049556612968444824e-01 4.578344821929931641e-01 8.350367546081542969e-01
-5.243730545043945312e+00 2.326667547225952148e+00 -3.792558431625366211e+00 2.890080213546752930e-03 3.051111102104187012e-01 4.775895476341247559e-01 8.238973617553710938e-01
-4.919960975646972656e+00 2.360981464385986328e+00 -3.853066205978393555e+00 -3.862872719764709473e-03 3.051003515720367432e-01 4.957059025764465332e-01 8.131263256072998047e-01
-4.604570388793945312e+00 2.394306659698486328e+00 -3.912070274353027344e+00 -1.006682217121124268e-02 3.049587011337280273e-01 5.121396780014038086e-01 8.028771877288818359e-01
-4.300605297088623047e+00 2.446813821792602539e+00 -3.972197294235229492e+00 -1.568962633609771729e-02 3.047211468219757080e-01 5.268604755401611328e-01 7.932949066162109375e-01
-4.004941463470458984e+00 2.498264074325561523e+00 -4.030879020690917969e+00 -1.997315883636474609e-02 3.035506308078765869e-01 5.401874780654907227e-01 7.846371531486511230e-01
-3.717460870742797852e+00 2.548176288604736328e+00 -4.088056564331054688e+00 -2.238163352012634277e-02 3.009623289108276367e-01 5.523197054862976074e-01 7.770867347717285156e-01
-3.438261747360229492e+00 2.596638202667236328e+00 -4.143681526184082031e+00 -2.428533136844635010e-02 2.986586689949035645e-01 5.625753402709960938e-01 7.705336213111877441e-01
-3.174394369125366211e+00 2.673100471496582031e+00 -4.200712680816650391e+00 -2.574837207794189453e-02 2.967245876789093018e-01 5.708923935890197754e-01 7.650967836380004883e-01
-2.906796693801879883e+00 2.750148773193359375e+00 -4.258603572845458984e+00 -2.682305872440338135e-02 2.952308952808380127e-01 5.772042870521545410e-01 7.608906030654907227e-01
-2.635410070419311523e+00 2.827739238739013672e+00 -4.317333698272705078e+00 -2.754668891429901123e-02 2.942360639572143555e-01 5.814353823661804199e-01 7.580231428146362305e-01
-2.363300800323486328e+00 2.914946317672729492e+00 -4.377675533294677734e+00 -2.793924510478973389e-02 2.937877774238586426e-01 5.834992527961730957e-01 7.565955519676208496e-01
-2.091093778610229492e+00 3.013459444046020508e+00 -4.439775466918945312e+00 -2.800063788890838623e-02 2.939235866069793701e-01 5.832943320274353027e-01 7.566985487937927246e-01
-1.814199209213256836e+00 3.113667011260986328e+00 -4.500683307647705078e+00 -3.517693281173706055e-02 2.889163792133331299e-01 5.836264491081237793e-01 7.580699324607849121e-01
-1.549980401992797852e+00 3.243945121765136719e+00 -4.563603401184082031e+00 -4.261346161365509033e-02 2.840273380279541016e-01 5.819335579872131348e-01 7.608324289321899414e-01
-1.311640620231628418e+00 3.427819728851318359e+00 -4.629589557647705078e+00 -5.026993155479431152e-02 2.792490124702453613e-01 5.783652067184448242e-01 7.648441195487976074e-01
-1.070800781250000000e+00 3.614526271820068359e+00 -4.696376800537109375e+00 -5.810507386922836304e-02 2.745708525180816650e-01 5.730658173561096191e-01 7.699546813964843750e-01
-8.399023413658142090e-01 3.819033145904541016e+00 -4.763896465301513672e+00 -6.607717275619506836e-02 2.699808478355407715e-01 5.661760568618774414e-01 7.760081887245178223e-01
-6.060742139816284180e-01 4.025969028472900391e+00 -4.832245826721191406e+00 -7.414399087429046631e-02 2.654663026332855225e-01 5.578365325927734375e-01 7.828465700149536133e-01
-3.999609351158142090e-01 4.265200138092041016e+00 -4.900351524353027344e+00 -8.132822811603546143e-02 2.597997784614562988e-01 5.485449433326721191e-01 7.905619740486145020e-01
-1.954882740974426270e-01 4.511413574218750000e+00 -4.969169616699218750e+00 -8.813396096229553223e-02 2.535486221313476562e-01 5.382102727890014648e-01 7.989212274551391602e-01
-1.296874973922967911e-02 4.780148983001708984e+00 -5.033134460449218750e+00 -9.514495730400085449e-02 2.474993765354156494e-01 5.267400741577148438e-01 8.076114654541015625e-01
1.676562428474426270e-01 5.055380821228027344e+00 -5.096200942993164062e+00 -1.023573279380798340e-01 2.417260706424713135e-01 5.142818093299865723e-01 8.164591789245605469e-01
3.377538919448852539e-01 5.344191551208496094e+00 -5.149472713470458984e+00 -1.097479313611984253e-01 2.362978756427764893e-01 5.010000467300415039e-01 8.252984881401062012e-01
5.121874809265136719e-01 5.636645317077636719e+00 -5.194335937500000000e+00 -1.172752603888511658e-01 2.312754392623901367e-01 4.870767593383789062e-01 8.339751362800598145e-01
6.936327815055847168e-01 5.931372165679931641e+00 -5.227216720581054688e+00 -1.248817220330238342e-01 2.267076224088668823e-01 4.727105200290679932e-01 8.423497080802917480e-01
9.075195193290710449e-01 6.211469650268554688e+00 -5.229980468750000000e+00 -1.324967592954635620e-01 2.226285487413406372e-01 4.581130146980285645e-01 8.503021001815795898e-01
1.150019526481628418e+00 6.471593856811523438e+00 -5.201855182647705078e+00 -1.400405764579772949e-01 2.190555781126022339e-01 4.435058236122131348e-01 8.577329516410827637e-01
1.416640639305114746e+00 6.708483695983886719e+00 -5.143290996551513672e+00 -1.474290043115615845e-01 2.159880101680755615e-01 4.291163682937622070e-01 8.645651936531066895e-01
1.697499990463256836e+00 6.929650783538818359e+00 -5.063457012176513672e+00 -1.545777767896652222e-01 2.134077399969100952e-01 4.151743054389953613e-01 8.707428574562072754e-01
1.980664014816284180e+00 7.153310298919677734e+00 -4.978622913360595703e+00 -1.614061146974563599e-01 2.112796604633331299e-01 4.019083380699157715e-01 8.762297034263610840e-01
2.265136718750000000e+00 7.378962039947509766e+00 -4.884912014007568359e+00 -1.678407341241836548e-01 2.095543891191482544e-01 3.895430564880371094e-01 8.810065984725952148e-01
2.547558546066284180e+00 7.605231761932373047e+00 -4.771327972412109375e+00 -1.738157272338867188e-01 2.081718593835830688e-01 3.782952725887298584e-01 8.850679397583007812e-01
2.813339710235595703e+00 7.829882621765136719e+00 -4.610605239868164062e+00 -1.785155832767486572e-01 2.048890739679336548e-01 3.683425784111022949e-01 8.890873193740844727e-01
3.036113262176513672e+00 8.057128906250000000e+00 -4.388056755065917969e+00 -1.827879101037979126e-01 2.018067538738250732e-01 3.595909774303436279e-01 8.925003409385681152e-01
3.246054649353027344e+00 8.301076889038085938e+00 -4.162812232971191406e+00 -1.866663992404937744e-01 1.989263594150543213e-01 3.519708216190338135e-01 8.953771591186523438e-01
3.479941368103027344e+00 8.557883262634277344e+00 -3.971699237823486328e+00 -1.901827752590179443e-01 1.962471902370452881e-01 3.454082906246185303e-01 8.977809548377990723e-01
3.752519369125366211e+00 8.819148063659667969e+00 -3.840048789978027344e+00 -1.933679431676864624e-01 1.937667727470397949e-01 3.398263454437255859e-01 8.997673392295837402e-01
4.063906192779541016e+00 9.071356773376464844e+00 -3.789033174514770508e+00 -1.962514221668243408e-01 1.914814114570617676e-01 3.351451456546783447e-01 9.013866782188415527e-01
4.392343521118164062e+00 9.314660072326660156e+00 -3.788837909698486328e+00 -1.988616883754730225e-01 1.893860548734664917e-01 3.312827944755554199e-01 9.026841521263122559e-01
4.723046779632568359e+00 9.561930656433105469e+00 -3.797001838684082031e+00 -2.012270390987396240e-01 1.874746829271316528e-01 3.281559050083160400e-01 9.037005901336669922e-01
5.039453029632568359e+00 9.830924987792968750e+00 -3.764218568801879883e+00 -2.033742368221282959e-01 1.857403814792633057e-01 3.256794214248657227e-01 9.044735431671142578e-01
5.334531307220458984e+00 1.011690139770507812e+01 -3.670615196228027344e+00 -2.053302228450775146e-01 1.841760128736495972e-01 3.237674832344055176e-01 9.050378203392028809e-01
5.645781040191650391e+00 1.038841819763183594e+01 -3.568623065948486328e+00 -2.071205675601959229e-01 1.827736198902130127e-01 3.223331570625305176e-01 9.054259061813354492e-01
6.002597332000732422e+00 1.062057304382324219e+01 -3.514111280441284180e+00 -2.087713181972503662e-01 1.815250664949417114e-01 3.212891817092895508e-01 9.056690335273742676e-01
6.384628772735595703e+00 1.082581233978271484e+01 -3.503173828125000000e+00 -2.103077918291091919e-01 1.804218888282775879e-01 3.205477893352508545e-01 9.057967066764831543e-01
6.762753963470458984e+00 1.101719474792480469e+01 -3.517402172088623047e+00 -2.117556333541870117e-01 1.794551014900207520e-01 3.200207948684692383e-01 9.058377742767333984e-01
7.130702972412109375e+00 1.120522689819335938e+01 -3.545712709426879883e+00 -2.131393551826477051e-01 1.786165386438369751e-01 3.196197748184204102e-01 9.058206081390380859e-01
7.486972332000732422e+00 1.139299774169921875e+01 -3.581054687500000000e+00 -2.144845128059387207e-01 1.778968721628189087e-01 3.192564249038696289e-01 9.057728052139282227e-01
7.831816196441650391e+00 1.158034610748291016e+01 -3.619638681411743164e+00 -2.158158719539642334e-01 1.772874593734741211e-01 3.188420236110687256e-01 9.057221412658691406e-01
