8.386308670043945312e+00 4.012980937957763672e+00 -2.552421808242797852e+00 -2.435814589262008667e-02 2.281742393970489502e-01 4.061632454395294189e-01 8.845193982124328613e-01
8.063261985778808594e+00 3.832773447036743164e+00 -2.522148370742797852e+00 -3.556678071618080139e-02 2.342334389686584473e-01 3.842609822750091553e-01 8.923076987266540527e-01
7.744160175323486328e+00 3.658613204956054688e+00 -2.492236375808715820e+00 -4.749292507767677307e-02 2.398000508546829224e-01 3.604260087013244629e-01 9.001852273941040039e-01
7.428788661956787109e+00 3.491027832031250000e+00 -2.463398456573486328e+00 -5.994116514921188354e-02 2.447940558195114136e-01 3.349234461784362793e-01 9.079147577285766602e-01
7.117265701293945312e+00 3.330041408538818359e+00 -2.435927629470825195e+00 -7.255679368972778320e-02 2.486822754144668579e-01 3.080855607986450195e-01 9.154102206230163574e-01
6.809570312500000000e+00 3.175766468048095703e+00 -2.410009622573852539e+00 -8.335531502962112427e-02 2.451886385679244995e-01 2.806237339973449707e-01 9.242211580276489258e-01
6.505097389221191406e+00 3.029526233673095703e+00 -2.386386632919311523e+00 -9.514918923377990723e-02 2.425166368484497070e-01 2.518766820430755615e-01 9.320356249809265137e-01
6.203515529632568359e+00 2.892582893371582031e+00 -2.365898370742797852e+00 -1.075777113437652588e-01 2.408714592456817627e-01 2.223168313503265381e-01 9.386070966720581055e-01
5.905566215515136719e+00 2.764055013656616211e+00 -2.348271369934082031e+00 -1.202121824026107788e-01 2.403751462697982788e-01 1.924837380647659302e-01 9.437790513038635254e-01
5.611328125000000000e+00 2.644269943237304688e+00 -2.333818197250366211e+00 -1.325899660587310791e-01 2.410486787557601929e-01 1.629501283168792725e-01 9.475033283233642578e-01
5.319042682647705078e+00 2.538742542266845703e+00 -2.325546741485595703e+00 -1.442575752735137939e-01 2.428068518638610840e-01 1.342837661504745483e-01 9.498434066772460938e-01
5.030917644500732422e+00 2.443159103393554688e+00 -2.321122884750366211e+00 -1.548084020614624023e-01 2.454713433980941772e-01 1.070113182067871094e-01 9.509609937667846680e-01
4.747382640838623047e+00 2.357011556625366211e+00 -2.320263624191284180e+00 -1.639115661382675171e-01 2.487938851118087769e-01 8.159255981445312500e-02 9.510926604270935059e-01
4.468769550323486328e+00 2.280007362365722656e+00 -2.322802782058715820e+00 -1.713235378265380859e-01 2.524864375591278076e-01 5.840828269720077515e-02 9.505194425582885742e-01
4.192890644073486328e+00 2.212614774703979492e+00 -2.331210851669311523e+00 -1.653465926647186279e-01 2.491631060838699341e-01 3.310077637434005737e-02 9.536679387092590332e-01
3.922968626022338867e+00 2.153173685073852539e+00 -2.341113328933715820e+00 -1.604518890380859375e-01 2.445851266384124756e-01 1.056068763136863708e-02 9.562017321586608887e-01
3.659238100051879883e+00 2.100810527801513672e+00 -2.351913928985595703e+00 -1.565633267164230347e-01 2.390978932380676270e-01 -9.327054023742675781e-03 9.582448601722717285e-01
3.401894569396972656e+00 2.054755926132202148e+00 -2.362939357757568359e+00 -1.535800397396087646e-01 2.329875230789184570e-01 -2.669895067811012268e-02 9.599047303199768066e-01
3.151132822036743164e+00 2.014055013656616211e+00 -2.373320341110229492e+00 -1.513906419277191162e-01 2.264880388975143433e-01 -4.170209541916847229e-02 9.612725377082824707e-01
2.907089710235595703e+00 1.977470636367797852e+00 -2.381884813308715820e+00 -1.498828530311584473e-01 2.197887897491455078e-01 -5.448595434427261353e-02 9.624236226081848145e-01
2.669980525970458984e+00 1.943408131599426270e+00 -2.387089729309082031e+00 -1.489496231079101562e-01 2.130420804023742676e-01 -6.519665569067001343e-02 9.634190797805786133e-01
2.439726591110229492e+00 1.912592768669128418e+00 -2.389472484588623047e+00 -1.484921872615814209e-01 2.063711732625961304e-01 -7.397498935461044312e-02 9.643073081970214844e-01
2.216269493103027344e+00 1.885756850242614746e+00 -2.389970541000366211e+00 -1.484220325946807861e-01 1.998758912086486816e-01 -8.095299452543258667e-02 9.651254415512084961e-01
1.999550700187683105e+00 1.863474130630493164e+00 -2.389697313308715820e+00 -1.486609429121017456e-01 1.936387121677398682e-01 -8.625451475381851196e-02 9.659005999565124512e-01
1.789589762687683105e+00 1.846008300781250000e+00 -2.389892578125000000e+00 -1.491410434246063232e-01 1.877291947603225708e-01 -8.999513834714889526e-02 9.666516780853271484e-01
1.586484313011169434e+00 1.833215236663818359e+00 -2.391523361206054688e+00 -1.498041749000549316e-01 1.822081059217453003e-01 -9.228117763996124268e-02 9.673898220062255859e-01
1.390312433242797852e+00 1.824907183647155762e+00 -2.395429611206054688e+00 -1.506009697914123535e-01 1.771306246519088745e-01 -9.321145713329315186e-02 9.681196808815002441e-01
1.201230406761169434e+00 1.820373535156250000e+00 -2.401992082595825195e+00 -1.514902412891387939e-01 1.725485771894454956e-01 -9.287773072719573975e-02 9.688402414321899414e-01
1.019316434860229492e+00 1.818620562553405762e+00 -2.410956859588623047e+00 -1.524381637573242188e-01 1.685131490230560303e-01 -9.136442095041275024e-02 9.695454835891723633e-01
8.445702791213989258e-01 1.818740248680114746e+00 -2.421416044235229492e+00 -1.534173041582107544e-01 1.650764048099517822e-01 -8.875188231468200684e-02 9.702246785163879395e-01
6.769726276397705078e-01 1.820366144180297852e+00 -2.432997941970825195e+00 -1.544064432382583618e-01 1.622926443815231323e-01 -8.511452376842498779e-02 9.708631634712219238e-01
5.165624618530273438e-01 1.823586344718933105e+00 -2.445663928985595703e+00 -1.553896665573120117e-01 1.602190136909484863e-01 -8.052384108304977417e-02 9.714420437812805176e-01
3.632226586341857910e-01 1.827241182327270508e+00 -2.458339691162109375e+00 -1.563560515642166138e-01 1.589172184467315674e-01 -7.504843920469284058e-02 9.719391465187072754e-01
2.170117199420928955e-01 1.831860303878784180e+00 -2.471435546875000000e+00 -1.572992652654647827e-01 1.584533751010894775e-01 -6.875509023666381836e-02 9.723282456398010254e-01
7.759765535593032837e-02 1.836594223976135254e+00 -2.485048770904541016e+00 -1.552937775850296021e-01 1.586869210004806519e-01 -6.218770146369934082e-02 9.730544686317443848e-01
-7.046874612569808960e-02 1.842417001724243164e+00 -2.499951124191284180e+00 -1.536705493927001953e-01 1.598196327686309814e-01 -5.487801879644393921e-02 9.735663533210754395e-01
-2.271679639816284180e-01 1.849519014358520508e+00 -2.516210794448852539e+00 -1.524013131856918335e-01 1.617694199085235596e-01 -4.690714180469512939e-02 9.738605618476867676e-01
-3.925781250000000000e-01 1.857641577720642090e+00 -2.533613204956054688e+00 -1.514578461647033691e-01 1.644539386034011841e-01 -3.835693746805191040e-02 9.739323854446411133e-01
-5.666601657867431641e-01 1.867404699325561523e+00 -2.552441358566284180e+00 -1.508112996816635132e-01 1.677904129028320312e-01 -2.930958196520805359e-02 9.737778902053833008e-01
-7.494726181030273438e-01 1.878679156303405762e+00 -2.572421789169311523e+00 -1.504336148500442505e-01 1.716964244842529297e-01 -1.984686404466629028e-02 9.733941555023193359e-01
-9.409960508346557617e-01 1.891611337661743164e+00 -2.593486309051513672e+00 -1.502968966960906982e-01 1.760895699262619019e-01 -1.005136221647262573e-02 9.727807044982910156e-01
-1.141230463981628418e+00 1.906433105468750000e+00 -2.616064310073852539e+00 -1.503735631704330444e-01 1.808878928422927856e-01 -6.195157766342163086e-06 9.719399809837341309e-01
-1.349980473518371582e+00 1.923134684562683105e+00 -2.641806602478027344e+00 -1.506368666887283325e-01 1.860100775957107544e-01 1.020541973412036896e-02 9.708783030509948730e-01
-1.566933512687683105e+00 1.941450119018554688e+00 -2.673290967941284180e+00 -1.510604023933410645e-01 1.913752108812332153e-01 2.050022780895233154e-02 9.696061015129089355e-01
-1.791406154632568359e+00 1.960751891136169434e+00 -2.714130878448486328e+00 -1.516185700893402100e-01 1.969034969806671143e-01 3.079468943178653717e-02 9.681386351585388184e-01
-2.021581888198852539e+00 1.979633688926696777e+00 -2.771787166595458984e+00 -1.522865891456604004e-01 2.025159746408462524e-01 4.100544378161430359e-02 9.664959907531738281e-01
-2.252636671066284180e+00 1.996271967887878418e+00 -2.849189281463623047e+00 -1.530403494834899902e-01 2.081348299980163574e-01 5.104896426200866699e-02 9.647033810615539551e-01
-2.480742216110229492e+00 2.008581399917602539e+00 -2.952060461044311523e+00 -1.538568884134292603e-01 2.136832326650619507e-01 6.084220111370086670e-02 9.627906084060668945e-01
-2.706249952316284180e+00 2.018019914627075195e+00 -3.074863195419311523e+00 -1.547139436006546021e-01 2.190857976675033569e-01 7.030240446329116821e-02 9.607926011085510254e-01
-2.928613185882568359e+00 2.026218175888061523e+00 -3.215595722198486328e+00 -1.555901020765304565e-01 2.242682129144668579e-01 7.934728264808654785e-02 9.587489962577819824e-01
-3.149999856948852539e+00 2.035537004470825195e+00 -3.369169950485229492e+00 -1.564643383026123047e-01 2.291574031114578247e-01 8.789493143558502197e-02 9.567027688026428223e-01
-3.371757745742797852e+00 2.049177169799804688e+00 -3.532753944396972656e+00 -1.573171764612197876e-01 2.336812317371368408e-01 9.586417675018310547e-02 9.547011852264404297e-01
-3.597265481948852539e+00 2.073554754257202148e+00 -3.700576066970825195e+00 -1.581284105777740479e-01 2.377688586711883545e-01 1.031741052865982056e-01 9.527940750122070312e-01
-3.835371017456054688e+00 2.121862649917602539e+00 -3.855195283889770508e+00 -1.588798165321350098e-01 2.413498163223266602e-01 1.097446158528327942e-01 9.510328769683837891e-01
-4.079668045043945312e+00 2.250226974487304688e+00 -3.867441415786743164e+00 -1.595353037118911743e-01 2.438727468252182007e-01 1.154443472623825073e-01 9.496037364006042480e-01
-4.239785194396972656e+00 2.431411027908325195e+00 -3.688056468963623047e+00 -1.599885523319244385e-01 2.431704252958297729e-01 1.199840307235717773e-01 9.491446614265441895e-01
-4.410136699676513672e+00 2.622429132461547852e+00 -3.517802715301513672e+00 -1.603894382715225220e-01 2.425857782363891602e-01 1.237518936395645142e-01 9.487426877021789551e-01
-4.601347446441650391e+00 2.820334434509277344e+00 -3.367382764816284180e+00 -1.607603281736373901e-01 2.421204000711441040e-01 1.267174482345581055e-01 9.484073519706726074e-01
-4.807597637176513672e+00 3.022763490676879883e+00 -3.230351448059082031e+00 -1.611196845769882202e-01 2.417764514684677124e-01 1.288514733314514160e-01 9.481465220451354980e-01
-5.025663852691650391e+00 3.229255199432373047e+00 -3.103291034698486328e+00 -1.614821553230285645e-01 2.415558248758316040e-01 1.301260739564895630e-01 9.479669928550720215e-01
-5.252695083618164062e+00 3.440021991729736328e+00 -2.982802629470825195e+00 -1.618593037128448486e-01 2.414615303277969360e-01 1.305149495601654053e-01 9.478732347488403320e-01
-5.487929344177246094e+00 3.655397891998291016e+00 -2.868984222412109375e+00 -1.622588634490966797e-01 2.414973527193069458e-01 1.299930065870285034e-01 9.478675723075866699e-01
-5.730078220367431641e+00 3.875519990921020508e+00 -2.760126829147338867e+00 -1.626855432987213135e-01 2.416678220033645630e-01 1.285367012023925781e-01 9.479495286941528320e-01
-5.978202819824218750e+00 4.100212097167968750e+00 -2.654082059860229492e+00 -1.631412357091903687e-01 2.419788688421249390e-01 1.261237114667892456e-01 9.481160044670104980e-01
-6.232500076293945312e+00 4.329780101776123047e+00 -2.552206993103027344e+00 -1.636243611574172974e-01 2.424372583627700806e-01 1.227327138185501099e-01 9.483606815338134766e-01
-6.492675781250000000e+00 4.564472675323486328e+00 -2.454863309860229492e+00 -1.641311347484588623e-01 2.430509179830551147e-01 1.183436363935470581e-01 9.486738443374633789e-01
-6.758027076721191406e+00 4.803683757781982422e+00 -2.358837842941284180e+00 -1.646552681922912598e-01 2.438292056322097778e-01 1.129372864961624146e-01 9.490422010421752930e-01
-7.029160022735595703e+00 5.048534870147705078e+00 -2.268915891647338867e+00 -1.651876568794250488e-01 2.447822988033294678e-01 1.064952239394187927e-01 9.494490027427673340e-01
-7.305253505706787109e+00 5.298107624053955078e+00 -2.180693387985229492e+00 -1.657175123691558838e-01 2.459211647510528564e-01 9.900002181529998779e-02 9.498733878135681152e-01
-7.586640357971191406e+00 5.552963733673095703e+00 -2.096445322036743164e+00 -1.662220954895019531e-01 2.461901456117630005e-01 9.027853608131408691e-02 9.505842328071594238e-01
-7.873066425323486328e+00 5.813141822814941406e+00 -2.015995979309082031e+00 -1.667251288890838623e-01 2.449575066566467285e-01 8.019522577524185181e-02 9.517180919647216797e-01
-8.164433479309082031e+00 6.078308105468750000e+00 -1.937949180603027344e+00 -1.672568172216415405e-01 2.437268346548080444e-01 6.893499195575714111e-02 9.528223276138305664e-01
-8.460488319396972656e+00 6.349108695983886719e+00 -1.864042878150939941e+00 -1.678176522254943848e-01 2.425237298011779785e-01 5.647559836506843567e-02 9.538499712944030762e-01
-8.761210441589355469e+00 6.624557971954345703e+00 -1.790732383728027344e+00 -1.684075295925140381e-01 2.413727045059204102e-01 4.279556870460510254e-02 9.547495245933532715e-01
-9.066679954528808594e+00 6.905646800994873047e+00 -1.722499966621398926e+00 -1.647358387708663940e-01 2.404148578643798828e-01 2.683686651289463043e-02 9.562126398086547852e-01
-9.376699447631835938e+00 7.191339969635009766e+00 -1.654189467430114746e+00 -1.609045565128326416e-01 2.393811047077178955e-01 9.829133749008178711e-03 9.574495553970336914e-01
-9.686269760131835938e+00 7.479342937469482422e+00 -1.590146422386169434e+00 -1.569841206073760986e-01 2.382521033287048340e-01 -7.981471717357635498e-03 9.583987593650817871e-01
-9.995800971984863281e+00 7.768381118774414062e+00 -1.527089834213256836e+00 -1.530396640300750732e-01 2.370246201753616333e-01 -2.634981647133827209e-02 9.590119123458862305e-01
-1.030458927154541016e+01 8.059511184692382812e+00 -1.466718673706054688e+00 -1.491297036409378052e-01 2.357116490602493286e-01 -4.503282904624938965e-02 9.592561721801757812e-01
-1.061257743835449219e+01 8.352429389953613281e+00 -1.407841801643371582e+00 -1.453046053647994995e-01 2.343418002128601074e-01 -6.379070878028869629e-02 9.591148495674133301e-01
-1.091974544525146484e+01 8.647085189819335938e+00 -1.350410103797912598e+00 -1.416057646274566650e-01 2.329579591751098633e-01 -8.238686621189117432e-02 9.585878849029541016e-01
-1.122472667694091797e+01 8.944794654846191406e+00 -1.294814467430114746e+00 -1.380649209022521973e-01 2.316148281097412109e-01 -1.005898416042327881e-01 9.576921463012695312e-01
-1.152839851379394531e+01 9.244391441345214844e+00 -1.239960908889770508e+00 -1.347042173147201538e-01 2.303773760795593262e-01 -1.181724965572357178e-01 9.564601778984069824e-01
-1.182892513275146484e+01 9.547660827636718750e+00 -1.186376929283142090e+00 -1.315370798110961914e-01 2.293172329664230347e-01 -1.349126845598220825e-01 9.549398422241210938e-01
-1.212509727478027344e+01 9.855453491210937500e+00 -1.133437514305114746e+00 -1.285694390535354614e-01 2.285102456808090210e-01 -1.505922973155975342e-01 9.531919360160827637e-01
-1.241656208038330078e+01 1.016792488098144531e+01 -1.081240177154541016e+00 -1.258016526699066162e-01 2.280337959527969360e-01 -1.649972647428512573e-01 9.512887597084045410e-01
-1.270175743103027344e+01 1.048631858825683594e+01 -1.030195236206054688e+00 -1.232313364744186401e-01 2.279641181230545044e-01 -1.779150366783142090e-01 9.493116140365600586e-01
-1.297921848297119141e+01 1.081165790557861328e+01 -9.807519316673278809e-01 -1.208563297986984253e-01 2.283735275268554688e-01 -1.891340762376785278e-01 9.473476409912109375e-01
-1.324810504913330078e+01 1.114426994323730469e+01 -9.333496093750000000e-01 -1.186783015727996826e-01 2.293281704187393188e-01 -1.984418332576751709e-01 9.454865455627441406e-01
-1.350872993469238281e+01 1.148350524902343750e+01 -8.881835937500000000e-01 -1.167069748044013977e-01 2.308854758739471436e-01 -2.056214064359664917e-01 9.438173174858093262e-01
-1.376255798339843750e+01 1.182789039611816406e+01 -8.451659679412841797e-01 -1.149647533893585205e-01 2.330912798643112183e-01 -2.104495614767074585e-01 9.424237012863159180e-01
-1.401165962219238281e+01 1.217559814453125000e+01 -8.039355278015136719e-01 -1.134912967681884766e-01 2.359770685434341431e-01 -2.126940488815307617e-01 9.413796663284301758e-01
-1.425806617736816406e+01 1.252501392364501953e+01 -7.640526890754699707e-01 -1.123494505882263184e-01 2.395550310611724854e-01 -2.121088504791259766e-01 9.407447576522827148e-01
-1.450341796875000000e+01 1.287483119964599609e+01 -7.252246141433715820e-01 -1.116304248571395874e-01 2.438130229711532593e-01 -2.084321826696395874e-01 9.405582547187805176e-01
-1.475195312500000000e+01 1.322694015502929688e+01 -6.892480254173278809e-01 -1.017033681273460388e-01 2.465884387493133545e-01 -2.040227800607681274e-01 9.419263601303100586e-01
-1.500292968750000000e+01 1.358137512207031250e+01 -6.541991829872131348e-01 -9.091573953628540039e-02 2.496811151504516602e-01 -1.968812942504882812e-01 9.437326788902282715e-01
-1.525662040710449219e+01 1.393802261352539062e+01 -6.201074123382568359e-01 -7.939223945140838623e-02 2.530229091644287109e-01 -1.871822625398635864e-01 9.458535909652709961e-01
-1.551431560516357422e+01 1.429612636566162109e+01 -5.875585675239562988e-01 -6.725776940584182739e-02 2.565431594848632812e-01 -1.751017719507217407e-01 9.481567740440368652e-01
-1.577624988555908203e+01 1.465555286407470703e+01 -5.564648509025573730e-01 -5.463902652263641357e-02 2.601701021194458008e-01 -1.608172208070755005e-01 9.505071640014648438e-01
-1.604261589050292969e+01 1.501619243621826172e+01 -5.268261432647705078e-01 -4.166462272405624390e-02 2.638317346572875977e-01 -1.445099711418151855e-01 9.527716040611267090e-01
-1.631417846679687500e+01 1.537767791748046875e+01 -4.988378882408142090e-01 -2.879992127418518066e-02 2.655061185359954834e-01 -1.265853345394134521e-01 9.553288221359252930e-01
-1.659378814697265625e+01 1.573791122436523438e+01 -4.738574028015136719e-01 -1.634882017970085144e-02 2.625752985477447510e-01 -1.072949618101119995e-01 9.587881565093994141e-01
-1.688173866271972656e+01 1.609633064270019531e+01 -4.521484375000000000e-01 -3.415770828723907471e-03 2.602676451206207275e-01 -8.614167571067810059e-02 9.616801738739013672e-01
-1.718035125732421875e+01 1.645092773437500000e+01 -4.347753822803497314e-01 9.828250855207443237e-03 2.587393522262573242e-01 -6.337071210145950317e-02 9.638160467147827148e-01
-1.749148368835449219e+01 1.679986572265625000e+01 -4.224804639816284180e-01 2.315999940037727356e-02 2.581147253513336182e-01 -3.927110880613327026e-02 9.650378823280334473e-01
-1.781582069396972656e+01 1.714197921752929688e+01 -4.152636528015136719e-01 3.631360083818435669e-02 2.584719657897949219e-01 -1.417033653706312180e-02 9.652319550514221191e-01
-1.815349578857421875e+01 1.747654724121093750e+01 -4.125488102436065674e-01 4.899374768137931824e-02 2.598328888416290283e-01 1.158137619495391846e-02 9.643403887748718262e-01
-1.850455093383789062e+01 1.780283546447753906e+01 -4.130273461341857910e-01 6.089507788419723511e-02 2.621570527553558350e-01 3.762713074684143066e-02 9.623667597770690918e-01
-1.886665916442871094e+01 1.812280273437500000e+01 -4.132519364356994629e-01 7.172207534313201904e-02 2.653425037860870361e-01 6.362344324588775635e-02 9.593754410743713379e-01
-1.923367118835449219e+01 1.844310379028320312e+01 -4.057812392711639404e-01 8.120779693126678467e-02 2.692332267761230469e-01 8.925693482160568237e-02 9.554852247238159180e-01
-1.956281280517578125e+01 1.880435562133789062e+01 -3.861425817012786865e-01 8.912803232669830322e-02 2.736306190490722656e-01 1.142571419477462769e-01 9.508563280105590820e-01
-1.935496139526367188e+01 1.917456626892089844e+01 -3.989745974540710449e-01 9.530921280384063721e-02 2.783097028732299805e-01 1.384031474590301514e-01 9.456768035888671875e-01
-1.888365173339843750e+01 1.930937385559082031e+01 -4.407812356948852539e-01 9.963023662567138672e-02 2.830330729484558105e-01 1.615238338708877563e-01 9.401468038558959961e-01
-1.840818405151367188e+01 1.938546180725097656e+01 -4.858007729053497314e-01 1.020186766982078552e-01 2.875644564628601074e-01 1.834924370050430298e-01 9.344673752784729004e-01
-1.793761634826660156e+01 1.943301582336425781e+01 -5.305761694908142090e-01 9.666672348976135254e-02 2.843699455261230469e-01 2.080670297145843506e-01 9.308583736419677734e-01
-1.747665977478027344e+01 1.947302627563476562e+01 -5.749999880790710449e-01 9.201998263597488403e-02 2.808930873870849609e-01 2.309983521699905396e-01 9.269687533378601074e-01
-1.702527236938476562e+01 1.950562858581542969e+01 -6.190234422683715820e-01 8.797892928123474121e-02 2.772642970085144043e-01 2.524525821208953857e-01 9.228498339653015137e-01
-1.658373069763183594e+01 1.953361701965332031e+01 -6.623827815055847168e-01 8.445393294095993042e-02 2.735724449157714844e-01 2.725949287414550781e-01 9.185410737991333008e-01
-1.615199089050292969e+01 1.955801391601562500e+01 -7.049902081489562988e-01 8.136776834726333618e-02 2.698725759983062744e-01 2.915859818458557129e-01 9.140709638595581055e-01
-1.573021411895751953e+01 1.958108520507812500e+01 -7.466503977775573730e-01 7.865701615810394287e-02 2.661917507648468018e-01 3.095800578594207764e-01 9.094586968421936035e-01
-1.531824207305908203e+01 1.960088539123535156e+01 -7.874804735183715820e-01 7.627199590206146240e-02 2.625352144241333008e-01 3.267248570919036865e-01 9.047147631645202637e-01
-1.491613292694091797e+01 1.962031555175781250e+01 -8.273437023162841797e-01 7.417556643486022949e-02 2.588902413845062256e-01 3.431629538536071777e-01 8.998405337333679199e-01
-1.452386665344238281e+01 1.963855361938476562e+01 -8.662011623382568359e-01 7.234386354684829712e-02 2.552297115325927734e-01 3.590288162231445312e-01 8.948308825492858887e-01
-1.414138603210449219e+01 1.965567588806152344e+01 -9.040917754173278809e-01 7.076437026262283325e-02 2.515153586864471436e-01 3.744525015354156494e-01 8.896728157997131348e-01
-1.376871109008789062e+01 1.967249870300292969e+01 -9.410058259963989258e-01 6.943652033805847168e-02 2.476994097232818604e-01 3.895563185214996338e-01 8.843469023704528809e-01
-1.340578079223632812e+01 1.968896484375000000e+01 -9.768847227096557617e-01 6.837059557437896729e-02 2.437266558408737183e-01 4.044568538665771484e-01 8.788272738456726074e-01
-1.303919887542724609e+01 1.970555877685546875e+01 -1.013027310371398926e+00 6.758820265531539917e-02 2.395356148481369019e-01 4.192644059658050537e-01 8.730818629264831543e-01
-1.266896438598632812e+01 1.972241592407226562e+01 -1.049531221389770508e+00 6.712205708026885986e-02 2.350595891475677490e-01 4.340819418430328369e-01 8.670723438262939453e-01
-1.229490184783935547e+01 1.973967361450195312e+01 -1.086084008216857910e+00 6.588387489318847656e-02 2.296361178159713745e-01 4.493073523044586182e-01 8.608422875404357910e-01
-1.191714859008789062e+01 1.975818061828613281e+01 -1.122675776481628418e+00 6.499642878770828247e-02 2.236947268247604370e-01 4.647317826747894287e-01 8.542602062225341797e-01
-1.153584003448486328e+01 1.977701568603515625e+01 -1.159794926643371582e+00 6.524799764156341553e-02 2.175558209419250488e-01 4.802443981170654297e-01 8.472175002098083496e-01
-1.115089797973632812e+01 1.979619979858398438e+01 -1.197470664978027344e+00 6.679698824882507324e-02 2.112237215042114258e-01 4.959001541137695312e-01 8.396461009979248047e-01
-1.076242160797119141e+01 1.981774139404296875e+01 -1.235273361206054688e+00 6.979811936616897583e-02 2.046996504068374634e-01 5.117489099502563477e-01 8.314681649208068848e-01
-1.037040996551513672e+01 1.984005928039550781e+01 -1.273584008216857910e+00 7.440189272165298462e-02 1.979814767837524414e-01 5.278339982032775879e-01 8.225927948951721191e-01
-9.974492073059082031e+00 1.986288070678710938e+01 -1.311787128448486328e+00 7.815434038639068604e-02 1.893637478351593018e-01 5.447506308555603027e-01 8.131912946701049805e-01
-9.575097084045410156e+00 1.988906860351562500e+01 -1.349726557731628418e+00 8.287291228771209717e-02 1.799990087747573853e-01 5.618551969528198242e-01 8.031506538391113281e-01
-9.172167778015136719e+00 1.991664314270019531e+01 -1.387792944908142090e+00 8.857308328151702881e-02 1.699981391429901123e-01 5.789088606834411621e-01 7.925401329994201660e-01
-8.765703201293945312e+00 1.994455337524414062e+01 -1.426201105117797852e+00 9.523954987525939941e-02 1.594823300838470459e-01 5.956922769546508789e-01 7.814381122589111328e-01
-8.355878829956054688e+00 1.997573280334472656e+01 -1.464433550834655762e+00 1.028255596756935120e-01 1.485810875892639160e-01 6.120090484619140625e-01 7.699321508407592773e-01
-7.942577838897705078e+00 2.000774765014648438e+01 -1.502861261367797852e+00 1.112532913684844971e-01 1.374292224645614624e-01 6.276881098747253418e-01 7.581183314323425293e-01
-7.525800704956054688e+00 2.004033470153808594e+01 -1.541552662849426270e+00 1.204165592789649963e-01 1.261639893054962158e-01 6.425840258598327637e-01 7.461019754409790039e-01
-7.105683326721191406e+00 2.007588386535644531e+01 -1.580253839492797852e+00 1.301835626363754272e-01 1.149221360683441162e-01 6.565771102905273438e-01 7.339969277381896973e-01
-6.687148094177246094e+00 2.011117935180664062e+01 -1.618769526481628418e+00 1.404014825820922852e-01 1.038369312882423401e-01 6.695724725723266602e-01 7.219266891479492188e-01
-6.270312309265136719e+00 2.014774513244628906e+01 -1.657099604606628418e+00 1.509001851081848145e-01 9.303627163171768188e-02 6.814988851547241211e-01 7.100229263305664062e-01
-5.855116844177246094e+00 2.018507957458496094e+01 -1.695253849029541016e+00 1.614971160888671875e-01 8.264039456844329834e-02 6.923062801361083984e-01 6.984276175498962402e-01
-5.441484451293945312e+00 2.022241973876953125e+01 -1.733310461044311523e+00 1.720014214515686035e-01 7.276055961847305298e-02 7.019629478454589844e-01 6.872914433479309082e-01
-5.029491901397705078e+00 2.026108932495117188e+01 -1.771503925323486328e+00 1.822185069322586060e-01 6.349727511405944824e-02 7.104517221450805664e-01 6.767737865447998047e-01
-4.619394302368164062e+00 2.029922866821289062e+01 -1.809511661529541016e+00 1.919537484645843506e-01 5.493990331888198853e-02 7.177661657333374023e-01 6.670435070991516113e-01
-4.211328029632568359e+00 2.033834075927734375e+01 -1.848173737525939941e+00 2.010159194469451904e-01 4.716670513153076172e-02 7.239062786102294922e-01 6.582760810852050781e-01
-3.805058479309082031e+00 2.037691116333007812e+01 -1.886699199676513672e+00 2.092212736606597900e-01 4.024389386177062988e-02 7.288733720779418945e-01 6.506538987159729004e-01
-3.400800704956054688e+00 2.041566085815429688e+01 -1.926474571228027344e+00 2.163963168859481812e-01 3.422707319259643555e-02 7.326636910438537598e-01 6.443639397621154785e-01
-2.998320341110229492e+00 2.045379447937011719e+01 -1.966406226158142090e+00 2.223817110061645508e-01 2.916177362203598022e-02 7.352645397186279297e-01 6.395952701568603516e-01
-2.597773313522338867e+00 2.049117660522460938e+01 -2.008613348007202148e+00 2.270354479551315308e-01 2.508533000946044922e-02 7.366464734077453613e-01 6.365356445312500000e-01
-2.199081897735595703e+00 2.052709960937500000e+01 -2.052656173706054688e+00 2.302371263504028320e-01 2.202778309583663940e-02 7.367573976516723633e-01 6.353692412376403809e-01
-1.801386713981628418e+00 2.056053161621093750e+01 -2.097158193588256836e+00 2.249865233898162842e-01 1.195937395095825195e-02 7.357282042503356934e-01 6.387034654617309570e-01
-1.405878901481628418e+00 2.059185981750488281e+01 -2.146699190139770508e+00 2.174542099237442017e-01 1.853890717029571533e-03 7.333480715751647949e-01 6.441356539726257324e-01
-1.013457059860229492e+00 2.062126922607421875e+01 -2.205595731735229492e+00 2.078900486230850220e-01 -8.258223533630371094e-03 7.296972870826721191e-01 6.513489484786987305e-01
-6.258007884025573730e-01 2.064981842041015625e+01 -2.280234336853027344e+00 1.965436339378356934e-01 -1.834544539451599121e-02 7.248503565788269043e-01 6.600196957588195801e-01
-2.463281154632568359e-01 2.068055152893066406e+01 -2.379638671875000000e+00 1.836676597595214844e-01 -2.837504446506500244e-02 7.188854813575744629e-01 6.698243618011474609e-01
1.206445321440696716e-01 2.071987724304199219e+01 -2.509179592132568359e+00 1.695195138454437256e-01 -3.831298649311065674e-02 7.118911743164062500e-01 6.804455518722534180e-01
4.788281023502349854e-01 2.076993942260742188e+01 -2.652148485183715820e+00 1.543635725975036621e-01 -4.812489822506904602e-02 7.039719820022583008e-01 6.915774941444396973e-01
8.319335579872131348e-01 2.082655525207519531e+01 -2.799150228500366211e+00 1.384701132774353027e-01 -5.777538567781448364e-02 6.952521800994873047e-01 7.029314041137695312e-01
1.182402372360229492e+00 2.088696670532226562e+01 -2.945449113845825195e+00 1.221166476607322693e-01 -6.722966581583023071e-02 6.858795881271362305e-01 7.142387032508850098e-01
1.532460927963256836e+00 2.094985389709472656e+01 -3.086054563522338867e+00 1.055861189961433411e-01 -7.645351439714431763e-02 6.760264635086059570e-01 7.252548933029174805e-01
1.887070298194885254e+00 2.101370811462402344e+01 -3.208281278610229492e+00 8.916611224412918091e-02 -8.541414886713027954e-02 6.658896207809448242e-01 7.357613444328308105e-01
2.252402305603027344e+00 2.108241081237792969e+01 -3.278584003448486328e+00 7.314701378345489502e-02 -9.408053755760192871e-02 6.556894779205322266e-01 7.455667257308959961e-01
2.620976448059082031e+00 2.116325569152832031e+01 -3.279921770095825195e+00 5.782098323106765747e-02 -1.024239957332611084e-01 6.456682085990905762e-01 7.545055747032165527e-01
2.985019445419311523e+00 2.125272369384765625e+01 -3.250810384750366211e+00 4.348003119230270386e-02 -1.104185730218887329e-01 6.360861659049987793e-01 7.624379396438598633e-01
3.345761537551879883e+00 2.134148597717285156e+01 -3.204814434051513672e+00 3.041466325521469116e-02 -1.180412769317626953e-01 6.272188425064086914e-01 7.692449092864990234e-01
3.703574180603027344e+00 2.142435264587402344e+01 -3.141259670257568359e+00 1.891330257058143616e-02 -1.252715289592742920e-01 6.193515658378601074e-01 7.748245000839233398e-01
4.057675838470458984e+00 2.149739265441894531e+01 -3.057158231735229492e+00 9.261749684810638428e-03 -1.320918202400207520e-01 6.127743721008300781e-01 7.790850400924682617e-01
4.407128810882568359e+00 2.155955505371093750e+01 -2.953710794448852539e+00 1.742973923683166504e-03 -1.384859085083007812e-01 6.077769398689270020e-01 7.819371819496154785e-01
4.750097751617431641e+00 2.160865211486816406e+01 -2.829130887985229492e+00 -3.362171351909637451e-03 -1.444389075040817261e-01 6.046409010887145996e-01 7.832850217819213867e-01
5.086054801940917969e+00 2.164912605285644531e+01 -2.687880754470825195e+00 -5.775153636932373047e-03 -1.499366164207458496e-01 6.036337614059448242e-01 7.830147147178649902e-01
5.416152000427246094e+00 2.168755722045898438e+01 -2.536875009536743164e+00 -5.312316119670867920e-03 -1.549693048000335693e-01 6.049255728721618652e-01 7.810385823249816895e-01
5.740742206573486328e+00 2.172945976257324219e+01 -2.378974437713623047e+00 -2.169251441955566406e-03 -1.595509052276611328e-01 6.083599925041198730e-01 7.774553894996643066e-01
6.059784889221191406e+00 2.178347206115722656e+01 -2.217490196228027344e+00 3.364048898220062256e-03 -1.636951565742492676e-01 6.136825084686279297e-01 7.723900675773620605e-01
6.369745731353759766e+00 2.186447143554687500e+01 -2.059990167617797852e+00 1.099699735641479492e-02 -1.674127280712127686e-01 6.206232905387878418e-01 7.659496068954467773e-01
6.666484355926513672e+00 2.199382591247558594e+01 -1.919638633728027344e+00 2.043718844652175903e-02 -1.707113087177276611e-01 6.289052367210388184e-01 7.582335472106933594e-01
6.966171741485595703e+00 2.213759803771972656e+01 -1.815107345581054688e+00 3.139105439186096191e-02 -1.735992580652236938e-01 6.382498145103454590e-01 7.493430972099304199e-01
7.298691272735595703e+00 2.217913436889648438e+01 -1.757314443588256836e+00 4.356271773576736450e-02 -1.760861724615097046e-01 6.483830213546752930e-01 7.393885850906372070e-01
7.625097274780273438e+00 2.209866714477539062e+01 -1.729804635047912598e+00 5.665510892868041992e-02 -1.781848371028900146e-01 6.590404510498046875e-01 7.284957170486450195e-01
7.936738014221191406e+00 2.198245620727539062e+01 -1.718701124191284180e+00 7.037020474672317505e-02 -1.799112707376480103e-01 6.699725985527038574e-01 7.168100476264953613e-01
8.240937232971191406e+00 2.185984802246093750e+01 -1.714921832084655762e+00 8.441061526536941528e-02 -1.812873184680938721e-01 6.809477210044860840e-01 7.044998407363891602e-01
8.539882659912109375e+00 2.173684120178222656e+01 -1.715341806411743164e+00 9.848019480705261230e-02 -1.823397874832153320e-01 6.917549967765808105e-01 6.917576789855957031e-01
8.834238052368164062e+00 2.161524391174316406e+01 -1.718261718750000000e+00 1.122856959700584412e-01 -1.831009089946746826e-01 7.022072672843933105e-01 6.788010001182556152e-01
9.124687194824218750e+00 2.149645423889160156e+01 -1.723769545555114746e+00 1.255375444889068604e-01 -1.836090385913848877e-01 7.121406197547912598e-01 6.658707857131958008e-01
9.410898208618164062e+00 2.137970161437988281e+01 -1.729609370231628418e+00 1.379519999027252197e-01 -1.839080303907394409e-01 7.214148640632629395e-01 6.532287597656250000e-01
9.693456649780273438e+00 2.126616096496582031e+01 -1.737040996551513672e+00 1.492503285408020020e-01 -1.840459853410720825e-01 7.299119830131530762e-01 6.411552429199218750e-01
9.971698760986328125e+00 2.115403747558593750e+01 -1.744169831275939941e+00 1.591587513685226440e-01 -1.840749382972717285e-01 7.375324368476867676e-01 6.299449801445007324e-01
1.024658203125000000e+01 2.104560470581054688e+01 -1.752617120742797852e+00 1.674097031354904175e-01 -1.840501576662063599e-01 7.441920042037963867e-01 6.199014186859130859e-01
1.051726531982421875e+01 2.093840789794921875e+01 -1.760742187500000000e+00 1.737371981143951416e-01 -1.840276122093200684e-01 7.498145699501037598e-01 6.113324165344238281e-01
1.078392601013183594e+01 2.083284568786621094e+01 -1.768808603286743164e+00 1.778779923915863037e-01 -1.840633898973464966e-01 7.543253898620605469e-01 6.045438647270202637e-01
1.104685497283935547e+01 2.072940063476562500e+01 -1.777167916297912598e+00 1.795667111873626709e-01 -1.842117607593536377e-01 7.576429843902587891e-01 5.998323559761047363e-01
1.130568313598632812e+01 2.062693786621093750e+01 -1.785126924514770508e+00 1.786175966262817383e-01 -1.845128238201141357e-01 7.597074508666992188e-01 5.974071621894836426e-01
1.156046867370605469e+01 2.052573204040527344e+01 -1.792832016944885254e+00 1.751720905303955078e-01 -1.849579364061355591e-01 7.605900764465332031e-01 5.971667170524597168e-01
1.181148433685302734e+01 2.042652320861816406e+01 -1.800673842430114746e+00 1.694493740797042847e-01 -1.855215877294540405e-01 7.603735923767089844e-01 5.989162325859069824e-01
1.205832004547119141e+01 2.032843971252441406e+01 -1.808154225349426270e+00 1.616639792919158936e-01 -1.861735731363296509e-01 7.591210007667541504e-01 6.024445891380310059e-01
1.230097675323486328e+01 2.023154067993164062e+01 -1.815292954444885254e+00 1.520277559757232666e-01 -1.868804693222045898e-01 7.568820714950561523e-01 6.075302362442016602e-01
1.253964805603027344e+01 2.013653182983398438e+01 -1.822392582893371582e+00 1.407531201839447021e-01 -1.876064389944076538e-01 7.537003755569458008e-01 6.139445900917053223e-01
1.277415943145751953e+01 2.004311180114746094e+01 -1.829296827316284180e+00 1.280529201030731201e-01 -1.883161067962646484e-01 7.496193051338195801e-01 6.214582920074462891e-01
1.300435543060302734e+01 1.995104980468750000e+01 -1.835888624191284180e+00 1.141430437564849854e-01 -1.889747679233551025e-01 7.446860074996948242e-01 6.298433542251586914e-01
1.323021411895751953e+01 1.986040496826171875e+01 -1.842167973518371582e+00 9.924313426017761230e-02 -1.895495951175689697e-01 7.389573454856872559e-01 6.388769745826721191e-01
1.345003890991210938e+01 1.977266502380371094e+01 -1.848339796066284180e+00 8.357594907283782959e-02 -1.900103390216827393e-01 7.325021624565124512e-01 6.483454108238220215e-01
1.367177677154541016e+01 1.968419837951660156e+01 -1.854540944099426270e+00 6.736832857131958008e-02 -1.903313100337982178e-01 7.254042029380798340e-01 6.580457687377929688e-01
1.389537048339843750e+01 1.959492111206054688e+01 -1.860742092132568359e+00 5.085054785013198853e-02 -1.904900968074798584e-01 7.177643179893493652e-01 6.677889823913574219e-01
1.412082004547119141e+01 1.950489044189453125e+01 -1.866982340812683105e+00 3.425525128841400146e-02 -1.904695332050323486e-01 7.097007036209106445e-01 6.774014830589294434e-01
1.434841728210449219e+01 1.941491508483886719e+01 -1.873466730117797852e+00 1.781705021858215332e-02 -1.902573704719543457e-01 7.013499140739440918e-01 6.867262125015258789e-01
1.457796859741210938e+01 1.932444953918457031e+01 -1.880107402801513672e+00 1.771435141563415527e-03 -1.898454427719116211e-01 6.928659677505493164e-01 6.956236958503723145e-01
1.481113243103027344e+01 1.923273086547851562e+01 -1.886972665786743164e+00 -1.364669203758239746e-02 -1.892315447330474854e-01 6.844189763069152832e-01 7.039715051651000977e-01
1.504810523986816406e+01 1.913998031616210938e+01 -1.894111275672912598e+00 -2.820314466953277588e-02 -1.884166151285171509e-01 6.761937737464904785e-01 7.116640806198120117e-01
1.528910160064697266e+01 1.904698753356933594e+01 -1.901699185371398926e+00 -4.166572540998458862e-02 -1.874054223299026489e-01 6.683878302574157715e-01 7.186104059219360352e-01
1.553390598297119141e+01 1.895287704467773438e+01 -1.909638643264770508e+00 -5.380477011203765869e-02 -1.862063109874725342e-01 6.612073183059692383e-01 7.247324585914611816e-01
1.578253841400146484e+01 1.885768127441406250e+01 -1.917978525161743164e+00 -6.439243257045745850e-02 -1.848290264606475830e-01 6.548652052879333496e-01 7.299612164497375488e-01
1.603597640991210938e+01 1.876298904418945312e+01 -1.927958965301513672e+00 -6.972618401050567627e-02 -1.801634132862091064e-01 6.504114270210266113e-01 7.346048951148986816e-01
1.629326057434082031e+01 1.866726112365722656e+01 -1.938115239143371582e+00 -7.418259978294372559e-02 -1.761354058980941772e-01 6.467571854591369629e-01 7.383618950843811035e-01
1.655453109741210938e+01 1.857088470458984375e+01 -1.948447227478027344e+00 -7.784524559974670410e-02 -1.727239787578582764e-01 6.438875198364257812e-01 7.412930727005004883e-01
1.682029342651367188e+01 1.847523117065429688e+01 -1.958955049514770508e+00 -8.078549802303314209e-02 -1.699066311120986938e-01 6.417756080627441406e-01 7.434577941894531250e-01
1.708992195129394531e+01 1.837860679626464844e+01 -1.969619154930114746e+00 -8.306352794170379639e-02 -1.676608026027679443e-01 6.403842568397521973e-01 7.449148297309875488e-01
1.736457061767578125e+01 1.828424263000488281e+01 -1.980322241783142090e+00 -8.472977578639984131e-02 -1.659641414880752563e-01 6.396683454513549805e-01 7.457218170166015625e-01
1.764365196228027344e+01 1.819047546386718750e+01 -1.991035103797912598e+00 -8.582755923271179199e-02 -1.647934317588806152e-01 6.395754814147949219e-01 7.459356188774108887e-01
1.792773437500000000e+01 1.809914398193359375e+01 -2.001621007919311523e+00 -8.639326691627502441e-02 -1.641257107257843018e-01 6.400472521781921387e-01 7.456127405166625977e-01
1.821787071228027344e+01 1.801377677917480469e+01 -2.011484384536743164e+00 -8.645905554294586182e-02 -1.639368832111358643e-01 6.410213112831115723e-01 7.448095679283142090e-01
1.851425743103027344e+01 1.793577384948730469e+01 -2.020136594772338867e+00 -8.605287969112396240e-02 -1.642026454210281372e-01 6.424314379692077637e-01 7.435819506645202637e-01
1.881757736206054688e+01 1.786910247802734375e+01 -2.026357412338256836e+00 -8.520157635211944580e-02 -1.648964285850524902e-01 6.442097425460815430e-01 7.419863343238830566e-01
1.912757682800292969e+01 1.781343650817871094e+01 -2.030058622360229492e+00 -8.131697028875350952e-02 -1.637092083692550659e-01 6.468684673309326172e-01 7.403702139854431152e-01
1.944244003295898438e+01 1.776183319091796875e+01 -2.031347513198852539e+00 -7.639288157224655151e-02 -1.622959077358245850e-01 6.499033570289611816e-01 7.385457158088684082e-01
1.976156234741210938e+01 1.771147918701171875e+01 -2.030634641647338867e+00 -7.093392312526702881e-02 -1.610336899757385254e-01 6.531425714492797852e-01 7.365062236785888672e-01
2.008505821228027344e+01 1.766315078735351562e+01 -2.027822256088256836e+00 -6.503438949584960938e-02 -1.599430143833160400e-01 6.565073728561401367e-01 7.342934012413024902e-01
2.041298866271972656e+01 1.761762237548828125e+01 -2.022675752639770508e+00 -5.878876149654388428e-02 -1.590455025434494019e-01 6.599205732345581055e-01 7.319516539573669434e-01
2.074538993835449219e+01 1.757580184936523438e+01 -2.014824151992797852e+00 -5.229211971163749695e-02 -1.583632826805114746e-01 6.633070111274719238e-01 7.295275330543518066e-01
2.108226585388183594e+01 1.753887748718261719e+01 -2.003730535507202148e+00 -4.563985764980316162e-02 -1.579182744026184082e-01 6.665940284729003906e-01 7.270701527595520020e-01
2.142369079589843750e+01 1.750852966308593750e+01 -1.988574147224426270e+00 -3.892700374126434326e-02 -1.577340513467788696e-01 6.697114706039428711e-01 7.246316671371459961e-01
2.177390670776367188e+01 1.748833274841308594e+01 -1.967158198356628418e+00 -3.224945813417434692e-02 -1.578342020511627197e-01 6.725916266441345215e-01 7.222664952278137207e-01
2.213245964050292969e+01 1.748231697082519531e+01 -1.937626957893371582e+00 -2.569137513637542725e-02 -1.582349538803100586e-01 6.751825809478759766e-01 7.200210094451904297e-01
2.249863243103027344e+01 1.749113273620605469e+01 -1.900097608566284180e+00 -1.929169148206710815e-02 -1.589227020740509033e-01 6.774881482124328613e-01 7.179004549980163574e-01
2.287156105041503906e+01 1.751672935485839844e+01 -1.854443311691284180e+00 -1.307754218578338623e-02 -1.598753482103347778e-01 6.795260906219482422e-01 7.159003019332885742e-01
2.325111198425292969e+01 1.755587196350097656e+01 -1.803124904632568359e+00 -7.076233625411987305e-03 -1.610708236694335938e-01 6.813138723373413086e-01 7.140150070190429688e-01
2.363777351379394531e+01 1.760485649108886719e+01 -1.749550700187683105e+00 -1.314766705036163330e-03 -1.624874472618103027e-01 6.828695535659790039e-01 7.122396826744079590e-01
2.403326034545898438e+01 1.765369796752929688e+01 -1.698261737823486328e+00 4.179663956165313721e-03 -1.641029566526412964e-01 6.842105984687805176e-01 7.105692028999328613e-01
2.443925666809082031e+01 1.768077659606933594e+01 -1.648535132408142090e+00 9.379938244819641113e-03 -1.658958047628402710e-01 6.853550076484680176e-01 7.089986801147460938e-01
2.485003852844238281e+01 1.763278961181640625e+01 -1.598232388496398926e+00 1.425934582948684692e-02 -1.678437888622283936e-01 6.863208413124084473e-01 7.075229883193969727e-01
2.513957023620605469e+01 1.734800910949707031e+01 -1.554101586341857910e+00 1.879078894853591919e-02 -1.699253022670745850e-01 6.871260404586791992e-01 7.061374783515930176e-01
2.514958953857421875e+01 1.691630172729492188e+01 -1.535908222198486328e+00 2.294749021530151367e-02 -1.721182912588119507e-01 6.877886652946472168e-01 7.048370838165283203e-01
2.506310462951660156e+01 1.648185729980468750e+01 -1.529287099838256836e+00 2.670263499021530151e-02 -1.744014322757720947e-01 6.883269548416137695e-01 7.036170959472656250e-01
2.493964767456054688e+01 1.604722213745117188e+01 -1.527792930603027344e+00 3.002949804067611694e-02 -1.767525672912597656e-01 6.887589097023010254e-01 7.024726867675781250e-01
2.480009651184082031e+01 1.560855197906494141e+01 -1.529306650161743164e+00 3.290153294801712036e-02 -1.791501492261886597e-01 6.891025304794311523e-01 7.013989090919494629e-01
2.465447235107421875e+01 1.516298770904541016e+01 -1.532587885856628418e+00 3.529163450002670288e-02 -1.815723478794097900e-01 6.893759369850158691e-01 7.003904581069946289e-01
2.450494003295898438e+01 1.470983219146728516e+01 -1.537207007408142090e+00 3.717336803674697876e-02 -1.839973330497741699e-01 6.895964741706848145e-01 6.994425058364868164e-01
2.435398292541503906e+01 1.424829483032226562e+01 -1.542792916297912598e+00 3.852004557847976685e-02 -1.864035427570343018e-01 6.897819042205810547e-01 6.985490918159484863e-01
2.420341682434082031e+01 1.377776622772216797e+01 -1.548857331275939941e+00 3.930478543043136597e-02 -1.887690126895904541e-01 6.899492144584655762e-01 6.977044939994812012e-01
2.405724525451660156e+01 1.330183696746826172e+01 -1.554990172386169434e+00 3.950106352567672729e-02 -1.910716891288757324e-01 6.901146173477172852e-01 6.969023942947387695e-01
2.391558456420898438e+01 1.282773780822753906e+01 -1.560214757919311523e+00 3.908217698335647583e-02 -1.932896673679351807e-01 6.902948617935180664e-01 6.961355209350585938e-01
2.377331924438476562e+01 1.235701179504394531e+01 -1.563076138496398926e+00 3.802108764648437500e-02 -1.954004764556884766e-01 6.905049085617065430e-01 6.953963637351989746e-01
2.362371063232421875e+01 1.189182090759277344e+01 -1.561425805091857910e+00 3.631614893674850464e-02 -1.973836123943328857e-01 6.907547712326049805e-01 6.946789026260375977e-01
2.345808601379394531e+01 1.143550968170166016e+01 -1.552431583404541016e+00 3.406382352113723755e-02 -1.992256343364715576e-01 6.910370588302612305e-01 6.939859390258789062e-01
2.325785064697265625e+01 1.099744892120361328e+01 -1.529472589492797852e+00 3.138644248247146606e-02 -2.009154856204986572e-01 6.913395524024963379e-01 6.933234930038452148e-01
2.300234413146972656e+01 1.059409427642822266e+01 -1.492060542106628418e+00 2.840553224086761475e-02 -2.024415582418441772e-01 6.916508674621582031e-01 6.926973462104797363e-01
2.267742156982421875e+01 1.024827861785888672e+01 -1.459540963172912598e+00 2.524292469024658203e-02 -2.037928998470306396e-01 6.919597983360290527e-01 6.921148300170898438e-01
2.229808616638183594e+01 9.966701507568359375e+00 -1.473476529121398926e+00 2.202077955007553101e-02 -2.049587219953536987e-01 6.922569274902343750e-01 6.915832161903381348e-01
2.189587783813476562e+01 9.728603363037109375e+00 -1.523896455764770508e+00 1.886067539453506470e-02 -2.059288620948791504e-01 6.925327777862548828e-01 6.911121010780334473e-01
2.149058532714843750e+01 9.499089241027832031e+00 -1.556669831275939941e+00 1.588495075702667236e-02 -2.066928148269653320e-01 6.927801370620727539e-01 6.907107830047607422e-01
2.109398460388183594e+01 9.258139610290527344e+00 -1.552607417106628418e+00 1.321537047624588013e-02 -2.072409242391586304e-01 6.929917335510253906e-01 6.903905272483825684e-01
2.069915962219238281e+01 9.020852088928222656e+00 -1.565859317779541016e+00 1.097419112920761108e-02 -2.075632810592651367e-01 6.931614875793457031e-01 6.901623606681823730e-01
2.031425666809082031e+01 8.781835556030273438e+00 -1.629033207893371582e+00 9.283199906349182129e-03 -2.076503634452819824e-01 6.932836771011352539e-01 6.900383830070495605e-01
1.996529197692871094e+01 8.517736434936523438e+00 -1.749921798706054688e+00 8.264333009719848633e-03 -2.074925601482391357e-01 6.933518052101135254e-01 6.900301575660705566e-01
1.966669845581054688e+01 8.226650238037109375e+00 -1.921660065650939941e+00 8.039444684982299805e-03 -2.070799767971038818e-01 6.933596134185791016e-01 6.901488900184631348e-01
1.942085838317871094e+01 7.899811744689941406e+00 -2.104120969772338867e+00 8.730426430702209473e-03 -2.064026743173599243e-01 6.932989954948425293e-01 6.904043555259704590e-01
1.921542930603027344e+01 7.531980037689208984e+00 -2.247392416000366211e+00 1.045960932970046997e-02 -2.054493725299835205e-01 6.931601166725158691e-01 6.908040642738342285e-01
1.903880882263183594e+01 7.138197898864746094e+00 -2.344003915786743164e+00 1.334835588932037354e-02 -2.042087912559509277e-01 6.929297447204589844e-01 6.913530230522155762e-01
1.888226509094238281e+01 6.731757640838623047e+00 -2.402255773544311523e+00 1.751878857612609863e-02 -2.026681452989578247e-01 6.925910711288452148e-01 6.920521259307861328e-01
1.874023437500000000e+01 6.320236682891845703e+00 -2.430361270904541016e+00 2.309221774339675903e-02 -2.008128166198730469e-01 6.921228170394897461e-01 6.928974986076354980e-01
1.860718727111816406e+01 5.908347129821777344e+00 -2.439638614654541016e+00 3.018965572118759155e-02 -1.986273080110549927e-01 6.914970278739929199e-01 6.938787698745727539e-01
1.847964859008789062e+01 5.497724533081054688e+00 -2.438271522521972656e+00 3.893194347620010376e-02 -1.960936039686203003e-01 6.906782984733581543e-01 6.949784755706787109e-01
1.836089897155761719e+01 5.088283538818359375e+00 -2.417187452316284180e+00 4.938554018735885620e-02 -1.932015717029571533e-01 6.896283030509948730e-01 6.961658596992492676e-01
1.824398422241210938e+01 4.681755065917968750e+00 -2.393886566162109375e+00 6.140604615211486816e-02 -1.899823695421218872e-01 6.883219480514526367e-01 6.973873376846313477e-01
1.813181686401367188e+01 4.277954101562500000e+00 -2.359550714492797852e+00 7.479457557201385498e-02 -1.864770799875259399e-01 6.867396831512451172e-01 6.985847949981689453e-01
1.802052688598632812e+01 3.877162933349609375e+00 -2.325546741485595703e+00 8.935108780860900879e-02 -1.827279329299926758e-01 6.848660707473754883e-01 6.997036933898925781e-01
1.791259765625000000e+01 3.479721546173095703e+00 -2.282050848007202148e+00 1.048753708600997925e-01 -1.787799149751663208e-01 6.826902031898498535e-01 7.006946206092834473e-01
1.780538940429687500e+01 3.085305213928222656e+00 -2.239072322845458984e+00 1.211660355329513550e-01 -1.746786087751388550e-01 6.802085638046264648e-01 7.015144228935241699e-01
1.769958877563476562e+01 2.694382190704345703e+00 -2.191435575485229492e+00 1.380219012498855591e-01 -1.704732030630111694e-01 6.774249076843261719e-01 7.021284103393554688e-01
1.759492111206054688e+01 2.306740760803222656e+00 -2.141435384750366211e+00 1.552419811487197876e-01 -1.662144660949707031e-01 6.743527650833129883e-01 7.025105357170104980e-01
1.749089813232421875e+01 1.922263145446777344e+00 -2.091025352478027344e+00 1.726268529891967773e-01 -1.619564592838287354e-01 6.710145473480224609e-01 7.026445865631103516e-01
1.738747978210449219e+01 1.541704058647155762e+00 -2.035117149353027344e+00 1.899788230657577515e-01 -1.577547788619995117e-01 6.674431562423706055e-01 7.025247812271118164e-01
1.728474617004394531e+01 1.164157748222351074e+00 -1.979609370231628418e+00 2.071026414632797241e-01 -1.536678671836853027e-01 6.636809110641479492e-01 7.021555900573730469e-01
1.718205070495605469e+01 7.903588414192199707e-01 -1.921083927154541016e+00 2.238063067197799683e-01 -1.497561931610107422e-01 6.597799658775329590e-01 7.015512585639953613e-01
1.707949256896972656e+01 4.201757609844207764e-01 -1.860019445419311523e+00 2.399015128612518311e-01 -1.460824459791183472e-01 6.558012962341308594e-01 7.007367610931396484e-01
1.697765541076660156e+01 5.296142399311065674e-02 -1.799257755279541016e+00 2.552033066749572754e-01 -1.427100300788879395e-01 6.518144607543945312e-01 6.997449994087219238e-01
1.687413978576660156e+01 -3.095166087150573730e-01 -1.732753872871398926e+00 2.695313096046447754e-01 -1.397046446800231934e-01 6.478960514068603516e-01 6.986172795295715332e-01
1.677130889892578125e+01 -6.689965724945068359e-01 -1.666240215301513672e+00 2.827088534832000732e-01 -1.371329128742218018e-01 6.441284418106079102e-01 6.974015235900878906e-01
1.666730499267578125e+01 -1.024328589439392090e+00 -1.596689462661743164e+00 2.945623695850372314e-01 -1.350617408752441406e-01 6.405982375144958496e-01 6.961503028869628906e-01
1.655999946594238281e+01 -1.381660103797912598e+00 -1.522255778312683105e+00 3.049212396144866943e-01 -1.335585713386535645e-01 6.373949646949768066e-01 6.949193477630615234e-01
1.645023345947265625e+01 -1.741567373275756836e+00 -1.444833993911743164e+00 3.136165738105773926e-01 -1.326912343502044678e-01 6.346078515052795410e-01 6.937654614448547363e-01
1.633353424072265625e+01 -2.101386785507202148e+00 -1.358769536018371582e+00 3.204798698425292969e-01 -1.325271278619766235e-01 6.323255300521850586e-01 6.927435398101806641e-01
1.621363258361816406e+01 -2.463786602020263672e+00 -1.267402291297912598e+00 3.219957351684570312e-01 -1.362074762582778931e-01 6.299533843994140625e-01 6.934875845909118652e-01
1.608626937866210938e+01 -2.825095176696777344e+00 -1.167324185371398926e+00 3.233465552330017090e-01 -1.390691250562667847e-01 6.284530758857727051e-01 6.936522722244262695e-01
1.595123004913330078e+01 -3.184614181518554688e+00 -1.058173775672912598e+00 3.245719671249389648e-01 -1.411733329296112061e-01 6.277807354927062988e-01 6.932636499404907227e-01
1.580869102478027344e+01 -3.542226552963256836e+00 -9.401269555091857910e-01 3.256974816322326660e-01 -1.425783038139343262e-01 6.278812289237976074e-01 6.923565268516540527e-01
1.565621089935302734e+01 -3.895517587661743164e+00 -8.100780844688415527e-01 3.267363309860229492e-01 -1.433388292789459229e-01 6.286904811859130859e-01 6.909744143486022949e-01
1.549222660064697266e+01 -4.242477893829345703e+00 -6.649902462959289551e-01 3.253665566444396973e-01 -1.456340998411178589e-01 6.296491026878356934e-01 6.902675628662109375e-01
1.531669902801513672e+01 -4.581926345825195312e+00 -5.046679377555847168e-01 3.214738368988037109e-01 -1.496461927890777588e-01 6.306356787681579590e-01 6.903325915336608887e-01
1.513171863555908203e+01 -4.914965629577636719e+00 -3.322460949420928955e-01 3.166229724884033203e-01 -1.540204882621765137e-01 6.318869590759277344e-01 6.904683113098144531e-01
1.500423812866210938e+01 -5.137839317321777344e+00 -2.116699218750000000e-01 3.109580874443054199e-01 -1.586961299180984497e-01 6.333460211753845215e-01 6.906471252441406250e-01
