-2.068730354309082031e+01 -2.113614273071289062e+01 8.659057319164276123e-03 2.127709388732910156e-01 -1.246316283941268921e-01 9.153077006340026855e-01 3.184448778629302979e-01
-2.045538520812988281e+01 -2.099206924438476562e+01 8.953247219324111938e-03 2.318200320005416870e-01 -1.254949122667312622e-01 9.196406602859497070e-01 2.911556959152221680e-01
-2.022918319702148438e+01 -2.085163688659667969e+01 9.498290717601776123e-03 2.505416870117187500e-01 -1.263323724269866943e-01 9.228708148002624512e-01 2.637771070003509521e-01
-2.000857353210449219e+01 -2.071488952636718750e+01 1.027587894350290298e-02 2.686401903629302979e-01 -1.271325945854187012e-01 9.250057339668273926e-01 2.367154955863952637e-01
-1.979346656799316406e+01 -2.058186149597167969e+01 1.125366147607564926e-02 2.858378291130065918e-01 -1.278926730155944824e-01 9.261081218719482422e-01 2.103893607854843140e-01
-1.958373069763183594e+01 -2.045256042480468750e+01 1.238830573856830597e-02 3.018772602081298828e-01 -1.286166012287139893e-01 9.262933135032653809e-01 1.852256804704666138e-01
-1.937924766540527344e+01 -2.032698059082031250e+01 1.362670864909887314e-02 3.165207207202911377e-01 -1.293154805898666382e-01 9.257215857505798340e-01 1.616536229848861694e-01
-1.918075180053710938e+01 -2.020370101928710938e+01 1.469726487994194031e-02 3.295479714870452881e-01 -1.300061643123626709e-01 9.245905876159667969e-01 1.401025652885437012e-01
-1.898828506469726562e+01 -2.008244514465332031e+01 1.549926679581403732e-02 3.407551348209381104e-01 -1.307100355625152588e-01 9.231252670288085938e-01 1.209981143474578857e-01
-1.880070304870605469e+01 -1.996488189697265625e+01 1.622863672673702240e-02 3.499490022659301758e-01 -1.314517557621002197e-01 9.215646386146545410e-01 1.047595962882041931e-01
-1.861791038513183594e+01 -1.985096549987792969e+01 1.682312041521072388e-02 3.569413423538208008e-01 -1.322562098503112793e-01 9.201489090919494629e-01 9.179913997650146484e-02
-1.843985748291015625e+01 -1.974064254760742188e+01 1.723266579210758209e-02 3.616147339344024658e-01 -1.331443786621093750e-01 9.190853834152221680e-01 8.239725232124328613e-02
-1.826659584045410156e+01 -1.963385772705078125e+01 1.744995079934597015e-02 3.641336262226104736e-01 -1.341210603713989258e-01 9.184725880622863770e-01 7.632970809936523438e-02
-1.809819221496582031e+01 -1.953056526184082031e+01 1.748718135058879852e-02 3.647162318229675293e-01 -1.351795941591262817e-01 9.183378815650939941e-01 7.324067503213882446e-02
-1.793474006652832031e+01 -1.943073844909667969e+01 1.736511103808879852e-02 3.635641038417816162e-01 -1.363081634044647217e-01 9.186651110649108887e-01 7.277072221040725708e-02
-1.777631378173828125e+01 -1.933436012268066406e+01 1.710876449942588806e-02 3.608665466308593750e-01 -1.374902278184890747e-01 9.194090366363525391e-01 7.455800473690032959e-02
-1.762321662902832031e+01 -1.924105072021484375e+01 1.669128425419330597e-02 3.568057715892791748e-01 -1.387062072753906250e-01 9.205046296119689941e-01 7.823850214481353760e-02
-1.747567749023437500e+01 -1.915056419372558594e+01 1.610595732927322388e-02 3.515603244304656982e-01 -1.399353593587875366e-01 9.218784570693969727e-01 8.344778418540954590e-02
-1.733338737487792969e+01 -1.906354141235351562e+01 1.548400800675153732e-02 3.453085422515869141e-01 -1.411570161581039429e-01 9.234548211097717285e-01 8.982054889202117920e-02
-1.719641494750976562e+01 -1.897997474670410156e+01 1.485412567853927612e-02 3.382313549518585205e-01 -1.423508226871490479e-01 9.251638650894165039e-01 9.699186682701110840e-02
-1.706485366821289062e+01 -1.889985084533691406e+01 1.424438413232564926e-02 3.305138349533081055e-01 -1.434977799654006958e-01 9.269456863403320312e-01 1.045971661806106567e-01
-1.693876457214355469e+01 -1.882315635681152344e+01 1.367858890444040298e-02 3.223465085029602051e-01 -1.445810496807098389e-01 9.287539124488830566e-01 1.122731864452362061e-01
-1.681823730468750000e+01 -1.874986457824707031e+01 1.317871082574129105e-02 3.139261603355407715e-01 -1.455863714218139648e-01 9.305571317672729492e-01 1.196587085723876953e-01
-1.670335006713867188e+01 -1.867995452880859375e+01 1.276123058050870895e-02 3.054547607898712158e-01 -1.465013921260833740e-01 9.323407411575317383e-01 1.263940781354904175e-01
-1.659417915344238281e+01 -1.861338996887207031e+01 1.243957504630088806e-02 2.971395850181579590e-01 -1.473161429166793823e-01 9.341037273406982422e-01 1.321223080158233643e-01
-1.649079513549804688e+01 -1.855014038085937500e+01 1.222351007163524628e-02 2.891908288002014160e-01 -1.480226516723632812e-01 9.358572959899902344e-01 1.364883184432983398e-01
-1.639328002929687500e+01 -1.849016761779785156e+01 1.212036143988370895e-02 2.818212509155273438e-01 -1.486137956380844116e-01 9.376200437545776367e-01 1.391387283802032471e-01
-1.630171394348144531e+01 -1.843344497680664062e+01 1.213439926505088806e-02 2.752430438995361328e-01 -1.490825265645980835e-01 9.394113421440124512e-01 1.397208124399185181e-01
-1.621616172790527344e+01 -1.837994194030761719e+01 1.227233838289976120e-02 2.696650624275207520e-01 -1.494216918945312500e-01 9.412452578544616699e-01 1.378810703754425049e-01
-1.613722038269042969e+01 -1.832884407043457031e+01 1.241394039243459702e-02 2.652912437915802002e-01 -1.496205925941467285e-01 9.431198239326477051e-01 1.332633495330810547e-01
-1.606475639343261719e+01 -1.828046798706054688e+01 1.261840760707855225e-02 2.623158693313598633e-01 -1.496659368276596069e-01 9.450069665908813477e-01 1.255079805850982666e-01
-1.599848079681396484e+01 -1.823540306091308594e+01 1.297851558774709702e-02 2.608615458011627197e-01 -1.495359688997268677e-01 9.468413591384887695e-01 1.143749952316284180e-01
-1.593834209442138672e+01 -1.819371986389160156e+01 1.347717270255088806e-02 2.608021199703216553e-01 -1.491954475641250610e-01 9.485244750976562500e-01 1.001209914684295654e-01
-1.588426208496093750e+01 -1.815549087524414062e+01 1.409606914967298508e-02 2.619470655918121338e-01 -1.486053913831710815e-01 9.499419927597045898e-01 8.312952518463134766e-02
-1.583616447448730469e+01 -1.812080192565917969e+01 1.481384225189685822e-02 2.641041874885559082e-01 -1.477267891168594360e-01 9.509769082069396973e-01 6.378708779811859131e-02
-1.579395961761474609e+01 -1.808972740173339844e+01 1.561401318758726120e-02 2.670833468437194824e-01 -1.465218812227249146e-01 9.515212178230285645e-01 4.248587787151336670e-02
-1.575755786895751953e+01 -1.806232833862304688e+01 1.647705025970935822e-02 -2.706978023052215576e-01 1.449564099311828613e-01 -9.514857530593872070e-01 -1.962365582585334778e-02
-1.572686767578125000e+01 -1.803865814208984375e+01 1.737976074218750000e-02 -2.747681438922882080e-01 1.430008709430694580e-01 -9.508069753646850586e-01 4.395283758640289307e-03
-1.570308780670166016e+01 -1.801959037780761719e+01 1.830871589481830597e-02 -2.791222631931304932e-01 1.406316906213760376e-01 -9.494539499282836914e-01 2.916219085454940796e-02
-1.568614006042480469e+01 -1.800512886047363281e+01 1.919799670577049255e-02 -2.835885584354400635e-01 1.376448124647140503e-01 -9.474599957466125488e-01 5.432136729359626770e-02
-1.567659664154052734e+01 -1.799503707885742188e+01 1.907775923609733582e-02 -2.876254618167877197e-01 1.295810937881469727e-01 -9.454885721206665039e-01 8.081847429275512695e-02
-1.567361068725585938e+01 -1.798962974548339844e+01 1.900573633611202240e-02 -2.912952303886413574e-01 1.215811744332313538e-01 -9.428549408912658691e-01 1.067217588424682617e-01
-1.567705821990966797e+01 -1.798886489868164062e+01 1.898071169853210449e-02 -2.945477962493896484e-01 1.138070374727249146e-01 -9.396701455116271973e-01 1.315656453371047974e-01
-1.567229747772216797e+01 -1.798332023620605469e+01 1.890807971358299255e-02 -2.973667681217193604e-01 1.064215004444122314e-01 -9.360860586166381836e-01 1.548877209424972534e-01
-1.565921306610107422e+01 -1.797290992736816406e+01 1.878662034869194031e-02 -2.997613251209259033e-01 9.958495944738388062e-02 -9.322915077209472656e-01 1.762338578701019287e-01
-1.563770198822021484e+01 -1.795752716064453125e+01 1.861450076103210449e-02 -3.017585575580596924e-01 9.345461428165435791e-02 -9.285047650337219238e-01 1.951584517955780029e-01
-1.560766124725341797e+01 -1.793705749511718750e+01 1.838989183306694031e-02 -3.033928871154785156e-01 8.818444609642028809e-02 -9.249644875526428223e-01 2.112269103527069092e-01
-1.556900596618652344e+01 -1.791138648986816406e+01 1.811218261718750000e-02 -3.046928644180297852e-01 8.392902463674545288e-02 -9.219198226928710938e-01 2.240133136510848999e-01
-1.552165699005126953e+01 -1.788039970397949219e+01 1.778137125074863434e-02 -3.056680262088775635e-01 8.084706962108612061e-02 -9.196169972419738770e-01 2.330990582704544067e-01
-1.546552181243896484e+01 -1.784399795532226562e+01 1.739868149161338806e-02 -3.062917590141296387e-01 7.910675555467605591e-02 -9.182863235473632812e-01 2.380703836679458618e-01
-1.540051746368408203e+01 -1.780210685729980469e+01 1.696655154228210449e-02 -3.064833581447601318e-01 7.888951897621154785e-02 -9.181256890296936035e-01 2.385152280330657959e-01
-1.532806396484375000e+01 -1.775470924377441406e+01 1.449584960937500000e-02 -3.037653565406799316e-01 7.119633257389068604e-02 -9.199976921081542969e-01 2.371961176395416260e-01
-1.524701404571533203e+01 -1.770185089111328125e+01 1.155761722475290298e-02 -3.000260293483734131e-01 6.316569447517395020e-02 -9.231437444686889648e-01 2.319486439228057861e-01
-1.515741443634033203e+01 -1.764361000061035156e+01 8.191527798771858215e-03 -2.953422069549560547e-01 5.483860522508621216e-02 -9.273583889007568359e-01 2.230964154005050659e-01
-1.505928707122802734e+01 -1.758006668090820312e+01 4.442138597369194031e-03 -2.897833287715911865e-01 4.625492542982101440e-02 -9.324069619178771973e-01 2.109582722187042236e-01
-1.495424079895019531e+01 -1.750897216796875000e+01 1.983642578125000000e-04 -2.834144532680511475e-01 3.745474293828010559e-02 -9.380380511283874512e-01 1.958522796630859375e-01
-1.484152793884277344e+01 -1.743158721923828125e+01 -4.409790039062500000e-03 -2.763013541698455811e-01 2.848010882735252380e-02 -9.439949989318847656e-01 1.781005114316940308e-01
-1.472057056427001953e+01 -1.734894943237304688e+01 -9.262084960937500000e-03 -2.685135006904602051e-01 1.937424764037132263e-02 -9.500268101692199707e-01 1.580322384834289551e-01
-1.459141826629638672e+01 -1.726115226745605469e+01 -1.430175732821226120e-02 -2.601272165775299072e-01 1.018385589122772217e-02 -9.558965563774108887e-01 1.359846591949462891e-01
-1.445413303375244141e+01 -1.716828536987304688e+01 -1.946899294853210449e-02 -2.512277662754058838e-01 9.580031037330627441e-04 -9.613902568817138672e-01 1.123054251074790955e-01
-1.430879592895507812e+01 -1.707042121887207031e+01 -2.470519952476024628e-02 -2.419107705354690552e-01 -8.251921273767948151e-03 -9.663233160972595215e-01 8.735191076993942261e-02
-1.415549087524414062e+01 -1.696761512756347656e+01 -2.995361201465129852e-02 -2.322822958230972290e-01 -1.739238388836383820e-02 -9.705469608306884766e-01 6.148998811841011047e-02
-1.399431133270263672e+01 -1.685991096496582031e+01 -3.515930101275444031e-02 -2.224603146314620972e-01 -2.640853077173233032e-02 -9.739519357681274414e-01 3.509339690208435059e-02
-1.383024120330810547e+01 -1.674064636230468750e+01 -4.042053222656250000e-02 -2.125738412141799927e-01 -3.524430841207504272e-02 -9.764718413352966309e-01 8.538634516298770905e-03
-1.365997791290283203e+01 -1.661449241638183594e+01 -4.559326171875000000e-02 2.027617245912551880e-01 4.384372755885124207e-02 9.780841469764709473e-01 1.779573410749435425e-02
-1.348245334625244141e+01 -1.648304557800292969e+01 -5.061095952987670898e-02 1.931716501712799072e-01 5.215137824416160583e-02 9.788103103637695312e-01 4.353321343660354614e-02
-1.329777812957763672e+01 -1.634626579284667969e+01 -5.544921755790710449e-02 1.839592009782791138e-01 6.011324375867843628e-02 9.787136316299438477e-01 6.830120831727981567e-02
-1.310605716705322266e+01 -1.620410156250000000e+01 -6.009277328848838806e-02 1.752854883670806885e-01 6.767715513706207275e-02 9.778953790664672852e-01 9.173459559679031372e-02
-1.291752910614013672e+01 -1.604428100585937500e+01 -6.439635902643203735e-02 1.673167049884796143e-01 7.479327917098999023e-02 9.764907956123352051e-01 1.134761720895767212e-01
-1.272420120239257812e+01 -1.587644767761230469e+01 -6.847473233938217163e-02 1.602211147546768188e-01 8.141429722309112549e-02 9.746611118316650391e-01 1.331784874200820923e-01
-1.252455997467041016e+01 -1.570243740081787109e+01 -7.235901057720184326e-02 1.541689932346343994e-01 8.749537169933319092e-02 9.725868105888366699e-01 1.505033522844314575e-01
-1.232188701629638672e+01 -1.551889991760253906e+01 -7.592834532260894775e-02 1.492965966463088989e-01 9.300266206264495850e-02 9.704484343528747559e-01 1.651995480060577393e-01
-1.212903785705566406e+01 -1.531364727020263672e+01 -7.868896424770355225e-02 1.456059664487838745e-01 9.793611615896224976e-02 9.683787226676940918e-01 1.773414164781570435e-01
-1.193093013763427734e+01 -1.510188198089599609e+01 -8.129760622978210449e-02 1.430601179599761963e-01 1.023027151823043823e-01 9.664720892906188965e-01 1.870818585157394409e-01
-1.173050308227539062e+01 -1.488110923767089844e+01 -8.358886837959289551e-02 1.416171938180923462e-01 1.061073616147041321e-01 9.647942185401916504e-01 1.945707499980926514e-01
-1.154626464843750000e+01 -1.463594341278076172e+01 -8.441894501447677612e-02 1.412313878536224365e-01 1.093529909849166870e-01 9.633863568305969238e-01 1.999551057815551758e-01
-1.135734367370605469e+01 -1.438365077972412109e+01 -8.509948849678039551e-02 1.418539136648178101e-01 1.120408028364181519e-01 9.622688889503479004e-01 2.033779323101043701e-01
-1.117323207855224609e+01 -1.411781311035156250e+01 -8.486022800207138062e-02 1.434330046176910400e-01 1.141702979803085327e-01 9.614445567131042480e-01 2.049789428710937500e-01
-1.100090312957763672e+01 -1.383372306823730469e+01 -8.313110470771789551e-02 1.459153592586517334e-01 1.157390773296356201e-01 9.609010219573974609e-01 2.048955857753753662e-01
-1.082446289062500000e+01 -1.354207134246826172e+01 -8.120238780975341797e-02 1.492456495761871338e-01 1.167439594864845276e-01 9.606149792671203613e-01 2.032621502876281738e-01
-1.065929889678955078e+01 -1.323427200317382812e+01 -7.744384557008743286e-02 1.533674448728561401e-01 1.171802505850791931e-01 9.605532288551330566e-01 2.002113759517669678e-01
-1.049698734283447266e+01 -1.291502666473388672e+01 -7.273498177528381348e-02 1.582229286432266235e-01 1.170428693294525146e-01 9.606766104698181152e-01 1.958746314048767090e-01
-1.033100318908691406e+01 -1.258797359466552734e+01 -6.775145977735519409e-02 1.637538522481918335e-01 1.163258627057075500e-01 9.609409570693969727e-01 1.903826296329498291e-01
-1.017593765258789062e+01 -1.224608993530273438e+01 -6.035339087247848511e-02 1.699013113975524902e-01 1.150231659412384033e-01 9.612993597984313965e-01 1.838657557964324951e-01
-1.001812458038330078e+01 -1.189596557617187500e+01 -5.252075195312500000e-02 1.766054481267929077e-01 1.131287962198257446e-01 9.617047309875488281e-01 1.764550656080245972e-01
-9.857260704040527344e+00 -1.153776836395263672e+01 -4.428771883249282837e-02 1.838064491748809814e-01 1.106369197368621826e-01 9.621102213859558105e-01 1.682814061641693115e-01
-9.703786849975585938e+00 -1.116695880889892578e+01 -3.419372439384460449e-02 1.914449781179428101e-01 1.075419187545776367e-01 9.624711275100708008e-01 1.594771295785903931e-01
-9.547058105468750000e+00 -1.078817844390869141e+01 -2.370605431497097015e-02 1.994608342647552490e-01 1.038391515612602234e-01 9.627462029457092285e-01 1.501754373311996460e-01
-9.387529373168945312e+00 -1.040124702453613281e+01 -1.276000961661338806e-02 2.077949196100234985e-01 9.952436387538909912e-02 9.628983139991760254e-01 1.405104845762252808e-01
-9.232932090759277344e+00 -1.000304031372070312e+01 -3.314208879601210356e-04 2.163879871368408203e-01 9.459434449672698975e-02 9.628952145576477051e-01 1.306177228689193726e-01
-9.075143814086914062e+00 -9.596842765808105469e+00 1.251342706382274628e-02 2.251824587583541870e-01 8.904649317264556885e-02 9.627102613449096680e-01 1.206338033080101013e-01
-8.915036201477050781e+00 -9.182322502136230469e+00 2.587890625000000000e-02 2.341239005327224731e-01 8.289058506488800049e-02 9.623232483863830566e-01 1.106756851077079773e-01
-8.757948875427246094e+00 -8.757445335388183594e+00 4.040222242474555969e-02 2.431728839874267578e-01 7.618170976638793945e-02 9.617205262184143066e-01 1.007812321186065674e-01
-8.597751617431640625e+00 -8.324557304382324219e+00 5.532043427228927612e-02 2.522933781147003174e-01 6.898690760135650635e-02 9.608922004699707031e-01 9.096823632717132568e-02
-8.436428070068359375e+00 -7.882937431335449219e+00 7.083129882812500000e-02 2.614503800868988037e-01 6.137352064251899719e-02 9.598304629325866699e-01 8.125499635934829712e-02
-8.276123046875000000e+00 -7.431811809539794922e+00 8.714476972818374634e-02 2.706088423728942871e-01 5.340952426195144653e-02 9.585317373275756836e-01 7.166054844856262207e-02
-8.112805366516113281e+00 -6.972650051116943359e+00 1.038085892796516418e-01 2.797352671623229980e-01 4.516312479972839355e-02 9.569948315620422363e-01 6.220379844307899475e-02
-7.950378417968750000e+00 -6.504085063934326172e+00 1.211413517594337463e-01 2.887966036796569824e-01 3.670311346650123596e-02 9.552227854728698730e-01 5.290354043245315552e-02
-7.789994716644287109e+00 -6.036999225616455078e+00 1.385992467403411865e-01 2.977611422538757324e-01 2.809806168079376221e-02 9.532219767570495605e-01 4.377987980842590332e-02
-7.631740570068359375e+00 -5.571381092071533203e+00 1.561181545257568359e-01 3.065977990627288818e-01 1.941697672009468079e-02 9.510025978088378906e-01 3.485207259654998779e-02
-7.477287292480468750e+00 -5.106660842895507812e+00 1.737658679485321045e-01 3.152777552604675293e-01 1.072866935282945633e-02 9.485787153244018555e-01 2.613993920385837555e-02
-7.324001312255859375e+00 -4.643737316131591797e+00 1.913488656282424927e-01 3.237725794315338135e-01 2.101884223520755768e-03 9.459677338600158691e-01 1.766312308609485626e-02
-7.175339221954345703e+00 -4.181466102600097656e+00 2.088586390018463135e-01 3.320556282997131348e-01 -6.395047996193170547e-03 9.431908726692199707e-01 9.441541507840156555e-03
-7.028495788574218750e+00 -3.720780611038208008e+00 2.261706441640853882e-01 -3.401013016700744629e-01 1.469352748245000839e-02 -9.402727484703063965e-01 -1.494345720857381821e-03
-6.886264324188232422e+00 -3.260782957077026367e+00 2.430718988180160522e-01 -3.478858470916748047e-01 2.272608689963817596e-02 -9.372411966323852539e-01 6.158722564578056335e-03
-6.750756740570068359e+00 -2.800889730453491211e+00 2.592761218547821045e-01 -3.553861677646636963e-01 3.042550198733806610e-02 -9.341266751289367676e-01 1.349857822060585022e-02
-6.625720024108886719e+00 -2.340148687362670898e+00 2.742913663387298584e-01 -3.625812530517578125e-01 3.772461041808128357e-02 -9.309625625610351562e-01 2.050624601542949677e-02
-6.525544166564941406e+00 -1.875564575195312500e+00 2.861572206020355225e-01 -3.694503903388977051e-01 4.455754160881042480e-02 -9.277839064598083496e-01 2.716276794672012329e-02
-6.501606464385986328e+00 -1.403782606124877930e+00 2.861535549163818359e-01 -3.759746551513671875e-01 5.085848271846771240e-02 -9.246284365653991699e-01 3.345002233982086182e-02
-6.517951488494873047e+00 -9.327639341354370117e-01 2.737231254577636719e-01 -3.821355998516082764e-01 5.656203627586364746e-02 -9.215337634086608887e-01 3.934971243143081665e-02
-6.499140262603759766e+00 -4.637998342514038086e-01 2.625610232353210449e-01 -3.879155814647674561e-01 6.160358339548110962e-02 -9.185398221015930176e-01 4.484394937753677368e-02
-6.449624061584472656e+00 8.115196251310408115e-04 2.534753382205963135e-01 -3.890537619590759277e-01 6.658329814672470093e-02 -9.174113869667053223e-01 5.059766024351119995e-02
-6.364391803741455078e+00 4.580339789390563965e-01 2.470642030239105225e-01 -3.901864886283874512e-01 7.092961668968200684e-02 -9.162909984588623047e-01 5.598475784063339233e-02
-6.230888366699218750e+00 9.012527465820312500e-01 2.446752935647964478e-01 -3.912848532199859619e-01 7.465574890375137329e-02 -9.152064919471740723e-01 6.098816916346549988e-02
-6.045842170715332031e+00 1.323421955108642578e+00 2.462426722049713135e-01 -3.923229277133941650e-01 7.777719944715499878e-02 -9.141831398010253906e-01 6.559322774410247803e-02
-5.817158222198486328e+00 1.721348643302917480e+00 2.497192323207855225e-01 -3.932778239250183105e-01 8.031107485294342041e-02 -9.132426977157592773e-01 6.978790462017059326e-02
-5.551030158996582031e+00 2.092825174331665039e+00 2.505987584590911865e-01 -3.941301405429840088e-01 8.227679133415222168e-02 -9.124037027359008789e-01 7.356201112270355225e-02
-5.236606121063232422e+00 2.420154571533203125e+00 2.406323254108428955e-01 -3.948640823364257812e-01 8.369480073451995850e-02 -9.116811156272888184e-01 7.690817117691040039e-02
-4.821142673492431641e+00 2.578111171722412109e+00 2.713281214237213135e-01 -3.954676687717437744e-01 8.458864688873291016e-02 -9.110865592956542969e-01 7.982039451599121094e-02
-4.372643947601318359e+00 2.622658014297485352e+00 2.892083823680877686e-01 -3.959325253963470459e-01 8.498296141624450684e-02 -9.106276631355285645e-01 8.229570090770721436e-02
-3.924697160720825195e+00 2.654587030410766602e+00 2.975597977638244629e-01 -3.962542712688446045e-01 8.490484952926635742e-02 -9.103085398674011230e-01 8.433289825916290283e-02
-3.478442192077636719e+00 2.682921409606933594e+00 3.027441203594207764e-01 -3.964322805404663086e-01 8.438384532928466797e-02 -9.101296663284301758e-01 8.593407273292541504e-02
-3.034040451049804688e+00 2.709434032440185547e+00 3.062921166419982910e-01 -3.964695930480957031e-01 8.345194160938262939e-02 -9.100880622863769531e-01 8.710362017154693604e-02
-2.591201066970825195e+00 2.723258018493652344e+00 3.104412853717803955e-01 -3.963727056980133057e-01 8.214426040649414062e-02 -9.101777076721191406e-01 8.784868568181991577e-02
-2.151611328125000000e+00 2.694266796112060547e+00 3.194299340248107910e-01 -3.961511552333831787e-01 8.049848675727844238e-02 -9.103891849517822266e-01 8.818006515502929688e-02
-1.717653751373291016e+00 2.628256559371948242e+00 3.327349722385406494e-01 -3.958172202110290527e-01 7.855563610792160034e-02 -9.107108116149902344e-01 8.811113238334655762e-02
-1.393498539924621582e+00 2.339832067489624023e+00 3.732098340988159180e-01 -3.953853845596313477e-01 7.636013627052307129e-02 -9.111286997795104980e-01 8.765825629234313965e-02
-1.104338407516479492e+00 2.010082006454467773e+00 4.175207316875457764e-01 -3.948718011379241943e-01 7.395894825458526611e-02 -9.116277098655700684e-01 8.684089779853820801e-02
-8.537036180496215820e-01 1.643921017646789551e+00 4.640631079673767090e-01 -3.942934870719909668e-01 7.140175998210906982e-02 -9.121913313865661621e-01 8.568090200424194336e-02
-6.075683236122131348e-01 1.268565535545349121e+00 5.073632597923278809e-01 -3.936680257320404053e-01 6.874082237482070923e-02 -9.128033518791198730e-01 8.420260250568389893e-02
-3.575927615165710449e-01 8.894729614257812500e-01 5.434753298759460449e-01 -3.930125236511230469e-01 6.603068113327026367e-02 -9.134474396705627441e-01 8.243037760257720947e-02
-1.004199162125587463e-01 5.084506273269653320e-01 5.559509396553039551e-01 -3.858887553215026855e-01 6.458517909049987793e-02 -9.166565537452697754e-01 8.160479366779327393e-02
2.486352473497390747e-01 3.559552431106567383e-01 4.660119414329528809e-01 -3.779369890689849854e-01 6.322209537029266357e-02 -9.201480150222778320e-01 8.058552443981170654e-02
5.638085603713989258e-01 6.967995762825012207e-01 4.051007032394409180e-01 -3.692142963409423828e-01 6.192468851804733276e-02 -9.238763451576232910e-01 7.936505973339080811e-02
8.650927543640136719e-01 1.062392473220825195e+00 4.015716314315795898e-01 -3.597783446311950684e-01 6.067638099193572998e-02 -9.277951717376708984e-01 7.793548703193664551e-02
1.177412033081054688e+00 1.418554306030273438e+00 4.640594422817230225e-01 -3.496872484683990479e-01 5.946051701903343201e-02 -9.318599700927734375e-01 7.628922164440155029e-02
1.530947208404541016e+00 1.710648775100708008e+00 6.090807914733886719e-01 -3.390008211135864258e-01 5.826067551970481873e-02 -9.360266923904418945e-01 7.441896945238113403e-02
1.974616646766662598e+00 1.821892380714416504e+00 7.557366490364074707e-01 -3.277789354324340820e-01 5.706019699573516846e-02 -9.402527809143066406e-01 7.231781631708145142e-02
2.451135158538818359e+00 1.714890837669372559e+00 7.979217171669006348e-01 -3.160828649997711182e-01 5.584293976426124573e-02 -9.444977641105651855e-01 6.997890770435333252e-02
2.918967247009277344e+00 1.547811746597290039e+00 7.897527813911437988e-01 -3.039758801460266113e-01 5.459325760602951050e-02 -9.487233161926269531e-01 6.739566475152969360e-02
3.388056516647338867e+00 1.415971040725708008e+00 7.728081941604614258e-01 -2.915214300155639648e-01 5.329510569572448730e-02 -9.528937935829162598e-01 6.456211209297180176e-02
3.863832950592041016e+00 1.360837936401367188e+00 7.618139386177062988e-01 -2.787849009037017822e-01 5.193299055099487305e-02 -9.569759964942932129e-01 6.147266179323196411e-02
4.333288669586181641e+00 1.331949949264526367e+00 7.443512082099914551e-01 -2.658326625823974609e-01 5.049195513129234314e-02 -9.609399437904357910e-01 5.812148004770278931e-02
4.792037010192871094e+00 1.284805536270141602e+00 7.175121903419494629e-01 -2.527322173118591309e-01 4.895649850368499756e-02 -9.647585153579711914e-01 5.450434237718582153e-02
5.242495059967041016e+00 1.238911390304565430e+00 6.994390487670898438e-01 -2.395518720149993896e-01 4.731222242116928101e-02 -9.684082269668579102e-01 5.061631649732589722e-02
5.686002254486083984e+00 1.213971257209777832e+00 7.050982713699340820e-01 -2.263615429401397705e-01 4.554484784603118896e-02 -9.718683958053588867e-01 4.645300656557083130e-02
6.120927810668945312e+00 1.210303902626037598e+00 7.294366359710693359e-01 -2.132310271263122559e-01 4.363999143242835999e-02 -9.751220941543579102e-01 4.201083257794380188e-02
6.547494888305664062e+00 1.205884218215942383e+00 7.440392971038818359e-01 -2.002314925193786621e-01 4.158398509025573730e-02 -9.781553149223327637e-01 3.728589415550231934e-02
6.964263916015625000e+00 1.181949853897094727e+00 7.246490120887756348e-01 -1.874342262744903564e-01 3.936298191547393799e-02 -9.809572696685791016e-01 3.227503970265388489e-02
7.365999698638916016e+00 1.132761240005493164e+00 6.629986166954040527e-01 -1.749109327793121338e-01 3.696392849087715149e-02 -9.835202693939208984e-01 2.697518840432167053e-02
7.755584716796875000e+00 1.080094456672668457e+00 5.847656130790710449e-01 -1.627333909273147583e-01 3.437329828739166260e-02 -9.858391880989074707e-01 2.138327062129974365e-02
8.137918472290039062e+00 1.038069844245910645e+00 5.086657404899597168e-01 -1.509603857994079590e-01 3.158343210816383362e-02 -9.879134893417358398e-01 1.550434157252311707e-02
8.515193939208984375e+00 1.014337658882141113e+00 4.453027248382568359e-01 -1.395980864763259888e-01 2.860738709568977356e-02 -9.897505044937133789e-01 9.375602006912231445e-03
8.886336326599121094e+00 1.006746530532836914e+00 3.958026170730590820e-01 -1.286382079124450684e-01 2.546343766152858734e-02 -9.913598895072937012e-01 3.042507451027631760e-03
9.249823570251464844e+00 1.019641160964965820e+00 3.576208353042602539e-01 1.180734857916831970e-01 -2.216978184878826141e-02 9.927512407302856445e-01 3.450143150985240936e-03
9.603311538696289062e+00 1.057637691497802734e+00 3.264831602573394775e-01 1.078956946730613708e-01 -1.874470897018909454e-02 9.939345717430114746e-01 1.005652267485857010e-02
9.944583892822265625e+00 1.120198607444763184e+00 2.993695139884948730e-01 9.809672832489013672e-02 -1.520638354122638702e-02 9.949199557304382324e-01 1.673185080289840698e-02
1.027148056030273438e+01 1.207250595092773438e+00 2.747973501682281494e-01 8.866771310567855835e-02 -1.157284714281558990e-02 9.957183003425598145e-01 2.343121916055679321e-02
1.058207988739013672e+01 1.317688703536987305e+00 2.517852783203125000e-01 7.960032671689987183e-02 -7.862656377255916595e-03 9.963410496711730957e-01 3.010946884751319885e-02
1.087229633331298828e+01 1.454282164573669434e+00 2.296313494443893433e-01 7.088547945022583008e-02 -4.093581810593605042e-03 9.967998862266540527e-01 3.672247007489204407e-02
1.114233589172363281e+01 1.609645843505859375e+00 2.078301906585693359e-01 6.251475960016250610e-02 -2.839423250406980515e-04 9.971075057983398438e-01 4.322539642453193665e-02
1.139307212829589844e+01 1.778835892677307129e+00 1.862548738718032837e-01 5.447917059063911438e-02 3.548393258824944496e-03 9.972772598266601562e-01 4.957373440265655518e-02
1.162604236602783203e+01 1.958137273788452148e+00 1.649011224508285522e-01 4.676941409707069397e-02 7.385476958006620407e-03 9.973228573799133301e-01 5.572390928864479065e-02
1.183795356750488281e+01 2.148672342300415039e+00 1.438964754343032837e-01 3.937625139951705933e-02 1.120950095355510712e-02 9.972589015960693359e-01 6.163193285465240479e-02
1.203876304626464844e+01 2.338041543960571289e+00 1.234997510910034180e-01 3.229088708758354187e-02 1.500272471457719803e-02 9.971004128456115723e-01 6.725406646728515625e-02
1.222550392150878906e+01 2.529170989990234375e+00 1.037023887038230896e-01 2.550363913178443909e-02 1.874755509197711945e-02 9.968625903129577637e-01 7.254689931869506836e-02
1.240098571777343750e+01 2.718642473220825195e+00 8.459167182445526123e-02 1.900489442050457001e-02 2.242649160325527191e-02 9.965614080429077148e-01 7.746749371290206909e-02
1.257359313964843750e+01 2.912549257278442383e+00 6.543762236833572388e-02 1.278544496744871140e-02 2.602211385965347290e-02 9.962127208709716797e-01 8.197297900915145874e-02
1.274150562286376953e+01 3.112185239791870117e+00 4.634155333042144775e-02 6.835487671196460724e-03 2.951716072857379913e-02 9.958325624465942383e-01 8.602018654346466064e-02
1.290832138061523438e+01 3.314449787139892578e+00 2.723632752895355225e-02 1.145577174611389637e-03 3.289442509412765503e-02 9.954367280006408691e-01 8.956675231456756592e-02
1.307094001770019531e+01 3.521763801574707031e+00 8.309326134622097015e-03 -4.294578451663255692e-03 3.613688051700592041e-02 9.950408935546875000e-01 9.257046878337860107e-02
1.323250484466552734e+01 3.731543540954589844e+00 -1.048828102648258209e-02 -9.496614336967468262e-03 3.923226147890090942e-02 9.946579337120056152e-01 9.500607848167419434e-02
1.339276218414306641e+01 3.943992853164672852e+00 -2.911560051143169403e-02 -1.447984669357538223e-02 4.218738898634910583e-02 9.942923188209533691e-01 9.691947698593139648e-02
1.355202388763427734e+01 4.158879756927490234e+00 -4.721374437212944031e-02 -1.926566846668720245e-02 4.501377046108245850e-02 9.939442276954650879e-01 9.837359189987182617e-02
1.371294689178466797e+01 4.374253749847412109e+00 -6.451538205146789551e-02 -2.387533336877822876e-02 4.772291332483291626e-02 9.936125874519348145e-01 9.943139553070068359e-02
1.387571239471435547e+01 4.590028285980224609e+00 -8.034850656986236572e-02 -2.833013609051704407e-02 5.032623931765556335e-02 9.932942390441894531e-01 1.001559421420097351e-01
1.403953361511230469e+01 4.806887626647949219e+00 -9.307922422885894775e-02 -3.265145793557167053e-02 5.283519998192787170e-02 9.929854869842529297e-01 1.006100699305534363e-01
1.419469547271728516e+01 5.031779766082763672e+00 -1.004565432667732239e-01 -3.686068952083587646e-02 5.526113510131835938e-02 9.926809668540954590e-01 1.008558124303817749e-01
1.433017921447753906e+01 5.270601749420166016e+00 -1.096948236227035522e-01 -4.097908362746238708e-02 5.761544033885002136e-02 9.923753738403320312e-01 1.009565144777297974e-01
1.445836925506591797e+01 5.514912605285644531e+00 -1.209240704774856567e-01 -4.502796381711959839e-02 5.990941449999809265e-02 9.920622706413269043e-01 1.009740605950355530e-01
1.458259105682373047e+01 5.762833118438720703e+00 -1.313665807247161865e-01 -4.902871698141098022e-02 6.215437874197959900e-02 9.917347431182861328e-01 1.009711846709251404e-01
1.470308303833007812e+01 6.014204025268554688e+00 -1.390130519866943359e-01 -5.300255119800567627e-02 6.436160206794738770e-02 9.913854598999023438e-01 1.010102629661560059e-01
1.481779766082763672e+01 6.269847869873046875e+00 -1.400982588529586792e-01 -5.697082355618476868e-02 6.654236465692520142e-02 9.910067319869995117e-01 1.011535376310348511e-01
1.492043209075927734e+01 6.531791687011718750e+00 -1.303710937500000000e-01 -6.095468252897262573e-02 6.870786100625991821e-02 9.905902147293090820e-01 1.014632433652877808e-01
1.499818801879882812e+01 6.802730560302734375e+00 -1.085333228111267090e-01 -6.497546285390853882e-02 7.086928933858871460e-02 9.901269078254699707e-01 1.020015701651573181e-01
1.503159904479980469e+01 7.083322048187255859e+00 -8.204711973667144775e-02 -6.905418634414672852e-02 7.303775846958160400e-02 9.896073937416076660e-01 1.028306558728218079e-01
1.502542972564697266e+01 7.367644309997558594e+00 -5.713012441992759705e-02 -7.321205735206604004e-02 7.522438466548919678e-02 9.890211224555969238e-01 1.040121540427207947e-01
1.500576877593994141e+01 7.652887344360351562e+00 -3.373229876160621643e-02 -7.747013121843338013e-02 7.744015753269195557e-02 9.883563518524169922e-01 1.056080535054206848e-01
1.498206996917724609e+01 7.939306259155273438e+00 -1.202514581382274628e-02 -8.184932172298431396e-02 7.969595491886138916e-02 9.876001477241516113e-01 1.076796427369117737e-01
1.495882320404052734e+01 8.227347373962402344e+00 6.104125641286373138e-03 -8.637052029371261597e-02 8.200260996818542480e-02 9.867380261421203613e-01 1.102883517742156982e-01
1.493783664703369141e+01 8.517122268676757812e+00 2.014831453561782837e-02 -9.105429798364639282e-02 8.437075465917587280e-02 9.857532382011413574e-01 1.134951710700988770e-01
1.491998958587646484e+01 8.806851387023925781e+00 2.991027757525444031e-02 -9.590633958578109741e-02 8.680675178766250610e-02 9.846318364143371582e-01 1.173313781619071960e-01
1.490569305419921875e+01 9.096468925476074219e+00 3.528503328561782837e-02 -1.008720397949218750e-01 8.930069953203201294e-02 9.833799004554748535e-01 1.217132657766342163e-01
1.489513015747070312e+01 9.385883331298828125e+00 3.628906235098838806e-02 -1.058822274208068848e-01 9.183868765830993652e-02 9.820108413696289062e-01 1.265273392200469971e-01
1.488833618164062500e+01 9.675001144409179688e+00 3.302551060914993286e-02 -1.108677536249160767e-01 9.440713375806808472e-02 9.805411100387573242e-01 1.316614151000976562e-01
1.488612270355224609e+01 9.963702201843261719e+00 2.468932978808879852e-02 -1.157600805163383484e-01 9.699270129203796387e-02 9.789903163909912109e-01 1.370030939579010010e-01
1.488714790344238281e+01 1.025190639495849609e+01 1.326660159975290298e-02 -1.204908490180969238e-01 9.958240389823913574e-02 9.773821830749511719e-01 1.424407064914703369e-01
1.489068603515625000e+01 1.053961753845214844e+01 -1.788329973351210356e-04 -1.249921768903732300e-01 1.021636053919792175e-01 9.757439494132995605e-01 1.478626728057861328e-01
1.489646911621093750e+01 1.082684040069580078e+01 -1.511596608906984329e-02 -1.291968226432800293e-01 1.047240272164344788e-01 9.741064310073852539e-01 1.531583368778228760e-01
1.490436840057373047e+01 1.111358737945556641e+01 -3.110168315470218658e-02 -1.330379843711853027e-01 1.072518229484558105e-01 9.725044965744018555e-01 1.582176983356475830e-01
1.491497325897216797e+01 1.139986133575439453e+01 -4.755309969186782837e-02 -1.364491581916809082e-01 1.097354590892791748e-01 9.709752798080444336e-01 1.629315018653869629e-01
1.492774391174316406e+01 1.168571758270263672e+01 -6.354064494371414185e-02 -1.393644809722900391e-01 1.121636778116226196e-01 9.695585966110229492e-01 1.671903878450393677e-01
1.494304084777832031e+01 1.197117614746093750e+01 -7.816833257675170898e-02 -1.417182385921478271e-01 1.145255267620086670e-01 9.682963490486145020e-01 1.708859503269195557e-01
1.496167087554931641e+01 1.225623607635498047e+01 -8.976684510707855225e-02 -1.434449553489685059e-01 1.168100759387016296e-01 9.672302007675170898e-01 1.739096641540527344e-01
1.498547554016113281e+01 1.254075908660888672e+01 -9.468811005353927612e-02 -1.444790959358215332e-01 1.190065890550613403e-01 9.664020538330078125e-01 1.761535704135894775e-01
1.501132297515869141e+01 1.282437324523925781e+01 -8.117248117923736572e-02 -1.447548866271972656e-01 1.211040914058685303e-01 9.658521413803100586e-01 1.775089204311370850e-01
1.501607513427734375e+01 1.310449886322021484e+01 -3.362121433019638062e-02 -1.442060470581054688e-01 1.230913400650024414e-01 9.656171202659606934e-01 1.778666526079177856e-01
1.496889495849609375e+01 1.337249279022216797e+01 4.723754897713661194e-02 -1.427658200263977051e-01 1.249567046761512756e-01 9.657295942306518555e-01 1.771166473627090454e-01
1.488349819183349609e+01 1.362929439544677734e+01 1.338696330785751343e-01 -1.403662562370300293e-01 1.266878545284271240e-01 9.662145376205444336e-01 1.751481890678405762e-01
1.478224372863769531e+01 1.388155937194824219e+01 2.167047113180160522e-01 -1.369382441043853760e-01 1.282716095447540283e-01 9.670897126197814941e-01 1.718484461307525635e-01
1.467559814453125000e+01 1.413229942321777344e+01 2.969775199890136719e-01 -1.324112415313720703e-01 1.296935081481933594e-01 9.683611989021301270e-01 1.671030223369598389e-01
1.456733036041259766e+01 1.438287162780761719e+01 3.751342594623565674e-01 -1.267382204532623291e-01 1.309399008750915527e-01 9.700123071670532227e-01 1.608361750841140747e-01
1.446041679382324219e+01 1.463450145721435547e+01 4.511413574218750000e-01 -1.199711114168167114e-01 1.320041567087173462e-01 9.719730615615844727e-01 1.531345248222351074e-01
1.436001777648925781e+01 1.488941955566406250e+01 5.240301489830017090e-01 -1.121869236230850220e-01 1.328810304403305054e-01 9.741584062576293945e-01 1.441252529621124268e-01
1.428670597076416016e+01 1.515421485900878906e+01 5.883843898773193359e-01 -1.034632846713066101e-01 1.335651427507400513e-01 9.764816761016845703e-01 1.339365243911743164e-01
1.449599742889404297e+01 1.517877483367919922e+01 5.426043868064880371e-01 -9.387885034084320068e-02 1.340513080358505249e-01 9.788576960563659668e-01 1.226975545287132263e-01
1.473971080780029297e+01 1.505913639068603516e+01 4.819549322128295898e-01 -8.351375162601470947e-02 1.343348324298858643e-01 9.812036752700805664e-01 1.105394065380096436e-01
1.498429489135742188e+01 1.493773651123046875e+01 4.320446550846099854e-01 -7.244971394538879395e-02 1.344118714332580566e-01 9.834427833557128906e-01 9.759502857923507690e-02
1.523226642608642578e+01 1.482183361053466797e+01 3.897247314453125000e-01 -6.077043339610099792e-02 1.342795938253402710e-01 9.855049848556518555e-01 8.399925380945205688e-02
1.548489379882812500e+01 1.471495914459228516e+01 3.558386266231536865e-01 -4.856091737747192383e-02 1.339366137981414795e-01 9.873288869857788086e-01 6.988917291164398193e-02
1.574118041992187500e+01 1.461680793762207031e+01 3.287426829338073730e-01 -3.590827062726020813e-02 1.333829015493392944e-01 9.888628721237182617e-01 5.540389940142631531e-02
1.599934291839599609e+01 1.452387809753417969e+01 3.057549893856048584e-01 -2.290056459605693817e-02 1.326200515031814575e-01 9.900668263435363770e-01 4.068364575505256653e-02
1.625919723510742188e+01 1.443605327606201172e+01 2.867675721645355225e-01 -9.627554565668106079e-03 1.316514462232589722e-01 9.909115433692932129e-01 2.586994506418704987e-02
1.652008438110351562e+01 1.435199832916259766e+01 2.707476615905761719e-01 3.820735961198806763e-03 1.304821074008941650e-01 9.913810491561889648e-01 1.110517047345638275e-02
1.678120040893554688e+01 1.426944541931152344e+01 2.560095191001892090e-01 -1.735330559313297272e-02 -1.291188150644302368e-01 -9.914712309837341309e-01 3.467998467385768890e-03
1.704307746887207031e+01 1.418990325927734375e+01 2.436389178037643433e-01 -3.087971173226833344e-02 -1.275700479745864868e-01 -9.911905527114868164e-01 1.770721189677715302e-02
1.730492210388183594e+01 1.411099243164062500e+01 2.318658381700515747e-01 -4.430969804525375366e-02 -1.258458048105239868e-01 -9.905600547790527344e-01 3.147041797637939453e-02
1.756697463989257812e+01 1.403333091735839844e+01 2.211151123046875000e-01 -5.755377933382987976e-02 -1.239575073122978210e-01 -9.896118044853210449e-01 4.461712017655372620e-02
1.782898902893066406e+01 1.395605945587158203e+01 2.107153236865997314e-01 -7.052319496870040894e-02 -1.219179257750511169e-01 -9.883887767791748047e-01 5.700819566845893860e-02
1.809097290039062500e+01 1.387910461425781250e+01 2.005889862775802612e-01 -8.313151448965072632e-02 -1.197407394647598267e-01 -9.869439005851745605e-01 6.850545108318328857e-02
1.835579490661621094e+01 1.380078506469726562e+01 1.899523884057998657e-01 -9.529338032007217407e-02 -1.174405217170715332e-01 -9.853374958038330078e-01 7.897352427244186401e-02
1.862349128723144531e+01 1.372114467620849609e+01 1.788311749696731567e-01 -1.069425716996192932e-01 -1.150288656353950500e-01 -9.836320281028747559e-01 8.831609785556793213e-02
1.889362525939941406e+01 1.363895606994628906e+01 1.662451177835464478e-01 -1.180822029709815979e-01 -1.125032603740692139e-01 -9.818706512451171875e-01 9.659095853567123413e-02
1.916573715209960938e+01 1.355309009552001953e+01 1.513201892375946045e-01 -1.287329345941543579e-01 -1.098568812012672424e-01 -9.800843000411987305e-01 1.038944274187088013e-01
1.943981552124023438e+01 1.346371459960937500e+01 1.340692043304443359e-01 -1.389152109622955322e-01 -1.070820167660713196e-01 -9.782968759536743164e-01 1.103229746222496033e-01
1.971558761596679688e+01 1.337034511566162109e+01 1.139001473784446716e-01 -1.486491858959197998e-01 -1.041700020432472229e-01 -9.765257239341735840e-01 1.159725636243820190e-01
1.999285507202148438e+01 1.327283382415771484e+01 9.025268256664276123e-02 -1.579552441835403442e-01 -1.011116653680801392e-01 -9.747821688652038574e-01 1.209395602345466614e-01
2.027162361145019531e+01 1.317161846160888672e+01 6.266906857490539551e-02 -1.668528169393539429e-01 -9.789702296257019043e-02 -9.730731248855590820e-01 1.253190636634826660e-01
2.055228233337402344e+01 1.306813716888427734e+01 3.090942278504371643e-02 -1.753612905740737915e-01 -9.451581537723541260e-02 -9.714013934135437012e-01 1.292071342468261719e-01
2.083594703674316406e+01 1.296558284759521484e+01 -4.843139555305242538e-03 -1.834999918937683105e-01 -9.095723181962966919e-02 -9.697657227516174316e-01 1.326980441808700562e-01
2.112685203552246094e+01 1.287704467773437500e+01 -4.350036382675170898e-02 -1.912878602743148804e-01 -8.721017837524414062e-02 -9.681621789932250977e-01 1.358868330717086792e-01
2.143137931823730469e+01 1.284300518035888672e+01 -8.051208406686782837e-02 -1.987430453300476074e-01 -8.326321840286254883e-02 -9.665837883949279785e-01 1.388674378395080566e-01
2.174074172973632812e+01 1.286882019042968750e+01 -1.133789047598838806e-01 -2.058839350938796997e-01 -7.910479605197906494e-02 -9.650210142135620117e-01 1.417341381311416626e-01
2.205109024047851562e+01 1.291536617279052734e+01 -1.441625952720642090e-01 -2.127286195755004883e-01 -7.472307980060577393e-02 -9.634623527526855469e-01 1.445802450180053711e-01
2.236375236511230469e+01 1.296616077423095703e+01 -1.743957549333572388e-01 -2.192942947149276733e-01 -7.010596990585327148e-02 -9.618934988975524902e-01 1.474986672401428223e-01
2.267918968200683594e+01 1.301756477355957031e+01 -2.046691775321960449e-01 -2.255982011556625366e-01 -6.524144113063812256e-02 -9.602988362312316895e-01 1.505824774503707886e-01
2.299732589721679688e+01 1.306977462768554688e+01 -2.352313250303268433e-01 -2.316569089889526367e-01 -6.011722236871719360e-02 -9.586596488952636719e-01 1.539240032434463501e-01
2.331810569763183594e+01 1.312289810180664062e+01 -2.662029862403869629e-01 -2.374871075153350830e-01 -5.472083389759063721e-02 -9.569553136825561523e-01 1.576143652200698853e-01
2.364144897460937500e+01 1.317715835571289062e+01 -2.977453470230102539e-01 -2.431043088436126709e-01 -4.903994500637054443e-02 -9.551615715026855469e-01 1.617453992366790771e-01
2.396728134155273438e+01 1.323278903961181641e+01 -3.300323486328125000e-01 -2.485235482454299927e-01 -4.306182265281677246e-02 -9.532524943351745605e-01 1.664070487022399902e-01
2.429553413391113281e+01 1.328991699218750000e+01 -3.631628453731536865e-01 -2.537596523761749268e-01 -3.677387535572052002e-02 -9.511974453926086426e-01 1.716889441013336182e-01
2.462610626220703125e+01 1.334889984130859375e+01 -3.973773121833801270e-01 -2.588188350200653076e-01 -3.017616271972656250e-02 -9.489696621894836426e-01 1.776474565267562866e-01
2.495883178710937500e+01 1.341039752960205078e+01 -4.331280291080474854e-01 -2.636786699295043945e-01 -2.331949211657047272e-02 -9.465708732604980469e-01 1.842105090618133545e-01
2.529333877563476562e+01 1.347575187683105469e+01 -4.713122546672821045e-01 -2.683097720146179199e-01 -1.626790314912796021e-02 -9.440122842788696289e-01 1.912742257118225098e-01
2.562909317016601562e+01 1.354669380187988281e+01 -5.131188631057739258e-01 -2.726840078830718994e-01 -9.085278958082199097e-03 -9.413104057312011719e-01 1.987353265285491943e-01
2.596581649780273438e+01 1.362371921539306641e+01 -5.590624809265136719e-01 -2.767749428749084473e-01 -1.836203038692474365e-03 -9.384849071502685547e-01 2.064907550811767578e-01
2.630350494384765625e+01 1.370626068115234375e+01 -6.093358993530273438e-01 -2.805568873882293701e-01 5.414716899394989014e-03 -9.355610609054565430e-01 2.144392132759094238e-01
2.664539527893066406e+01 1.378389263153076172e+01 -6.586626768112182617e-01 -2.840060889720916748e-01 1.260336488485336304e-02 -9.325686693191528320e-01 2.224794775247573853e-01
2.699689674377441406e+01 1.383482265472412109e+01 -6.936529278755187988e-01 -2.871004343032836914e-01 1.966480910778045654e-02 -9.295433163642883301e-01 2.305124253034591675e-01
2.735525512695312500e+01 1.386583137512207031e+01 -7.102795243263244629e-01 -2.898185253143310547e-01 2.653539925813674927e-02 -9.265245795249938965e-01 2.384394854307174683e-01
2.771600723266601562e+01 1.390583133697509766e+01 -7.108843922615051270e-01 -2.921415567398071289e-01 3.315022587776184082e-02 -9.235569834709167480e-01 2.461639791727066040e-01
2.807610130310058594e+01 1.397026252746582031e+01 -6.997576951980590820e-01 -2.940517663955688477e-01 3.944621980190277100e-02 -9.206897020339965820e-01 2.535901665687561035e-01
2.844163513183593750e+01 1.401725959777832031e+01 -6.856396198272705078e-01 -2.955323159694671631e-01 4.535972326993942261e-02 -9.179750680923461914e-01 2.606240212917327881e-01
2.881300544738769531e+01 1.403095436096191406e+01 -6.742260456085205078e-01 -2.965680956840515137e-01 5.082773417234420776e-02 -9.154687523841857910e-01 2.671719789505004883e-01
2.918779754638671875e+01 1.402563858032226562e+01 -6.713012456893920898e-01 -2.971441149711608887e-01 5.578700453042984009e-02 -9.132285714149475098e-01 2.731425166130065918e-01
2.956519699096679688e+01 1.402070236206054688e+01 -6.846197247505187988e-01 -2.972460985183715820e-01 6.017562747001647949e-02 -9.113135933876037598e-01 2.784441411495208740e-01
2.994393157958984375e+01 1.402663326263427734e+01 -7.202661037445068359e-01 -2.968600094318389893e-01 6.393094360828399658e-02 -9.097834825515747070e-01 2.829856872558593750e-01
3.031972503662109375e+01 1.405572700500488281e+01 -7.894012331962585449e-01 -2.959709465503692627e-01 6.699128448963165283e-02 -9.086968898773193359e-01 2.866764962673187256e-01
3.068430519104003906e+01 1.411759471893310547e+01 -8.996551036834716797e-01 -2.945640087127685547e-01 6.929407268762588501e-02 -9.081099629402160645e-01 2.894245088100433350e-01
3.103463363647460938e+01 1.420637512207031250e+01 -1.043977618217468262e+00 -2.924745678901672363e-01 7.031860202550888062e-02 -9.081114530563354492e-01 2.912858724594116211e-01
3.137487030029296875e+01 1.431319046020507812e+01 -1.213283658027648926e+00 -2.901263236999511719e-01 7.137881219387054443e-02 -9.086416363716125488e-01 2.917223870754241943e-01
3.171166038513183594e+01 1.442632007598876953e+01 -1.397551178932189941e+00 -2.870752811431884766e-01 7.105658948421478271e-02 -9.098293185234069824e-01 2.911173403263092041e-01
3.206078720092773438e+01 1.452462291717529297e+01 -1.578652977943420410e+00 -2.835409641265869141e-01 6.985491514205932617e-02 -9.115756750106811523e-01 2.894035577774047852e-01
3.244373321533203125e+01 1.458715915679931641e+01 -1.710021376609802246e+00 -2.796128988265991211e-01 6.783921271562576294e-02 -9.137944579124450684e-01 2.866953015327453613e-01
3.285608291625976562e+01 1.462164497375488281e+01 -1.736704707145690918e+00 -2.753797173500061035e-01 6.507440656423568726e-02 -9.163959026336669922e-01 2.831075191497802734e-01
3.327229309082031250e+01 1.465494441986083984e+01 -1.686625361442565918e+00 -2.709304988384246826e-01 6.162575632333755493e-02 -9.192905426025390625e-01 2.787538766860961914e-01
3.367887115478515625e+01 1.469551944732666016e+01 -1.603875041007995605e+00 -2.663550078868865967e-01 5.755884200334548950e-02 -9.223899245262145996e-01 2.737492322921752930e-01
3.407643127441406250e+01 1.474719715118408203e+01 -1.504179596900939941e+00 -2.617432773113250732e-01 5.293930321931838989e-02 -9.256086349487304688e-01 2.682096362113952637e-01
3.446493911743164062e+01 1.481454181671142578e+01 -1.394356012344360352e+00 -2.571873366832733154e-01 4.783340543508529663e-02 -9.288650155067443848e-01 2.622524499893188477e-01
3.484371185302734375e+01 1.490194416046142578e+01 -1.278749346733093262e+00 -2.527804076671600342e-01 4.230844229459762573e-02 -9.320826530456542969e-01 2.559962570667266846e-01
3.521312332153320312e+01 1.500827026367187500e+01 -1.161885976791381836e+00 -2.486170232295989990e-01 3.643105924129486084e-02 -9.351904988288879395e-01 2.495616078376770020e-01
3.557435607910156250e+01 1.513179206848144531e+01 -1.049268126487731934e+00 -2.447943985462188721e-01 3.026912361383438110e-02 -9.381235837936401367e-01 2.430709004402160645e-01
3.592915725708007812e+01 1.527096652984619141e+01 -9.482836723327636719e-01 -2.414097338914871216e-01 2.389021962881088257e-02 -9.408231973648071289e-01 2.366479188203811646e-01
3.628414535522460938e+01 1.541641044616699219e+01 -8.755450248718261719e-01 -2.385628074407577515e-01 1.736252382397651672e-02 -9.432359337806701660e-01 2.304177582263946533e-01
3.664963912963867188e+01 1.553931522369384766e+01 -8.533819317817687988e-01 -2.363541126251220703e-01 1.075405254960060120e-02 -9.453135728836059570e-01 2.245068699121475220e-01
3.702318572998046875e+01 1.560725402832031250e+01 -8.984228372573852539e-01 -2.348852306604385376e-01 4.132311791181564331e-03 -9.470121860504150391e-01 2.190422713756561279e-01
3.739007186889648438e+01 1.562000179290771484e+01 -9.937127232551574707e-01 -2.342583686113357544e-01 -2.434276044368743896e-03 -9.482913017272949219e-01 2.141512334346771240e-01
3.774680709838867188e+01 1.560097217559814453e+01 -1.109692931175231934e+00 -2.345758825540542603e-01 -8.879102766513824463e-03 -9.491108059883117676e-01 2.099616825580596924e-01
3.809754180908203125e+01 1.555836677551269531e+01 -1.224708795547485352e+00 -2.359400838613510132e-01 -1.513462141156196594e-02 -9.494310617446899414e-01 2.066001743078231812e-01
3.845642852783203125e+01 1.550242042541503906e+01 -1.260467529296875000e+00 -2.384527623653411865e-01 -2.113466523587703705e-02 -9.492095708847045898e-01 2.041932791471481323e-01
3.881704330444335938e+01 1.548399543762207031e+01 -1.224233984947204590e+00 -2.422139048576354980e-01 -2.681323140859603882e-02 -9.483981728553771973e-01 2.028655558824539185e-01
3.917324066162109375e+01 1.550380134582519531e+01 -1.186029076576232910e+00 -2.472799122333526611e-01 -3.211154788732528687e-02 -9.469569325447082520e-01 2.027164995670318604e-01
3.951936340332031250e+01 1.557034492492675781e+01 -1.147747755050659180e+00 -2.535328865051269531e-01 -3.699998557567596436e-02 -9.449011087417602539e-01 2.037497907876968384e-01
3.983885192871093750e+01 1.570853614807128906e+01 -1.110900282859802246e+00 -2.608107030391693115e-01 -4.145607352256774902e-02 -9.422557950019836426e-01 2.059445083141326904e-01
4.013234329223632812e+01 1.588974094390869141e+01 -1.075063467025756836e+00 -2.689502239227294922e-01 -4.545666277408599854e-02 -9.390430450439453125e-01 2.092786729335784912e-01
4.043325424194335938e+01 1.604766273498535156e+01 -1.035649418830871582e+00 -2.777869105339050293e-01 -4.897887259721755981e-02 -9.352833628654479980e-01 2.137293666601181030e-01
4.076198577880859375e+01 1.609782600402832031e+01 -9.900762438774108887e-01 -2.871561646461486816e-01 -5.199980735778808594e-02 -9.309974908828735352e-01 2.192737907171249390e-01
4.108921813964843750e+01 1.604493904113769531e+01 -9.437280297279357910e-01 -2.968933284282684326e-01 -5.449664592742919922e-02 -9.262068271636962891e-01 2.258881032466888428e-01
4.140932083129882812e+01 1.597224235534667969e+01 -8.991387486457824707e-01 -3.068334460258483887e-01 -5.644672363996505737e-02 -9.209353327751159668e-01 2.335489392280578613e-01
4.173004150390625000e+01 1.592541122436523438e+01 -8.562982082366943359e-01 -3.168129622936248779e-01 -5.782735347747802734e-02 -9.152098298072814941e-01 2.422323524951934814e-01
4.204998779296875000e+01 1.593417644500732422e+01 -8.170117139816284180e-01 -3.266686499118804932e-01 -5.861663073301315308e-02 -9.090603590011596680e-01 2.519144117832183838e-01
4.236220169067382812e+01 1.599112129211425781e+01 -7.891412377357482910e-01 -3.362379670143127441e-01 -5.879328027367591858e-02 -9.025205373764038086e-01 2.625720798969268799e-01
4.266368103027343750e+01 1.608053398132324219e+01 -7.796795368194580078e-01 -3.453601896762847900e-01 -5.833564698696136475e-02 -8.956270217895507812e-01 2.741816341876983643e-01
4.295305252075195312e+01 1.619211578369140625e+01 -7.951043248176574707e-01 -3.538754582405090332e-01 -5.722382664680480957e-02 -8.884195685386657715e-01 2.867197394371032715e-01
4.322903060913085938e+01 1.631658935546875000e+01 -8.410418629646301270e-01 -3.616259098052978516e-01 -5.543714016675949097e-02 -8.809401392936706543e-01 3.001630902290344238e-01
4.349508666992187500e+01 1.644293022155761719e+01 -9.092522859573364258e-01 -3.684541583061218262e-01 -5.295636504888534546e-02 -8.732322454452514648e-01 3.144878447055816650e-01
4.376102447509765625e+01 1.655912590026855469e+01 -9.785363674163818359e-01 -3.742044866085052490e-01 -4.976248741149902344e-02 -8.653395175933837891e-01 3.296699225902557373e-01
4.402901840209960938e+01 1.666478919982910156e+01 -1.039740562438964844e+00 -3.787222802639007568e-01 -4.583655297756195068e-02 -8.573042154312133789e-01 3.456846773624420166e-01
4.429804611206054688e+01 1.676159667968750000e+01 -1.092308878898620605e+00 -3.818522989749908447e-01 -4.116056114435195923e-02 -8.491666316986083984e-01 3.625062406063079834e-01
4.456777191162109375e+01 1.684955787658691406e+01 -1.135053634643554688e+00 -3.834408521652221680e-01 -3.571677207946777344e-02 -8.409619927406311035e-01 3.801057338714599609e-01
4.483551788330078125e+01 1.693303871154785156e+01 -1.173179864883422852e+00 -3.833329379558563232e-01 -2.948801219463348389e-02 -8.327187895774841309e-01 3.984539210796356201e-01
4.510875701904296875e+01 1.701231956481933594e+01 -1.208931207656860352e+00 -3.752759099006652832e-01 -3.453311324119567871e-02 -8.240329623222351074e-01 4.230189323425292969e-01
4.538908767700195312e+01 1.709032630920410156e+01 -1.241413593292236328e+00 -3.654458224773406982e-01 -3.756932914257049561e-02 -8.154014945030212402e-01 4.473904967308044434e-01
4.567677688598632812e+01 1.716668701171875000e+01 -1.269976735115051270e+00 -3.541835844516754150e-01 -3.856882452964782715e-02 -8.068473339080810547e-01 4.712363183498382568e-01
4.597092819213867188e+01 1.724333763122558594e+01 -1.297236919403076172e+00 -3.418205976486206055e-01 -3.759841620922088623e-02 -7.983815670013427734e-01 4.942993819713592529e-01
4.627258682250976562e+01 1.731771659851074219e+01 -1.319288253784179688e+00 -3.286687731742858887e-01 -3.480204939842224121e-02 -7.900052070617675781e-01 5.163887143135070801e-01
4.658024215698242188e+01 1.739363670349121094e+01 -1.341753482818603516e+00 -3.150164186954498291e-01 -3.038087487220764160e-02 -7.817145586013793945e-01 5.373675823211669922e-01
4.689477539062500000e+01 1.746853446960449219e+01 -1.360945463180541992e+00 -3.011285662651062012e-01 -2.457626163959503174e-02 -7.735063433647155762e-01 5.571405291557312012e-01
4.721569061279296875e+01 1.754373550415039062e+01 -1.378712177276611328e+00 -2.872478663921356201e-01 -1.765404641628265381e-02 -7.653839588165283203e-01 5.756425857543945312e-01
4.754253387451171875e+01 1.762052726745605469e+01 -1.396853566169738770e+00 -2.735964953899383545e-01 -9.892165660858154297e-03 -7.573629617691040039e-01 5.928308367729187012e-01
4.787624740600585938e+01 1.769577789306640625e+01 -1.411090612411499023e+00 -2.603793144226074219e-01 -1.572906970977783203e-03 -7.494749426841735840e-01 6.086767911911010742e-01
4.821593475341796875e+01 1.777230262756347656e+01 -1.425203204154968262e+00 -2.477844208478927612e-01 7.024861872196197510e-03 -7.417708039283752441e-01 6.231608986854553223e-01
4.856152725219726562e+01 1.785022735595703125e+01 -1.439333438873291016e+00 -2.359853088855743408e-01 1.562917232513427734e-02 -7.343214750289916992e-01 6.362691521644592285e-01
4.891385650634765625e+01 1.792648506164550781e+01 -1.449490308761596680e+00 -2.251418232917785645e-01 2.397833019495010376e-02 -7.272196412086486816e-01 6.479874253273010254e-01
4.927198028564453125e+01 1.800439262390136719e+01 -1.459891915321350098e+00 -2.154005169868469238e-01 3.182338178157806396e-02 -7.205774188041687012e-01 6.582993268966674805e-01
4.963611221313476562e+01 1.808296775817871094e+01 -1.469277262687683105e+00 -2.068958580493927002e-01 3.892966359853744507e-02 -7.145255804061889648e-01 6.671820282936096191e-01
5.000673675537109375e+01 1.816027259826660156e+01 -1.475197672843933105e+00 -1.997509747743606567e-01 4.507882148027420044e-02 -7.092097997665405273e-01 6.746027469635009766e-01
5.038309097290039062e+01 1.823929214477539062e+01 -1.481268882751464844e+00 -1.940801441669464111e-01 5.006981641054153442e-02 -7.047880887985229492e-01 6.805142760276794434e-01
5.076573944091796875e+01 1.831733512878417969e+01 -1.484232783317565918e+00 -1.899898350238800049e-01 5.372199416160583496e-02 -7.014244198799133301e-01 6.848514080047607422e-01
5.115456390380859375e+01 1.839498710632324219e+01 -1.484720468521118164e+00 -1.875825673341751099e-01 5.587696284055709839e-02 -6.992855668067932129e-01 6.875246763229370117e-01
5.154914474487304688e+01 1.847409629821777344e+01 -1.484860777854919434e+00 -1.869600415229797363e-01 5.640224367380142212e-02 -6.985335350036621094e-01 6.884152889251708984e-01
5.194961166381835938e+01 1.854834175109863281e+01 -1.480582237243652344e+00 -1.803335547447204590e-01 4.727309197187423706e-02 -6.998701095581054688e-01 6.895120143890380859e-01
5.235580444335937500e+01 1.862424850463867188e+01 -1.476405024528503418e+00 -1.750247776508331299e-01 3.612802177667617798e-02 -7.025415897369384766e-01 6.888369917869567871e-01
5.276878738403320312e+01 1.869417762756347656e+01 -1.463845133781433105e+00 -1.709473729133605957e-01 2.316519618034362793e-02 -7.063819169998168945e-01 6.864874362945556641e-01
5.318783187866210938e+01 1.876359939575195312e+01 -1.449096679687500000e+00 -1.680116355419158936e-01 8.584141731262207031e-03 -7.112122178077697754e-01 6.825509071350097656e-01
5.361365127563476562e+01 1.882123947143554688e+01 -1.419963359832763672e+00 -1.661260724067687988e-01 -7.414422929286956787e-03 -7.168467044830322266e-01 6.771099567413330078e-01
5.404542922973632812e+01 1.887261581420898438e+01 -1.382422447204589844e+00 -1.651988923549652100e-01 -2.462729811668395996e-02 -7.230980992317199707e-01 6.702476739883422852e-01
5.448286056518554688e+01 1.891109275817871094e+01 -1.329063653945922852e+00 -1.651378870010375977e-01 -4.284834116697311401e-02 -7.297810912132263184e-01 6.620520949363708496e-01
5.491931152343750000e+01 1.892782592773437500e+01 -1.250288724899291992e+00 -1.658527106046676636e-01 -6.186937168240547180e-02 -7.367171645164489746e-01 6.526199579238891602e-01
5.535034561157226562e+01 1.891875457763671875e+01 -1.140233755111694336e+00 -1.672549098730087280e-01 -8.148007094860076904e-02 -7.437376976013183594e-01 6.420599818229675293e-01
5.576595687866210938e+01 1.887498855590820312e+01 -9.846441149711608887e-01 -1.692585647106170654e-01 -1.014683470129966736e-01 -7.506880760192871094e-01 6.304943561553955078e-01
5.615806579589843750e+01 1.880535697937011719e+01 -7.811883091926574707e-01 -1.717812269926071167e-01 -1.216222941875457764e-01 -7.574290037155151367e-01 6.180617809295654297e-01
5.654421615600585938e+01 1.875600242614746094e+01 -5.571716427803039551e-01 -1.747453659772872925e-01 -1.417307108640670776e-01 -7.638400793075561523e-01 6.049170494079589844e-01
5.694622802734375000e+01 1.873270797729492188e+01 -3.532458543777465820e-01 -1.780767291784286499e-01 -1.615844368934631348e-01 -7.698205113410949707e-01 5.912321805953979492e-01
5.737030029296875000e+01 1.868353271484375000e+01 -2.015454024076461792e-01 -1.817076504230499268e-01 -1.809781044721603394e-01 -7.752910256385803223e-01 5.771943330764770508e-01
5.780266571044921875e+01 1.856592941284179688e+01 -1.216790750622749329e-01 -1.855751872062683105e-01 -1.997106969356536865e-01 -7.801929116249084473e-01 5.630065798759460449e-01
5.822757339477539062e+01 1.839960289001464844e+01 -8.621399104595184326e-02 -1.896228641271591187e-01 -2.175873219966888428e-01 -7.844894528388977051e-01 5.488855838775634766e-01
5.864307403564453125e+01 1.820347785949707031e+01 -7.241454720497131348e-02 -1.937990337610244751e-01 -2.344185709953308105e-01 -7.881629467010498047e-01 5.350596904754638672e-01
5.904824066162109375e+01 1.798271369934082031e+01 -6.669127941131591797e-02 -1.980590373277664185e-01 -2.500226199626922607e-01 -7.912147641181945801e-01 5.217667222023010254e-01
5.943783950805664062e+01 1.773301887512207031e+01 -5.399535968899726868e-02 -2.023620903491973877e-01 -2.642236649990081787e-01 -7.936607599258422852e-01 5.092524886131286621e-01
5.980968093872070312e+01 1.745521736145019531e+01 -3.256225585937500000e-02 -2.066728621721267700e-01 -2.768520712852478027e-01 -7.955295443534851074e-01 4.977670013904571533e-01
6.018107604980468750e+01 1.717363166809082031e+01 -1.506469678133726120e-02 -2.109684944152832031e-01 -2.877871394157409668e-01 -7.968742847442626953e-01 4.875060617923736572e-01
6.056151199340820312e+01 1.690117835998535156e+01 -5.122070200741291046e-03 -2.158571481704711914e-01 -2.960888743400573730e-01 -7.981820702552795410e-01 4.781656265258789062e-01
6.094755554199218750e+01 1.663491249084472656e+01 6.054687546566128731e-04 -2.249992489814758301e-01 -2.955751717090606689e-01 -8.019371032714843750e-01 4.678754806518554688e-01
6.133649444580078125e+01 1.636961555480957031e+01 6.768798921257257462e-04 -2.331685125827789307e-01 -2.950303852558135986e-01 -8.050159215927124023e-01 4.588452279567718506e-01
6.172685241699218750e+01 1.610333824157714844e+01 -5.433349404484033585e-03 -2.404728531837463379e-01 -2.945119738578796387e-01 -8.074958324432373047e-01 4.509833455085754395e-01
6.211753845214843750e+01 1.583472156524658203e+01 -1.850158721208572388e-02 -2.470098435878753662e-01 -2.940528392791748047e-01 -8.094580173492431641e-01 4.441808760166168213e-01
6.250509643554687500e+01 1.556366443634033203e+01 -4.081298783421516418e-02 -2.528668642044067383e-01 -2.936647534370422363e-01 -8.109878897666931152e-01 4.383126497268676758e-01
6.289007568359375000e+01 1.529101276397705078e+01 -6.975829601287841797e-02 -2.581239342689514160e-01 -2.933419942855834961e-01 -8.121733665466308594e-01 4.332399070262908936e-01
6.327363204956054688e+01 1.501813030242919922e+01 -1.018463075160980225e-01 -2.628548145294189453e-01 -2.930646538734436035e-01 -8.131054043769836426e-01 4.288121461868286133e-01
6.365863800048828125e+01 1.474822139739990234e+01 -1.285394281148910522e-01 -2.671295404434204102e-01 -2.928009331226348877e-01 -8.138768076896667480e-01 4.248692393302917480e-01
6.405430603027343750e+01 1.449529361724853516e+01 -1.219647154211997986e-01 -2.710164189338684082e-01 -2.925092577934265137e-01 -8.145822882652282715e-01 4.212411344051361084e-01
6.448274993896484375e+01 1.431695365905761719e+01 -5.740112066268920898e-02 -2.745824456214904785e-01 -2.921403944492340088e-01 -8.153172731399536133e-01 4.177512526512145996e-01
6.493183898925781250e+01 1.419066619873046875e+01 -1.534301694482564926e-02 -2.778962552547454834e-01 -2.916386723518371582e-01 -8.161779046058654785e-01 4.142151474952697754e-01
6.539440917968750000e+01 1.412410831451416016e+01 -5.720824934542179108e-03 -2.810277342796325684e-01 -2.909435927867889404e-01 -8.172589540481567383e-01 4.104424118995666504e-01
6.585975646972656250e+01 1.414373302459716797e+01 -2.773620560765266418e-02 -2.840483784675598145e-01 -2.899906933307647705e-01 -8.186532258987426758e-01 4.062372744083404541e-01
6.631273651123046875e+01 1.424398136138916016e+01 -7.530212402343750000e-02 -2.870303690433502197e-01 -2.887124419212341309e-01 -8.204494714736938477e-01 4.013993144035339355e-01
6.675540161132812500e+01 1.437894821166992188e+01 -1.314263939857482910e-01 -2.900463342666625977e-01 -2.870384752750396729e-01 -8.227306604385375977e-01 3.957224488258361816e-01
6.719756317138671875e+01 1.451496887207031250e+01 -1.839800924062728882e-01 -2.931664288043975830e-01 -2.848956584930419922e-01 -8.255723714828491211e-01 3.889964818954467773e-01
6.764695739746093750e+01 1.462689685821533203e+01 -2.237213104963302612e-01 -2.964564263820648193e-01 -2.822082638740539551e-01 -8.290393948554992676e-01 3.810064196586608887e-01
6.810309600830078125e+01 1.471010875701904297e+01 -2.476031482219696045e-01 -2.999745011329650879e-01 -2.788973450660705566e-01 -8.331834673881530762e-01 3.715327382087707520e-01
6.856148529052734375e+01 1.478200817108154297e+01 -2.593945264816284180e-01 -3.048620820045471191e-01 -2.720813751220703125e-01 -8.389691114425659180e-01 3.593907356262207031e-01
6.901936340332031250e+01 1.485478878021240234e+01 -2.641290128231048584e-01 -3.098693788051605225e-01 -2.650913894176483154e-01 -8.450594544410705566e-01 3.458064794540405273e-01
6.947516632080078125e+01 1.493725872039794922e+01 -2.647168040275573730e-01 -3.146896958351135254e-01 -2.578774690628051758e-01 -8.514597415924072266e-01 3.308863639831542969e-01
6.992807769775390625e+01 1.503215789794921875e+01 -2.637548744678497314e-01 -3.193797469139099121e-01 -2.504886984825134277e-01 -8.580114245414733887e-01 3.147510886192321777e-01
7.037788391113281250e+01 1.513882732391357422e+01 -2.619897425174713135e-01 -3.239072561264038086e-01 -2.429523617029190063e-01 -8.646028637886047363e-01 2.975234389305114746e-01
7.082540130615234375e+01 1.525253582000732422e+01 -2.599719166755676270e-01 -3.282428085803985596e-01 -2.352985441684722900e-01 -8.711289763450622559e-01 2.793304622173309326e-01
7.127082061767578125e+01 1.537203216552734375e+01 -2.579931616783142090e-01 -3.323596119880676270e-01 -2.275606691837310791e-01 -8.774932026863098145e-01 2.603052854537963867e-01
7.171382141113281250e+01 1.549793148040771484e+01 -2.565722465515136719e-01 -3.362343311309814453e-01 -2.197748869657516479e-01 -8.836086392402648926e-01 2.405846863985061646e-01
7.215416717529296875e+01 1.563052558898925781e+01 -2.568139731884002686e-01 -3.398486077785491943e-01 -2.119808197021484375e-01 -8.893988728523254395e-01 2.203105241060256958e-01
7.258986663818359375e+01 1.577522563934326172e+01 -2.636480629444122314e-01 -3.431871235370635986e-01 -2.042209953069686890e-01 -8.947985768318176270e-01 1.996288001537322998e-01
7.303935241699218750e+01 1.585072612762451172e+01 -2.775396704673767090e-01 -3.462398946285247803e-01 -1.965412050485610962e-01 -8.997553586959838867e-01 1.786892116069793701e-01
7.349552917480468750e+01 1.587480545043945312e+01 -2.931011915206909180e-01 -3.490017056465148926e-01 -1.889898926019668579e-01 -9.042282104492187500e-01 1.576444655656814575e-01
7.393422698974609375e+01 1.597017669677734375e+01 -3.592559695243835449e-01 -3.514714241027832031e-01 -1.816183030605316162e-01 -9.081903696060180664e-01 1.366494446992874146e-01
7.434352111816406250e+01 1.616566085815429688e+01 -3.970684707164764404e-01 -3.536539971828460693e-01 -1.744798719882965088e-01 -9.116259217262268066e-01 1.158607155084609985e-01
7.476978302001953125e+01 1.631967544555664062e+01 -4.225720167160034180e-01 -3.555574417114257812e-01 -1.676303893327713013e-01 -9.145331382751464844e-01 9.543581306934356689e-02
7.521332550048828125e+01 1.638129425048828125e+01 -4.864129424095153809e-01 -3.571954369544982910e-01 -1.611270308494567871e-01 -9.169210791587829590e-01 7.553165405988693237e-02
7.565848541259765625e+01 1.638815689086914062e+01 -5.666803121566772461e-01 3.585852682590484619e-01 1.550286710262298584e-01 9.188102483749389648e-01 -5.630458146333694458e-02
7.610549926757812500e+01 1.641539764404296875e+01 -6.188055276870727539e-01 3.597480654716491699e-01 1.493953168392181396e-01 9.202310442924499512e-01 -3.791002556681632996e-02
7.654621124267578125e+01 1.650403404235839844e+01 -6.161139011383056641e-01 3.607084155082702637e-01 1.442877650260925293e-01 9.212220907211303711e-01 -2.050171047449111938e-02
7.697963714599609375e+01 1.661243820190429688e+01 -5.727343559265136719e-01 3.614929020404815674e-01 1.397673636674880981e-01 9.218297004699707031e-01 -4.230692982673645020e-03
7.742309570312500000e+01 1.666103172302246094e+01 -5.171575546264648438e-01 3.621072471141815186e-01 1.339471936225891113e-01 9.223899245262145996e-01 1.154030114412307739e-02
7.785189819335937500e+01 1.653657341003417969e+01 -4.842779338359832764e-01 3.625408113002777100e-01 1.286081820726394653e-01 9.226824045181274414e-01 2.609838172793388367e-02
7.821861267089843750e+01 1.627100944519042969e+01 -4.806939661502838135e-01 3.628247976303100586e-01 1.237410902976989746e-01 9.227619767189025879e-01 3.945360332727432251e-02
7.852974700927734375e+01 1.596560859680175781e+01 -4.549188017845153809e-01 3.629896342754364014e-01 1.193353384733200073e-01 9.226771593093872070e-01 5.161732435226440430e-02
7.888639831542968750e+01 1.575580310821533203e+01 -3.013323843479156494e-01 3.630667924880981445e-01 1.153786629438400269e-01 9.224700927734375000e-01 6.260228157043457031e-02
7.930813598632812500e+01 1.557513999938964844e+01 -2.761474549770355225e-01 3.630867004394531250e-01 1.118578463792800903e-01 9.221772551536560059e-01 7.242165505886077881e-02
7.974665832519531250e+01 1.543151664733886719e+01 -2.709564268589019775e-01 3.630792498588562012e-01 1.087590903043746948e-01 9.218294024467468262e-01 8.108860999345779419e-02
8.019782257080078125e+01 1.532627296447753906e+01 -2.738842666149139404e-01 3.630728125572204590e-01 1.060680896043777466e-01 9.214525222778320312e-01 8.861668407917022705e-02
8.065792083740234375e+01 1.525828361511230469e+01 -2.809930443763732910e-01 3.630949556827545166e-01 1.037705838680267334e-01 9.210673570632934570e-01 9.501901268959045410e-02
8.112318420410156250e+01 1.521888923645019531e+01 -2.922723293304443359e-01 3.631709516048431396e-01 1.018528565764427185e-01 9.206904172897338867e-01 1.003083884716033936e-01
8.159110260009765625e+01 1.519408702850341797e+01 -3.088543713092803955e-01 3.633242845535278320e-01 1.003021597862243652e-01 9.203343391418457031e-01 1.044964790344238281e-01
8.206083679199218750e+01 1.517691040039062500e+01 -3.331616222858428955e-01 3.635756969451904297e-01 9.910704940557479858e-02 9.200075864791870117e-01 1.075942367315292358e-01
8.253138732910156250e+01 1.515828227996826172e+01 -3.710741996765136719e-01 3.639430403709411621e-01 9.825806319713592529e-02 9.197154045104980469e-01 1.096108481287956238e-01
8.299982452392578125e+01 1.512340068817138672e+01 -4.351190030574798584e-01 3.644415438175201416e-01 9.774790704250335693e-02 9.194593429565429688e-01 1.105542629957199097e-01
8.345929718017578125e+01 1.506699562072753906e+01 -5.450823903083801270e-01 3.650827705860137939e-01 9.757185727357864380e-02 9.192385077476501465e-01 1.104304194450378418e-01
8.391053771972656250e+01 1.502873897552490234e+01 -6.965252757072448730e-01 3.658734858036041260e-01 9.772853553295135498e-02 9.190492630004882812e-01 1.092432662844657898e-01
8.437297058105468750e+01 1.505940914154052734e+01 -8.167986869812011719e-01 3.668167889118194580e-01 9.821976721286773682e-02 9.188854098320007324e-01 1.069940626621246338e-01
8.485300445556640625e+01 1.513206005096435547e+01 -8.030407428741455078e-01 3.679107725620269775e-01 9.905106574296951294e-02 9.187385439872741699e-01 1.036818623542785645e-01
8.532356262207031250e+01 1.520993900299072266e+01 -6.610607504844665527e-01 3.691469132900238037e-01 1.002319753170013428e-01 9.185983538627624512e-01 9.930335730314254761e-02
8.580783081054687500e+01 1.527832603454589844e+01 -5.776678323745727539e-01 3.705106377601623535e-01 1.017762869596481323e-01 9.184526801109313965e-01 9.385186433792114258e-02
8.629772949218750000e+01 1.534338855743408203e+01 -6.393682956695556641e-01 3.713738024234771729e-01 9.744922071695327759e-02 9.189731478691101074e-01 8.985342085361480713e-02
8.677291870117187500e+01 1.545023250579833984e+01 -7.454144358634948730e-01 3.722892999649047852e-01 9.252263605594635010e-02 9.195538163185119629e-01 8.521158993244171143e-02
8.723848724365234375e+01 1.561643505096435547e+01 -8.124639987945556641e-01 3.732483088970184326e-01 8.706437051296234131e-02 9.201720952987670898e-01 7.992922514677047729e-02
8.771070861816406250e+01 1.574162483215332031e+01 -8.260815143585205078e-01 3.742429316043853760e-01 8.114230632781982422e-02 9.208043813705444336e-01 7.400876283645629883e-02
8.818751525878906250e+01 1.575525856018066406e+01 -8.015698194503784180e-01 3.752641677856445312e-01 7.482475042343139648e-02 9.214272499084472656e-01 6.745287775993347168e-02
8.858384704589843750e+01 1.554218101501464844e+01 -7.340148687362670898e-01 3.763037323951721191e-01 6.817990541458129883e-02 9.220168590545654297e-01 6.026460975408554077e-02
8.867802429199218750e+01 1.511112499237060547e+01 -6.438274979591369629e-01 3.773534893989562988e-01 6.127645075321197510e-02 9.225501418113708496e-01 5.244724079966545105e-02
8.858607482910156250e+01 1.467677783966064453e+01 -5.656628012657165527e-01 3.784045279026031494e-01 5.418318510055541992e-02 9.230047464370727539e-01 4.400483518838882446e-02
8.843537139892578125e+01 1.426625823974609375e+01 -4.947222769260406494e-01 3.794496357440948486e-01 4.696910083293914795e-02 9.233583807945251465e-01 3.494128957390785217e-02
8.826470184326171875e+01 1.387333011627197266e+01 -4.266052246093750000e-01 3.804813325405120850e-01 3.970350325107574463e-02 9.235904812812805176e-01 2.526124380528926849e-02
8.808459472656250000e+01 1.349483489990234375e+01 -3.597216606140136719e-01 3.814917206764221191e-01 3.245592862367630005e-02 9.236809015274047852e-01 1.496949605643749237e-02
8.790042877197265625e+01 1.312881278991699219e+01 -2.931310832500457764e-01 3.824744224548339844e-01 2.529555000364780426e-02 9.236107468605041504e-01 4.072320647537708282e-03
8.771511840820312500e+01 1.277412128448486328e+01 -2.259973138570785522e-01 3.826117515563964844e-01 1.829897798597812653e-02 9.236983060836791992e-01 -7.408554665744304657e-03
8.753095245361328125e+01 1.242994976043701172e+01 -1.568505764007568359e-01 -3.825293481349945068e-01 -1.148366369307041168e-02 -9.236658215522766113e-01 1.952177099883556366e-02
8.735041046142578125e+01 1.209516334533691406e+01 -8.507324010133743286e-02 -3.827641010284423828e-01 -4.926688037812709808e-03 -9.232695102691650391e-01 3.225857764482498169e-02
8.717520141601562500e+01 1.176924037933349609e+01 -9.168090298771858215e-03 -3.833238184452056885e-01 1.273803412914276123e-03 -9.224874377250671387e-01 4.558558017015457153e-02
8.700611114501953125e+01 1.145197391510009766e+01 7.120605558156967163e-02 -3.842065334320068359e-01 7.018236443400382996e-03 -9.213033318519592285e-01 5.946649610996246338e-02
8.684304809570312500e+01 1.114326858520507812e+01 1.550164818763732910e-01 -3.853997886180877686e-01 1.220660284161567688e-02 -9.197073578834533691e-01 7.386645674705505371e-02
8.668576049804687500e+01 1.084289073944091797e+01 2.405419796705245972e-01 -3.868810236454010010e-01 1.674100756645202637e-02 -9.176959395408630371e-01 8.875150233507156372e-02
8.653382873535156250e+01 1.055039882659912109e+01 3.251666128635406494e-01 -3.886175453662872314e-01 2.052785828709602356e-02 -9.152703285217285156e-01 1.040915995836257935e-01
8.638642120361328125e+01 1.026511859893798828e+01 4.051952958106994629e-01 -3.890875577926635742e-01 2.381120622158050537e-02 -9.130292534828186035e-01 1.200895458459854126e-01
8.623509216308593750e+01 9.971467018127441406e+00 4.774279594421386719e-01 -3.894723951816558838e-01 2.641962468624114990e-02 -9.104881882667541504e-01 1.364713609218597412e-01
8.607801818847656250e+01 9.668375015258789062e+00 5.289465188980102539e-01 -3.897686302661895752e-01 2.838306874036788940e-02 -9.076558947563171387e-01 1.530871093273162842e-01
8.591376495361328125e+01 9.357348442077636719e+00 5.495202541351318359e-01 -3.899759650230407715e-01 2.973170578479766846e-02 -9.045479893684387207e-01 1.697874218225479126e-01
8.574113464355468750e+01 9.042105674743652344e+00 5.401647686958312988e-01 -3.900974094867706299e-01 3.049702942371368408e-02 -9.011880159378051758e-01 1.864240020513534546e-01
8.555667877197265625e+01 8.726449012756347656e+00 5.100726485252380371e-01 -3.901394605636596680e-01 3.071080148220062256e-02 -8.976080417633056641e-01 2.028495073318481445e-01
8.535289001464843750e+01 8.413858413696289062e+00 4.832330346107482910e-01 -3.901118636131286621e-01 3.040491789579391479e-02 -8.938469290733337402e-01 2.189197242259979248e-01
8.513626861572265625e+01 8.103348731994628906e+00 4.411102235317230225e-01 -3.900277614593505859e-01 2.961189299821853638e-02 -8.899522423744201660e-01 2.344919294118881226e-01
8.493737030029296875e+01 7.795938968658447266e+00 3.168560862541198730e-01 -3.899033069610595703e-01 2.836427092552185059e-02 -8.859781026840209961e-01 2.494267672300338745e-01
8.477962493896484375e+01 7.504635334014892578e+00 1.038293465971946716e-01 -3.897579014301300049e-01 2.669484913349151611e-02 -8.819853067398071289e-01 2.635868787765502930e-01
8.464064025878906250e+01 7.217854976654052734e+00 -1.414025872945785522e-01 -3.885666429996490479e-01 2.132473886013031006e-02 -8.781272768974304199e-01 2.783050239086151123e-01
8.449958801269531250e+01 6.918383598327636719e+00 -3.817956447601318359e-01 -3.875063657760620117e-01 1.623730361461639404e-02 -8.743470311164855957e-01 2.917058765888214111e-01
8.434079742431640625e+01 6.592316150665283203e+00 -5.854083299636840820e-01 -3.866964876651763916e-01 1.161310076713562012e-02 -8.707252144813537598e-01 3.035925924777984619e-01
8.415296936035156250e+01 6.235630512237548828e+00 -7.097869515419006348e-01 -3.862000703811645508e-01 7.461473345756530762e-03 -8.673496246337890625e-01 3.138445615768432617e-01
8.393990325927734375e+01 5.863922595977783203e+00 -7.350793480873107910e-01 -3.860752582550048828e-01 3.796085715293884277e-03 -8.643079400062561035e-01 3.223403096199035645e-01
8.371304321289062500e+01 5.494352817535400391e+00 -6.852520704269409180e-01 -3.863735795021057129e-01 6.387680768966674805e-04 -8.616865873336791992e-01 3.289546966552734375e-01
8.347615051269531250e+01 5.134407997131347656e+00 -5.806268453598022461e-01 -3.871406018733978271e-01 -1.978442072868347168e-03 -8.595687747001647949e-01 3.335564136505126953e-01
8.322325897216796875e+01 4.792612075805664062e+00 -4.330816566944122314e-01 -3.884143829345703125e-01 -4.010602831840515137e-03 -8.580312132835388184e-01 3.360066115856170654e-01
8.303637695312500000e+01 4.443259239196777344e+00 -2.181402593851089478e-01 -3.902242779731750488e-01 -5.395904183387756348e-03 -8.571437001228332520e-01 3.361553251743316650e-01
8.305011749267578125e+01 4.027428627014160156e+00 -1.591186411678791046e-02 -3.925887942314147949e-01 -6.052881479263305664e-03 -8.569647669792175293e-01 3.338394463062286377e-01
8.306704711914062500e+01 3.585613012313842773e+00 1.430389434099197388e-01 -3.938201665878295898e-01 -1.025253534317016602e-02 -8.574837446212768555e-01 3.309414088726043701e-01
8.296813964843750000e+01 3.130465269088745117e+00 2.264666706323623657e-01 -3.952247500419616699e-01 -1.451985538005828857e-02 -8.586726784706115723e-01 3.259876072406768799e-01
8.276615905761718750e+01 2.692544698715209961e+00 1.954327374696731567e-01 -3.967386782169342041e-01 -1.884457468986511230e-02 -8.604649901390075684e-01 3.191292881965637207e-01
8.261495208740234375e+01 2.234423160552978516e+00 1.053106635808944702e-01 -3.982957601547241211e-01 -2.321563661098480225e-02 -8.627871870994567871e-01 3.105153739452362061e-01
8.246105194091796875e+01 1.767345666885375977e+00 3.120605461299419403e-02 -3.988727331161499023e-01 -2.716150879859924316e-02 -8.659119009971618652e-01 3.005981743335723877e-01
8.216546630859375000e+01 1.381354331970214844e+00 5.954162403941154480e-02 -3.961859643459320068e-01 -2.973385900259017944e-02 -8.706178069114685059e-01 2.901327013969421387e-01
8.177391815185546875e+01 1.105847954750061035e+00 1.544427424669265747e-01 -3.934014141559600830e-01 -3.258279711008071899e-02 -8.756707310676574707e-01 2.781627774238586426e-01
8.139444732666015625e+01 8.104419708251953125e-01 1.976385414600372314e-01 -3.905854821205139160e-01 -3.577195852994918823e-02 -8.809375762939453125e-01 2.647872269153594971e-01
8.106729125976562500e+01 4.598275721073150635e-01 1.941857933998107910e-01 -3.878154456615447998e-01 -3.934430330991744995e-02 -8.862783312797546387e-01 2.501237988471984863e-01
8.077078247070312500e+01 8.808723092079162598e-02 1.891540437936782837e-01 -3.851768672466278076e-01 -4.331497848033905029e-02 -8.915491700172424316e-01 2.343129962682723999e-01
8.048361968994140625e+01 -2.855779826641082764e-01 1.844274848699569702e-01 -3.827577233314514160e-01 -4.766997322440147400e-02 -8.966089487075805664e-01 2.175230085849761963e-01
8.019512939453125000e+01 -6.527064442634582520e-01 1.738329976797103882e-01 -3.806427419185638428e-01 -5.236363783478736877e-02 -9.013257622718811035e-01 1.999520212411880493e-01
7.990202331542968750e+01 -1.010430932044982910e+00 1.556671112775802612e-01 -3.789053559303283691e-01 -5.732048675417900085e-02 -9.055849313735961914e-01 1.818266808986663818e-01
7.960290527343750000e+01 -1.357148528099060059e+00 1.290960609912872314e-01 -3.776005208492279053e-01 -6.243965774774551392e-02 -9.092965126037597656e-01 1.633973270654678345e-01
7.929814147949218750e+01 -1.692688822746276855e+00 9.467407315969467163e-02 -3.767589926719665527e-01 -6.760253012180328369e-02 -9.124020934104919434e-01 1.449308842420578003e-01
7.898800659179687500e+01 -2.016960382461547852e+00 5.407531559467315674e-02 -3.763832449913024902e-01 -7.268363982439041138e-02 -9.148767590522766113e-01 1.267019361257553101e-01
7.867274475097656250e+01 -2.330012798309326172e+00 9.570922702550888062e-03 -3.764472305774688721e-01 -7.756085693836212158e-02 -9.167304039001464844e-01 1.089817583560943604e-01
7.835211944580078125e+01 -2.631348133087158203e+00 -3.724548220634460449e-02 -3.768993318080902100e-01 -8.212608844041824341e-02 -9.180048108100891113e-01 9.202937781810760498e-02
7.802567291259765625e+01 -2.920135736465454102e+00 -8.506469428539276123e-02 -3.776670098304748535e-01 -8.629333972930908203e-02 -9.187667369842529297e-01 7.608348131179809570e-02
7.769291687011718750e+01 -3.195351839065551758e+00 -1.327642798423767090e-01 -3.786642253398895264e-01 -9.000428020954132080e-02 -9.191016554832458496e-01 6.135781109333038330e-02
7.735307312011718750e+01 -3.454994678497314453e+00 -1.795819103717803955e-01 -3.723482191562652588e-01 -9.343499690294265747e-02 -9.221646785736083984e-01 4.731734097003936768e-02
7.700459289550781250e+01 -3.696081161499023438e+00 -2.241778522729873657e-01 3.653493821620941162e-01 9.674268960952758789e-02 9.251957535743713379e-01 -3.425486758351325989e-02
7.664665985107421875e+01 -3.915633440017700195e+00 -2.655474841594696045e-01 3.577261865139007568e-01 9.993717074394226074e-02 9.282007217407226562e-01 -2.209443598985671997e-02
7.628112792968750000e+01 -4.114363670349121094e+00 -3.037719726562500000e-01 3.495352864265441895e-01 1.030274108052253723e-01 9.311790466308593750e-01 -1.075842976570129395e-02
7.591014099121093750e+01 -4.293958187103271484e+00 -3.390808105468750000e-01 3.408311605453491211e-01 1.060223355889320374e-01 9.341269731521606445e-01 -1.689940690994262695e-04
7.553585052490234375e+01 -4.457027912139892578e+00 -3.718359172344207764e-01 3.316673636436462402e-01 1.089303493499755859e-01 9.370356798171997070e-01 9.752485901117324829e-03
7.516021728515625000e+01 -4.606532573699951172e+00 -4.024584889411926270e-01 3.220955431461334229e-01 1.117595657706260681e-01 9.398935437202453613e-01 1.908499002456665039e-02
7.478539276123046875e+01 -4.746928691864013672e+00 -4.315911829471588135e-01 3.121666610240936279e-01 1.145179718732833862e-01 9.426870346069335938e-01 2.790770307183265686e-02
7.456208038330078125e+01 -4.829324722290039062e+00 -4.492144584655761719e-01 3.019309043884277344e-01 1.172133162617683411e-01 9.453999400138854980e-01 3.629963845014572144e-02
