-1.310462570190429688e+01 -3.276576995849609375e+01 5.748718380928039551e-01 -0.000000000000000000e+00 -0.000000000000000000e+00 -6.766027212142944336e-01 7.363482713699340820e-01
-1.326827621459960938e+01 -3.269360351562500000e+01 4.000927507877349854e-01 -3.393932245671749115e-03 1.202102378010749817e-02 -6.688005924224853516e-01 7.433368563652038574e-01
-1.344468021392822266e+01 -3.261483383178710938e+01 2.373870760202407837e-01 -7.066113874316215515e-03 2.553989738225936890e-02 -6.603362560272216797e-01 7.505023479461669922e-01
-1.364262390136718750e+01 -3.252446746826171875e+01 1.043078601360321045e-01 -1.096581574529409409e-02 4.028583317995071411e-02 -6.512455940246582031e-01 7.577174901962280273e-01
-1.386347103118896484e+01 -3.242110061645507812e+01 2.078124880790710449e-02 -1.504207402467727661e-02 5.598650127649307251e-02 -6.415758132934570312e-01 7.648658156394958496e-01
-1.409796619415283203e+01 -3.230931472778320312e+01 -5.473632831126451492e-03 -1.924301683902740479e-02 7.236792147159576416e-02 -6.313863992691040039e-01 7.718443870544433594e-01
-1.433712577819824219e+01 -3.219643402099609375e+01 6.563720759004354477e-03 -2.351698279380798340e-02 8.915624767541885376e-02 -6.207526326179504395e-01 7.785655260086059570e-01
-1.457893276214599609e+01 -3.208710861206054688e+01 4.346496611833572388e-02 -2.781309187412261963e-02 1.060784012079238892e-01 -6.097639799118041992e-01 7.849596142768859863e-01
-1.482458686828613281e+01 -3.198470306396484375e+01 9.393005073070526123e-02 -3.208002075552940369e-02 1.228630989789962769e-01 -5.985266566276550293e-01 7.909748554229736328e-01
-1.507706737518310547e+01 -3.189507484436035156e+01 1.501977443695068359e-01 -3.626774996519088745e-02 1.392420232295989990e-01 -5.871603488922119141e-01 7.965795397758483887e-01
-1.534083175659179688e+01 -3.183115196228027344e+01 2.037103176116943359e-01 -4.032647982239723206e-02 1.549507230520248413e-01 -5.758001208305358887e-01 8.017596006393432617e-01
-1.561416435241699219e+01 -3.180246925354003906e+01 2.556903064250946045e-01 -4.420860856771469116e-02 1.697298586368560791e-01 -5.645918846130371094e-01 8.065192699432373047e-01
-1.589085388183593750e+01 -3.180469131469726562e+01 3.154571354389190674e-01 -4.786681383848190308e-02 1.833247244358062744e-01 -5.536931157112121582e-01 8.108791112899780273e-01
-1.616897392272949219e+01 -3.180422210693359375e+01 3.815325796604156494e-01 -5.125503242015838623e-02 1.954856514930725098e-01 -5.432687997817993164e-01 8.148725032806396484e-01
-1.645068359375000000e+01 -3.175724029541015625e+01 4.119231998920440674e-01 -5.432879179716110229e-02 2.059678584337234497e-01 -5.334891676902770996e-01 8.185443878173828125e-01
-1.671918869018554688e+01 -3.165189170837402344e+01 3.846459984779357910e-01 -5.704417824745178223e-02 2.145297229290008545e-01 -5.245267748832702637e-01 8.219456672668457031e-01
-1.696783638000488281e+01 -3.151148033142089844e+01 3.171533048152923584e-01 -5.922450125217437744e-02 2.208481132984161377e-01 -5.165892839431762695e-01 8.251387476921081543e-01
-1.720383834838867188e+01 -3.135441589355468750e+01 2.273236066102981567e-01 -5.864245444536209106e-02 2.233429253101348877e-01 -5.104367136955261230e-01 8.283315896987915039e-01
-1.743019485473632812e+01 -3.118727684020996094e+01 1.217578127980232239e-01 -5.914003401994705200e-02 2.241910696029663086e-01 -5.051764249801635742e-01 8.312867283821105957e-01
-1.764640617370605469e+01 -3.101315116882324219e+01 -1.204833970405161381e-03 -6.080867350101470947e-02 2.231827080249786377e-01 -5.009095072746276855e-01 8.340152502059936523e-01
-1.784532165527343750e+01 -3.080955505371093750e+01 -1.121508777141571045e-01 -6.373308598995208740e-02 2.201103866100311279e-01 -4.977504909038543701e-01 8.365010619163513184e-01
-1.802932548522949219e+01 -3.056408119201660156e+01 -1.588391065597534180e-01 -6.339226663112640381e-02 2.121447622776031494e-01 -4.969540834426879883e-01 8.390545845031738281e-01
-1.820821189880371094e+01 -3.030645942687988281e+01 -1.721209734678268433e-01 -6.243959814310073853e-02 2.011125534772872925e-01 -4.976513981819152832e-01 8.414262533187866211e-01
-1.838698768615722656e+01 -3.004442977905273438e+01 -1.735516339540481567e-01 -6.088665127754211426e-02 1.873465478420257568e-01 -4.996243119239807129e-01 8.435458540916442871e-01
-1.856662559509277344e+01 -2.977923774719238281e+01 -1.671630889177322388e-01 -5.874437466263771057e-02 1.711800396442413330e-01 -5.026491284370422363e-01 8.453344106674194336e-01
-1.874781227111816406e+01 -2.951148605346679688e+01 -1.567999273538589478e-01 -5.602515488862991333e-02 1.529502868652343750e-01 -5.065016150474548340e-01 8.467133641242980957e-01
-1.893059921264648438e+01 -2.924121093750000000e+01 -1.449511647224426270e-01 -5.274173989892005920e-02 1.329994201660156250e-01 -5.109615921974182129e-01 8.476129174232482910e-01
-1.911451530456542969e+01 -2.896830940246582031e+01 -1.300457715988159180e-01 -4.890954867005348206e-02 1.116767898201942444e-01 -5.158176422119140625e-01 8.479789495468139648e-01
-1.929996109008789062e+01 -2.869294929504394531e+01 -1.152020245790481567e-01 -4.454633221030235291e-02 8.933907002210617065e-02 -5.208700299263000488e-01 8.477786183357238770e-01
-1.948627853393554688e+01 -2.841489410400390625e+01 -9.860839694738388062e-02 -3.967203572392463684e-02 6.634885817766189575e-02 -5.259338617324829102e-01 8.470050096511840820e-01
-1.967404174804687500e+01 -2.813447380065917969e+01 -8.204162120819091797e-02 -3.430973365902900696e-02 4.307474941015243530e-02 -5.308424830436706543e-01 8.456794023513793945e-01
-1.986244583129882812e+01 -2.785128784179687500e+01 -6.445312500000000000e-02 -2.848418802022933960e-02 1.988848485052585602e-02 -5.354475378990173340e-01 8.438535928726196289e-01
-2.005215835571289062e+01 -2.756576538085937500e+01 -4.666870087385177612e-02 -2.222228050231933594e-02 -2.836789004504680634e-03 -5.396213531494140625e-01 8.416097164154052734e-01
-2.024243164062500000e+01 -2.727747535705566406e+01 -2.837402187287807465e-02 -1.555183622986078262e-02 -2.472806163132190704e-02 -5.432552695274353027e-01 8.390591740608215332e-01
-2.043376350402832031e+01 -2.698674583435058594e+01 -9.703368879854679108e-03 -8.501946926116943359e-03 -4.541566967964172363e-02 -5.462608933448791504e-01 8.363396525382995605e-01
-2.062565803527832031e+01 -2.669325447082519531e+01 9.232787415385246277e-03 -1.100722700357437134e-03 -6.453292071819305420e-02 -5.485653281211853027e-01 8.336127400398254395e-01
-2.081826591491699219e+01 -2.639710426330566406e+01 2.851440384984016418e-02 6.623916327953338623e-03 -8.171936124563217163e-02 -5.501096844673156738e-01 8.310580253601074219e-01
-2.101135253906250000e+01 -2.609812355041503906e+01 4.792297258973121643e-02 1.464653760194778442e-02 -9.661857783794403076e-02 -5.508454442024230957e-01 8.288664221763610840e-01
-2.120475006103515625e+01 -2.579618263244628906e+01 6.744323670864105225e-02 2.294358983635902405e-02 -1.088800802826881409e-01 -5.507269501686096191e-01 8.272355198860168457e-01
-2.139809036254882812e+01 -2.549102783203125000e+01 8.672606945037841797e-02 3.149480745196342468e-02 -1.181564778089523315e-01 -5.497086048126220703e-01 8.263580203056335449e-01
-2.159141540527343750e+01 -2.518266296386718750e+01 1.058190912008285522e-01 4.028394073247909546e-02 -1.241018325090408325e-01 -5.477342605590820312e-01 8.264158368110656738e-01
-2.178254890441894531e+01 -2.486966514587402344e+01 1.231811493635177612e-01 4.929325729608535767e-02 -1.264760196208953857e-01 -5.447602868080139160e-01 8.275326490402221680e-01
-2.197243118286132812e+01 -2.455266571044921875e+01 1.391925066709518433e-01 5.849036574363708496e-02 -1.254551857709884644e-01 -5.408340096473693848e-01 8.296617269515991211e-01
-2.215973091125488281e+01 -2.423081779479980469e+01 1.525775045156478882e-01 6.783673167228698730e-02 -1.213173121213912964e-01 -5.360095500946044922e-01 8.326907157897949219e-01
-2.234329986572265625e+01 -2.390350723266601562e+01 1.615173369646072388e-01 7.729241251945495605e-02 -1.143369823694229126e-01 -5.303275585174560547e-01 8.364841938018798828e-01
-2.252300643920898438e+01 -2.357081413269042969e+01 1.637200862169265747e-01 8.681505173444747925e-02 -1.047891378402709961e-01 -5.238190889358520508e-01 8.408899307250976562e-01
-2.270103454589843750e+01 -2.323416519165039062e+01 1.569110006093978882e-01 9.636145085096359253e-02 -9.294850379228591919e-02 -5.165112018585205078e-01 8.457489609718322754e-01
-2.288569259643554688e+01 -2.289842987060546875e+01 1.385076940059661865e-01 1.058868542313575745e-01 -7.909283787012100220e-02 -5.084314346313476562e-01 8.508994579315185547e-01
-2.309158134460449219e+01 -2.257262420654296875e+01 1.126611307263374329e-01 1.153459846973419189e-01 -6.350289285182952881e-02 -4.996118843555450439e-01 8.561837673187255859e-01
-2.332503890991210938e+01 -2.225681495666503906e+01 8.581604063510894775e-02 1.246934011578559875e-01 -4.646341130137443542e-02 -4.900922775268554688e-01 8.614535331726074219e-01
-2.358143424987792969e+01 -2.194927024841308594e+01 6.312987953424453735e-02 1.338843554258346558e-01 -2.826287969946861267e-02 -4.799225926399230957e-01 8.665739893913269043e-01
-2.385618591308593750e+01 -2.164740943908691406e+01 4.896972700953483582e-02 1.428752243518829346e-01 -9.193211793899536133e-03 -4.691644012928009033e-01 8.714280724525451660e-01
-2.414302253723144531e+01 -2.134646034240722656e+01 4.361572116613388062e-02 1.516243666410446167e-01 1.045122370123863220e-02 -4.578930139541625977e-01 8.759194612503051758e-01
-2.443945312500000000e+01 -2.104447746276855469e+01 4.768554493784904480e-02 1.600925624370574951e-01 3.037473559379577637e-02 -4.461971819400787354e-01 8.799749016761779785e-01
-2.474330520629882812e+01 -2.073958396911621094e+01 5.802185088396072388e-02 1.682438850402832031e-01 5.028186738491058350e-02 -4.341799616813659668e-01 8.835459351539611816e-01
-2.505394935607910156e+01 -2.043126487731933594e+01 7.446777075529098511e-02 1.760458648204803467e-01 6.987863034009933472e-02 -4.219576716423034668e-01 8.866095542907714844e-01
-2.537054634094238281e+01 -2.011870765686035156e+01 9.625305235385894775e-02 1.834700256586074829e-01 8.887439966201782227e-02 -4.096592962741851807e-01 8.891677856445312500e-01
-2.569228935241699219e+01 -1.980123710632324219e+01 1.243255585432052612e-01 1.904920637607574463e-01 1.069826781749725342e-01 -3.974249362945556641e-01 8.912467360496520996e-01
-2.601728439331054688e+01 -1.947734069824218750e+01 1.614160090684890747e-01 1.970917284488677979e-01 1.239226609468460083e-01 -3.854027986526489258e-01 8.928956985473632812e-01
-2.633492088317871094e+01 -1.913706207275390625e+01 2.073730379343032837e-01 2.032526880502700806e-01 1.394191235303878784e-01 -3.737498819828033447e-01 8.941821455955505371e-01
-2.660905265808105469e+01 -1.875095176696777344e+01 2.394329756498336792e-01 2.089620828628540039e-01 1.532027721405029297e-01 -3.626264631748199463e-01 8.951903581619262695e-01
-2.682197761535644531e+01 -1.831782913208007812e+01 2.290173321962356567e-01 2.142117321491241455e-01 1.650620996952056885e-01 -3.521847128868103027e-01 8.960099220275878906e-01
-2.701614189147949219e+01 -1.786801338195800781e+01 1.999914497137069702e-01 2.190001010894775391e-01 1.749987155199050903e-01 -3.425257205963134766e-01 8.967108726501464844e-01
-2.721551704406738281e+01 -1.741219902038574219e+01 1.703784167766571045e-01 2.233257293701171875e-01 1.830669343471527100e-01 -3.337332606315612793e-01 8.973484635353088379e-01
-2.741816902160644531e+01 -1.696280860900878906e+01 1.437481641769409180e-01 2.271850109100341797e-01 1.893206983804702759e-01 -3.258850276470184326e-01 8.979663252830505371e-01
-2.762417984008789062e+01 -1.651993942260742188e+01 1.204681396484375000e-01 2.305724024772644043e-01 1.938126981258392334e-01 -3.190542161464691162e-01 8.985974788665771484e-01
-2.783273887634277344e+01 -1.608336448669433594e+01 1.002764850854873657e-01 2.331982553005218506e-01 1.966921091079711914e-01 -3.132467567920684814e-01 8.993370532989501953e-01
-2.804167938232421875e+01 -1.565271282196044922e+01 8.259032666683197021e-02 2.320224046707153320e-01 1.981584131717681885e-01 -3.078214228153228760e-01 9.011907577514648438e-01
-2.825036048889160156e+01 -1.522689914703369141e+01 6.608214974403381348e-02 2.311460077762603760e-01 1.991799771785736084e-01 -3.038430511951446533e-01 9.025398492813110352e-01
-2.845855903625488281e+01 -1.480593109130859375e+01 5.060180649161338806e-02 2.302256077527999878e-01 1.981586664915084839e-01 -3.012391924858093262e-01 9.038718342781066895e-01
-2.866586875915527344e+01 -1.438960170745849609e+01 3.587646409869194031e-02 2.292968034744262695e-01 1.951458901166915894e-01 -3.000809848308563232e-01 9.051477313041687012e-01
-2.887166976928710938e+01 -1.397758960723876953e+01 2.152221649885177612e-02 2.284291386604309082e-01 1.904523670673370361e-01 -3.004495203495025635e-01 9.062438607215881348e-01
-2.907648277282714844e+01 -1.357013130187988281e+01 7.855834439396858215e-03 2.276071012020111084e-01 1.841181665658950806e-01 -3.023857772350311279e-01 9.071154594421386719e-01
-2.928399848937988281e+01 -1.316922855377197266e+01 -5.586547777056694031e-03 2.267937064170837402e-01 1.761816591024398804e-01 -3.059157729148864746e-01 9.077115058898925781e-01
-2.950274276733398438e+01 -1.277939796447753906e+01 -1.857360824942588806e-02 2.259314954280853271e-01 1.666787117719650269e-01 -3.110524117946624756e-01 9.079754948616027832e-01
-2.973457527160644531e+01 -1.240306282043457031e+01 -3.124389611184597015e-02 2.249442189931869507e-01 1.556434333324432373e-01 -3.177973926067352295e-01 9.078435897827148438e-01
-2.998444747924804688e+01 -1.204331302642822266e+01 -4.352355748414993286e-02 2.237376868724822998e-01 1.431092619895935059e-01 -3.261410593986511230e-01 9.072448015213012695e-01
-3.026847648620605469e+01 -1.171764850616455078e+01 -5.516479536890983582e-02 2.222015857696533203e-01 1.291099041700363159e-01 -3.360655903816223145e-01 9.060999155044555664e-01
-3.056929206848144531e+01 -1.141192626953125000e+01 -6.640380620956420898e-02 2.202105075120925903e-01 1.136819720268249512e-01 -3.475448787212371826e-01 9.043208360671997070e-01
-3.093838882446289062e+01 -1.120250701904296875e+01 -7.579101622104644775e-02 2.176255583763122559e-01 9.686650335788726807e-02 -3.605475127696990967e-01 9.018101096153259277e-01
-3.133514022827148438e+01 -1.103482532501220703e+01 -8.401611447334289551e-02 2.129631489515304565e-01 7.926797866821289062e-02 -3.749189972877502441e-01 8.987765312194824219e-01
-3.176133728027343750e+01 -1.091501045227050781e+01 -9.087219089269638062e-02 2.059031128883361816e-01 6.112481653690338135e-02 -3.906419873237609863e-01 8.951348662376403809e-01
-3.220977401733398438e+01 -1.085694217681884766e+01 -9.632018953561782837e-02 1.979710757732391357e-01 4.200366884469985962e-02 -4.076243340969085693e-01 8.904412388801574707e-01
-3.266943359375000000e+01 -1.082125663757324219e+01 -1.015527322888374329e-01 1.892214715480804443e-01 2.209921181201934814e-02 -4.255692660808563232e-01 8.846455216407775879e-01
-3.313954925537109375e+01 -1.080086517333984375e+01 -1.069073453545570374e-01 1.797167956829071045e-01 1.612037420272827148e-03 -4.441856741905212402e-01 8.777233958244323730e-01
-3.361907196044921875e+01 -1.078600406646728516e+01 -1.129394471645355225e-01 1.695278733968734741e-01 -1.925247162580490112e-02 -4.631909132003784180e-01 8.696802258491516113e-01
-3.410784149169921875e+01 -1.077766704559326172e+01 -1.197405979037284851e-01 1.587339937686920166e-01 -4.028615728020668030e-02 -4.823161065578460693e-01 8.605530858039855957e-01
-3.460573577880859375e+01 -1.077350902557373047e+01 -1.271246373653411865e-01 1.474230140447616577e-01 -6.127867102622985840e-02 -5.013060569763183594e-01 8.504137992858886719e-01
-3.509626007080078125e+01 -1.077629375457763672e+01 -1.350665241479873657e-01 1.356901079416275024e-01 -8.202061057090759277e-02 -5.199241042137145996e-01 8.393687009811401367e-01
-3.557913970947265625e+01 -1.078967285156250000e+01 -1.438458263874053955e-01 1.236375421285629272e-01 -1.023045480251312256e-01 -5.379531383514404297e-01 8.275590538978576660e-01
-3.605406570434570312e+01 -1.081502151489257812e+01 -1.537481695413589478e-01 1.113727390766143799e-01 -1.219280287623405457e-01 -5.551987290382385254e-01 8.151589632034301758e-01
-3.652067947387695312e+01 -1.085230827331542969e+01 -1.651184111833572388e-01 9.900785237550735474e-02 -1.406936198472976685e-01 -5.714894533157348633e-01 8.023730516433715820e-01
-3.697857284545898438e+01 -1.090205955505371094e+01 -1.786761432886123657e-01 8.665697276592254639e-02 -1.584128141403198242e-01 -5.866770148277282715e-01 7.894340157508850098e-01
-3.743677520751953125e+01 -1.096516990661621094e+01 -1.959783881902694702e-01 7.443618774414062500e-02 -1.749041080474853516e-01 -6.006356477737426758e-01 7.765980958938598633e-01
-3.789521026611328125e+01 -1.103918838500976562e+01 -2.196356207132339478e-01 6.246057152748107910e-02 -1.899957358837127686e-01 -6.132612824440002441e-01 7.641406059265136719e-01
-3.835432052612304688e+01 -1.111696052551269531e+01 -2.572692930698394775e-01 5.084470659494400024e-02 -2.035232484340667725e-01 -6.244675517082214355e-01 7.523518204689025879e-01
-3.881430053710937500e+01 -1.120040225982666016e+01 -3.002874553203582764e-01 3.864142298698425293e-02 -2.144256234169006348e-01 -6.344897150993347168e-01 7.415868639945983887e-01
-3.927516174316406250e+01 -1.130012702941894531e+01 -3.096197545528411865e-01 2.710581570863723755e-02 -2.234876602888107300e-01 -6.429683566093444824e-01 7.320588231086730957e-01
-3.973651123046875000e+01 -1.140810966491699219e+01 -2.954412698745727539e-01 1.696190983057022095e-02 -2.311363220214843750e-01 -6.496345996856689453e-01 7.240601181983947754e-01
-4.019951248168945312e+01 -1.151894664764404297e+01 -2.785778641700744629e-01 8.477509021759033203e-03 -2.374233752489089966e-01 -6.543410420417785645e-01 7.179108858108520508e-01
-4.066476821899414062e+01 -1.163107776641845703e+01 -2.665936350822448730e-01 1.915678381919860840e-03 -2.423863559961318970e-01 -6.569364666938781738e-01 7.139185070991516113e-01
-4.113283920288085938e+01 -1.174335384368896484e+01 -2.638848721981048584e-01 -5.373537540435791016e-03 -2.434280067682266235e-01 -6.583082079887390137e-01 7.122810482978820801e-01
-4.160337448120117188e+01 -1.185499763488769531e+01 -2.762554883956909180e-01 -1.175007224082946777e-02 -2.422232925891876221e-01 -6.580287218093872070e-01 7.128731608390808105e-01
-4.207573318481445312e+01 -1.196476936340332031e+01 -3.102068901062011719e-01 -1.726476848125457764e-02 -2.389826178550720215e-01 -6.562437415122985840e-01 7.154951095581054688e-01
-4.254940414428710938e+01 -1.207246875762939453e+01 -3.615130484104156494e-01 -2.196878194808959961e-02 -2.339091300964355469e-01 -6.530793309211730957e-01 7.199245691299438477e-01
-4.302452850341796875e+01 -1.217791843414306641e+01 -4.248132109642028809e-01 -2.591239660978317261e-02 -2.272008061408996582e-01 -6.486474275588989258e-01 7.259234786033630371e-01
-4.350221633911132812e+01 -1.228059673309326172e+01 -4.911779761314392090e-01 -2.914569526910781860e-02 -2.190537899732589722e-01 -6.430526375770568848e-01 7.332457304000854492e-01
-4.398273849487304688e+01 -1.239039802551269531e+01 -5.383569002151489258e-01 -3.171931952238082886e-02 -2.096647024154663086e-01 -6.363989114761352539e-01 7.416407465934753418e-01
-4.439496994018554688e+01 -1.266077232360839844e+01 -5.364196896553039551e-01 -3.368300199508666992e-02 -1.992315948009490967e-01 -6.287928223609924316e-01 7.508608102798461914e-01
-4.468249511718750000e+01 -1.306973075866699219e+01 -5.112054347991943359e-01 -3.508746623992919922e-02 -1.879563033580780029e-01 -6.203485727310180664e-01 7.606635093688964844e-01
-4.491010665893554688e+01 -1.351120948791503906e+01 -4.841247498989105225e-01 -3.598340600728988647e-02 -1.760447323322296143e-01 -6.111909747123718262e-01 7.708170413970947266e-01
-4.510796356201171875e+01 -1.396227836608886719e+01 -4.585736095905303955e-01 -3.642231598496437073e-02 -1.637079566717147827e-01 -6.014571189880371094e-01 7.811033129692077637e-01
-4.529226303100585938e+01 -1.441423416137695312e+01 -4.345397949218750000e-01 -3.645544871687889099e-02 -1.511605978012084961e-01 -5.912985205650329590e-01 7.913200855255126953e-01
-4.546779632568359375e+01 -1.486480426788330078e+01 -4.121820032596588135e-01 -3.613517805933952332e-02 -1.386227756738662720e-01 -5.808808207511901855e-01 8.012837171554565430e-01
-4.563813018798828125e+01 -1.531244754791259766e+01 -3.913787901401519775e-01 -3.551382571458816528e-02 -1.263176351785659790e-01 -5.703843832015991211e-01 8.108294010162353516e-01
-4.580459213256835938e+01 -1.575658130645751953e+01 -3.721050918102264404e-01 -3.464401140809059143e-02 -1.144713833928108215e-01 -5.600035190582275391e-01 8.198122978210449219e-01
-4.596786117553710938e+01 -1.619690704345703125e+01 -3.545831143856048584e-01 -3.357840329408645630e-02 -1.033124178647994995e-01 -5.499445199966430664e-01 8.281063437461853027e-01
-4.612913894653320312e+01 -1.663294601440429688e+01 -3.396130204200744629e-01 -3.236937895417213440e-02 -9.307004511356353760e-02 -5.404234528541564941e-01 8.356031775474548340e-01
-4.628939437866210938e+01 -1.706427001953125000e+01 -3.267285227775573730e-01 -3.106935694813728333e-02 -8.397431671619415283e-02 -5.316655635833740234e-01 8.422082662582397461e-01
-4.644903182983398438e+01 -1.749069786071777344e+01 -3.161553740501403809e-01 -2.973023802042007446e-02 -7.625519484281539917e-02 -5.238994359970092773e-01 8.478388190269470215e-01
-4.661021041870117188e+01 -1.791139030456542969e+01 -3.097686767578125000e-01 -2.840332314372062683e-02 -7.014138996601104736e-02 -5.173571705818176270e-01 8.524171710014343262e-01
-4.677438354492187500e+01 -1.832567596435546875e+01 -3.080731034278869629e-01 -2.713147550821304321e-02 -6.580391526222229004e-02 -5.122144818305969238e-01 8.559030890464782715e-01
-4.694182586669921875e+01 -1.873336410522460938e+01 -3.114678859710693359e-01 -2.592328004539012909e-02 -6.318119168281555176e-02 -5.084261894226074219e-01 8.583932518959045410e-01
-4.711309051513671875e+01 -1.913411521911621094e+01 -3.207366764545440674e-01 -2.477849647402763367e-02 -6.215263158082962036e-02 -5.058823227882385254e-01 8.600035905838012695e-01
-4.728842163085937500e+01 -1.952765464782714844e+01 -3.365411162376403809e-01 -2.369637973606586456e-02 -6.259646266698837280e-02 -5.044630765914916992e-01 8.608351349830627441e-01
-4.746752929687500000e+01 -1.991390991210937500e+01 -3.592168986797332764e-01 -2.267577499151229858e-02 -6.438998878002166748e-02 -5.040422081947326660e-01 8.609768152236938477e-01
-4.764934539794921875e+01 -2.029320907592773438e+01 -3.885955810546875000e-01 -2.171515673398971558e-02 -6.740972399711608887e-02 -5.044878125190734863e-01 8.605093955993652344e-01
-4.783128738403320312e+01 -2.066670799255371094e+01 -4.239648282527923584e-01 -2.081302739679813385e-02 -7.153201103210449219e-02 -5.056651830673217773e-01 8.595073223114013672e-01
-4.800816726684570312e+01 -2.103728485107421875e+01 -4.607788026332855225e-01 -1.996754482388496399e-02 -7.663241773843765259e-02 -5.074371099472045898e-01 8.580421209335327148e-01
-4.817883300781250000e+01 -2.140578842163085938e+01 -4.956054687500000000e-01 -1.917717605829238892e-02 -8.258681744337081909e-02 -5.096661448478698730e-01 8.561845421791076660e-01
-4.834706497192382812e+01 -2.177082633972167969e+01 -5.237017869949340820e-01 -1.844011247158050537e-02 -8.927033841609954834e-02 -5.122153759002685547e-01 8.540059328079223633e-01
-4.852044296264648438e+01 -2.212906646728515625e+01 -5.348614454269409180e-01 -1.775505766272544861e-02 -9.655901044607162476e-02 -5.149483680725097656e-01 8.515805006027221680e-01
-4.871774291992187500e+01 -2.246705436706542969e+01 -5.019940137863159180e-01 -1.712022349238395691e-02 -1.043278276920318604e-01 -5.177316665649414062e-01 8.489855527877807617e-01
-4.895530319213867188e+01 -2.275694847106933594e+01 -4.018988013267517090e-01 -1.653452962636947632e-02 -1.124530732631683350e-01 -5.204342603683471680e-01 8.463031053543090820e-01
-4.921380615234375000e+01 -2.302079582214355469e+01 -2.967602610588073730e-01 -1.599664241075515747e-02 -1.208107918500900269e-01 -5.229280591011047363e-01 8.436202406883239746e-01
-4.947281646728515625e+01 -2.329439353942871094e+01 -2.526794373989105225e-01 -1.550558954477310181e-02 -1.292778998613357544e-01 -5.250881910324096680e-01 8.410286903381347656e-01
-4.972283554077148438e+01 -2.357348060607910156e+01 -2.707678079605102539e-01 -1.506037265062332153e-02 -1.377317458391189575e-01 -5.267930030822753906e-01 8.386252522468566895e-01
-4.995654678344726562e+01 -2.385571479797363281e+01 -3.283416628837585449e-01 -1.466033980250358582e-02 -1.460507810115814209e-01 -5.279240608215332031e-01 8.365109562873840332e-01
-5.016429519653320312e+01 -2.414558029174804688e+01 -4.127203226089477539e-01 -1.430461928248405457e-02 -1.541137546300888062e-01 -5.283645391464233398e-01 8.347905278205871582e-01
-5.032188034057617188e+01 -2.445088005065917969e+01 -5.257971286773681641e-01 -1.399252563714981079e-02 -1.618001013994216919e-01 -5.280002951622009277e-01 8.335710167884826660e-01
-5.044490051269531250e+01 -2.475695228576660156e+01 -6.644909381866455078e-01 -1.372352242469787598e-02 -1.689901351928710938e-01 -5.267174839973449707e-01 8.329601883888244629e-01
-5.061248397827148438e+01 -2.503380393981933594e+01 -8.040387034416198730e-01 -1.348941773176193237e-02 -1.755790710449218750e-01 -5.244382023811340332e-01 8.330394029617309570e-01
-5.083250427246093750e+01 -2.527521514892578125e+01 -9.251757860183715820e-01 -1.325231045484542847e-02 -1.815226078033447266e-01 -5.212257504463195801e-01 8.337851166725158691e-01
-5.107323455810546875e+01 -2.549967956542968750e+01 -1.024910211563110352e+00 -1.296678930521011353e-02 -1.867908090353012085e-01 -5.171793103218078613e-01 8.351446986198425293e-01
-5.131960296630859375e+01 -2.571909141540527344e+01 -1.104228496551513672e+00 -1.258710026741027832e-02 -1.913532316684722900e-01 -5.123955011367797852e-01 8.370641469955444336e-01
-5.156480407714843750e+01 -2.593940162658691406e+01 -1.162390112876892090e+00 -1.206810027360916138e-02 -1.951799243688583374e-01 -5.069707632064819336e-01 8.394878506660461426e-01
-5.180813217163085938e+01 -2.615958595275878906e+01 -1.198474645614624023e+00 -1.136391609907150269e-02 -1.982399523258209229e-01 -5.010008811950683594e-01 8.423597216606140137e-01
-5.205254364013671875e+01 -2.637389183044433594e+01 -1.214848041534423828e+00 -1.042939722537994385e-02 -2.005031406879425049e-01 -4.945821166038513184e-01 8.456230163574218750e-01
-5.230014419555664062e+01 -2.657781219482421875e+01 -1.212102055549621582e+00 -9.219035506248474121e-03 -2.019391357898712158e-01 -4.878101050853729248e-01 8.492212891578674316e-01
-5.255296325683593750e+01 -2.676614952087402344e+01 -1.189265131950378418e+00 -7.687695324420928955e-03 -2.025178372859954834e-01 -4.807814955711364746e-01 8.530982136726379395e-01
-5.281172180175781250e+01 -2.693383026123046875e+01 -1.146405577659606934e+00 -5.789816379547119141e-03 -2.022089809179306030e-01 -4.735921323299407959e-01 8.571980595588684082e-01
-5.307260131835937500e+01 -2.708577156066894531e+01 -1.092503666877746582e+00 -3.480128943920135498e-03 -2.009825706481933594e-01 -4.663386046886444092e-01 8.614651560783386230e-01
-5.333334350585937500e+01 -2.722716903686523438e+01 -1.035596847534179688e+00 -7.137507200241088867e-04 -1.988092660903930664e-01 -4.591174125671386719e-01 8.658438920974731445e-01
-5.359198760986328125e+01 -2.736474800109863281e+01 -9.845525622367858887e-01 2.554349601268768311e-03 -1.956594288349151611e-01 -4.520251154899597168e-01 8.702782392501831055e-01
-5.384676742553710938e+01 -2.750363159179687500e+01 -9.459033012390136719e-01 6.369374692440032959e-03 -1.915030032396316528e-01 -4.451572597026824951e-01 8.747119903564453125e-01
-5.409521865844726562e+01 -2.764855194091796875e+01 -9.282775521278381348e-01 1.077601313591003418e-02 -1.863105744123458862e-01 -4.386085867881774902e-01 8.790873885154724121e-01
-5.433879089355468750e+01 -2.779371070861816406e+01 -9.226330518722534180e-01 1.581906527280807495e-02 -1.800519526004791260e-01 -4.324730336666107178e-01 8.833448290824890137e-01
-5.457968521118164062e+01 -2.793448257446289062e+01 -9.226116538047790527e-01 2.154306322336196899e-02 -1.726967990398406982e-01 -4.268426001071929932e-01 8.874216079711914062e-01
-5.481942749023437500e+01 -2.806790542602539062e+01 -9.216393828392028809e-01 2.799225598573684692e-02 -1.642146110534667969e-01 -4.218064248561859131e-01 8.912515640258789062e-01
-5.505618667602539062e+01 -2.818886375427246094e+01 -9.148010015487670898e-01 3.521076962351799011e-02 -1.545736342668533325e-01 -4.174513816833496094e-01 8.947633504867553711e-01
-5.528924560546875000e+01 -2.829756927490234375e+01 -9.006463289260864258e-01 4.324196279048919678e-02 -1.437424272298812866e-01 -4.138600826263427734e-01 8.978798389434814453e-01
-5.551696014404296875e+01 -2.839682769775390625e+01 -8.802563548088073730e-01 5.210538953542709351e-02 -1.317114979028701782e-01 -4.110818207263946533e-01 9.005270004272460938e-01
-5.573673248291015625e+01 -2.849277687072753906e+01 -8.569481968879699707e-01 6.172509491443634033e-02 -1.185674071311950684e-01 -4.090419113636016846e-01 9.026718735694885254e-01
-5.594676971435546875e+01 -2.858976936340332031e+01 -8.329571485519409180e-01 7.200071215629577637e-02 -1.044213250279426575e-01 -4.076371490955352783e-01 9.042920470237731934e-01
-5.616026306152343750e+01 -2.869931411743164062e+01 -8.081719875335693359e-01 8.283100277185440063e-02 -8.938646316528320312e-02 -4.067647457122802734e-01 9.053680896759033203e-01
-5.637333679199218750e+01 -2.882753753662109375e+01 -7.846221923828125000e-01 9.411419928073883057e-02 -7.357782125473022461e-02 -4.063234925270080566e-01 9.058862924575805664e-01
-5.657941818237304688e+01 -2.898194503784179688e+01 -7.651970982551574707e-01 1.057478860020637512e-01 -5.711316317319869995e-02 -4.062153398990631104e-01 9.058391451835632324e-01
-5.676764678955078125e+01 -2.917036628723144531e+01 -7.539123296737670898e-01 1.176299452781677246e-01 -4.011144116520881653e-02 -4.063462018966674805e-01 9.052276015281677246e-01
-5.692219543457031250e+01 -2.939785385131835938e+01 -7.556445002555847168e-01 1.296583414077758789e-01 -2.269423566758632660e-02 -4.066255390644073486e-01 9.040626883506774902e-01
-5.703588867187500000e+01 -2.965783309936523438e+01 -7.725756764411926270e-01 1.417319625616073608e-01 -4.984270781278610229e-03 -4.069678485393524170e-01 9.023659229278564453e-01
-5.712024307250976562e+01 -2.993716430664062500e+01 -8.020605444908142090e-01 1.537509560585021973e-01 1.289471611380577087e-02 -4.072931110858917236e-01 9.001703858375549316e-01
-5.718487167358398438e+01 -3.022957992553710938e+01 -8.431982398033142090e-01 1.656170934438705444e-01 3.081833198666572571e-02 -4.075267314910888672e-01 8.975206613540649414e-01
-5.723905181884765625e+01 -3.053103446960449219e+01 -8.987951278686523438e-01 1.772343069314956665e-01 4.866231977939605713e-02 -4.076002240180969238e-01 8.944730758666992188e-01
-5.730346679687500000e+01 -3.083523559570312500e+01 -9.745959043502807617e-01 1.885091364383697510e-01 6.630306690931320190e-02 -4.074509739875793457e-01 8.910958170890808105e-01
-5.744079971313476562e+01 -3.110892105102539062e+01 -1.089561104774475098e+00 1.993507891893386841e-01 8.361803740262985229e-02 -4.070222079753875732e-01 8.874683380126953125e-01
-5.769734191894531250e+01 -3.129473114013671875e+01 -1.205153822898864746e+00 2.096715867519378662e-01 1.004865169525146484e-01 -4.062626659870147705e-01 8.836803436279296875e-01
-5.799066162109375000e+01 -3.147168540954589844e+01 -1.263520479202270508e+00 2.193869352340698242e-01 1.167895942926406860e-01 -4.051269590854644775e-01 8.798305392265319824e-01
-5.828548812866210938e+01 -3.167152214050292969e+01 -1.282907724380493164e+00 2.284152656793594360e-01 1.324112266302108765e-01 -4.035733342170715332e-01 8.760265111923217773e-01
-5.859552764892578125e+01 -3.186473083496093750e+01 -1.275132417678833008e+00 2.366779446601867676e-01 1.472378075122833252e-01 -4.015644788742065430e-01 8.723821640014648438e-01
-5.893954086303710938e+01 -3.194829750061035156e+01 -1.212360858917236328e+00 2.440991699695587158e-01 1.611581146717071533e-01 -3.990670144557952881e-01 8.690162301063537598e-01
-5.906391525268554688e+01 -3.161947631835937500e+01 -1.104716777801513672e+00 2.506050467491149902e-01 1.740639507770538330e-01 -3.960483074188232422e-01 8.660510778427124023e-01
-5.908708953857421875e+01 -3.123249244689941406e+01 -1.056209683418273926e+00 2.496215999126434326e-01 1.754713505506515503e-01 -3.911687731742858887e-01 8.682659864425659180e-01
-5.914007568359375000e+01 -3.083726501464843750e+01 -1.065861225128173828e+00 2.485548853874206543e-01 1.769791245460510254e-01 -3.859059512615203857e-01 8.706178069114685059e-01
-5.924188232421875000e+01 -3.044549942016601562e+01 -1.119037508964538574e+00 2.474214732646942139e-01 1.785602569580078125e-01 -3.803472220897674561e-01 8.730606436729431152e-01
-5.936919784545898438e+01 -3.005167961120605469e+01 -1.171039462089538574e+00 2.462386935949325562e-01 1.801877915859222412e-01 -3.745822310447692871e-01 8.755494356155395508e-01
-5.949998092651367188e+01 -2.964693069458007812e+01 -1.172958374023437500e+00 2.450251132249832153e-01 1.818346381187438965e-01 -3.687037229537963867e-01 8.780412077903747559e-01
-5.961609268188476562e+01 -2.923703575134277344e+01 -1.101390361785888672e+00 2.437998801469802856e-01 1.834740340709686279e-01 -3.628058731555938721e-01 8.804946541786193848e-01
-5.972574996948242188e+01 -2.882693862915039062e+01 -9.901470541954040527e-01 2.425828278064727783e-01 1.850802898406982422e-01 -3.569826483726501465e-01 8.828715085983276367e-01
-5.984497833251953125e+01 -2.841168594360351562e+01 -8.828399181365966797e-01 2.413937449455261230e-01 1.866285353899002075e-01 -3.513267636299133301e-01 8.851374387741088867e-01
-5.999114990234375000e+01 -2.798794555664062500e+01 -8.316888213157653809e-01 2.402524054050445557e-01 1.880955100059509277e-01 -3.459284901618957520e-01 8.872610330581665039e-01
-6.014828109741210938e+01 -2.755784034729003906e+01 -8.359368443489074707e-01 2.391782999038696289e-01 1.894594430923461914e-01 -3.408745825290679932e-01 8.892149925231933594e-01
-6.028165817260742188e+01 -2.712686538696289062e+01 -8.597137331962585449e-01 2.381897568702697754e-01 1.907007396221160889e-01 -3.362455070018768311e-01 8.909756541252136230e-01
-6.036550521850585938e+01 -2.669061470031738281e+01 -8.913677930831909180e-01 2.373042255640029907e-01 1.918015778064727783e-01 -3.321165144443511963e-01 8.925230503082275391e-01
-6.038212585449218750e+01 -2.625877189636230469e+01 -9.668078422546386719e-01 2.365377843379974365e-01 1.927459836006164551e-01 -3.285561800003051758e-01 8.938398957252502441e-01
-6.032770538330078125e+01 -2.585217285156250000e+01 -1.103551626205444336e+00 2.359048873186111450e-01 1.935200989246368408e-01 -3.256252408027648926e-01 8.949117064476013184e-01
-6.021086883544921875e+01 -2.547551155090332031e+01 -1.266954898834228516e+00 2.354185283184051514e-01 1.941114813089370728e-01 -3.233784437179565430e-01 8.957260251045227051e-01
-6.003136444091796875e+01 -2.511849784851074219e+01 -1.396385431289672852e+00 2.350898683071136475e-01 1.945094019174575806e-01 -3.218629658222198486e-01 8.962717056274414062e-01
-5.977141571044921875e+01 -2.480173492431640625e+01 -1.397410273551940918e+00 2.349286079406738281e-01 1.947041153907775879e-01 -3.211202621459960938e-01 8.965381383895874023e-01
-5.948044967651367188e+01 -2.456678390502929688e+01 -1.238312959671020508e+00 2.349431812763214111e-01 1.946864873170852661e-01 -3.211873769760131836e-01 8.965140581130981445e-01
-5.921081924438476562e+01 -2.436286735534667969e+01 -1.020716547966003418e+00 2.351404428482055664e-01 1.944482177495956421e-01 -3.220961689949035645e-01 8.961879611015319824e-01
-5.897557449340820312e+01 -2.412467002868652344e+01 -8.111260533332824707e-01 2.355263531208038330e-01 1.939805150032043457e-01 -3.238762617111206055e-01 8.955462574958801270e-01
-5.879900360107421875e+01 -2.381055450439453125e+01 -6.682110428810119629e-01 2.306387424468994141e-01 1.826011687517166138e-01 -3.249750137329101562e-01 8.988069295883178711e-01
-5.867119979858398438e+01 -2.345926666259765625e+01 -5.866637825965881348e-01 2.255619764328002930e-01 1.700659245252609253e-01 -3.269088566303253174e-01 9.018481373786926270e-01
-5.856065368652343750e+01 -2.310295104980468750e+01 -5.344903469085693359e-01 2.202719002962112427e-01 1.564618647098541260e-01 -3.296721577644348145e-01 9.046083092689514160e-01
-5.843825912475585938e+01 -2.275690078735351562e+01 -4.853600859642028809e-01 2.147448807954788208e-01 1.418776512145996094e-01 -3.332583606243133545e-01 9.070249795913696289e-01
-5.828960800170898438e+01 -2.242903709411621094e+01 -4.307922124862670898e-01 2.089573442935943604e-01 1.264026761054992676e-01 -3.376607298851013184e-01 9.090348482131958008e-01
-5.812789916992187500e+01 -2.211308288574218750e+01 -3.851257264614105225e-01 2.028867155313491821e-01 1.101283431053161621e-01 -3.428708314895629883e-01 9.105758666992187500e-01
-5.796617126464843750e+01 -2.180250930786132812e+01 -3.537261784076690674e-01 1.965108066797256470e-01 9.314723312854766846e-02 -3.488802611827850342e-01 9.115864038467407227e-01
-5.780944061279296875e+01 -2.149547576904296875e+01 -3.341217041015625000e-01 1.898086965084075928e-01 7.555362582206726074e-02 -3.556799888610839844e-01 9.120066165924072266e-01
-5.765923690795898438e+01 -2.119170761108398438e+01 -3.242089748382568359e-01 1.827605217695236206e-01 5.744346976280212402e-02 -3.632602989673614502e-01 9.117788672447204590e-01
-5.751429748535156250e+01 -2.089218139648437500e+01 -3.205377161502838135e-01 1.753475815057754517e-01 3.891420736908912659e-02 -3.716105818748474121e-01 9.108482599258422852e-01
-5.737334823608398438e+01 -2.059764671325683594e+01 -3.207324147224426270e-01 1.675524711608886719e-01 2.006461098790168762e-02 -3.807198703289031982e-01 9.091622233390808105e-01
-5.723570251464843750e+01 -2.030847167968750000e+01 -3.235149979591369629e-01 1.593592464923858643e-01 9.945295751094818115e-04 -3.905769586563110352e-01 9.066714644432067871e-01
-5.710087585449218750e+01 -2.002487945556640625e+01 -3.281365931034088135e-01 1.507533937692642212e-01 -1.819505169987678528e-02 -4.011691510677337646e-01 9.033303260803222656e-01
-5.696855163574218750e+01 -1.974701118469238281e+01 -3.341278135776519775e-01 1.417217850685119629e-01 -3.740279376506805420e-02 -4.124841094017028809e-01 8.990954756736755371e-01
-5.683843231201171875e+01 -1.947499656677246094e+01 -3.411761522293090820e-01 1.322527825832366943e-01 -5.652676522731781006e-02 -4.245077669620513916e-01 8.939279317855834961e-01
-5.670994186401367188e+01 -1.920910263061523438e+01 -3.491693139076232910e-01 1.223362609744071960e-01 -7.546497136354446411e-02 -4.372255504131317139e-01 8.877909183502197266e-01
-5.658246612548828125e+01 -1.894961738586425781e+01 -3.577941954135894775e-01 1.119633391499519348e-01 -9.411612153053283691e-02 -4.506208598613739014e-01 8.806517124176025391e-01
-5.645548629760742188e+01 -1.869680213928222656e+01 -3.667809963226318359e-01 1.011267080903053284e-01 -1.123788729310035706e-01 -4.646776020526885986e-01 8.724787235260009766e-01
-5.632964324951171875e+01 -1.845031166076660156e+01 -3.760198950767517090e-01 8.981992304325103760e-02 -1.301538944244384766e-01 -4.793768227100372314e-01 8.632439970970153809e-01
-5.620643615722656250e+01 -1.820933723449707031e+01 -3.853472769260406494e-01 7.803843915462493896e-02 -1.473420262336730957e-01 -4.946980774402618408e-01 8.529208302497863770e-01
-5.608819198608398438e+01 -1.797263526916503906e+01 -3.944976627826690674e-01 6.579302251338958740e-02 -1.638530492782592773e-01 -5.105930566787719727e-01 8.414976000785827637e-01
-5.597840881347656250e+01 -1.773848915100097656e+01 -4.030767679214477539e-01 5.315618216991424561e-02 -1.796223819255828857e-01 -5.269112586975097656e-01 8.290203213691711426e-01
-5.588313293457031250e+01 -1.750443649291992188e+01 -4.103906154632568359e-01 4.021709412336349487e-02 -1.945949494838714600e-01 -5.434820055961608887e-01 8.155627846717834473e-01
-5.581465530395507812e+01 -1.726728248596191406e+01 -4.150378406047821045e-01 2.706674486398696899e-02 -2.087193131446838379e-01 -5.601425170898437500e-01 8.012140393257141113e-01
-5.578240203857421875e+01 -1.702847671508789062e+01 -4.158904850482940674e-01 1.379715651273727417e-02 -2.219485789537429810e-01 -5.767393112182617188e-01 7.860789895057678223e-01
-5.578987121582031250e+01 -1.679313468933105469e+01 -4.139166176319122314e-01 5.011931061744689941e-04 -2.342405617237091064e-01 -5.931296348571777344e-01 7.702780365943908691e-01
-5.581074142456054688e+01 -1.656468391418457031e+01 -4.127636551856994629e-01 -1.272847503423690796e-02 -2.455589920282363892e-01 -6.091819405555725098e-01 7.539471387863159180e-01
-5.583169174194335938e+01 -1.634254455566406250e+01 -4.139263927936553955e-01 -2.579952776432037354e-02 -2.558730244636535645e-01 -6.247770786285400391e-01 7.372360825538635254e-01
-5.584562301635742188e+01 -1.612626457214355469e+01 -4.177459478378295898e-01 -3.862132132053375244e-02 -2.651585340499877930e-01 -6.398088932037353516e-01 7.203082442283630371e-01
-5.585081863403320312e+01 -1.591607856750488281e+01 -4.237963855266571045e-01 -5.110493302345275879e-02 -2.733967900276184082e-01 -6.541849374771118164e-01 7.033382058143615723e-01
-5.584886169433593750e+01 -1.571237850189208984e+01 -4.313281178474426270e-01 -6.316373497247695923e-02 -2.805752158164978027e-01 -6.678256988525390625e-01 6.865106225013732910e-01
-5.584267044067382812e+01 -1.551522541046142578e+01 -4.395812749862670898e-01 -7.471369951963424683e-02 -2.866864800453186035e-01 -6.806636452674865723e-01 6.700191497802734375e-01
-5.582751464843750000e+01 -1.532519245147705078e+01 -4.494348168373107910e-01 -8.567447960376739502e-02 -2.917283773422241211e-01 -6.926446557044982910e-01 6.540625691413879395e-01
-5.581225967407226562e+01 -1.514174556732177734e+01 -4.589868187904357910e-01 -9.596721082925796509e-02 -2.957019507884979248e-01 -7.037233114242553711e-01 6.388460397720336914e-01
-5.579227066040039062e+01 -1.496516799926757812e+01 -4.685992300510406494e-01 -1.067483425140380859e-01 -2.972043752670288086e-01 -7.144511938095092773e-01 6.243667602539062500e-01
-5.577286529541015625e+01 -1.479525852203369141e+01 -4.778851270675659180e-01 -1.162967309355735779e-01 -2.980453372001647949e-01 -7.240390181541442871e-01 6.110740900039672852e-01
-5.575128173828125000e+01 -1.463246059417724609e+01 -4.871099889278411865e-01 -1.244744136929512024e-01 -2.983721494674682617e-01 -7.324075102806091309e-01 5.992156267166137695e-01
-5.572876739501953125e+01 -1.447108268737792969e+01 -4.964239299297332764e-01 -1.311671435832977295e-01 -2.983071804046630859e-01 -7.394927144050598145e-01 5.890318751335144043e-01
-5.570612335205078125e+01 -1.431108474731445312e+01 -5.057348608970642090e-01 -1.362662166357040405e-01 -2.979600131511688232e-01 -7.452357411384582520e-01 5.807536840438842773e-01
-5.568098831176757812e+01 -1.415287971496582031e+01 -5.150207281112670898e-01 -1.396642029285430908e-01 -2.974191606044769287e-01 -7.495819926261901855e-01 5.745977163314819336e-01
-5.565616989135742188e+01 -1.399555397033691406e+01 -5.236132740974426270e-01 -1.433269083499908447e-01 -2.940740585327148438e-01 -7.535663843154907227e-01 5.701891183853149414e-01
-5.563091659545898438e+01 -1.383954524993896484e+01 -5.318927168846130371e-01 -1.459420323371887207e-01 -2.898159623146057129e-01 -7.565755844116210938e-01 5.677155852317810059e-01
-5.560425567626953125e+01 -1.368496322631835938e+01 -5.397247076034545898e-01 -1.476156413555145264e-01 -2.847720682621002197e-01 -7.587251663208007812e-01 5.669661164283752441e-01
-5.557782745361328125e+01 -1.353150749206542969e+01 -5.473919510841369629e-01 -1.484513580799102783e-01 -2.790641188621520996e-01 -7.601186037063598633e-01 5.677191019058227539e-01
-5.555079650878906250e+01 -1.337926578521728516e+01 -5.546283125877380371e-01 -1.485501527786254883e-01 -2.728104293346405029e-01 -7.608512639999389648e-01 5.697478055953979492e-01
-5.552283477783203125e+01 -1.322824764251708984e+01 -5.613464117050170898e-01 -1.480136513710021973e-01 -2.661285996437072754e-01 -7.610142827033996582e-01 5.728217959403991699e-01
-5.549505615234375000e+01 -1.307822799682617188e+01 -5.679803490638732910e-01 -1.469426751136779785e-01 -2.591356039047241211e-01 -7.606983780860900879e-01 5.767101645469665527e-01
-5.546650695800781250e+01 -1.292932128906250000e+01 -5.739532113075256348e-01 -1.454385519027709961e-01 -2.519496381282806396e-01 -7.599962353706359863e-01 5.811837911605834961e-01
-5.543733215332031250e+01 -1.278144645690917969e+01 -5.794061422348022461e-01 -1.436033844947814941e-01 -2.446903288364410400e-01 -7.590054273605346680e-01 5.860165357589721680e-01
-5.540830612182617188e+01 -1.263443374633789062e+01 -5.848583579063415527e-01 -1.415409594774246216e-01 -2.374798357486724854e-01 -7.578285932540893555e-01 5.909866094589233398e-01
-5.537812805175781250e+01 -1.248844242095947266e+01 -5.890716314315795898e-01 -1.393553912639617920e-01 -2.304423004388809204e-01 -7.565751671791076660e-01 5.958778262138366699e-01
-5.534768295288085938e+01 -1.234327507019042969e+01 -5.929565429687500000e-01 -1.371526122093200684e-01 -2.237041890621185303e-01 -7.553613185882568359e-01 6.004787683486938477e-01
-5.531709671020507812e+01 -1.219886112213134766e+01 -5.965325832366943359e-01 -1.350392401218414307e-01 -2.173940241336822510e-01 -7.543092370033264160e-01 6.045839190483093262e-01
-5.528514099121093750e+01 -1.205536365509033203e+01 -5.980969071388244629e-01 -1.331226229667663574e-01 -2.116416543722152710e-01 -7.535463571548461914e-01 6.079918742179870605e-01
-5.525328445434570312e+01 -1.191245937347412109e+01 -5.997863411903381348e-01 -1.315111070871353149e-01 -2.065782845020294189e-01 -7.532033324241638184e-01 6.105039119720458984e-01
-5.522067260742187500e+01 -1.177027320861816406e+01 -5.991784334182739258e-01 -1.303126364946365356e-01 -2.023347318172454834e-01 -7.534119486808776855e-01 6.119229793548583984e-01
-5.518793869018554688e+01 -1.162861347198486328e+01 -5.981170535087585449e-01 -1.296347975730895996e-01 -1.990411132574081421e-01 -7.543022632598876953e-01 6.120501756668090820e-01
-5.515520858764648438e+01 -1.148744487762451172e+01 -5.946838259696960449e-01 -1.295845210552215576e-01 -1.968258619308471680e-01 -7.559987306594848633e-01 6.106826663017272949e-01
-5.512250900268554688e+01 -1.134667968750000000e+01 -5.902704000473022461e-01 -1.302663385868072510e-01 -1.958135366439819336e-01 -7.586164474487304688e-01 6.076090931892395020e-01
-5.509085845947265625e+01 -1.120618343353271484e+01 -5.824481248855590820e-01 -1.317835152149200439e-01 -1.961247175931930542e-01 -7.622559666633605957e-01 6.026061773300170898e-01
-5.505982971191406250e+01 -1.106595230102539062e+01 -5.733386278152465820e-01 -1.341978758573532104e-01 -1.978218257427215576e-01 -7.669562101364135742e-01 5.955129265785217285e-01
-5.503167724609375000e+01 -1.092589378356933594e+01 -5.594592094421386719e-01 -1.374212503433227539e-01 -2.007583379745483398e-01 -7.725720405578613281e-01 5.864673256874084473e-01
-5.500709915161132812e+01 -1.078616046905517578e+01 -5.416967868804931641e-01 -1.413269042968750000e-01 -2.047348022460937500e-01 -7.789089679718017578e-01 5.756831169128417969e-01
-5.498739242553710938e+01 -1.064695739746093750e+01 -5.193597078323364258e-01 -1.457880586385726929e-01 -2.095514535903930664e-01 -7.857745289802551270e-01 5.633759498596191406e-01
-5.497547912597656250e+01 -1.050870132446289062e+01 -4.909057617187500000e-01 -1.506780833005905151e-01 -2.150095403194427490e-01 -7.929820418357849121e-01 5.497695803642272949e-01
-5.497547149658203125e+01 -1.037253284454345703e+01 -4.550225734710693359e-01 -1.558728069067001343e-01 -2.209132313728332520e-01 -8.003568649291992188e-01 5.350982546806335449e-01
-5.499216079711914062e+01 -1.024093341827392578e+01 -4.112969934940338135e-01 -1.612497866153717041e-01 -2.270700633525848389e-01 -8.077399134635925293e-01 5.196094512939453125e-01
-5.502515411376953125e+01 -1.011584091186523438e+01 -3.622180223464965820e-01 -1.666907072067260742e-01 -2.332932353019714355e-01 -8.149908781051635742e-01 5.035655498504638672e-01
-5.507359313964843750e+01 -9.998601913452148438e+00 -3.103753626346588135e-01 -1.720806211233139038e-01 -2.394013553857803345e-01 -8.219909071922302246e-01 4.872433543205261230e-01
-5.513507843017578125e+01 -9.889261245727539062e+00 -2.585241496562957764e-01 -1.773098856210708618e-01 -2.452201545238494873e-01 -8.286432623863220215e-01 4.709337651729583740e-01
-5.520660400390625000e+01 -9.786725044250488281e+00 -2.088623046875000000e-01 -1.822730004787445068e-01 -2.505820989608764648e-01 -8.348735570907592773e-01 4.549409747123718262e-01
-5.528533172607421875e+01 -9.689370155334472656e+00 -1.627526879310607910e-01 -1.868703067302703857e-01 -2.553268671035766602e-01 -8.406293392181396484e-01 4.395792782306671143e-01
-5.536897659301757812e+01 -9.595635414123535156e+00 -1.208001673221588135e-01 -1.910060942173004150e-01 -2.593007087707519531e-01 -8.458771109580993652e-01 4.251725077629089355e-01
-5.545586395263671875e+01 -9.504323959350585938e+00 -8.304382115602493286e-02 -1.945892870426177979e-01 -2.623555362224578857e-01 -8.505990505218505859e-01 4.120507240295410156e-01
-5.554471588134765625e+01 -9.413911819458007812e+00 -4.814514145255088806e-02 -1.995519697666168213e-01 -2.600258886814117432e-01 -8.561137914657592773e-01 3.995431065559387207e-01
-5.563545608520507812e+01 -9.324595451354980469e+00 -1.962524279952049255e-02 -2.030935138463973999e-01 -2.577555477619171143e-01 -8.606910109519958496e-01 3.892634510993957520e-01
-5.572701644897460938e+01 -9.236761093139648438e+00 6.221923511475324631e-03 -2.050111293792724609e-01 -2.558529078960418701e-01 -8.641989231109619141e-01 3.816671371459960938e-01
-5.581924819946289062e+01 -9.150401115417480469e+00 2.999267540872097015e-02 -2.051706463098526001e-01 -2.544333338737487793e-01 -8.665601611137390137e-01 3.771501183509826660e-01
-5.591291046142578125e+01 -9.066242218017578125e+00 5.100646987557411194e-02 -2.034135162830352783e-01 -2.535702586174011230e-01 -8.676937818527221680e-01 3.760750889778137207e-01
-5.600715637207031250e+01 -8.983916282653808594e+00 7.131530344486236572e-02 -1.995409727096557617e-01 -2.532788813114166260e-01 -8.675107359886169434e-01 3.787587285041809082e-01
-5.610193252563476562e+01 -8.902404785156250000e+00 9.244262427091598511e-02 -1.967741847038269043e-01 -2.458301484584808350e-01 -8.681551218032836914e-01 3.836065530776977539e-01
-5.620577621459960938e+01 -8.816280364990234375e+00 1.155114695429801941e-01 -1.929258406162261963e-01 -2.366126477718353271e-01 -8.680316209793090820e-01 3.915548026561737061e-01
-5.631839752197265625e+01 -8.725404739379882812e+00 1.408428996801376343e-01 -1.881191432476043701e-01 -2.258477360010147095e-01 -8.670870661735534668e-01 4.021988213062286377e-01
-5.644026565551757812e+01 -8.630634307861328125e+00 1.690399199724197388e-01 -1.824764907360076904e-01 -2.137567996978759766e-01 -8.652629852294921875e-01 4.151267707347869873e-01
-5.657202529907226562e+01 -8.533588409423828125e+00 2.020513862371444702e-01 -1.761231422424316406e-01 -2.005658149719238281e-01 -8.625059127807617188e-01 4.299273192882537842e-01
-5.671365737915039062e+01 -8.435120582580566406e+00 2.413055300712585449e-01 -1.691885888576507568e-01 -1.865072101354598999e-01 -8.587800264358520508e-01 4.461918175220489502e-01
-5.686561965942382812e+01 -8.337807655334472656e+00 2.899780273437500000e-01 -1.618102192878723145e-01 -1.718227267265319824e-01 -8.540747761726379395e-01 4.635197818279266357e-01
-5.702766418457031250e+01 -8.243042945861816406e+00 3.495318591594696045e-01 -1.541313529014587402e-01 -1.567630022764205933e-01 -8.484122157096862793e-01 4.815242290496826172e-01
-5.719902038574218750e+01 -8.150659561157226562e+00 4.197167754173278809e-01 -1.463038027286529541e-01 -1.415880620479583740e-01 -8.418511152267456055e-01 4.998345375061035156e-01
-5.737848663330078125e+01 -8.057332992553710938e+00 4.976141154766082764e-01 -1.384871602058410645e-01 -1.265664398670196533e-01 -8.344902396202087402e-01 5.181007981300354004e-01
-5.756452178955078125e+01 -7.955976963043212891e+00 5.771068930625915527e-01 -1.308472156524658203e-01 -1.119732856750488281e-01 -8.264675736427307129e-01 5.359964370727539062e-01
-5.775399398803710938e+01 -7.835570335388183594e+00 6.479992270469665527e-01 -1.235558390617370605e-01 -9.808898717164993286e-02 -8.179608583450317383e-01 5.532202124595642090e-01
-5.793832778930664062e+01 -7.682508468627929688e+00 6.947613358497619629e-01 -1.167893782258033752e-01 -8.519722521305084229e-02 -8.091817498207092285e-01 5.694966912269592285e-01
-5.810751724243164062e+01 -7.495723724365234375e+00 7.173126339912414551e-01 -1.107280924916267395e-01 -7.358364015817642212e-02 -8.003728389739990234e-01 5.845749974250793457e-01
-5.825611114501953125e+01 -7.279379844665527344e+00 7.211047410964965820e-01 -1.055537238717079163e-01 -6.353357434272766113e-02 -7.917996644973754883e-01 5.982266068458557129e-01
-5.838354492187500000e+01 -7.038785457611083984e+00 7.123937606811523438e-01 -1.014491841197013855e-01 -5.533194914460182190e-02 -7.837434411048889160e-01 6.102398037910461426e-01
-5.849105453491210938e+01 -6.778080463409423828e+00 6.963830590248107910e-01 -9.859774261713027954e-02 -4.926200211048126221e-02 -7.764911651611328125e-01 6.204137802124023438e-01
-5.858427429199218750e+01 -6.501205921173095703e+00 6.767065525054931641e-01 -9.718123078346252441e-02 -4.560551047325134277e-02 -7.703253030776977539e-01 6.285498142242431641e-01
-5.866865921020507812e+01 -6.210711002349853516e+00 6.547607183456420898e-01 -9.738109260797500610e-02 -4.464276134967803955e-02 -7.655115723609924316e-01 6.344414353370666504e-01
-5.874593734741210938e+01 -5.907373905181884766e+00 6.313897371292114258e-01 -9.937462210655212402e-02 -4.665282368659973145e-02 -7.622860074043273926e-01 6.378621459007263184e-01
-5.881912994384765625e+01 -5.592068195343017578e+00 6.075128316879272461e-01 -1.032744869589805603e-01 -5.180976539850234985e-02 -7.607829570770263672e-01 6.386387348175048828e-01
-5.889000701904296875e+01 -5.265281200408935547e+00 5.841857790946960449e-01 -1.089402437210083008e-01 -5.986925214529037476e-02 -7.608575224876403809e-01 6.369015574455261230e-01
-5.896006774902343750e+01 -4.927329063415527344e+00 5.640264749526977539e-01 -1.161634773015975952e-01 -7.048030197620391846e-02 -7.622702121734619141e-01 6.328369379043579102e-01
-5.903103256225585938e+01 -4.578587532043457031e+00 5.507611036300659180e-01 -1.247325986623764038e-01 -8.328849822282791138e-02 -7.647603154182434082e-01 6.266151070594787598e-01
-5.910028076171875000e+01 -4.229560375213623047e+00 5.489080548286437988e-01 -1.344320029020309448e-01 -9.793471544981002808e-02 -7.680590152740478516e-01 6.184028387069702148e-01
-5.916774368286132812e+01 -3.880749225616455078e+00 5.594183206558227539e-01 -1.450446695089340210e-01 -1.140575930476188660e-01 -7.719027996063232422e-01 6.083739995956420898e-01
-5.923389434814453125e+01 -3.532573223114013672e+00 5.787566900253295898e-01 -1.563536077737808228e-01 -1.312927901744842529e-01 -7.760422825813293457e-01 5.967195034027099609e-01
-5.929688262939453125e+01 -3.190198659896850586e+00 6.022405624389648438e-01 -1.681443899869918823e-01 -1.492764055728912354e-01 -7.802527546882629395e-01 5.836520195007324219e-01
-5.935456085205078125e+01 -2.853249788284301758e+00 6.280376911163330078e-01 -1.802052557468414307e-01 -1.676454246044158936e-01 -7.843407392501831055e-01 5.694124698638916016e-01
-5.940301513671875000e+01 -2.521250724792480469e+00 6.557836532592773438e-01 -1.923315078020095825e-01 -1.860421001911163330e-01 -7.881494164466857910e-01 5.542719960212707520e-01
-5.942617034912109375e+01 -2.193321704864501953e+00 6.864684820175170898e-01 -2.043261528015136719e-01 -2.041156142950057983e-01 -7.915629744529724121e-01 5.385310053825378418e-01
-5.921198272705078125e+01 -2.011731386184692383e+00 7.032158970832824707e-01 -2.160018831491470337e-01 -2.215249836444854736e-01 -7.945075631141662598e-01 5.225204229354858398e-01
-5.889465713500976562e+01 -2.007551908493041992e+00 6.897247433662414551e-01 -2.271829396486282349e-01 -2.379413247108459473e-01 -7.969515323638916016e-01 5.065965652465820312e-01
-5.858362197875976562e+01 -2.003901481628417969e+00 6.713720560073852539e-01 -2.377040386199951172e-01 -2.530483007431030273e-01 -7.989027500152587891e-01 4.911391139030456543e-01
-5.827893447875976562e+01 -2.003645658493041992e+00 6.492699980735778809e-01 -2.474123239517211914e-01 -2.665432393550872803e-01 -8.004039525985717773e-01 4.765450954437255859e-01
-5.798086929321289062e+01 -2.009595870971679688e+00 6.228680014610290527e-01 -2.561647891998291016e-01 -2.781355381011962891e-01 -8.015258908271789551e-01 4.632238745689392090e-01
-5.769046783447265625e+01 -2.028098821640014648e+00 5.887280106544494629e-01 -2.638272643089294434e-01 -2.875438332557678223e-01 -8.023589849472045898e-01 4.515902400016784668e-01
-5.741182327270507812e+01 -2.070251703262329102e+00 5.381530523300170898e-01 -2.702699005603790283e-01 -2.944923639297485352e-01 -8.030015230178833008e-01 4.420598447322845459e-01
-5.716252899169921875e+01 -2.145845413208007812e+00 4.381249845027923584e-01 -2.753638029098510742e-01 -2.987055778503417969e-01 -8.035475611686706543e-01 4.350416660308837891e-01
-5.696207046508789062e+01 -2.236647844314575195e+00 2.764727771282196045e-01 -2.789758443832397461e-01 -2.999015450477600098e-01 -8.040702939033508301e-01 4.309318661689758301e-01
-5.679598999023437500e+01 -2.321223735809326172e+00 8.540160953998565674e-02 -2.802318334579467773e-01 -2.976021766662597656e-01 -8.049803376197814941e-01 4.300110936164855957e-01
-5.664665985107421875e+01 -2.396788597106933594e+00 -1.138482615351676941e-01 -2.815402448177337646e-01 -2.928329110145568848e-01 -8.051598668098449707e-01 4.320899248123168945e-01
-5.649859237670898438e+01 -2.471754550933837891e+00 -3.257604837417602539e-01 -2.806723713874816895e-01 -2.850130200386047363e-01 -8.056716322898864746e-01 4.369025826454162598e-01
-5.634809875488281250e+01 -2.549943923950195312e+00 -5.461804270744323730e-01 -2.785002291202545166e-01 -2.746762335300445557e-01 -8.060633540153503418e-01 4.441311359405517578e-01
-5.619329833984375000e+01 -2.634044408798217773e+00 -7.729375958442687988e-01 -2.751124799251556396e-01 -2.620703577995300293e-01 -8.062331080436706543e-01 4.534537494182586670e-01
-5.603223037719726562e+01 -2.727506160736083984e+00 -1.003403902053833008e+00 -2.705948948860168457e-01 -2.474427968263626099e-01 -8.060715198516845703e-01 4.645420610904693604e-01
-5.586231994628906250e+01 -2.835753679275512695e+00 -1.233192086219787598e+00 -2.650365233421325684e-01 -2.310459613800048828e-01 -8.054700493812561035e-01 4.770652949810028076e-01
-5.567618942260742188e+01 -2.979304075241088867e+00 -1.442593932151794434e+00 -2.585304975509643555e-01 -2.131394445896148682e-01 -8.043326139450073242e-01 4.906960725784301758e-01
-5.546599578857421875e+01 -3.185162305831909180e+00 -1.575948476791381836e+00 -2.511792480945587158e-01 -1.939930915832519531e-01 -8.025809526443481445e-01 5.051134228706359863e-01
-5.523790359497070312e+01 -3.432021379470825195e+00 -1.581921935081481934e+00 -2.430937588214874268e-01 -1.738872379064559937e-01 -8.001623749732971191e-01 5.200085043907165527e-01
-5.499318695068359375e+01 -3.674781322479248047e+00 -1.537985801696777344e+00 -2.343966960906982422e-01 -1.531135439872741699e-01 -7.970539331436157227e-01 5.350882411003112793e-01
-5.472745132446289062e+01 -3.909314155578613281e+00 -1.494802236557006836e+00 -2.252210080623626709e-01 -1.319735050201416016e-01 -7.932664752006530762e-01 5.500789880752563477e-01
-5.444523620605468750e+01 -4.140510082244873047e+00 -1.458945274353027344e+00 -2.157112360000610352e-01 -1.107774451375007629e-01 -7.888452410697937012e-01 5.647301673889160156e-01
-5.415208053588867188e+01 -4.373888492584228516e+00 -1.426424503326416016e+00 -2.060216814279556274e-01 -8.984181284904479980e-02 -7.838724255561828613e-01 5.788156390190124512e-01
-5.384991455078125000e+01 -4.611626625061035156e+00 -1.396317720413208008e+00 -1.963152885437011719e-01 -6.948708742856979370e-02 -7.784645557403564453e-01 5.921357274055480957e-01
-5.354092025756835938e+01 -4.856261253356933594e+00 -1.367470622062683105e+00 -1.867628991603851318e-01 -5.003587529063224792e-02 -7.727710008621215820e-01 6.045171618461608887e-01
-5.322817611694335938e+01 -5.111437320709228516e+00 -1.338867783546447754e+00 -1.775405108928680420e-01 -3.180986642837524414e-02 -7.669700384140014648e-01 6.158120632171630859e-01
-5.291527557373046875e+01 -5.380864620208740234e+00 -1.307327866554260254e+00 -1.688279509544372559e-01 -1.512879878282546997e-02 -7.612642645835876465e-01 6.258953809738159180e-01
-5.259699630737304688e+01 -5.655900955200195312e+00 -1.259100914001464844e+00 -1.608067750930786133e-01 -3.085508942604064941e-04 -7.558743953704833984e-01 6.346612572669982910e-01
-5.225811767578125000e+01 -5.907504081726074219e+00 -1.167322397232055664e+00 -1.536591053009033203e-01 1.233845949172973633e-02 -7.510327696800231934e-01 6.420173645019531250e-01
-5.189031600952148438e+01 -6.094408035278320312e+00 -1.011967778205871582e+00 -1.475283801555633545e-01 2.258556336164474487e-02 -7.469428181648254395e-01 6.479210257530212402e-01
-5.151314163208007812e+01 -6.233451366424560547e+00 -8.084228038787841797e-01 -1.424078792333602905e-01 3.053325414657592773e-02 -7.436653375625610352e-01 6.524948477745056152e-01
-5.115011978149414062e+01 -6.374670505523681641e+00 -5.646978616714477539e-01 -1.382465809583663940e-01 3.636501729488372803e-02 -7.412030100822448730e-01 6.558837890625000000e-01
-5.090937042236328125e+01 -6.652841091156005859e+00 -2.881158292293548584e-01 -1.349896341562271118e-01 4.026403650641441345e-02 -7.395353317260742188e-01 6.582127809524536133e-01
-5.073195266723632812e+01 -7.065662860870361328e+00 -1.301300078630447388e-01 -1.325774788856506348e-01 4.241383820772171021e-02 -7.386224269866943359e-01 6.595916152000427246e-01
-5.047165298461914062e+01 -7.465964794158935547e+00 -3.252441436052322388e-02 -1.309482455253601074e-01 4.299632832407951355e-02 -7.384103536605834961e-01 6.601166725158691406e-01
-5.016397857666015625e+01 -7.845544815063476562e+00 5.717651173472404480e-02 -1.300379931926727295e-01 4.219407960772514343e-02 -7.388336658477783203e-01 6.598747372627258301e-01
-4.982250976562500000e+01 -8.195144653320312500e+00 1.316271871328353882e-01 -1.297805905342102051e-01 4.018841683864593506e-02 -7.398193478584289551e-01 6.589455008506774902e-01
-4.943708801269531250e+01 -8.497421264648437500e+00 1.714282184839248657e-01 -1.301096230745315552e-01 3.716059401631355286e-02 -7.412894368171691895e-01 6.574044227600097656e-01
-4.899730300903320312e+01 -8.706892967224121094e+00 1.448297053575515747e-01 -1.309583783149719238e-01 3.329147025942802429e-02 -7.431635856628417969e-01 6.553239822387695312e-01
-4.852942657470703125e+01 -8.799053192138671875e+00 4.664123430848121643e-02 -1.322595924139022827e-01 2.876279875636100769e-02 -7.453600764274597168e-01 6.527775526046752930e-01
-4.806395339965820312e+01 -8.809657096862792969e+00 -9.286315739154815674e-02 -1.339465975761413574e-01 2.375579252839088440e-02 -7.477993965148925781e-01 6.498383283615112305e-01
-4.760341262817382812e+01 -8.777050018310546875e+00 -2.389166206121444702e-01 -1.359527111053466797e-01 1.845201104879379272e-02 -7.504041790962219238e-01 6.465833187103271484e-01
-4.713928222656250000e+01 -8.704524040222167969e+00 -3.452771008014678955e-01 -1.382125616073608398e-01 1.303363591432571411e-02 -7.531007528305053711e-01 6.430914998054504395e-01
-4.667612075805664062e+01 -8.587231636047363281e+00 -3.371954262256622314e-01 -1.406609117984771729e-01 7.682338356971740723e-03 -7.558196783065795898e-01 6.394466757774353027e-01
-4.622722625732421875e+01 -8.486289978027343750e+00 -2.127581685781478882e-01 -1.432340592145919800e-01 2.580337226390838623e-03 -7.584965229034423828e-01 6.357359886169433594e-01
-4.577804183959960938e+01 -8.510532379150390625e+00 -6.710326671600341797e-02 -1.458687335252761841e-01 -2.089969813823699951e-03 -7.610713243484497070e-01 6.320510506629943848e-01
-4.533280563354492188e+01 -8.642387390136718750e+00 1.862304657697677612e-02 -1.485026031732559204e-01 -6.146311759948730469e-03 -7.634881734848022461e-01 6.284862160682678223e-01
-4.488431167602539062e+01 -8.783165931701660156e+00 2.597289904952049255e-02 -1.510743647813796997e-01 -9.406991302967071533e-03 -7.656945586204528809e-01 6.251398921012878418e-01
-4.443313217163085938e+01 -8.892893791198730469e+00 -3.620605543255805969e-02 -1.535230278968811035e-01 -1.168993860483169556e-02 -7.676407098770141602e-01 6.221107840538024902e-01
-4.398777389526367188e+01 -8.982021331787109375e+00 -1.430059820413589478e-01 -1.557960510253906250e-01 -1.285458356142044067e-02 -7.692860364913940430e-01 6.194847226142883301e-01
-4.355514526367187500e+01 -9.062232017517089844e+00 -2.911816239356994629e-01 -1.578760892152786255e-01 -1.292489469051361084e-02 -7.706241011619567871e-01 6.172896027565002441e-01
-4.314096069335937500e+01 -9.126889228820800781e+00 -4.850958287715911865e-01 -1.597528308629989624e-01 -1.196553558111190796e-02 -7.716545462608337402e-01 6.155363321304321289e-01
-4.271983718872070312e+01 -9.165951728820800781e+00 -6.645745635032653809e-01 -1.614158749580383301e-01 -1.004205644130706787e-02 -7.723736166954040527e-01 6.142336130142211914e-01
-4.228545379638671875e+01 -9.186689376831054688e+00 -8.048132061958312988e-01 -1.628541052341461182e-01 -7.218658924102783203e-03 -7.727755904197692871e-01 6.133877635002136230e-01
-4.184119415283203125e+01 -9.188165664672851562e+00 -9.005743265151977539e-01 -1.640564501285552979e-01 -3.560572862625122070e-03 -7.728518247604370117e-01 6.130030751228332520e-01
-4.139192962646484375e+01 -9.168761253356933594e+00 -9.463775157928466797e-01 -1.650104820728302002e-01 8.674263954162597656e-04 -7.725923061370849609e-01 6.130838394165039062e-01
-4.094335174560546875e+01 -9.134371757507324219e+00 -9.486089944839477539e-01 -1.657047569751739502e-01 6.000079214572906494e-03 -7.719859480857849121e-01 6.136314868927001953e-01
-4.049767303466796875e+01 -9.098954200744628906e+00 -9.262810945510864258e-01 -1.661264300346374512e-01 1.177246868610382080e-02 -7.710199952125549316e-01 6.146475672721862793e-01
-4.005443191528320312e+01 -9.073573112487792969e+00 -8.926025032997131348e-01 -1.662633419036865234e-01 1.811982691287994385e-02 -7.696812152862548828e-01 6.161322593688964844e-01
-3.961293411254882812e+01 -9.070845603942871094e+00 -8.593157529830932617e-01 -1.661024242639541626e-01 2.497626841068267822e-02 -7.679555416107177734e-01 6.180859804153442383e-01
-3.917431640625000000e+01 -9.100777626037597656e+00 -8.367980718612670898e-01 -1.656316518783569336e-01 3.227695822715759277e-02 -7.658290266990661621e-01 6.205080151557922363e-01
-3.874055099487304688e+01 -9.159982681274414062e+00 -8.258886337280273438e-01 -1.648378074169158936e-01 3.995581716299057007e-02 -7.632871270179748535e-01 6.233978271484375000e-01
-3.831198120117187500e+01 -9.237861633300781250e+00 -8.234600424766540527e-01 -1.637087911367416382e-01 4.794769361615180969e-02 -7.603158354759216309e-01 6.267537474632263184e-01
-3.788671112060546875e+01 -9.320322036743164062e+00 -8.253479003906250000e-01 -1.622316539287567139e-01 5.618625134229660034e-02 -7.569003105163574219e-01 6.305757761001586914e-01
-3.746110916137695312e+01 -9.385823249816894531e+00 -8.256060481071472168e-01 -1.603944152593612671e-01 6.460537016391754150e-02 -7.530273199081420898e-01 6.348619461059570312e-01
-3.703387451171875000e+01 -9.401865959167480469e+00 -8.200555443763732910e-01 -1.581847667694091797e-01 7.313916832208633423e-02 -7.486827373504638672e-01 6.396110653877258301e-01
-3.661802291870117188e+01 -9.322668075561523438e+00 -8.065869212150573730e-01 -1.555903106927871704e-01 8.172135055065155029e-02 -7.438530325889587402e-01 6.448224186897277832e-01
-3.624611663818359375e+01 -9.126295089721679688e+00 -7.867980599403381348e-01 -1.525992453098297119e-01 9.028559923171997070e-02 -7.385256290435791016e-01 6.504934430122375488e-01
-3.590778350830078125e+01 -8.879234313964843750e+00 -7.709912061691284180e-01 -1.492002159357070923e-01 9.876541048288345337e-02 -7.326874136924743652e-01 6.566228866577148438e-01
-3.555635070800781250e+01 -8.657192230224609375e+00 -7.744842171669006348e-01 -1.428275108337402344e-01 1.042991504073143005e-01 -7.267405986785888672e-01 6.637544631958007812e-01
-3.516382598876953125e+01 -8.528156280517578125e+00 -7.925201058387756348e-01 -1.363495886325836182e-01 1.100857630372047424e-01 -7.202953100204467773e-01 6.711664795875549316e-01
-3.475619125366210938e+01 -8.465235710144042969e+00 -7.923077344894409180e-01 -1.298091262578964233e-01 1.161115020513534546e-01 -7.133704423904418945e-01 6.788005828857421875e-01
-3.434967803955078125e+01 -8.412087440490722656e+00 -7.757220268249511719e-01 -1.232483759522438049e-01 1.223600357770919800e-01 -7.059867382049560547e-01 6.866006851196289062e-01
-3.394941329956054688e+01 -8.337970733642578125e+00 -7.538140416145324707e-01 -1.167102158069610596e-01 1.288107782602310181e-01 -6.981675624847412109e-01 6.945132017135620117e-01
-3.356253814697265625e+01 -8.220911026000976562e+00 -7.323217391967773438e-01 -1.102360188961029053e-01 1.354410052299499512e-01 -6.899385452270507812e-01 7.024874091148376465e-01
-3.318504333496093750e+01 -8.063465118408203125e+00 -7.103857398033142090e-01 -1.038661003112792969e-01 1.422248482704162598e-01 -6.813289523124694824e-01 7.104750275611877441e-01
-3.281277084350585938e+01 -7.883093833923339844e+00 -6.835321187973022461e-01 -9.763902425765991211e-02 1.491339057683944702e-01 -6.723708510398864746e-01 7.184309363365173340e-01
-3.243783569335937500e+01 -7.698636531829833984e+00 -6.461761593818664551e-01 -9.159061312675476074e-02 1.561378985643386841e-01 -6.631010770797729492e-01 7.263118624687194824e-01
-3.204737854003906250e+01 -7.536889553070068359e+00 -6.056908965110778809e-01 -8.575402200222015381e-02 1.632044017314910889e-01 -6.535596847534179688e-01 7.340777516365051270e-01
-3.163557052612304688e+01 -7.417380809783935547e+00 -5.758117437362670898e-01 -8.015887439250946045e-02 1.702996790409088135e-01 -6.437914371490478516e-01 7.416906952857971191e-01
-3.120701026916503906e+01 -7.341819763183593750e+00 -5.621313452720642090e-01 -7.483097910881042480e-02 1.773887872695922852e-01 -6.338446736335754395e-01 7.491157054901123047e-01
-3.076977920532226562e+01 -7.286490917205810547e+00 -5.565161108970642090e-01 -6.979160010814666748e-02 1.844362020492553711e-01 -6.237735748291015625e-01 7.563192844390869141e-01
-3.032765007019042969e+01 -7.229961872100830078e+00 -5.502020120620727539e-01 -6.505776196718215942e-02 1.914058327674865723e-01 -6.136353611946105957e-01 7.632712125778198242e-01
-2.988333511352539062e+01 -7.156080245971679688e+00 -5.365124344825744629e-01 -6.064113974571228027e-02 1.982618570327758789e-01 -6.034927368164062500e-01 7.699422836303710938e-01
-2.944263076782226562e+01 -7.045818328857421875e+00 -5.074059963226318359e-01 -5.654865503311157227e-02 2.049686312675476074e-01 -5.934126377105712891e-01 7.763063311576843262e-01
-2.901153182983398438e+01 -6.892652988433837891e+00 -4.599932730197906494e-01 -5.278182029724121094e-02 2.114914655685424805e-01 -5.834656357765197754e-01 7.823384404182434082e-01
-2.859040069580078125e+01 -6.705889701843261719e+00 -3.981622159481048584e-01 -4.933709651231765747e-02 2.177964746952056885e-01 -5.737270116806030273e-01 7.880150675773620605e-01
-2.815552711486816406e+01 -6.540010929107666016e+00 -3.384832739830017090e-01 -4.620584100484848022e-02 2.238514125347137451e-01 -5.642756223678588867e-01 7.933149337768554688e-01
