-2.724159049987792969e+01 -6.738630294799804688e+00 -3.698620498180389404e-01 -3.922707587480545044e-02 2.340043485164642334e-01 -5.470203161239624023e-01 8.027901649475097656e-01
-2.678929710388183594e+01 -6.911772727966308594e+00 -4.150433242321014404e-01 -3.543226420879364014e-02 2.381823062896728516e-01 -5.392958521842956543e-01 8.069533705711364746e-01
-2.632011604309082031e+01 -7.050635337829589844e+00 -4.572289884090423584e-01 -3.197553753852844238e-02 2.421602010726928711e-01 -5.320227146148681641e-01 8.107328414916992188e-01
-2.583804130554199219e+01 -7.160245895385742188e+00 -4.967669546604156494e-01 -2.884143590927124023e-02 2.459387183189392090e-01 -5.252020955085754395e-01 8.141529560089111328e-01
-2.534620475769042969e+01 -7.247051239013671875e+00 -5.342187285423278809e-01 -2.601479738950729370e-02 2.495186477899551392e-01 -5.188335776329040527e-01 8.172364234924316406e-01
-2.485954093933105469e+01 -7.320418357849121094e+00 -5.698229670524597168e-01 -2.347995340824127197e-02 2.528998553752899170e-01 -5.129156708717346191e-01 8.200047612190246582e-01
-2.437891006469726562e+01 -7.384509563446044922e+00 -6.040063500404357910e-01 -2.122139930725097656e-02 2.560825347900390625e-01 -5.074455738067626953e-01 8.224781155586242676e-01
-2.390480995178222656e+01 -7.442079067230224609e+00 -6.370550394058227539e-01 -1.922335475683212280e-02 2.590663135051727295e-01 -5.024197101593017578e-01 8.246753215789794922e-01
-2.343763542175292969e+01 -7.495884418487548828e+00 -6.692627072334289551e-01 -1.746983081102371216e-02 2.618502378463745117e-01 -4.978337883949279785e-01 8.266140818595886230e-01
-2.297881317138671875e+01 -7.554733753204345703e+00 -6.801354885101318359e-01 -1.594523340463638306e-02 2.644333243370056152e-01 -4.936823248863220215e-01 8.283106088638305664e-01
-2.252774429321289062e+01 -7.534171581268310547e+00 -6.728662252426147461e-01 -1.463309675455093384e-02 2.668141722679138184e-01 -4.899592399597167969e-01 8.297806978225708008e-01
-2.217214393615722656e+01 -7.270916461944580078e+00 -6.859893798828125000e-01 -1.351775228977203369e-02 2.689912319183349609e-01 -4.866575896739959717e-01 8.310387134552001953e-01
-2.190624046325683594e+01 -6.919763088226318359e+00 -7.023888826370239258e-01 -1.258306205272674561e-02 2.709625661373138428e-01 -4.837703406810760498e-01 8.320981264114379883e-01
-2.167098999023437500e+01 -6.555703639984130859e+00 -7.190527319908142090e-01 -1.181269437074661255e-02 2.727260589599609375e-01 -4.812893271446228027e-01 8.329714536666870117e-01
-2.145063972473144531e+01 -6.190839767456054688e+00 -7.353820800781250000e-01 -1.119118183851242065e-02 2.742792963981628418e-01 -4.792059361934661865e-01 8.336710333824157715e-01
-2.124046897888183594e+01 -5.828352451324462891e+00 -7.511401176452636719e-01 -1.070202887058258057e-02 2.756196856498718262e-01 -4.775115251541137695e-01 8.342074155807495117e-01
-2.103889656066894531e+01 -5.469274044036865234e+00 -7.660937309265136719e-01 -1.032920926809310913e-02 2.767444550991058350e-01 -4.761967360973358154e-01 8.345912098884582520e-01
-2.084514999389648438e+01 -5.114106178283691406e+00 -7.798626422882080078e-01 -1.005665212869644165e-02 2.776504456996917725e-01 -4.752517640590667725e-01 8.348322510719299316e-01
-2.066604995727539062e+01 -4.759578227996826172e+00 -7.936852574348449707e-01 -9.868130087852478027e-03 2.783344686031341553e-01 -4.746666848659515381e-01 8.349395394325256348e-01
-2.054658699035644531e+01 -4.390556812286376953e+00 -8.222576975822448730e-01 -9.747296571731567383e-03 2.787930369377136230e-01 -4.744313359260559082e-01 8.349217772483825684e-01
-2.054321670532226562e+01 -4.014441013336181641e+00 -8.832525610923767090e-01 -9.681195020675659180e-03 2.790265381336212158e-01 -4.745315313339233398e-01 8.347876667976379395e-01
-2.063207435607910156e+01 -3.659889221191406250e+00 -9.689660668373107910e-01 -9.667359292507171631e-03 2.790507376194000244e-01 -4.749392271041870117e-01 8.345476984977722168e-01
-2.075427246093750000e+01 -3.325125455856323242e+00 -1.062739253044128418e+00 -9.706117212772369385e-03 2.788853049278259277e-01 -4.756238758563995361e-01 8.342126011848449707e-01
-2.089030265808105469e+01 -3.004559278488159180e+00 -1.159243702888488770e+00 -9.798116981983184814e-03 2.785496413707733154e-01 -4.765537977218627930e-01 8.337928652763366699e-01
-2.103322792053222656e+01 -2.695588350296020508e+00 -1.256819486618041992e+00 -9.943440556526184082e-03 2.780633270740509033e-01 -4.776980876922607422e-01 8.332985639572143555e-01
-2.118070220947265625e+01 -2.397468328475952148e+00 -1.355377793312072754e+00 -1.014297455549240112e-02 2.774457931518554688e-01 -4.790246784687042236e-01 8.327403068542480469e-01
-2.133003807067871094e+01 -2.109271526336669922e+00 -1.455320358276367188e+00 -1.039696484804153442e-02 2.767164409160614014e-01 -4.805025160312652588e-01 8.321282267570495605e-01
-2.139403343200683594e+01 -1.918301224708557129e+00 -1.529543995857238770e+00 -1.070568710565567017e-02 2.758946120738983154e-01 -4.821003377437591553e-01 8.314726352691650391e-01
-2.118221092224121094e+01 -2.145246982574462891e+00 -1.436014413833618164e+00 -1.106970757246017456e-02 2.750000953674316406e-01 -4.837864637374877930e-01 8.307846188545227051e-01
-2.097672843933105469e+01 -2.366602182388305664e+00 -1.339940190315246582e+00 -1.148945838212966919e-02 2.740525007247924805e-01 -4.855303466320037842e-01 8.300744295120239258e-01
-2.077527809143066406e+01 -2.581627368927001953e+00 -1.244736909866333008e+00 -1.196557283401489258e-02 2.730714976787567139e-01 -4.873006641864776611e-01 8.293532729148864746e-01
-2.057826042175292969e+01 -2.791206598281860352e+00 -1.151574015617370605e+00 -1.249817013740539551e-02 2.720767557621002197e-01 -4.890666306018829346e-01 8.286325335502624512e-01
-2.038580513000488281e+01 -2.995652914047241211e+00 -1.060857534408569336e+00 -1.308806240558624268e-02 2.710883319377899170e-01 -4.907972514629364014e-01 8.279237747192382812e-01
-2.019796371459960938e+01 -3.195274591445922852e+00 -9.731506109237670898e-01 -1.373532414436340332e-02 2.701260745525360107e-01 -4.924625754356384277e-01 8.272387385368347168e-01
-2.001481819152832031e+01 -3.390116453170776367e+00 -8.883520364761352539e-01 -1.444067806005477905e-02 2.692101597785949707e-01 -4.940317273139953613e-01 8.265892863273620605e-01
-1.983638191223144531e+01 -3.580196380615234375e+00 -8.064660429954528809e-01 -1.520452648401260376e-02 2.683605253696441650e-01 -4.954746067523956299e-01 8.259881734848022461e-01
-1.966267013549804688e+01 -3.766000986099243164e+00 -7.285705208778381348e-01 -1.602718234062194824e-02 2.675972580909729004e-01 -4.967611134052276611e-01 8.254472613334655762e-01
-1.949371528625488281e+01 -3.947242975234985352e+00 -6.539385914802551270e-01 -1.690942049026489258e-02 2.669407129287719727e-01 -4.978608787059783936e-01 8.249794840812683105e-01
-1.932953643798828125e+01 -4.124200820922851562e+00 -5.831884741783142090e-01 -1.785136759281158447e-02 2.664110660552978516e-01 -4.987443089485168457e-01 8.245972394943237305e-01
-1.917022895812988281e+01 -4.297520637512207031e+00 -5.178228616714477539e-01 -1.885361224412918091e-02 2.660284638404846191e-01 -4.993808269500732422e-01 8.243131041526794434e-01
-1.901585960388183594e+01 -4.467074394226074219e+00 -4.576190114021301270e-01 -1.990941911935806274e-02 2.658094167709350586e-01 -4.997431039810180664e-01 8.241394162178039551e-01
-1.886656188964843750e+01 -4.633508682250976562e+00 -4.042413234710693359e-01 -2.098226547241210938e-02 2.657550573348999023e-01 -4.998131692409515381e-01 8.240877985954284668e-01
-1.872261238098144531e+01 -4.797383785247802734e+00 -3.595367372035980225e-01 -2.202828973531723022e-02 2.658632695674896240e-01 -4.995762407779693604e-01 8.241693377494812012e-01
-1.858443260192871094e+01 -4.959138870239257812e+00 -3.256463408470153809e-01 -2.300380915403366089e-02 2.661313414573669434e-01 -4.990167617797851562e-01 8.243950009346008301e-01
-1.845255279541015625e+01 -5.118789196014404297e+00 -3.042517006397247314e-01 -2.386476844549179077e-02 2.665567398071289062e-01 -4.981194138526916504e-01 8.247756958007812500e-01
-1.832721138000488281e+01 -5.275613307952880859e+00 -2.949590981006622314e-01 -2.456764876842498779e-02 2.671369314193725586e-01 -4.968683421611785889e-01 8.253218531608581543e-01
-1.820741653442382812e+01 -5.427954196929931641e+00 -2.929199039936065674e-01 -2.506867796182632446e-02 2.678689956665039062e-01 -4.952475428581237793e-01 8.260433673858642578e-01
-1.809071731567382812e+01 -5.573268890380859375e+00 -2.841955423355102539e-01 -2.532371878623962402e-02 2.687496840953826904e-01 -4.932408630847930908e-01 8.269496560096740723e-01
-1.798205947875976562e+01 -5.715107917785644531e+00 -2.682074010372161865e-01 -2.528926730155944824e-02 2.697761058807373047e-01 -4.908314049243927002e-01 8.280494213104248047e-01
-1.788898849487304688e+01 -5.858431816101074219e+00 -2.477770894765853882e-01 -2.492106705904006958e-02 2.709444463253021240e-01 -4.880022108554840088e-01 8.293503522872924805e-01
-1.781524467468261719e+01 -6.004201412200927734e+00 -2.256884723901748657e-01 -2.417547255754470825e-02 2.722509205341339111e-01 -4.847350120544433594e-01 8.308592438697814941e-01
-1.776342773437500000e+01 -6.151482582092285156e+00 -2.038415521383285522e-01 -2.300833165645599365e-02 2.736910283565521240e-01 -4.810118079185485840e-01 8.325811624526977539e-01
-1.773795890808105469e+01 -6.298386573791503906e+00 -1.839776635169982910e-01 -2.137629687786102295e-02 2.752602398395538330e-01 -4.768124520778656006e-01 8.345206379890441895e-01
-1.773257255554199219e+01 -6.443387985229492188e+00 -1.665020734071731567e-01 -1.923484355211257935e-02 2.769528627395629883e-01 -4.721173048019409180e-01 8.366793990135192871e-01
-1.774088859558105469e+01 -6.584213256835937500e+00 -1.511517316102981567e-01 -1.654069870710372925e-02 2.787629067897796631e-01 -4.669043421745300293e-01 8.390576839447021484e-01
-1.775858306884765625e+01 -6.720047950744628906e+00 -1.376586854457855225e-01 -1.324952393770217896e-02 2.806835472583770752e-01 -4.611516892910003662e-01 8.416532874107360840e-01
-1.778275871276855469e+01 -6.850677967071533203e+00 -1.258123815059661865e-01 -9.318098425865173340e-03 2.827070057392120361e-01 -4.548350870609283447e-01 8.444612622261047363e-01
-1.781192779541015625e+01 -6.975996971130371094e+00 -1.155566349625587463e-01 -4.702664911746978760e-03 2.848243713378906250e-01 -4.479293823242187500e-01 8.474740982055664062e-01
-1.784439468383789062e+01 -7.096142292022705078e+00 -1.067706272006034851e-01 6.397292017936706543e-04 2.870259582996368408e-01 -4.404075741767883301e-01 8.506802916526794434e-01
-1.787879753112792969e+01 -7.211334228515625000e+00 -9.934081882238388062e-02 6.752192974090576172e-03 2.893005013465881348e-01 -4.322414398193359375e-01 8.540649414062500000e-01
-1.791466712951660156e+01 -7.321367740631103516e+00 -9.304077178239822388e-02 1.035207509994506836e-02 2.859971225261688232e-01 -4.250253140926361084e-01 8.587501645088195801e-01
-1.795126914978027344e+01 -7.426687240600585938e+00 -8.815857023000717163e-02 1.470449566841125488e-02 2.823430895805358887e-01 -4.171981513500213623e-01 8.637197613716125488e-01
-1.798811531066894531e+01 -7.527404785156250000e+00 -8.489562571048736572e-02 1.983655989170074463e-02 2.783870697021484375e-01 -4.088018834590911865e-01 8.689005374908447266e-01
-1.802447700500488281e+01 -7.623746395111083984e+00 -8.359069377183914185e-02 2.576345950365066528e-02 2.741867899894714355e-01 -3.998881280422210693e-01 8.742124438285827637e-01
-1.805931663513183594e+01 -7.716062545776367188e+00 -8.455566316843032837e-02 3.248417377471923828e-02 2.698075473308563232e-01 -3.905229270458221436e-01 8.795683383941650391e-01
-1.809139060974121094e+01 -7.804760456085205078e+00 -8.798339962959289551e-02 3.997806459665298462e-02 2.653217017650604248e-01 -3.807897865772247314e-01 8.848758935928344727e-01
-1.811951065063476562e+01 -7.890157699584960938e+00 -9.385314583778381348e-02 4.820151254534721375e-02 2.608056664466857910e-01 -3.707947134971618652e-01 8.900383710861206055e-01
-1.814286613464355469e+01 -7.972346782684326172e+00 -1.018713340163230896e-01 5.708651989698410034e-02 2.563366293907165527e-01 -3.606681823730468750e-01 8.949587345123291016e-01
-1.816127967834472656e+01 -8.051171302795410156e+00 -1.115197762846946716e-01 6.653858721256256104e-02 2.519876360893249512e-01 -3.505654335021972656e-01 8.995436429977416992e-01
-1.817526817321777344e+01 -8.126333236694335938e+00 -1.221868842840194702e-01 7.643986493349075317e-02 2.478230595588684082e-01 -3.406678140163421631e-01 9.037069082260131836e-01
-1.818451690673828125e+01 -8.197666168212890625e+00 -1.336077898740768433e-01 8.665139228105545044e-02 2.438937276601791382e-01 -3.311771750450134277e-01 9.073747396469116211e-01
-1.819127464294433594e+01 -8.264726638793945312e+00 -1.448980718851089478e-01 9.701974689960479736e-02 2.402328401803970337e-01 -3.223123550415039062e-01 9.104890227317810059e-01
-1.819668006896972656e+01 -8.327380180358886719e+00 -1.557757556438446045e-01 1.073853969573974609e-01 2.368528842926025391e-01 -3.143020868301391602e-01 9.130077958106994629e-01
-1.819999885559082031e+01 -8.385649681091308594e+00 -1.661193817853927612e-01 1.175901740789413452e-01 2.337456494569778442e-01 -3.073752820491790771e-01 9.149075746536254883e-01
-1.820321655273437500e+01 -8.439373970031738281e+00 -1.757330298423767090e-01 1.274871528148651123e-01 2.308830618858337402e-01 -3.017535209655761719e-01 9.161794781684875488e-01
-1.820533561706542969e+01 -8.488625526428222656e+00 -1.844323724508285522e-01 1.369489729404449463e-01 2.282199710607528687e-01 -2.976444363594055176e-01 9.168251752853393555e-01
-1.820754432678222656e+01 -8.533310890197753906e+00 -1.923467963933944702e-01 1.458748877048492432e-01 2.256991565227508545e-01 -2.952348291873931885e-01 9.168515205383300781e-01
-1.820964241027832031e+01 -8.573449134826660156e+00 -1.993292123079299927e-01 1.541956961154937744e-01 2.232548892498016357e-01 -2.946863174438476562e-01 9.162647128105163574e-01
-1.821163558959960938e+01 -8.609036445617675781e+00 -2.053485065698623657e-01 1.618779599666595459e-01 2.208181172609329224e-01 -2.961343824863433838e-01 9.150624871253967285e-01
-1.821385192871093750e+01 -8.640023231506347656e+00 -2.105847150087356567e-01 1.689254492521286011e-01 2.183187603950500488e-01 -2.996871769428253174e-01 9.132298231124877930e-01
-1.821570205688476562e+01 -8.666781425476074219e+00 -2.154418826103210449e-01 1.716906130313873291e-01 2.020889967679977417e-01 -3.049473166465759277e-01 9.147074222564697266e-01
-1.821753883361816406e+01 -8.689062118530273438e+00 -2.195013314485549927e-01 1.734091490507125854e-01 1.843088716268539429e-01 -3.118798732757568359e-01 9.158004522323608398e-01
-1.821934509277343750e+01 -8.706880569458007812e+00 -2.228381335735321045e-01 1.741481721401214600e-01 1.652367264032363892e-01 -3.202055990695953369e-01 9.164266586303710938e-01
-1.822113227844238281e+01 -8.720245361328125000e+00 -2.256170660257339478e-01 1.739776134490966797e-01 1.451366245746612549e-01 -3.296464979648590088e-01 9.165153503417968750e-01
-1.822285652160644531e+01 -8.729180335998535156e+00 -2.278637588024139404e-01 1.729715615510940552e-01 1.242787539958953857e-01 -3.399298191070556641e-01 9.160149097442626953e-01
-1.822448158264160156e+01 -8.733711242675781250e+00 -2.295965552330017090e-01 1.712093353271484375e-01 1.029400527477264404e-01 -3.507892787456512451e-01 9.148975610733032227e-01
-1.822598075866699219e+01 -8.733863830566406250e+00 -2.308300733566284180e-01 1.687760949134826660e-01 8.140312135219573975e-02 -3.619681298732757568e-01 9.131633639335632324e-01
-1.822738265991210938e+01 -8.732110023498535156e+00 -2.318243384361267090e-01 1.657625138759613037e-01 5.995515733957290649e-02 -3.732196688652038574e-01 9.108430743217468262e-01
-1.822890663146972656e+01 -8.735538482666015625e+00 -2.333160340785980225e-01 1.622657328844070435e-01 3.888664767146110535e-02 -3.843108713626861572e-01 9.079992771148681641e-01
-1.823051261901855469e+01 -8.744186401367187500e+00 -2.353002876043319702e-01 1.583879888057708740e-01 1.848930865526199341e-02 -3.950228989124298096e-01 9.047254920005798340e-01
-1.823219680786132812e+01 -8.758088111877441406e+00 -2.377679347991943359e-01 1.542363315820693970e-01 -9.451359510421752930e-04 -4.051500260829925537e-01 9.011458158493041992e-01
-1.823392486572265625e+01 -8.777283668518066406e+00 -2.407031208276748657e-01 1.499216705560684204e-01 -1.912676915526390076e-02 -4.145021736621856689e-01 8.974105119705200195e-01
-1.823571205139160156e+01 -8.801827430725097656e+00 -2.439263910055160522e-01 1.455575525760650635e-01 -3.576862066984176636e-02 -4.229009151458740234e-01 8.936936855316162109e-01
-1.823753356933593750e+01 -8.831771850585937500e+00 -2.472784370183944702e-01 1.412592977285385132e-01 -5.058700218796730042e-02 -4.301792383193969727e-01 8.901868462562561035e-01
-1.823937988281250000e+01 -8.867136001586914062e+00 -2.509570121765136719e-01 1.371425092220306396e-01 -6.330202519893646240e-02 -4.361781477928161621e-01 8.870926499366760254e-01
-1.824124908447265625e+01 -8.907958030700683594e+00 -2.549383342266082764e-01 1.333220601081848145e-01 -7.363681495189666748e-02 -4.407428205013275146e-01 8.846178054809570312e-01
-1.824330520629882812e+01 -8.954312324523925781e+00 -2.586755454540252686e-01 1.299106180667877197e-01 -8.131707459688186646e-02 -4.437169134616851807e-01 8.829643726348876953e-01
-1.824548339843750000e+01 -9.006229400634765625e+00 -2.622644007205963135e-01 1.270175576210021973e-01 -8.606924116611480713e-02 -4.449388682842254639e-01 8.823196291923522949e-01
-1.824767494201660156e+01 -9.063725471496582031e+00 -2.660003602504730225e-01 1.247479170560836792e-01 -8.761869370937347412e-02 -4.442321062088012695e-01 8.828469514846801758e-01
-1.825046348571777344e+01 -9.126883506774902344e+00 -2.686840891838073730e-01 1.232006922364234924e-01 -8.568875491619110107e-02 -4.414012134075164795e-01 8.846716880798339844e-01
-1.825329971313476562e+01 -9.195685386657714844e+00 -2.712969779968261719e-01 1.224376857280731201e-01 -8.010850846767425537e-02 -4.363029599189758301e-01 8.878239989280700684e-01
-1.825605010986328125e+01 -9.267471313476562500e+00 -2.728607058525085449e-01 1.223935261368751526e-01 -7.114121317863464355e-02 -4.290868937969207764e-01 8.921003937721252441e-01
-1.825869560241699219e+01 -9.342164993286132812e+00 -2.738403379917144775e-01 1.229686513543128967e-01 -5.915867909789085388e-02 -4.199685454368591309e-01 8.972209692001342773e-01
-1.826089859008789062e+01 -9.419713020324707031e+00 -2.738958597183227539e-01 1.240614801645278931e-01 -4.453493654727935791e-02 -4.091601073741912842e-01 9.028916358947753906e-01
-1.826268959045410156e+01 -9.500048637390136719e+00 -2.731463611125946045e-01 1.255701929330825806e-01 -2.764900401234626770e-02 -3.968787491321563721e-01 9.088206291198730469e-01
-1.826368522644042969e+01 -9.583100318908691406e+00 -2.714404165744781494e-01 1.273947805166244507e-01 -8.885562419891357422e-03 -3.833520412445068359e-01 9.147310256958007812e-01
-1.826390647888183594e+01 -9.668803215026855469e+00 -2.688183486461639404e-01 1.294385343790054321e-01 1.136412471532821655e-02 -3.688239157199859619e-01 9.203724861145019531e-01
-1.826280784606933594e+01 -9.757059097290039062e+00 -2.649816870689392090e-01 1.316093504428863525e-01 3.270374238491058350e-02 -3.535561859607696533e-01 9.255308508872985840e-01
-1.826071166992187500e+01 -9.847812652587890625e+00 -2.602502405643463135e-01 1.338211447000503540e-01 5.473333224654197693e-02 -3.378319442272186279e-01 9.300353527069091797e-01
-1.825637626647949219e+01 -9.940897941589355469e+00 -2.537420690059661865e-01 1.359948217868804932e-01 7.705205678939819336e-02 -3.219543695449829102e-01 9.337632656097412109e-01
-1.825116157531738281e+01 -1.003634166717529297e+01 -2.465460151433944702e-01 1.380589008331298828e-01 9.926126897335052490e-02 -3.062450587749481201e-01 9.366434216499328613e-01
-1.824213409423828125e+01 -1.013374233245849609e+01 -2.366143763065338135e-01 1.399498879909515381e-01 1.209674328565597534e-01 -2.910420000553131104e-01 9.386562108993530273e-01
-1.823155784606933594e+01 -1.023322391510009766e+01 -2.256011962890625000e-01 1.416121572256088257e-01 1.417847126722335815e-01 -2.766974270343780518e-01 9.398306012153625488e-01
-1.821738243103027344e+01 -1.033439636230468750e+01 -2.121429443359375000e-01 1.429974138736724854e-01 1.613371223211288452e-01 -2.635735869407653809e-01 9.402398467063903809e-01
-1.819921302795410156e+01 -1.043689346313476562e+01 -1.961425691843032837e-01 1.440638601779937744e-01 1.792590618133544922e-01 -2.520408630371093750e-01 9.399932026863098145e-01
-1.817838287353515625e+01 -1.054096317291259766e+01 -1.783550977706909180e-01 1.447741389274597168e-01 1.951956748962402344e-01 -2.424720078706741333e-01 9.392265081405639648e-01
-1.815250015258789062e+01 -1.064580345153808594e+01 -1.580535918474197388e-01 1.450937688350677490e-01 2.088003456592559814e-01 -2.352418154478073120e-01 9.380893111228942871e-01
-1.812360763549804688e+01 -1.075188827514648438e+01 -1.366039961576461792e-01 1.449880003929138184e-01 2.197322547435760498e-01 -2.307215183973312378e-01 9.367303252220153809e-01
-1.809200096130371094e+01 -1.085926818847656250e+01 -1.141729727387428284e-01 1.444193422794342041e-01 2.276515215635299683e-01 -2.292781770229339600e-01 9.352803826332092285e-01
-1.805645561218261719e+01 -1.096753597259521484e+01 -9.133239835500717163e-02 1.433434933423995972e-01 2.322138845920562744e-01 -2.312701642513275146e-01 9.338326454162597656e-01
-1.801795768737792969e+01 -1.107704734802246094e+01 -6.903930753469467163e-02 1.415059566497802734e-01 2.320893704891204834e-01 -2.369004935026168823e-01 9.327318668365478516e-01
-1.797705459594726562e+01 -1.118791675567626953e+01 -4.762756079435348511e-02 1.396131068468093872e-01 2.307506203651428223e-01 -2.460278570652008057e-01 9.309847354888916016e-01
-1.793351936340332031e+01 -1.130024433135986328e+01 -2.783080935478210449e-02 1.370548754930496216e-01 2.252333909273147583e-01 -2.581997513771057129e-01 9.294184446334838867e-01
-1.788681602478027344e+01 -1.141402912139892578e+01 -1.214172318577766418e-02 1.341027915477752686e-01 2.169254422187805176e-01 -2.730739712715148926e-01 9.275723695755004883e-01
-1.783798789978027344e+01 -1.152951431274414062e+01 -8.288574172183871269e-04 1.308049857616424561e-01 2.061239182949066162e-01 -2.902688384056091309e-01 9.252821803092956543e-01
-1.778725051879882812e+01 -1.164669609069824219e+01 4.943237174302339554e-03 1.272103786468505859e-01 1.931297034025192261e-01 -3.093968629837036133e-01 9.223838448524475098e-01
-1.773476028442382812e+01 -1.176549148559570312e+01 4.754028283059597015e-03 1.233708858489990234e-01 1.782517880201339722e-01 -3.300684392452239990e-01 9.187278151512145996e-01
-1.768057632446289062e+01 -1.188573551177978516e+01 -5.389404250308871269e-04 1.193429455161094666e-01 1.618095189332962036e-01 -3.518959879875183105e-01 9.141904115676879883e-01
-1.762468719482421875e+01 -1.200737762451171875e+01 -9.898071177303791046e-03 1.151885986328125000e-01 1.441339403390884399e-01 -3.744970560073852539e-01 9.086852669715881348e-01
-1.756713867187500000e+01 -1.213058567047119141e+01 -2.148315310478210449e-02 1.109763383865356445e-01 1.255678683519363403e-01 -3.975003063678741455e-01 9.021699428558349609e-01
-1.750799751281738281e+01 -1.225564575195312500e+01 -3.342651203274726868e-02 1.067811250686645508e-01 1.064643263816833496e-01 -4.205490946769714355e-01 8.946517109870910645e-01
-1.744725990295410156e+01 -1.238279438018798828e+01 -4.415282979607582092e-02 1.026844754815101624e-01 8.718473464250564575e-02 -4.433070123195648193e-01 8.861904144287109375e-01
-1.738499069213867188e+01 -1.251223564147949219e+01 -5.202819779515266418e-02 9.877391904592514038e-02 6.809633970260620117e-02 -4.654597938060760498e-01 8.769000172615051270e-01
-1.732131767272949219e+01 -1.264409923553466797e+01 -5.542419478297233582e-02 9.514256566762924194e-02 4.956856369972229004e-02 -4.867212474346160889e-01 8.669447898864746094e-01
-1.725642967224121094e+01 -1.277839469909667969e+01 -5.279846116900444031e-02 9.188801050186157227e-02 3.197072818875312805e-02 -5.068316459655761719e-01 8.565372824668884277e-01
-1.719056510925292969e+01 -1.291502571105957031e+01 -4.293334856629371643e-02 8.911174535751342773e-02 1.566924154758453369e-02 -5.255597829818725586e-01 8.459317088127136230e-01
-1.712404251098632812e+01 -1.305390262603759766e+01 -2.635192871093750000e-02 8.691838383674621582e-02 1.025848090648651123e-03 -5.427007079124450684e-01 8.354160785675048828e-01
-1.705691909790039062e+01 -1.319516181945800781e+01 -5.058593582361936569e-03 8.541445434093475342e-02 -1.160375028848648071e-02 -5.580723285675048828e-01 8.253029584884643555e-01
-1.698925209045410156e+01 -1.333900260925292969e+01 1.971923746168613434e-02 8.470810949802398682e-02 -2.186935208737850189e-02 -5.715101361274719238e-01 8.159182071685791016e-01
-1.692111778259277344e+01 -1.348564815521240234e+01 4.709899798035621643e-02 8.490823954343795776e-02 -2.942543849349021912e-02 -5.828589797019958496e-01 8.075891733169555664e-01
-1.685260200500488281e+01 -1.363532352447509766e+01 7.622130960226058960e-02 8.609066903591156006e-02 -3.403322026133537292e-02 -5.920311808586120605e-01 8.005806207656860352e-01
-1.678380775451660156e+01 -1.378819465637207031e+01 1.061834692955017090e-01 8.819675445556640625e-02 -3.587097302079200745e-02 -5.991896986961364746e-01 7.949252724647521973e-01
-1.671486854553222656e+01 -1.394446659088134766e+01 1.359399408102035522e-01 9.113056212663650513e-02 -3.522031754255294800e-02 -6.045365333557128906e-01 7.905632257461547852e-01
-1.664602470397949219e+01 -1.410444927215576172e+01 1.639355421066284180e-01 9.479265660047531128e-02 -3.236176818609237671e-02 -6.082487106323242188e-01 7.874011397361755371e-01
-1.658016967773437500e+01 -1.426117992401123047e+01 1.881396472454071045e-01 9.908106923103332520e-02 -2.757472917437553406e-02 -6.104862093925476074e-01 7.853209972381591797e-01
-1.651658630371093750e+01 -1.441419410705566406e+01 2.089245617389678955e-01 1.038921773433685303e-01 -2.113793417811393738e-02 -6.113973855972290039e-01 7.841892838478088379e-01
-1.645472526550292969e+01 -1.456311607360839844e+01 2.266522198915481567e-01 1.091210693120956421e-01 -1.333013921976089478e-02 -6.111239194869995117e-01 7.838639020919799805e-01
-1.639418411254882812e+01 -1.470766353607177734e+01 2.416296303272247314e-01 1.146624684333801270e-01 -4.430279135704040527e-03 -6.098052859306335449e-01 7.842004895210266113e-01
-1.633393478393554688e+01 -1.484735202789306641e+01 2.532494962215423584e-01 1.204110160470008850e-01 5.282104015350341797e-03 -6.075839996337890625e-01 7.850572466850280762e-01
-1.627381324768066406e+01 -1.498190402984619141e+01 2.624511718750000000e-01 1.262620985507965088e-01 1.552698016166687012e-02 -6.046075820922851562e-01 7.862992882728576660e-01
-1.621384239196777344e+01 -1.511120319366455078e+01 2.695745825767517090e-01 1.321121454238891602e-01 2.602379769086837769e-02 -6.010307073593139648e-01 7.878014445304870605e-01
-1.615366744995117188e+01 -1.523500061035156250e+01 2.745629847049713135e-01 1.378591060638427734e-01 3.649189695715904236e-02 -5.970177054405212402e-01 7.894511818885803223e-01
-1.609182167053222656e+01 -1.535237312316894531e+01 2.768652141094207764e-01 1.434029042720794678e-01 4.665100201964378357e-02 -5.927419662475585938e-01 7.911486029624938965e-01
-1.602969741821289062e+01 -1.546379756927490234e+01 2.775903344154357910e-01 1.486455351114273071e-01 5.622149631381034851e-02 -5.883865952491760254e-01 7.928082346916198730e-01
-1.596728992462158203e+01 -1.556919860839843750e+01 2.767669558525085449e-01 1.534910351037979126e-01 6.492459028959274292e-02 -5.841434001922607422e-01 7.943561673164367676e-01
-1.590217494964599609e+01 -1.566670894622802734e+01 2.734576463699340820e-01 1.578454077243804932e-01 7.248275727033615112e-02 -5.802111029624938965e-01 7.957299351692199707e-01
-1.583804416656494141e+01 -1.575852489471435547e+01 2.692303359508514404e-01 1.616161167621612549e-01 7.861951738595962524e-02 -5.767927169799804688e-01 7.968747615814208984e-01
-1.577440643310546875e+01 -1.584418773651123047e+01 2.637689113616943359e-01 1.647116839885711670e-01 8.305916190147399902e-02 -5.740940570831298828e-01 7.977387905120849609e-01
-1.571212863922119141e+01 -1.592414188385009766e+01 2.572735548019409180e-01 1.670405268669128418e-01 8.552628010511398315e-02 -5.723192691802978516e-01 7.982690334320068359e-01
-1.565238952636718750e+01 -1.599929904937744141e+01 2.505370974540710449e-01 1.685097217559814453e-01 8.574466407299041748e-02 -5.716662406921386719e-01 7.984046339988708496e-01
-1.559497737884521484e+01 -1.606936073303222656e+01 2.429815679788589478e-01 1.690581440925598145e-01 8.352500945329666138e-02 -5.722728967666625977e-01 7.980893254280090332e-01
-1.554077148437500000e+01 -1.613515472412109375e+01 2.356310933828353882e-01 1.687567681074142456e-01 7.902777194976806641e-02 -5.740607976913452148e-01 7.973267436027526855e-01
-1.548996067047119141e+01 -1.619681930541992188e+01 2.279748469591140747e-01 1.677074730396270752e-01 7.250013947486877441e-02 -5.768904089927673340e-01 7.961252927780151367e-01
-1.544240665435791016e+01 -1.625434494018554688e+01 2.206042408943176270e-01 1.660105437040328979e-01 6.418896466493606567e-02 -5.806155800819396973e-01 7.944847345352172852e-01
-1.539863777160644531e+01 -1.630817604064941406e+01 2.134222388267517090e-01 1.637656390666961670e-01 5.434150993824005127e-02 -5.850872397422790527e-01 7.924017906188964844e-01
-1.535842227935791016e+01 -1.635818290710449219e+01 2.064910829067230225e-01 1.610729843378067017e-01 4.320603609085083008e-02 -5.901575088500976562e-01 7.898752093315124512e-01
-1.532133960723876953e+01 -1.640407371520996094e+01 1.999285817146301270e-01 1.580343544483184814e-01 3.103260695934295654e-02 -5.956811308860778809e-01 7.869091629981994629e-01
-1.528828620910644531e+01 -1.644657135009765625e+01 1.937548816204071045e-01 1.547533571720123291e-01 1.807246357202529907e-02 -6.015198230743408203e-01 7.835168242454528809e-01
-1.525866413116455078e+01 -1.648526382446289062e+01 1.879687458276748657e-01 1.513362228870391846e-01 4.578649997711181641e-03 -6.075427532196044922e-01 7.797232270240783691e-01
-1.523201656341552734e+01 -1.651982688903808594e+01 1.825768947601318359e-01 1.478917300701141357e-01 -9.194903075695037842e-03 -6.136288642883300781e-01 7.755662798881530762e-01
-1.520833683013916016e+01 -1.655028915405273438e+01 1.775909364223480225e-01 1.445313990116119385e-01 -2.299354970455169678e-02 -6.196681857109069824e-01 7.710987329483032227e-01
-1.518815422058105469e+01 -1.657704925537109375e+01 1.730926483869552612e-01 1.413692086935043335e-01 -3.656307607889175415e-02 -6.255618333816528320e-01 7.663878202438354492e-01
-1.517143058776855469e+01 -1.660010910034179688e+01 1.690954566001892090e-01 1.385216712951660156e-01 -4.964950680732727051e-02 -6.312223076820373535e-01 7.615149021148681641e-01
-1.515750217437744141e+01 -1.661900901794433594e+01 1.655407696962356567e-01 1.361073255538940430e-01 -6.200031191110610962e-02 -6.365733742713928223e-01 7.565746307373046875e-01
-1.514637184143066406e+01 -1.663375854492187500e+01 1.624505519866943359e-01 1.342463195323944092e-01 -7.336474955081939697e-02 -6.415487527847290039e-01 7.516720890998840332e-01
-1.513805389404296875e+01 -1.664437866210937500e+01 1.598486304283142090e-01 1.330601125955581665e-01 -8.349376171827316284e-02 -6.460898518562316895e-01 7.469214200973510742e-01
-1.513255310058593750e+01 -1.665088081359863281e+01 1.577593982219696045e-01 1.326709985733032227e-01 -9.214010834693908691e-02 -6.501442790031433105e-01 7.424426078796386719e-01
-1.512988471984863281e+01 -1.665327644348144531e+01 1.562090963125228882e-01 1.332016289234161377e-01 -9.905801713466644287e-02 -6.536620259284973145e-01 7.383567690849304199e-01
-1.512239742279052734e+01 -1.666294670104980469e+01 1.540246605873107910e-01 1.347747892141342163e-01 -1.040022820234298706e-01 -6.565919518470764160e-01 7.347830533981323242e-01
-1.511552715301513672e+01 -1.667185592651367188e+01 1.520782411098480225e-01 1.375122964382171631e-01 -1.067278310656547546e-01 -6.588780283927917480e-01 7.318328619003295898e-01
-1.510956001281738281e+01 -1.668006515502929688e+01 1.511413604021072388e-01 1.391500532627105713e-01 -1.049390509724617004e-01 -6.608135104179382324e-01 7.300345301628112793e-01
-1.510418415069580078e+01 -1.668752098083496094e+01 1.503069996833801270e-01 1.424296647310256958e-01 -1.012961268424987793e-01 -6.619911789894104004e-01 7.288486361503601074e-01
-1.509939193725585938e+01 -1.669421768188476562e+01 1.495800763368606567e-01 1.471815258264541626e-01 -9.596096724271774292e-02 -6.624318361282348633e-01 7.282260060310363770e-01
-1.509519290924072266e+01 -1.670015335083007812e+01 1.489660590887069702e-01 1.532264053821563721e-01 -8.908254653215408325e-02 -6.621561050415039062e-01 7.281038761138916016e-01
-1.509158897399902344e+01 -1.670532608032226562e+01 1.484728902578353882e-01 1.603794991970062256e-01 -8.080120384693145752e-02 -6.611852049827575684e-01 7.284117341041564941e-01
-1.508859062194824219e+01 -1.670972824096679688e+01 1.481054723262786865e-01 1.684529930353164673e-01 -7.125270366668701172e-02 -6.595423817634582520e-01 7.290750741958618164e-01
-1.508619308471679688e+01 -1.671336174011230469e+01 1.478717029094696045e-01 1.772588342428207397e-01 -6.057178601622581482e-02 -6.572524905204772949e-01 7.300201654434204102e-01
-1.508439922332763672e+01 -1.671621513366699219e+01 1.477752625942230225e-01 1.866110265254974365e-01 -4.889566451311111450e-02 -6.543447971343994141e-01 7.311760783195495605e-01
-1.508323669433593750e+01 -1.671830368041992188e+01 1.478247046470642090e-01 1.963277310132980347e-01 -3.636581450700759888e-02 -6.508513689041137695e-01 7.324789762496948242e-01
-1.508270454406738281e+01 -1.671962547302246094e+01 1.480218470096588135e-01 2.062335014343261719e-01 -2.312999963760375977e-02 -6.468102335929870605e-01 7.338727712631225586e-01
-1.508273601531982422e+01 -1.672013282775878906e+01 1.483544856309890747e-01 2.161608189344406128e-01 -9.343653917312622070e-03 -6.422649621963500977e-01 7.353113889694213867e-01
-1.508149337768554688e+01 -1.672286415100097656e+01 1.485363692045211792e-01 2.259519100189208984e-01 4.829533398151397705e-03 -6.372666358947753906e-01 7.367588281631469727e-01
-1.507897186279296875e+01 -1.672781372070312500e+01 1.485626250505447388e-01 2.354603111743927002e-01 1.921717077493667603e-02 -6.318739652633666992e-01 7.381899356842041016e-01
-1.507517051696777344e+01 -1.673498344421386719e+01 1.484277248382568359e-01 2.445524036884307861e-01 3.363817185163497925e-02 -6.261549592018127441e-01 7.395893931388854980e-01
-1.507008266448974609e+01 -1.674435806274414062e+01 1.481219381093978882e-01 2.531085014343261719e-01 4.790297150611877441e-02 -6.201864480972290039e-01 7.409521341323852539e-01
-1.506370544433593750e+01 -1.675593757629394531e+01 1.476336568593978882e-01 2.610238790512084961e-01 6.181404739618301392e-02 -6.140557527542114258e-01 7.422810196876525879e-01
-1.505603694915771484e+01 -1.676970481872558594e+01 1.469518989324569702e-01 2.682090997695922852e-01 7.516608387231826782e-02 -6.078600883483886719e-01 7.435858845710754395e-01
-1.504706764221191406e+01 -1.678565025329589844e+01 1.460614055395126343e-01 2.745899856090545654e-01 8.774736523628234863e-02 -6.017055511474609375e-01 7.448832392692565918e-01
-1.503679370880126953e+01 -1.680375289916992188e+01 1.449469029903411865e-01 2.801072001457214355e-01 9.934042394161224365e-02 -5.957078337669372559e-01 7.461927533149719238e-01
-1.502521896362304688e+01 -1.682399368286132812e+01 1.435937434434890747e-01 2.847138047218322754e-01 1.097232550382614136e-01 -5.899878144264221191e-01 7.475380897521972656e-01
-1.501219654083251953e+01 -1.684721565246582031e+01 1.419873088598251343e-01 2.825420796871185303e-01 1.127943545579910278e-01 -5.845516324043273926e-01 7.521613836288452148e-01
-1.499790287017822266e+01 -1.687247467041015625e+01 1.402557343244552612e-01 2.801363170146942139e-01 1.158885434269905090e-01 -5.794621706008911133e-01 7.565163373947143555e-01
-1.498233604431152344e+01 -1.689977645874023438e+01 1.384020894765853882e-01 2.774899005889892578e-01 1.190124079585075378e-01 -5.747125744819641113e-01 7.606186866760253906e-01
-1.496608352661132812e+01 -1.692946815490722656e+01 1.365386992692947388e-01 2.746033072471618652e-01 1.221688538789749146e-01 -5.702912807464599609e-01 7.644838094711303711e-01
-1.494920635223388672e+01 -1.696159172058105469e+01 1.346771270036697388e-01 2.714837789535522461e-01 1.253577172756195068e-01 -5.661822557449340820e-01 7.681273221969604492e-01
-1.493114471435546875e+01 -1.699582672119140625e+01 1.327026337385177612e-01 2.681445181369781494e-01 1.285762190818786621e-01 -5.623649954795837402e-01 7.715647816658020020e-01
-1.491190433502197266e+01 -1.703217124938964844e+01 1.306115686893463135e-01 2.646039128303527832e-01 1.318190693855285645e-01 -5.588168501853942871e-01 7.748110294342041016e-01
-1.489147472381591797e+01 -1.707063484191894531e+01 1.283966004848480225e-01 2.608843147754669189e-01 1.350793242454528809e-01 -5.555116534233093262e-01 7.778815031051635742e-01
-1.486986064910888672e+01 -1.711121940612792969e+01 1.260498017072677612e-01 2.570113837718963623e-01 1.383484005928039551e-01 -5.524223446846008301e-01 7.807909250259399414e-01
-1.485186767578125000e+01 -1.714757347106933594e+01 1.243664547801017761e-01 2.530131340026855469e-01 1.416163891553878784e-01 -5.495209097862243652e-01 7.835534214973449707e-01
-1.483645915985107422e+01 -1.717913246154785156e+01 1.231054663658142090e-01 2.489189803600311279e-01 1.448723971843719482e-01 -5.467795133590698242e-01 7.861828207969665527e-01
-1.482348632812500000e+01 -1.720582389831542969e+01 1.222253367304801941e-01 2.447593957185745239e-01 1.481045782566070557e-01 -5.441715121269226074e-01 7.886921763420104980e-01
-1.481294155120849609e+01 -1.722764778137207031e+01 1.217181384563446045e-01 2.405648082494735718e-01 1.513007283210754395e-01 -5.416706800460815430e-01 7.910937666893005371e-01
-1.480482101440429688e+01 -1.724460983276367188e+01 1.215728744864463806e-01 2.363657951354980469e-01 1.544479131698608398e-01 -5.392536520957946777e-01 7.933993339538574219e-01
-1.479912853240966797e+01 -1.725671386718750000e+01 1.217797845602035522e-01 2.321925312280654907e-01 1.575328111648559570e-01 -5.368988513946533203e-01 7.956190705299377441e-01
-1.479586410522460938e+01 -1.726395416259765625e+01 1.223321482539176941e-01 2.280747145414352417e-01 1.605418622493743896e-01 -5.345866680145263672e-01 7.977626919746398926e-01
-1.479501628875732422e+01 -1.726634216308593750e+01 1.232183799147605896e-01 2.240414619445800781e-01 1.634613573551177979e-01 -5.322997570037841797e-01 7.998392581939697266e-01
-1.479249477386474609e+01 -1.727200126647949219e+01 1.238293424248695374e-01 2.201215624809265137e-01 1.662771105766296387e-01 -5.300238132476806641e-01 8.018560409545898438e-01
-1.478829097747802734e+01 -1.728093338012695312e+01 1.241540536284446716e-01 2.163435667753219604e-01 1.689750105142593384e-01 -5.277459025382995605e-01 8.038202524185180664e-01
-1.478240680694580078e+01 -1.729313850402832031e+01 1.241857856512069702e-01 2.127359211444854736e-01 1.715405583381652832e-01 -5.254554152488708496e-01 8.057380914688110352e-01
-1.477479934692382812e+01 -1.730870246887207031e+01 1.238629147410392761e-01 2.081614434719085693e-01 1.719692498445510864e-01 -5.232881903648376465e-01 8.082481026649475098e-01
-1.476552486419677734e+01 -1.732752227783203125e+01 1.232562214136123657e-01 2.039691507816314697e-01 1.725956946611404419e-01 -5.210865139961242676e-01 8.106022477149963379e-01
-1.475510978698730469e+01 -1.734986495971679688e+01 1.225018277764320374e-01 2.001315653324127197e-01 1.734105944633483887e-01 -5.188524127006530762e-01 8.128150701522827148e-01
-1.474320983886718750e+01 -1.737556648254394531e+01 1.215161085128784180e-01 1.966203451156616211e-01 1.744040250778198242e-01 -5.165864825248718262e-01 8.149000406265258789e-01
-1.472974109649658203e+01 -1.740458679199218750e+01 1.202777102589607239e-01 1.934075355529785156e-01 1.755664199590682983e-01 -5.142894983291625977e-01 8.168697357177734375e-01
-1.471469688415527344e+01 -1.743692779541015625e+01 1.187902837991714478e-01 1.904646009206771851e-01 1.768877357244491577e-01 -5.119614005088806152e-01 8.187364339828491211e-01
-1.469808101654052734e+01 -1.747259330749511719e+01 1.170562729239463806e-01 1.877629309892654419e-01 1.783579140901565552e-01 -5.096017718315124512e-01 8.205118179321289062e-01
-1.467989253997802734e+01 -1.751158714294433594e+01 1.150799542665481567e-01 1.852738857269287109e-01 1.799667924642562866e-01 -5.072100162506103516e-01 8.222065567970275879e-01
-1.466048812866210938e+01 -1.755408096313476562e+01 1.129705756902694702e-01 1.829685568809509277e-01 1.817041039466857910e-01 -5.047850012779235840e-01 8.238313794136047363e-01
-1.464032459259033203e+01 -1.760029602050781250e+01 1.108715832233428955e-01 1.808182299137115479e-01 1.835594475269317627e-01 -5.023260712623596191e-01 8.253964185714721680e-01
-1.461903285980224609e+01 -1.764906501770019531e+01 1.086138859391212463e-01 1.787936985492706299e-01 1.855223178863525391e-01 -4.998315274715423584e-01 8.269115090370178223e-01
-1.459661579132080078e+01 -1.770039176940917969e+01 1.062017828226089478e-01 1.768659800291061401e-01 1.875823587179183960e-01 -4.972996711730957031e-01 8.283865451812744141e-01
-1.457327079772949219e+01 -1.775436782836914062e+01 1.037103235721588135e-01 1.750059127807617188e-01 1.897290199995040894e-01 -4.947288036346435547e-01 8.298308849334716797e-01
-1.454995536804199219e+01 -1.781141853332519531e+01 1.014849841594696045e-01 1.731844991445541382e-01 1.919515728950500488e-01 -4.921176135540008545e-01 8.312531709671020508e-01
-1.452557373046875000e+01 -1.787106704711914062e+01 9.913817793130874634e-02 1.713725179433822632e-01 1.942395865917205811e-01 -4.894637465476989746e-01 8.326629996299743652e-01
-1.450011920928955078e+01 -1.793330955505371094e+01 9.667479991912841797e-02 1.695406734943389893e-01 1.965822875499725342e-01 -4.867651760578155518e-01 8.340689539909362793e-01
-1.447484111785888672e+01 -1.799866867065429688e+01 9.462890774011611938e-02 1.676598638296127319e-01 1.989688575267791748e-01 -4.840201437473297119e-01 8.354795575141906738e-01
-1.444884777069091797e+01 -1.806677818298339844e+01 9.262450784444808960e-02 1.657007932662963867e-01 2.013885825872421265e-01 -4.812263250350952148e-01 8.369033336639404297e-01
-1.442189693450927734e+01 -1.813753700256347656e+01 9.057006984949111938e-02 1.636341214179992676e-01 2.038307934999465942e-01 -4.783810079097747803e-01 8.383485674858093262e-01
-1.439571285247802734e+01 -1.821160888671875000e+01 8.933288604021072388e-02 1.614306420087814331e-01 2.062845379114151001e-01 -4.754821956157684326e-01 8.398234844207763672e-01
-1.436857414245605469e+01 -1.828835296630859375e+01 8.804992586374282837e-02 1.586593091487884521e-01 2.079670131206512451e-01 -4.726127684116363525e-01 8.415545225143432617e-01
-1.434210681915283203e+01 -1.836830520629882812e+01 8.766601234674453735e-02 1.557817459106445312e-01 2.096885144710540771e-01 -4.697063863277435303e-01 8.432903885841369629e-01
-1.431543445587158203e+01 -1.845115280151367188e+01 8.766235411167144775e-02 1.528241038322448730e-01 2.114325761795043945e-01 -4.667851626873016357e-01 8.450163602828979492e-01
-1.428992176055908203e+01 -1.853727340698242188e+01 8.863769471645355225e-02 1.498128473758697510e-01 2.131830751895904541e-01 -4.638716578483581543e-01 8.467184305191040039e-01
-1.426465797424316406e+01 -1.862636566162109375e+01 9.007690101861953735e-02 1.467746347188949585e-01 2.149247974157333374e-01 -4.609882235527038574e-01 8.483834266662597656e-01
-1.424087619781494141e+01 -1.871872520446777344e+01 9.235839545726776123e-02 1.437365859746932983e-01 2.166427522897720337e-01 -4.581578671932220459e-01 8.499982953071594238e-01
-1.421865653991699219e+01 -1.881430053710937500e+01 9.510558843612670898e-02 1.407259404659271240e-01 2.183227092027664185e-01 -4.554032981395721436e-01 8.515510559082031250e-01
-1.419795131683349609e+01 -1.891303443908691406e+01 9.781493991613388062e-02 1.377702802419662476e-01 2.199508696794509888e-01 -4.527479410171508789e-01 8.530300855636596680e-01
-1.417879104614257812e+01 -1.901489639282226562e+01 9.953247010707855225e-02 1.348977088928222656e-01 2.215141505002975464e-01 -4.502153992652893066e-01 8.544238805770874023e-01
-1.416047096252441406e+01 -1.911968803405761719e+01 9.835205227136611938e-02 1.321360170841217041e-01 2.229995578527450562e-01 -4.478287994861602783e-01 8.557223081588745117e-01
-1.414041996002197266e+01 -1.922648239135742188e+01 8.919860422611236572e-02 1.295136958360671997e-01 2.243945747613906860e-01 -4.456124603748321533e-01 8.569147586822509766e-01
-1.411639404296875000e+01 -1.933379745483398438e+01 6.954467296600341797e-02 1.270592957735061646e-01 2.256873250007629395e-01 -4.435897469520568848e-01 8.579913377761840820e-01
-1.408893775939941406e+01 -1.944058609008789062e+01 3.887023776769638062e-02 1.248014271259307861e-01 2.268656641244888306e-01 -4.417849481105804443e-01 8.589426875114440918e-01
-1.406009769439697266e+01 -1.954758834838867188e+01 8.044433197937905788e-04 1.227689981460571289e-01 2.279177606105804443e-01 -4.402223825454711914e-01 8.597589731216430664e-01
-1.403206062316894531e+01 -1.965709304809570312e+01 -3.919799625873565674e-02 1.209910064935684204e-01 2.288317829370498657e-01 -4.389263689517974854e-01 8.604305982589721680e-01
-1.400614261627197266e+01 -1.977080726623535156e+01 -7.708556950092315674e-02 1.194963306188583374e-01 2.295957803726196289e-01 -4.379207193851470947e-01 8.609482049942016602e-01
-1.398236083984375000e+01 -1.988931655883789062e+01 -1.103546097874641418e-01 1.183141395449638367e-01 2.301974743604660034e-01 -4.372299909591674805e-01 8.613017201423645020e-01
-1.395983409881591797e+01 -2.001220321655273438e+01 -1.386004537343978882e-01 1.174735352396965027e-01 2.306241393089294434e-01 -4.368788599967956543e-01 8.614808917045593262e-01
-1.393829536437988281e+01 -2.013933563232421875e+01 -1.605706810951232910e-01 1.170032620429992676e-01 2.308625131845474243e-01 -4.368911683559417725e-01 8.614748716354370117e-01
-1.391725349426269531e+01 -2.027013778686523438e+01 -1.769891381263732910e-01 1.169328168034553528e-01 2.308984249830245972e-01 -4.372914433479309082e-01 8.612715601921081543e-01
-1.389815425872802734e+01 -2.039367294311523438e+01 -1.870550513267517090e-01 1.166685745120048523e-01 2.295288145542144775e-01 -4.382642507553100586e-01 8.611791133880615234e-01
-1.388074684143066406e+01 -2.050957870483398438e+01 -1.920220851898193359e-01 1.166911721229553223e-01 2.277997434139251709e-01 -4.396798014640808105e-01 8.609135746955871582e-01
-1.386557388305664062e+01 -2.061772155761718750e+01 -1.938146948814392090e-01 1.169341281056404114e-01 2.257125824689865112e-01 -4.415490925312042236e-01 8.604734539985656738e-01
-1.385285568237304688e+01 -2.071803855895996094e+01 -1.938861012458801270e-01 1.173307746648788452e-01 2.232685983180999756e-01 -4.438822269439697266e-01 8.598565459251403809e-01
-1.384274387359619141e+01 -2.081052017211914062e+01 -1.928265392780303955e-01 1.178143396973609924e-01 2.204686403274536133e-01 -4.466891586780548096e-01 8.590589165687561035e-01
-1.383573436737060547e+01 -2.089515113830566406e+01 -1.911737024784088135e-01 1.183178424835205078e-01 2.173135131597518921e-01 -4.499785304069519043e-01 8.580762743949890137e-01
-1.383000946044921875e+01 -2.097177886962890625e+01 -1.895263642072677612e-01 1.187743023037910461e-01 2.138036638498306274e-01 -4.537592828273773193e-01 8.569032549858093262e-01
-1.382775115966796875e+01 -2.104050064086914062e+01 -1.877557337284088135e-01 1.191164627671241760e-01 2.099392265081405640e-01 -4.580394029617309570e-01 8.555329442024230957e-01
-1.382593250274658203e+01 -2.110114288330078125e+01 -1.861895769834518433e-01 1.192769855260848999e-01 2.057204842567443848e-01 -4.628256857395172119e-01 8.539580702781677246e-01
-1.382615947723388672e+01 -2.115373229980468750e+01 -1.848583966493606567e-01 1.191883385181427002e-01 2.011470645666122437e-01 -4.681249260902404785e-01 8.521695733070373535e-01
-1.382735347747802734e+01 -2.119825172424316406e+01 -1.837268024682998657e-01 1.187830939888954163e-01 1.962187439203262329e-01 -4.739426374435424805e-01 8.501571416854858398e-01
-1.382853507995605469e+01 -2.123467636108398438e+01 -1.827606111764907837e-01 1.179932132363319397e-01 1.909345835447311401e-01 -4.802831411361694336e-01 8.479090332984924316e-01
-1.382969951629638672e+01 -2.126300239562988281e+01 -1.819506734609603882e-01 1.167510673403739929e-01 1.852939575910568237e-01 -4.871496856212615967e-01 8.454114794731140137e-01
-1.383179378509521484e+01 -2.128320312500000000e+01 -1.813928186893463135e-01 1.149884164333343506e-01 1.792953312397003174e-01 -4.945436418056488037e-01 8.426490426063537598e-01
-1.383372020721435547e+01 -2.129530715942382812e+01 -1.809570342302322388e-01 1.126373782753944397e-01 1.729371100664138794e-01 -5.024655461311340332e-01 8.396034836769104004e-01
-1.383514881134033203e+01 -2.129932022094726562e+01 -1.805987507104873657e-01 1.096296384930610657e-01 1.662171483039855957e-01 -5.109132528305053711e-01 8.362540602684020996e-01
-1.383642292022705078e+01 -2.130050468444824219e+01 -1.801983565092086792e-01 1.058971807360649109e-01 1.591332107782363892e-01 -5.198823213577270508e-01 8.325771093368530273e-01
-1.383753395080566406e+01 -2.129885673522949219e+01 -1.797503679990768433e-01 1.013719812035560608e-01 1.516822576522827148e-01 -5.293663144111633301e-01 8.285453319549560547e-01
-1.383892345428466797e+01 -2.130106163024902344e+01 -1.791064441204071045e-01 9.598602354526519775e-02 1.438608914613723755e-01 -5.393546819686889648e-01 8.241282105445861816e-01
-1.384057617187500000e+01 -2.130710601806640625e+01 -1.782623231410980225e-01 8.967189490795135498e-02 1.356654316186904907e-01 -5.498342514038085938e-01 8.192899227142333984e-01
-1.384248733520507812e+01 -2.131698989868164062e+01 -1.772222816944122314e-01 8.239088952541351318e-02 1.270986199378967285e-01 -5.607739686965942383e-01 8.139964938163757324e-01
-1.384464073181152344e+01 -2.133071327209472656e+01 -1.760107427835464478e-01 7.421779632568359375e-02 1.181927323341369629e-01 -5.720851421356201172e-01 8.082331418991088867e-01
-1.384702110290527344e+01 -2.134828567504882812e+01 -1.746581941843032837e-01 6.525697559118270874e-02 1.089887022972106934e-01 -5.836669206619262695e-01 8.019949793815612793e-01
-1.384961605072021484e+01 -2.136971855163574219e+01 -1.731933504343032837e-01 5.561470240354537964e-02 9.952837973833084106e-02 -5.954212546348571777e-01 7.952827811241149902e-01
-1.385251903533935547e+01 -2.139501380920410156e+01 -1.716607660055160522e-01 4.539804160594940186e-02 8.985584974288940430e-02 -6.072538495063781738e-01 7.881039381027221680e-01
-1.385771656036376953e+01 -2.142399406433105469e+01 -1.704333424568176270e-01 3.471608459949493408e-02 8.001603186130523682e-02 -6.190747618675231934e-01 7.804733514785766602e-01
-1.386336612701416016e+01 -2.145685577392578125e+01 -1.692169159650802612e-01 2.367821335792541504e-02 7.005576789379119873e-02 -6.307990550994873047e-01 7.724145054817199707e-01
-1.386946010589599609e+01 -2.149361991882324219e+01 -1.680297851562500000e-01 1.239526271820068359e-02 6.002270802855491638e-02 -6.423478722572326660e-01 7.639586329460144043e-01
-1.387599086761474609e+01 -2.153430938720703125e+01 -1.668926924467086792e-01 9.783152490854263306e-04 4.996603354811668396e-02 -6.536492705345153809e-01 7.551456689834594727e-01
-1.388541698455810547e+01 -2.157250022888183594e+01 -1.665924042463302612e-01 -1.046148221939802170e-02 3.993546217679977417e-02 -6.646371483802795410e-01 7.460247874259948730e-01
-1.389437675476074219e+01 -2.160881233215332031e+01 -1.664019674062728882e-01 -2.181267552077770233e-02 2.998117543756961823e-02 -6.752541065216064453e-01 7.366527318954467773e-01
-1.390282726287841797e+01 -2.164327812194824219e+01 -1.663208007812500000e-01 -3.296507522463798523e-02 2.015434205532073975e-02 -6.854486465454101562e-01 7.270950078964233398e-01
-1.391082286834716797e+01 -2.167591285705566406e+01 -1.663665771484375000e-01 -4.380916431546211243e-02 1.050507277250289917e-02 -6.951783299446105957e-01 7.174242138862609863e-01
-1.392022705078125000e+01 -2.170627975463867188e+01 -1.669567823410034180e-01 -5.423610657453536987e-02 1.084627583622932434e-03 -7.044068574905395508e-01 7.077205181121826172e-01
-1.392903804779052734e+01 -2.173490715026855469e+01 -1.676428169012069702e-01 -6.413929164409637451e-02 -8.056797087192535400e-03 -7.131056785583496094e-01 6.980698108673095703e-01
-1.393726539611816406e+01 -2.176182365417480469e+01 -1.684234589338302612e-01 -7.341295480728149414e-02 -1.686969213187694550e-02 -7.212532162666320801e-01 6.885636448860168457e-01
-1.394491672515869141e+01 -2.178705215454101562e+01 -1.692919880151748657e-01 -8.195375651121139526e-02 -2.530493028461933136e-02 -7.288329005241394043e-01 6.792979836463928223e-01
-1.395200920104980469e+01 -2.181061744689941406e+01 -1.702441424131393433e-01 -8.965925127267837524e-02 -3.331429883837699890e-02 -7.358344793319702148e-01 6.703721880912780762e-01
-1.395936203002929688e+01 -2.183230018615722656e+01 -1.714532375335693359e-01 -9.642849862575531006e-02 -4.085061699151992798e-02 -7.422512173652648926e-01 6.618882417678833008e-01
-1.396622276306152344e+01 -2.185235214233398438e+01 -1.727368086576461792e-01 -1.021628901362419128e-01 -4.786755144596099854e-02 -7.480794191360473633e-01 6.539484858512878418e-01
-1.397249221801757812e+01 -2.187082290649414062e+01 -1.740582287311553955e-01 -1.067945361137390137e-01 -5.433031171560287476e-02 -7.533250451087951660e-01 6.466410160064697266e-01
-1.397818565368652344e+01 -2.188770866394042969e+01 -1.753979474306106567e-01 -1.103826537728309631e-01 -6.024751067161560059e-02 -7.580215334892272949e-01 6.399916410446166992e-01
-1.398331069946289062e+01 -2.190299987792968750e+01 -1.767327785491943359e-01 -1.130163818597793579e-01 -6.563806533813476562e-02 -7.622048854827880859e-01 6.340053677558898926e-01
-1.398786830902099609e+01 -2.191668701171875000e+01 -1.780450344085693359e-01 -1.147848516702651978e-01 -7.052094489336013794e-02 -7.659046649932861328e-01 6.286821961402893066e-01
-1.399186706542968750e+01 -2.192875862121582031e+01 -1.793170124292373657e-01 -1.157767325639724731e-01 -7.491520792245864868e-02 -7.691464424133300781e-01 6.240170001983642578e-01
-1.399531459808349609e+01 -2.193920898437500000e+01 -1.805340498685836792e-01 -1.160799264907836914e-01 -7.883972674608230591e-02 -7.719509601593017578e-01 6.200011372566223145e-01
-1.399820518493652344e+01 -2.194802665710449219e+01 -1.816809028387069702e-01 -1.157814040780067444e-01 -8.231289684772491455e-02 -7.743355035781860352e-01 6.166227459907531738e-01
-1.400062942504882812e+01 -2.195516586303710938e+01 -1.828832924365997314e-01 -1.149684861302375793e-01 -8.535335958003997803e-02 -7.763147950172424316e-01 6.138668060302734375e-01
-1.400253868103027344e+01 -2.196064376831054688e+01 -1.840490698814392090e-01 -1.137271001935005188e-01 -8.797889202833175659e-02 -7.779000401496887207e-01 6.117166876792907715e-01
-1.400386714935302734e+01 -2.196447372436523438e+01 -1.850530952215194702e-01 -1.121437549591064453e-01 -9.020800143480300903e-02 -7.791011929512023926e-01 6.101538538932800293e-01
-1.400461673736572266e+01 -2.196664810180664062e+01 -1.858880519866943359e-01 -1.103042438626289368e-01 -9.205837547779083252e-02 -7.799258828163146973e-01 6.091582775115966797e-01
-1.400478935241699219e+01 -2.196716308593750000e+01 -1.865423470735549927e-01 -1.082936450839042664e-01 -9.354739636182785034e-02 -7.803809642791748047e-01 6.087091565132141113e-01
-1.400495529174804688e+01 -2.196770477294921875e+01 -1.871136426925659180e-01 -1.061978116631507874e-01 -9.469308704137802124e-02 -7.804719209671020508e-01 6.087848544120788574e-01
-1.400511646270751953e+01 -2.196826934814453125e+01 -1.875927746295928955e-01 -1.041016057133674622e-01 -9.551259875297546387e-02 -7.802033424377441406e-01 6.093625426292419434e-01
-1.400527095794677734e+01 -2.196884155273437500e+01 -1.879705786705017090e-01 -1.020906940102577209e-01 -9.602372348308563232e-02 -7.795795798301696777e-01 6.104198694229125977e-01
-1.400541687011718750e+01 -2.196942901611328125e+01 -1.882397383451461792e-01 -1.002496331930160522e-01 -9.624335914850234985e-02 -7.786042094230651855e-01 6.119335889816284180e-01
-1.400611019134521484e+01 -2.197167968750000000e+01 -1.884942650794982910e-01 -9.866399317979812622e-02 -9.618914872407913208e-02 -7.772802114486694336e-01 6.138799786567687988e-01
-1.400735282897949219e+01 -2.197558593750000000e+01 -1.887231469154357910e-01 -9.741878509521484375e-02 -9.587829560041427612e-02 -7.756101489067077637e-01 6.162351369857788086e-01
-1.400914001464843750e+01 -2.198114204406738281e+01 -1.889190673828125000e-01 -9.659896790981292725e-02 -9.532783925533294678e-02 -7.735964655876159668e-01 6.189747452735900879e-01
-1.401147174835205078e+01 -2.198834991455078125e+01 -1.890722662210464478e-01 -9.628950059413909912e-02 -9.455490112304687500e-02 -7.712403535842895508e-01 6.220739483833312988e-01
-1.401433563232421875e+01 -2.199719429016113281e+01 -1.891766339540481567e-01 -9.655199944972991943e-02 -9.357583522796630859e-02 -7.685463428497314453e-01 6.255060434341430664e-01
-1.401773166656494141e+01 -2.200767517089843750e+01 -1.892401129007339478e-01 -9.735536575317382812e-02 -9.240438789129257202e-02 -7.655340433120727539e-01 6.292382478713989258e-01
-1.402165222167968750e+01 -2.201977920532226562e+01 -1.892736703157424927e-01 -9.864479303359985352e-02 -9.105344861745834351e-02 -7.622268795967102051e-01 6.332366466522216797e-01
-1.402609348297119141e+01 -2.203350448608398438e+01 -1.892895400524139404e-01 -1.003655195236206055e-01 -8.953601121902465820e-02 -7.586473226547241211e-01 6.374670863151550293e-01
