0.000000 0.000000 0.000000 -0.000000 0.000000 -0.000000 1.000000
0.213067 0.021898 -0.976792 0.004912 -0.009885 0.002076 0.999937
0.537925 0.290812 -1.883518 0.009728 -0.019593 0.002065 0.999759
0.261237 0.087862 -2.822803 0.015045 -0.027297 0.004714 0.999503
1.168536 0.260073 -3.206408 0.022494 -0.047871 0.005784 0.998583
1.524595 0.046777 -4.116203 0.029150 -0.055339 0.008123 0.998009
1.857060 -0.234760 -5.016316 0.035222 -0.061268 0.009834 0.997451
1.193528 -0.567341 -5.686477 0.041539 -0.065128 0.011030 0.996951
1.287391 -0.708789 -6.671963 0.049550 -0.067911 0.012633 0.996380
1.599136 -1.076288 -7.548181 0.057235 -0.069529 0.016016 0.995808
1.286800 -1.457132 -8.418471 0.066006 -0.069429 0.018743 0.995224
1.548875 -1.728372 -9.344616 0.074953 -0.068789 0.020751 0.994595
1.458650 -1.886022 -10.327981 0.084889 -0.066385 0.024238 0.993881
1.619768 -2.173034 -11.272261 0.094464 -0.062146 0.025948 0.993248
1.944231 -2.308816 -12.208363 0.105818 -0.058815 0.030311 0.992182
1.712489 -2.557011 -13.148945 0.114518 -0.054837 0.031744 0.991398
0.991038 -2.388706 -12.477244 0.123627 -0.054024 0.035502 0.990221
1.349719 -2.389701 -13.410704 0.131917 -0.049894 0.035104 0.989382
1.588613 -2.486125 -14.376950 0.141124 -0.045731 0.036664 0.988255
2.406334 -2.880206 -14.796514 0.142509 -0.054175 0.038941 0.987542
2.656290 -2.711586 -15.749975 0.150887 -0.049698 0.039348 0.986517
2.724719 -2.729860 -16.747464 0.153161 -0.050126 0.040296 0.986106
3.286282 -2.992612 -17.532071 0.152298 -0.056540 0.042609 0.985796
3.397274 -3.148067 -18.513659 0.152825 -0.057107 0.040899 0.985754
3.848498 -3.595465 -19.285820 0.150763 -0.061768 0.040736 0.985797
4.766416 -3.811779 -19.618438 0.152351 -0.068336 0.042886 0.985028
5.031815 -3.956322 -20.571680 0.156122 -0.074371 0.044852 0.983912
5.226279 -4.068288 -21.546179 0.160795 -0.080116 0.046238 0.982644
5.784396 -4.514822 -22.245545 0.159494 -0.091272 0.045729 0.981906
6.175721 -4.692560 -23.148470 0.153033 -0.102454 0.043946 0.981913
6.591628 -4.772156 -24.054387 0.148662 -0.119995 0.051208 0.980244
7.160772 -5.011399 -24.841049 0.138691 -0.141091 0.056041 0.978630
7.411785 -5.115815 -25.803385 0.129368 -0.159212 0.058060 0.977008
7.801317 -5.365707 -26.689849 0.116536 -0.179535 0.058447 0.975075
8.222757 -5.624133 -27.559105 0.101852 -0.201270 0.058264 0.972482
8.622074 -5.911638 -28.429671 0.086459 -0.223919 0.057199 0.969079
8.942585 -6.093819 -29.359232 0.072358 -0.245681 0.058292 0.964887
9.258458 -6.305575 -30.284101 0.058113 -0.268085 0.057590 0.959915
9.533358 -6.531802 -31.218580 0.043425 -0.288086 0.054075 0.955090
9.859201 -6.641383 -32.157632 0.029456 -0.310524 0.054212 0.948561
10.272644 -6.922646 -33.023633 0.012806 -0.335043 0.050517 0.940760
10.625391 -7.232331 -33.906619 -0.001472 -0.357123 0.044440 0.932999
10.906924 -7.343578 -34.859700 -0.011196 -0.375501 0.040124 0.925885
11.308975 -7.624266 -35.731232 -0.025832 -0.396510 0.035418 0.916983
11.659177 -7.894065 -36.628209 -0.036438 -0.416594 0.029776 0.907874
11.753708 -8.311262 -37.532095 -0.051094 -0.430133 0.024169 0.900994
12.029494 -8.550070 -38.463177 -0.060499 -0.447636 0.021278 0.891913
11.999777 -8.780669 -39.435772 -0.066227 -0.451825 0.014747 0.889523
12.204085 -9.039030 -40.379969 -0.071213 -0.465226 0.010433 0.882261
12.511292 -9.325967 -41.287323 -0.077119 -0.477413 0.010402 0.875226
12.389694 -9.850189 -42.130178 -0.089178 -0.478230 0.009285 0.873646
12.662663 -10.054196 -43.070321 -0.090136 -0.486349 0.009787 0.869048
12.654401 -10.385353 -44.013861 -0.093708 -0.487819 0.010299 0.867840
12.759746 -10.669710 -44.966774 -0.095332 -0.488615 0.013697 0.867167
13.058815 -11.032924 -45.849176 -0.096857 -0.490905 0.017177 0.865642
13.370522 -11.364366 -46.739673 -0.096280 -0.491843 0.019889 0.865116
13.821562 -11.658264 -47.582399 -0.092668 -0.493673 0.022245 0.864410
14.003743 -11.865349 -48.543609 -0.090113 -0.488972 0.026967 0.867213
14.237378 -12.151843 -49.472768 -0.087066 -0.484666 0.029325 0.869861
14.572202 -12.451681 -50.366071 -0.084724 -0.480672 0.033553 0.872153
14.505059 -12.566677 -51.357165 -0.078164 -0.469866 0.035882 0.878538
14.719810 -12.823693 -52.299410 -0.073410 -0.463500 0.038900 0.882193
14.998219 -13.135909 -53.207710 -0.068950 -0.457604 0.043011 0.885434
15.331116 -13.461360 -54.092731 -0.063683 -0.452699 0.046743 0.888157
15.418097 -13.673123 -55.066173 -0.057306 -0.443892 0.050660 0.892810
15.596857 -13.911646 -56.020716 -0.050813 -0.436409 0.054079 0.896683
15.817290 -14.168876 -56.961589 -0.046216 -0.429713 0.058911 0.899856
16.346946 -14.477231 -57.751767 -0.042818 -0.426490 0.063996 0.901209
16.874697 -14.745075 -58.557831 -0.039628 -0.423313 0.070051 0.902401
17.087555 -14.713901 -59.534416 -0.035439 -0.417953 0.075247 0.904653
17.399546 -14.781190 -60.482116 -0.032822 -0.413164 0.079529 0.906583
17.775932 -14.651182 -61.399412 -0.029272 -0.410126 0.084970 0.907590
17.980532 -14.681086 -62.377800 -0.026370 -0.405618 0.088894 0.909328
18.540228 -14.751286 -63.203520 -0.025202 -0.404738 0.093453 0.909296
19.109768 -14.805304 -64.023706 -0.024255 -0.402925 0.098723 0.909570
19.230098 -14.526313 -64.976431 -0.021638 -0.398563 0.103940 0.910975
19.800702 -14.539781 -65.797545 -0.021197 -0.397514 0.107803 0.910995
20.298498 -14.256369 -66.617226 -0.018944 -0.396334 0.111928 0.911061
21.004823 -13.872778 -67.212174 -0.018243 -0.396255 0.116224 0.910572
21.845801 -13.456146 -67.557389 -0.017906 -0.397761 0.118797 0.909589
22.744672 -13.097919 -67.809788 -0.019307 -0.397726 0.121501 0.909219
23.613746 -12.638835 -67.994049 -0.019591 -0.399047 0.124391 0.908243
24.538651 -12.314431 -68.192322 -0.021386 -0.399059 0.126422 0.907916
25.254170 -11.625352 -68.307223 -0.019934 -0.399935 0.128529 0.907268
25.790825 -10.797759 -68.471817 -0.019841 -0.399916 0.128369 0.907301
26.401152 -10.009698 -68.391434 -0.015413 -0.402799 0.133046 0.905436
27.205567 -9.425923 -68.501539 -0.014919 -0.403501 0.133440 0.905073
28.151005 -9.121742 -68.618250 -0.016554 -0.403773 0.134595 0.904753
29.057001 -8.738207 -68.797336 -0.018629 -0.402676 0.135257 0.905102
29.966905 -8.375256 -68.596483 -0.018763 -0.408513 0.134721 0.902560
30.549034 -7.565216 -68.666919 -0.017723 -0.406930 0.134791 0.903286
30.430428 -6.640583 -69.028841 -0.010698 -0.403466 0.129137 0.905773
31.385966 -6.355695 -68.952777 -0.010793 -0.405718 0.127380 0.905014
31.124217 -5.425311 -68.696121 -0.009616 -0.402716 0.121694 0.907148
31.442744 -4.482581 -68.795116 -0.003514 -0.399670 0.122342 0.908451
32.007608 -3.657406 -68.799029 -0.001872 -0.396808 0.120585 0.909944
32.969647 -3.444807 -68.970152 -0.001990 -0.393910 0.121045 0.911141
33.708385 -2.873487 -68.612577 0.001598 -0.397430 0.121441 0.909560
34.588687 -2.449824 -68.826069 0.002284 -0.392506 0.120418 0.911830
35.344296 -1.800767 -68.737866 0.003388 -0.388665 0.119139 0.913638
36.031110 -1.082159 -68.628826 0.008617 -0.387168 0.120536 0.914056
36.071542 -0.084683 -68.570463 0.012613 -0.380718 0.119375 0.916867
36.887200 0.463578 -68.755162 0.014818 -0.374699 0.121994 0.918966
37.395184 1.321682 -68.680275 0.023034 -0.371146 0.128486 0.919354
37.850336 2.202071 -68.547034 0.028139 -0.366052 0.126890 0.921473
38.371915 3.055273 -68.547173 0.033555 -0.359170 0.132215 0.923250
38.935917 3.870436 -68.415217 0.036563 -0.352350 0.134064 0.925494
39.588679 4.615467 -68.277993 0.041546 -0.346991 0.138916 0.926592
40.301301 5.315312 -68.229134 0.048400 -0.341494 0.148540 0.926809
41.047253 5.938804 -67.995013 0.058865 -0.344229 0.159728 0.923325
41.888245 6.479048 -67.965526 0.063007 -0.338034 0.169418 0.923613
41.141705 5.993898 -67.510215 0.061766 -0.324947 0.172399 0.927832
41.925775 6.610384 -67.438244 0.064790 -0.313967 0.181256 0.929717
42.779262 7.056445 -67.707667 0.067281 -0.301609 0.191084 0.931661
43.616606 7.502206 -67.391197 0.071101 -0.294187 0.199769 0.931929
44.377384 8.131055 -67.230684 0.078851 -0.286555 0.211122 0.931180
45.032717 8.870987 -67.078893 0.082010 -0.271777 0.217062 0.933968
45.907128 9.295161 -66.843349 0.086382 -0.265097 0.228169 0.932845
46.683042 9.892439 -66.640328 0.091155 -0.254744 0.235800 0.933378
46.782555 9.629286 -67.599936 0.092124 -0.233571 0.241264 0.937416
46.679038 9.329984 -68.548462 0.092062 -0.213072 0.247525 0.940668
47.510358 9.883797 -68.501596 0.096700 -0.207590 0.254518 0.939562
48.391321 10.236811 -68.186499 0.097484 -0.194519 0.262902 0.939969
49.360957 10.477108 -68.141074 0.096280 -0.194480 0.271307 0.937710
50.229387 10.965184 -68.053833 0.097940 -0.191639 0.276532 0.936596
51.107424 11.442735 -68.085407 0.099096 -0.188706 0.284446 0.934698
51.963187 11.938950 -67.938980 0.100275 -0.189904 0.290972 0.932318
52.762338 12.403108 -67.556994 0.097438 -0.182168 0.294567 0.933033
53.487137 12.996176 -67.206370 0.094906 -0.176969 0.294841 0.934208
54.383895 13.438232 -67.186065 0.090038 -0.177606 0.294694 0.934615
55.356696 13.665353 -67.140529 0.081679 -0.180526 0.294670 0.934831
56.258810 14.027206 -66.905467 0.073966 -0.182325 0.293590 0.935463
57.243465 14.143932 -67.035188 0.061155 -0.190091 0.291823 0.935396
58.242828 14.179012 -67.028550 0.046438 -0.200186 0.288459 0.935179
58.891255 14.939406 -66.991913 0.041173 -0.204234 0.280469 0.936979
59.889709 14.886531 -67.009070 0.026002 -0.208589 0.276464 0.937754
60.826917 15.234636 -67.030618 0.014781 -0.219727 0.271726 0.936839
61.792438 15.485559 -67.099943 0.002226 -0.230173 0.267229 0.935737
61.776180 15.307191 -68.083773 -0.011756 -0.225647 0.257125 0.939591
62.691262 15.710176 -68.098867 -0.023721 -0.234598 0.248751 0.939428
63.687813 15.769964 -68.156411 -0.039919 -0.243955 0.240262 0.938705
63.772676 15.720845 -69.151592 -0.054738 -0.240373 0.230723 0.941271
63.788354 15.599961 -70.144135 -0.069675 -0.236736 0.220930 0.943553
64.776675 15.565166 -69.995775 -0.087948 -0.249833 0.211393 0.940830
65.730487 15.863325 -69.959122 -0.101158 -0.258293 0.200601 0.939580
66.639073 16.279496 -69.994798 -0.112386 -0.267433 0.190723 0.937803
67.351140 16.978330 -70.062569 -0.120873 -0.273116 0.177471 0.937711
68.045887 17.695681 -70.010288 -0.129055 -0.278065 0.163353 0.937732
68.163730 17.246749 -70.896049 -0.143776 -0.274074 0.149749 0.939035
69.117235 17.520904 -70.770880 -0.153039 -0.287146 0.138895 0.935326
70.094503 17.696025 -70.890376 -0.162354 -0.293623 0.130073 0.933010
69.925676 17.431433 -71.839844 -0.173195 -0.289213 0.120418 0.933734
70.134548 16.987788 -72.711366 -0.183952 -0.284176 0.106909 0.934867
69.725678 16.340863 -73.355038 -0.195131 -0.278154 0.094434 0.935755
70.636728 16.749206 -73.411995 -0.199496 -0.284537 0.083915 0.933916
70.610741 16.329287 -74.319185 -0.209560 -0.277076 0.074168 0.934780
71.309507 17.041273 -74.388487 -0.202121 -0.286182 0.065490 0.934322
70.923732 16.533687 -75.158899 -0.211925 -0.275631 0.056573 0.935903
71.893642 16.767115 -75.228087 -0.214750 -0.284010 0.050429 0.933101
72.787844 17.155447 -75.450798 -0.219011 -0.281229 0.040467 0.933438
73.741880 17.450075 -75.505657 -0.220936 -0.286545 0.034051 0.931622
74.726457 17.338834 -75.640692 -0.228559 -0.290334 0.029319 0.928767
75.390486 17.966817 -76.046527 -0.223665 -0.289093 0.021326 0.930562
76.390165 17.944944 -76.033696 -0.231043 -0.297407 0.019623 0.926166
77.330751 18.264873 -76.147459 -0.231365 -0.299430 0.013608 0.925541
77.466052 17.815311 -77.030402 -0.240815 -0.283550 0.006565 0.928205
78.434323 18.007758 -77.189825 -0.244243 -0.281841 0.002626 0.927849
79.342101 18.426717 -77.210112 -0.239635 -0.287999 -0.000095 0.927163
80.295472 18.689571 -77.358410 -0.239820 -0.289622 -0.002890 0.926605
81.266446 18.552616 -77.554500 -0.248447 -0.290429 -0.003001 0.924076
81.224451 18.412430 -78.543735 -0.255287 -0.270347 -0.000603 0.928300
82.185536 18.555700 -78.779933 -0.257977 -0.270355 -0.000349 0.927554
83.113524 18.860670 -78.994018 -0.257257 -0.269153 -0.002366 0.928100
84.050172 19.145261 -79.198218 -0.256514 -0.269669 -0.002499 0.928156
84.050325 18.944211 -80.177799 -0.265127 -0.247192 0.001306 0.931988
84.961945 19.030522 -80.579670 -0.269143 -0.243734 0.002796 0.931744
85.942479 18.962914 -80.764010 -0.276725 -0.244610 0.007414 0.929266
85.944162 18.857787 -81.758467 -0.283733 -0.220850 0.014029 0.933019
86.075394 18.760653 -82.745049 -0.289959 -0.201012 0.020287 0.935471
86.801308 19.202859 -83.271834 -0.283114 -0.199158 0.016873 0.938029
87.592320 18.930940 -83.819885 -0.295954 -0.199784 0.022126 0.933814
87.354015 18.864250 -84.788782 -0.301442 -0.174887 0.032403 0.936748
87.216574 18.663292 -85.758693 -0.309261 -0.152426 0.037358 0.937938
87.940522 18.954118 -86.384248 -0.304695 -0.155782 0.036328 0.938921
88.790856 19.137538 -86.877491 -0.308303 -0.151263 0.035174 0.938526
88.825606 19.054694 -87.873447 -0.312995 -0.133793 0.042934 0.939303
89.572256 19.068375 -88.538524 -0.317014 -0.136636 0.042756 0.937552
90.315220 19.176801 -89.199015 -0.319374 -0.139191 0.041888 0.936414
91.060434 19.656777 -89.661918 -0.303356 -0.158525 0.041178 0.938696
91.886119 19.979193 -90.124835 -0.297771 -0.177006 0.036790 0.937362
92.741638 20.192649 -90.596559 -0.297499 -0.193150 0.033123 0.934393
93.576934 20.164104 -91.145618 -0.302376 -0.207409 0.030515 0.929849
94.418639 20.477180 -91.585522 -0.297879 -0.227855 0.027566 0.926601
95.252012 20.575837 -92.129357 -0.301680 -0.238687 0.024367 0.922726
96.082632 20.882945 -92.593852 -0.295442 -0.262929 0.021735 0.918210
96.906798 21.154295 -93.090963 -0.292651 -0.283932 0.014675 0.912974
97.799156 21.354377 -93.495518 -0.288548 -0.312604 0.014896 0.904874
98.650556 21.532719 -93.988785 -0.289876 -0.327417 0.010600 0.899254
99.502035 21.727576 -94.475626 -0.289300 -0.344272 0.007271 0.893157
100.346108 21.904670 -94.981767 -0.290488 -0.357775 0.005380 0.887460
101.205507 22.078902 -95.462470 -0.289700 -0.374927 0.002037 0.880624
102.028017 22.360355 -95.956698 -0.285228 -0.393061 -0.004890 0.874142
102.878432 22.595896 -96.427140 -0.284324 -0.408660 -0.009909 0.867213
103.738612 22.821032 -96.884748 -0.283477 -0.424619 -0.014960 0.859719
104.600399 23.028305 -97.347738 -0.282149 -0.439168 -0.020740 0.852697
105.456636 23.184146 -97.840254 -0.282170 -0.450008 -0.027442 0.846829
106.306180 23.423747 -98.310218 -0.278827 -0.462174 -0.033453 0.841149
107.178016 23.597016 -98.768345 -0.278401 -0.471289 -0.038544 0.835999
108.034515 23.818199 -99.234700 -0.276806 -0.478851 -0.043273 0.831990
108.902349 24.002782 -99.695995 -0.279426 -0.481648 -0.044976 0.829405
109.759166 24.197480 -100.173444 -0.280221 -0.484139 -0.048103 0.827509
110.597566 24.457185 -100.652650 -0.280379 -0.484301 -0.046428 0.827457
111.427783 24.676808 -101.165003 -0.280866 -0.482577 -0.047322 0.828248
112.278591 24.907056 -101.637351 -0.281255 -0.480741 -0.047193 0.829190
113.126374 25.120315 -102.122928 -0.282521 -0.477836 -0.046715 0.830465
113.954714 25.334010 -102.640795 -0.282951 -0.474176 -0.049558 0.832249
114.790155 25.558286 -103.142531 -0.283043 -0.468053 -0.046523 0.835852
115.629597 25.779795 -103.638787 -0.282547 -0.465247 -0.047823 0.837512
116.509909 25.945178 -104.083423 -0.285088 -0.462589 -0.046350 0.838205
117.371329 26.135528 -104.554295 -0.288008 -0.456529 -0.043033 0.840703
118.216693 26.338245 -105.048529 -0.288901 -0.451054 -0.040548 0.843470
119.033432 26.519502 -105.596327 -0.291482 -0.444626 -0.043690 0.845835
119.864910 26.745532 -106.103825 -0.289847 -0.443301 -0.046590 0.846937
120.713019 26.896703 -106.611623 -0.290207 -0.439514 -0.043807 0.848934
121.569216 27.075299 -107.096421 -0.288941 -0.439074 -0.036070 0.849957
122.358974 27.221843 -107.692078 -0.289929 -0.436665 -0.042486 0.850564
123.155654 27.419826 -108.263134 -0.287262 -0.435429 -0.038584 0.852287
123.964433 27.650109 -108.804286 -0.282989 -0.442218 -0.037711 0.850258
124.760678 27.846111 -109.376630 -0.281461 -0.447200 -0.037550 0.848164
125.603940 28.024471 -109.883677 -0.285663 -0.455865 -0.030131 0.842423
126.258788 27.274834 -109.787662 -0.328126 -0.474315 -0.060901 0.814647
127.084076 27.471564 -110.316999 -0.323519 -0.485731 -0.056860 0.810042
127.935566 27.568546 -110.832322 -0.326700 -0.496526 -0.051223 0.802561
128.803730 27.748786 -111.294713 -0.331539 -0.509288 -0.035143 0.793393
129.562085 27.894201 -111.930128 -0.324013 -0.516265 -0.030858 0.792170
130.435222 27.969188 -112.411801 -0.328593 -0.528939 -0.020357 0.782199
131.267615 28.022000 -112.963465 -0.329336 -0.540379 -0.015860 0.774130
132.109953 28.316441 -113.414875 -0.329662 -0.555217 0.006439 0.763555
132.171753 27.331928 -113.250821 -0.419172 -0.547640 -0.036243 0.723237
133.102935 27.177160 -113.580892 -0.423368 -0.561668 -0.024055 0.710429
133.999009 26.929010 -113.948961 -0.427462 -0.573982 -0.015251 0.698275
134.890926 26.729354 -114.354695 -0.431552 -0.584410 -0.004789 0.687171
135.827406 26.613756 -114.685818 -0.432249 -0.599312 0.007526 0.673743
136.733214 26.494695 -115.092435 -0.434617 -0.610739 0.020309 0.661584
137.622559 26.502866 -115.549598 -0.434380 -0.621548 0.038074 0.650802
138.467240 26.271219 -116.032147 -0.435728 -0.632344 0.042773 0.639103
139.329554 26.237192 -116.537377 -0.435804 -0.642201 0.051923 0.628455
140.205714 26.194605 -117.017512 -0.439110 -0.650901 0.058336 0.616528
141.064435 26.481031 -117.442433 -0.437810 -0.658814 0.068399 0.607954
140.475000 26.834439 -116.716025 -0.434059 -0.671480 0.065413 0.597016
139.794071 27.063873 -116.020542 -0.430459 -0.680955 0.061003 0.589308
139.052121 27.217891 -115.368018 -0.424183 -0.686441 0.053739 0.588200
138.382622 27.528050 -114.693057 -0.422632 -0.694114 0.051638 0.580449
137.677985 27.941522 -114.116404 -0.420943 -0.696133 0.054288 0.579015
136.912357 28.073410 -113.486786 -0.418266 -0.698990 0.047312 0.578124
136.130928 28.276004 -112.896596 -0.415373 -0.702094 0.045222 0.576615
135.332219 28.436558 -112.316693 -0.414411 -0.705371 0.043069 0.573464
134.498517 28.545785 -111.775390 -0.413656 -0.707184 0.039894 0.572004
133.703244 28.736156 -111.199803 -0.415547 -0.714774 0.037319 0.561272
132.899641 28.775530 -110.605942 -0.418654 -0.719426 0.029223 0.553444
132.057182 28.926266 -110.088697 -0.416975 -0.723863 0.026164 0.549063
131.185709 29.181511 -109.669906 -0.414511 -0.726499 0.028530 0.547326
130.283711 29.367479 -109.280271 -0.411650 -0.729207 0.027572 0.545931
129.399622 29.517125 -108.837562 -0.410957 -0.733204 0.026350 0.541140
128.560540 29.346171 -108.321116 -0.410384 -0.738115 0.012826 0.535357
127.630216 29.454940 -107.970877 -0.408816 -0.743901 0.013125 0.528496
126.680210 29.567549 -107.679659 -0.403953 -0.750908 0.014731 0.522248
125.708887 29.658349 -107.459920 -0.397325 -0.759155 0.017370 0.515281
124.770781 29.502273 -107.150728 -0.394812 -0.768534 0.010637 0.503355
123.795970 29.377849 -106.965629 -0.388896 -0.777670 0.007399 0.493897
122.811653 29.343801 -106.792539 -0.381631 -0.788644 0.007626 0.482016
121.859369 29.129245 -106.575463 -0.375583 -0.799598 -0.000320 0.468594
120.933238 28.922391 -106.260040 -0.374248 -0.811797 -0.013319 0.448048
120.008978 29.024441 -105.892169 -0.365319 -0.825108 -0.011833 0.430811
119.087324 29.127895 -105.518202 -0.357905 -0.836196 -0.010932 0.415403
118.180167 29.090860 -105.099043 -0.352174 -0.847535 -0.018180 0.396645
117.337579 29.588547 -104.893244 -0.337305 -0.858425 -0.004043 0.386413
116.417184 29.806325 -104.568520 -0.325548 -0.866297 -0.000879 0.378875
115.599698 30.159308 -104.113416 -0.314809 -0.878824 0.009906 0.358421
114.657992 30.339940 -103.829582 -0.300067 -0.885130 0.008907 0.355563
113.879501 30.519452 -103.228144 -0.308184 -0.897969 0.020754 0.313437
112.992155 30.789888 -102.854672 -0.296753 -0.904770 0.024353 0.304527
112.117221 30.988527 -102.413047 -0.290114 -0.911185 0.025947 0.291379
111.270300 31.349300 -102.022448 -0.281171 -0.915248 0.034061 0.286537
110.441211 31.671830 -101.565734 -0.274303 -0.920568 0.040391 0.275100
109.631013 31.818225 -100.998155 -0.270129 -0.923896 0.039216 0.268157
108.897966 32.253077 -100.475138 -0.269910 -0.929214 0.054142 0.246533
108.143376 32.713765 -100.007848 -0.266044 -0.933194 0.064134 0.232930
107.416228 32.857117 -99.336502 -0.263757 -0.933441 0.058889 0.235907
106.714599 33.067662 -98.655775 -0.259099 -0.935713 0.053850 0.233256
106.054762 33.284570 -97.936355 -0.256825 -0.935279 0.048372 0.238652
105.452676 33.447193 -97.154660 -0.253203 -0.933951 0.039668 0.249098
104.863409 33.438083 -96.346773 -0.248660 -0.933047 0.024278 0.258848
104.219576 33.733523 -95.640944 -0.248131 -0.931431 0.018479 0.265568
103.618614 33.724198 -94.841721 -0.244862 -0.930060 0.002707 0.273905
102.959702 33.944794 -94.122574 -0.245423 -0.927308 -0.007345 0.282512
102.320489 34.196947 -93.396058 -0.244496 -0.923713 -0.017344 0.294407
101.714798 34.117526 -92.604331 -0.243186 -0.920459 -0.036546 0.303775
101.142137 34.225251 -91.791648 -0.244156 -0.915189 -0.048347 0.316986
100.504478 34.358432 -91.032929 -0.245176 -0.910541 -0.060359 0.327355
99.892176 34.669220 -90.305951 -0.245608 -0.906986 -0.066872 0.335532
99.306498 34.843852 -89.514443 -0.246395 -0.900632 -0.076450 0.349725
98.668570 35.147832 -88.806881 -0.247222 -0.896103 -0.083250 0.359097
97.996529 35.257116 -88.074476 -0.248309 -0.890616 -0.095079 0.368926
97.331529 35.724956 -87.492323 -0.248548 -0.885118 -0.099679 0.380598
96.735068 36.119109 -86.793126 -0.250297 -0.880377 -0.102170 0.389679
96.056586 36.447517 -86.136003 -0.250600 -0.877037 -0.106140 0.395904
95.461738 36.766256 -85.398059 -0.253875 -0.871777 -0.107298 0.405018
94.799346 37.113269 -84.734117 -0.255058 -0.869575 -0.107766 0.408867
94.200260 37.276704 -83.950291 -0.256827 -0.866704 -0.109837 0.413279
93.565748 37.441810 -83.195218 -0.259533 -0.864570 -0.110383 0.415905
92.924366 37.852402 -82.547110 -0.260300 -0.867302 -0.103952 0.411370
92.204657 38.147056 -81.918463 -0.261522 -0.868478 -0.099952 0.409099
91.530006 38.574368 -81.316590 -0.261542 -0.873914 -0.091283 0.399421
90.786823 38.891784 -80.727585 -0.262988 -0.875100 -0.086751 0.396877
90.145604 39.064934 -79.980018 -0.264106 -0.876621 -0.082687 0.393632
89.461541 39.201827 -79.263556 -0.266286 -0.878685 -0.080064 0.388065
88.766788 39.446352 -78.587149 -0.267852 -0.882538 -0.074433 0.379266
88.048472 39.670555 -77.928549 -0.269889 -0.884823 -0.067101 0.373826
87.324047 39.795339 -77.250583 -0.273900 -0.889349 -0.063432 0.360575
86.494196 40.202045 -76.868565 -0.275733 -0.889730 -0.054566 0.359686
85.640210 40.325609 -76.363155 -0.274928 -0.887865 -0.050590 0.365447
84.806612 40.663513 -75.926193 -0.272731 -0.887908 -0.047011 0.367462
83.954844 40.772368 -75.413707 -0.273164 -0.887475 -0.044467 0.368500
83.219695 40.899815 -74.747889 -0.273622 -0.889793 -0.041288 0.362897
82.536700 41.129805 -74.054621 -0.273225 -0.897157 -0.037750 0.345009
81.734240 41.201422 -73.462227 -0.277426 -0.898406 -0.038326 0.338280
81.901308 42.126349 -73.803691 -0.233430 -0.901610 -0.041913 0.361737
81.068505 42.201420 -73.255236 -0.231473 -0.902082 -0.044258 0.361537
80.310401 42.280960 -72.607971 -0.238397 -0.906009 -0.042103 0.347192
79.392842 42.430228 -72.239454 -0.232666 -0.900556 -0.043495 0.364654
78.611526 42.534376 -71.624070 -0.237215 -0.901348 -0.043481 0.359736
77.739694 42.689412 -71.159448 -0.234525 -0.897613 -0.046917 0.370254
76.887412 42.796295 -70.647401 -0.233683 -0.896307 -0.051816 0.373283
76.059791 42.784689 -70.086234 -0.233800 -0.893763 -0.058478 0.378293
75.224956 42.865854 -69.541751 -0.234230 -0.892877 -0.063894 0.379242
74.389547 42.915982 -68.994412 -0.233874 -0.890580 -0.070098 0.383740
73.584151 42.784174 -68.416517 -0.237307 -0.890211 -0.084777 0.379503
72.721281 42.951498 -67.939591 -0.235278 -0.888944 -0.089423 0.382657
71.844073 42.924708 -67.460228 -0.229581 -0.884000 -0.097404 0.395409
70.960195 43.035782 -67.005891 -0.229940 -0.880572 -0.103458 0.401269
70.108702 43.038462 -66.481533 -0.229614 -0.877715 -0.111749 0.405471
69.260413 43.022695 -65.952233 -0.228066 -0.877229 -0.121380 0.404626
68.414838 42.950993 -65.423213 -0.224484 -0.874245 -0.131236 0.409975
67.589695 42.814019 -64.875146 -0.221522 -0.871956 -0.142096 0.412830
66.735853 42.893425 -64.360707 -0.208282 -0.864935 -0.143735 0.433413
65.878372 42.855700 -63.847576 -0.202972 -0.861882 -0.149913 0.439872
64.968249 42.926270 -63.439293 -0.205760 -0.863958 -0.156944 0.431981
64.074373 42.930492 -62.990999 -0.199174 -0.860598 -0.161260 0.440109
63.203501 42.870986 -62.503104 -0.190231 -0.855299 -0.163496 0.453371
62.304951 42.922956 -62.067321 -0.183417 -0.851269 -0.166251 0.462666
61.379330 42.964793 -61.691188 -0.178494 -0.845286 -0.168832 0.474476
61.037249 43.864373 -61.962733 -0.137045 -0.836035 -0.166754 0.504438
60.776677 44.779592 -62.270105 -0.093031 -0.824980 -0.163899 0.532814
60.274968 45.644537 -62.282682 -0.047844 -0.815190 -0.157120 0.555418
59.674039 46.443412 -62.256566 -0.003983 -0.803645 -0.146460 0.576792
59.119372 47.274985 -62.227745 0.043279 -0.789346 -0.135319 0.597284
58.446696 46.787646 -61.670962 0.049861 -0.783298 -0.133219 0.605153
57.731154 46.318155 -61.153682 0.058175 -0.777628 -0.132547 0.611834
57.174827 45.881633 -60.446612 0.064639 -0.777637 -0.127681 0.612210
56.357489 45.504690 -60.010867 0.070136 -0.771514 -0.123860 0.620086
55.748046 46.296680 -59.974394 -0.110085 0.754682 0.107779 -0.637746
55.012220 45.857570 -59.458891 -0.116116 0.749773 0.103649 -0.643129
54.203125 46.404921 -59.672832 0.142696 -0.727708 -0.090086 0.664803
53.618250 45.877432 -59.056654 0.147011 -0.724565 -0.086560 0.667758
52.959932 45.557011 -58.375516 0.152117 -0.724450 -0.076405 0.667978
52.418294 44.908404 -57.840785 0.155255 -0.720215 -0.076214 0.671847
51.815522 44.297552 -57.327438 0.158503 -0.714917 -0.073944 0.676980
51.134385 43.780813 -56.808753 0.160601 -0.709895 -0.067637 0.682408
50.510700 43.119324 -56.392280 0.159396 -0.704756 -0.064794 0.688269
49.837006 42.526516 -55.951016 0.158380 -0.699153 -0.059943 0.694628
49.172169 41.925231 -55.507792 0.155954 -0.693810 -0.054284 0.700971
48.528142 41.320932 -55.038695 0.152416 -0.689249 -0.048970 0.706616
47.926531 40.779081 -54.451786 0.151979 -0.685751 -0.043519 0.710460
47.281527 40.154437 -54.011570 0.147967 -0.680550 -0.039810 0.716500
46.615745 39.495413 -53.661682 0.145056 -0.673825 -0.037147 0.723560
45.736417 39.953294 -53.792552 0.164291 -0.650835 -0.021315 0.740923
45.189097 39.421032 -53.146690 0.163298 -0.647514 -0.015592 0.744189
44.600609 38.754117 -52.689626 0.161025 -0.642254 -0.015296 0.749231
43.991291 38.160037 -52.164460 0.162440 -0.637703 -0.015272 0.752805
43.366750 37.526010 -51.708435 0.158848 -0.632008 -0.012471 0.758405
42.731255 36.865091 -51.309272 0.155726 -0.625915 -0.012481 0.764084
42.122399 36.236821 -50.824946 0.149992 -0.620570 -0.007929 0.769631
41.377664 35.722628 -50.399534 0.147113 -0.612704 -0.012974 0.776391
40.831002 35.024242 -49.937562 0.141363 -0.607998 -0.009621 0.781193
40.217591 34.354204 -49.519500 0.135218 -0.602492 -0.008154 0.786545
39.624945 35.039565 -49.096356 0.170435 -0.591552 0.006911 0.788017
39.078170 34.359250 -48.608289 0.165341 -0.587772 0.008347 0.791907
38.708643 33.613138 -48.054425 0.155931 -0.588083 0.018402 0.793414
38.166046 32.955669 -47.531620 0.149139 -0.584766 0.024791 0.796989
37.339763 32.483739 -47.224149 0.143832 -0.568846 0.015408 0.809623
36.787008 31.738180 -46.851853 0.134409 -0.563004 0.018053 0.815251
36.129259 31.126478 -46.412324 0.129979 -0.556421 0.014290 0.820547
35.545109 30.471453 -45.933042 0.123663 -0.551221 0.019349 0.824917
34.969371 29.780855 -45.495320 0.115777 -0.545057 0.022791 0.830054
34.386751 29.088609 -45.069469 0.109075 -0.538898 0.023379 0.834952
33.876533 28.385231 -44.574558 0.102437 -0.534311 0.031027 0.838484
33.334475 27.701489 -44.086020 0.097642 -0.529288 0.033612 0.842135
32.882404 26.956600 -43.595335 0.088115 -0.525228 0.039998 0.845441
32.268701 26.265746 -43.213118 0.080429 -0.514571 0.044393 0.852512
31.609424 25.605623 -42.853131 0.074294 -0.501620 0.041668 0.860884
31.081838 24.906406 -42.370690 0.067091 -0.493326 0.051355 0.865732
30.516274 24.202200 -41.941469 0.061223 -0.482717 0.055644 0.871860
29.949579 23.536100 -41.456527 0.055879 -0.471546 0.060878 0.877961
29.327324 22.891919 -41.011747 0.052280 -0.458628 0.064791 0.884720
28.752278 22.190488 -40.590657 0.046471 -0.444639 0.069038 0.891835
28.215922 21.559140 -40.030548 0.042329 -0.431914 0.078167 0.897524
27.652979 20.944692 -39.477784 0.041397 -0.418381 0.087234 0.903125
27.160395 20.281009 -38.914858 0.037319 -0.404072 0.099751 0.908506
26.583666 19.611934 -38.446111 0.032217 -0.384105 0.108321 0.916347
25.960901 18.934589 -38.054490 0.023540 -0.357078 0.117081 0.926409
25.447582 18.277708 -37.502212 0.019592 -0.337212 0.128804 0.932370
24.953824 17.740821 -36.818139 0.020964 -0.317773 0.140705 0.937434
24.542688 17.217596 -36.071679 0.023006 -0.299576 0.151899 0.941622
24.073621 16.656105 -35.389987 0.022766 -0.274657 0.160987 0.947696
23.686824 16.189664 -34.594487 0.022456 -0.248119 0.171720 0.953124
23.591044 15.785027 -33.685039 0.021176 -0.223337 0.185318 0.956729
23.652930 15.473698 -32.736754 0.020303 -0.198774 0.198815 0.959453
23.917668 15.497986 -31.772739 0.024225 -0.178546 0.211800 0.960560
23.944039 15.280918 -30.796939 0.022816 -0.148228 0.223741 0.963041
24.139919 15.182483 -29.821264 0.023146 -0.119912 0.234138 0.964502
24.500170 15.124888 -28.890188 0.022922 -0.097075 0.243892 0.964659
24.899901 15.320582 -27.994689 0.029919 -0.078308 0.251514 0.964217
25.257647 15.291009 -27.061339 0.030243 -0.055668 0.260745 0.963327
25.596647 15.405405 -26.127534 0.035549 -0.032775 0.268090 0.962180
25.932692 15.567969 -25.199823 0.043951 -0.012236 0.270491 0.961641
26.362024 15.515950 -24.298176 0.044605 0.005077 0.276431 0.959985
26.765072 15.446570 -23.385631 0.045109 0.024597 0.283138 0.957702
27.135235 15.490154 -22.457687 0.051045 0.041596 0.284472 0.956420
27.520118 15.413821 -21.537883 0.054458 0.057318 0.284233 0.955490
28.020931 15.406915 -20.672355 0.059347 0.064182 0.285078 0.954510
28.563441 15.459447 -19.833950 0.067095 0.064328 0.285001 0.954010
28.936663 15.440675 -18.906398 0.075536 0.073232 0.283628 0.953146
29.402223 15.224721 -18.048134 0.078326 0.077954 0.280879 0.953360
29.848363 15.007935 -17.179823 0.081194 0.081632 0.278231 0.953589
30.316426 14.899467 -16.302811 0.089137 0.081613 0.273771 0.954171
30.706645 14.613511 -15.427620 0.092588 0.085031 0.272698 0.953852
31.116481 14.408457 -14.538808 0.099143 0.085715 0.268855 0.954222
31.533877 14.147970 -13.668217 0.103542 0.085912 0.267654 0.954075
31.960750 13.824869 -12.823596 0.105567 0.084186 0.265691 0.954556
32.391285 13.481108 -11.989050 0.105992 0.081370 0.263181 0.955448
32.818688 13.187262 -11.134075 0.108193 0.079796 0.263951 0.955121
33.237544 12.820905 -10.303207 0.106974 0.076199 0.263660 0.955633
33.685340 12.461205 -9.484614 0.104344 0.071310 0.264891 0.955960
34.117857 12.103027 -8.657185 0.100975 0.065452 0.265966 0.956443
34.563658 11.835142 -7.803079 0.095224 0.057588 0.266341 0.957433
34.978336 11.655952 -6.910928 0.089473 0.050727 0.269934 0.957370
35.392826 11.485593 -6.016961 0.082688 0.043626 0.273427 0.957339
35.738473 11.334438 -5.090851 0.074092 0.036677 0.280091 0.956407
36.152859 11.105576 -4.209995 0.062371 0.028533 0.287243 0.955399
36.615299 11.003949 -3.329188 0.050878 0.019632 0.293719 0.954335
37.189979 10.823173 -2.531026 0.036246 0.011733 0.305483 0.951435
37.810309 10.903609 -1.750820 0.022352 0.002358 0.318991 0.947491
38.235477 10.868408 -0.846391 0.007253 -0.007605 0.328389 0.944484
38.628731 10.688370 0.055240 -0.009667 -0.015842 0.338551 0.940765
38.976331 10.798311 0.986415 -0.025219 -0.023861 0.351474 0.935554
39.466794 10.897595 1.852203 -0.041553 -0.034492 0.364316 0.929708
39.803881 10.895795 2.793674 -0.059602 -0.043179 0.374928 0.924128
40.150590 10.980786 3.727789 -0.077363 -0.051163 0.387386 0.917240
40.524569 11.124373 4.644043 -0.093249 -0.059344 0.398130 0.910646
40.836799 11.303846 5.576943 -0.108772 -0.065357 0.409291 0.903536
41.154959 11.469695 6.510361 -0.125644 -0.075011 0.415721 0.897643
41.505277 11.706286 7.416618 -0.138204 -0.085302 0.421877 0.891988
41.779880 11.991056 8.335040 -0.150049 -0.093197 0.429990 0.885386
