0.000000 0.000000 0.000000 -0.000000 0.000000 -0.000000 1.000000
0.868638 -0.469044 -0.159577 0.009976 -0.005194 0.007986 0.999905
1.791219 -0.834033 -0.284588 0.020415 -0.012966 0.015447 0.999588
2.707154 -1.210907 -0.146640 0.037405 -0.011203 0.025980 0.998900
3.649169 -1.523840 -0.025480 0.055772 -0.007186 0.035970 0.997770
4.587723 -1.867761 0.003415 0.070052 -0.010410 0.044939 0.996476
5.561999 -2.090624 0.036866 0.087185 -0.009023 0.055036 0.994630
6.400684 -2.292351 0.542746 0.106280 -0.005611 0.065032 0.992191
7.269782 -2.556161 0.961164 0.123098 -0.004650 0.073605 0.989650
8.144337 -2.757389 1.402368 0.139071 -0.009951 0.084373 0.986631
8.839824 -2.987155 2.083180 0.154483 -0.012260 0.093322 0.983502
9.539131 -3.164825 2.775569 0.168836 -0.014220 0.101092 0.980343
10.128086 -3.321345 3.568433 0.184384 -0.016090 0.111850 0.976337
10.642123 -3.468069 4.413559 0.199107 -0.017682 0.123143 0.972049
11.232429 -3.612551 5.207703 0.210581 -0.020677 0.130222 0.968644
11.774500 -3.729118 6.039912 0.223016 -0.022948 0.137798 0.964753
12.332576 -3.815215 6.865223 0.232531 -0.025318 0.146803 0.961112
12.854706 -3.887670 7.715005 0.243319 -0.027129 0.154705 0.957145
13.391089 -3.919859 8.558366 0.252555 -0.029456 0.161267 0.953594
13.945184 -3.995262 9.387397 0.259406 -0.032433 0.167395 0.950597
14.507374 -4.023290 10.213930 0.265457 -0.034865 0.174859 0.947492
15.085691 -4.058659 11.028976 0.265090 -0.036978 0.174146 0.947646
15.658593 -4.086052 11.848141 0.264371 -0.038221 0.174849 0.947668
16.263835 -4.061990 12.643819 0.264837 -0.040243 0.176672 0.947116
16.893983 -4.082796 13.420016 0.263516 -0.043073 0.176602 0.947373
17.547181 -4.060284 14.176868 0.263622 -0.046188 0.177120 0.947100
18.188430 -3.978427 14.939822 0.266310 -0.046281 0.182764 0.945269
18.952706 -3.995021 15.584497 0.263539 -0.054124 0.180457 0.946073
19.700680 -4.012688 16.247990 0.261053 -0.061940 0.180244 0.946323
20.474946 -4.026602 16.880698 0.258743 -0.065550 0.179113 0.946929
21.286006 -3.996815 17.464902 0.257926 -0.071829 0.181693 0.946204
22.099379 -3.907841 18.039800 0.259294 -0.077003 0.186770 0.944433
22.961745 -3.917910 18.545985 0.255210 -0.094993 0.190004 0.943262
23.879479 -3.798504 18.924808 0.254039 -0.110965 0.192640 0.941297
24.793434 -3.726683 19.324216 0.251431 -0.130689 0.194663 0.939047
25.655739 -3.711402 19.830375 0.249136 -0.144506 0.197082 0.937127
26.424250 -3.796316 20.464553 0.246723 -0.149077 0.198403 0.936771
27.279114 -3.788178 20.983339 0.243841 -0.164021 0.201908 0.934276
28.145938 -3.761555 21.481242 0.243421 -0.169344 0.204906 0.932782
28.915924 -3.842851 22.114104 0.242962 -0.171324 0.205627 0.932381
29.762322 -3.930245 22.639434 0.239922 -0.181858 0.205246 0.931257
30.616245 -4.022263 23.151635 0.236385 -0.195033 0.205333 0.929474
31.548089 -4.073380 23.510874 0.234444 -0.208530 0.207208 0.926615
32.438155 -4.127730 23.963453 0.234511 -0.218542 0.211437 0.923330
33.298923 -4.274714 24.450767 0.233194 -0.226477 0.214642 0.921009
34.100686 -4.512485 24.999074 0.232413 -0.227407 0.218013 0.920185
34.840986 -4.661467 25.654636 0.234490 -0.231611 0.224205 0.917116
35.554848 -4.877188 26.320868 0.233450 -0.237018 0.226613 0.915407
36.081019 -5.100183 27.141488 0.233413 -0.242068 0.227461 0.913883
36.405553 -5.327320 28.059685 0.232868 -0.246658 0.230168 0.912116
36.823645 -5.502880 28.950964 0.231650 -0.251742 0.231344 0.910738
37.077197 -5.602593 29.913133 0.234569 -0.254221 0.235232 0.908303
37.431728 -5.656465 30.846624 0.237906 -0.260153 0.237696 0.905109
37.843497 -5.755206 31.752547 0.237975 -0.262753 0.240779 0.903523
38.177675 -5.765788 32.694997 0.244610 -0.266418 0.243426 0.899962
38.577982 -5.849543 33.607543 0.247123 -0.265145 0.244689 0.899308
39.073923 -5.887722 34.475059 0.249332 -0.266257 0.244918 0.898307
39.622614 -6.029120 35.299041 0.249384 -0.262161 0.242567 0.900133
40.247494 -6.093320 36.077118 0.250916 -0.261512 0.239754 0.900650
40.871222 -6.279916 36.836160 0.251136 -0.255252 0.240351 0.902224
41.572050 -6.339088 37.547031 0.253301 -0.250927 0.240056 0.902910
42.331266 -6.355413 38.197665 0.243985 -0.243234 0.236265 0.908563
43.172765 -6.306839 38.735736 0.230735 -0.230561 0.232705 0.916216
44.072092 -6.256296 39.170083 0.215242 -0.218773 0.225894 0.924544
44.919222 -6.131503 39.686607 0.199261 -0.208574 0.219516 0.931990
45.843515 -5.971665 40.033211 0.182370 -0.194276 0.211820 0.940282
46.748108 -5.919674 40.456306 0.164682 -0.183473 0.202591 0.947721
47.544686 -6.050783 41.046453 0.144882 -0.169280 0.193399 0.955484
48.139084 -6.014218 41.849792 0.128826 -0.145781 0.187506 0.962805
48.930586 -5.963048 42.458813 0.108064 -0.125848 0.180348 0.969515
48.485564 -6.024771 41.565423 0.086003 -0.113311 0.169841 0.975150
47.759513 -6.109462 40.883018 0.064534 -0.092337 0.160894 0.980521
47.186147 -6.195730 40.068273 0.042875 -0.078422 0.150137 0.984617
46.537696 -6.286107 39.312400 0.021805 -0.064199 0.139525 0.987895
45.989795 -6.271837 38.475979 0.003911 -0.051885 0.130156 0.990127
45.527523 -6.226167 37.590417 -0.013877 -0.042652 0.125060 0.991135
44.736591 -6.286505 36.981495 -0.030574 -0.019259 0.116643 0.992516
44.199452 -6.204016 36.142045 -0.044402 -0.012958 0.110289 0.992823
43.454956 -6.214502 35.474500 -0.057886 -0.001749 0.103472 0.992945
42.719650 -6.268274 34.798902 -0.070113 0.004970 0.098138 0.992687
41.976432 -6.253588 34.130014 -0.079246 0.010626 0.097906 0.991979
41.152317 -6.244533 33.563663 -0.085548 0.016854 0.097498 0.991409
40.251524 -6.285913 33.131391 -0.091562 0.025438 0.097207 0.990717
39.576814 -6.273580 32.393411 -0.095868 0.024479 0.094927 0.990555
38.823242 -6.246487 31.736605 -0.097365 0.027139 0.095544 0.990280
38.086772 -6.340566 31.066708 -0.101169 0.027419 0.094409 0.990000
37.356131 -6.270104 30.387592 -0.100619 0.026138 0.097445 0.989796
36.552124 -6.108690 29.815299 -0.097961 0.026947 0.100378 0.989748
35.886035 -6.017462 29.075027 -0.095579 0.023371 0.104750 0.989619
35.338338 -5.932211 28.242705 -0.090625 0.016038 0.114243 0.989181
34.800510 -5.913110 27.399867 -0.084657 0.008719 0.119912 0.989130
34.287382 -5.941702 26.542031 -0.079522 -0.001187 0.126414 0.988784
33.759694 -5.944523 25.692598 -0.071760 -0.010915 0.132937 0.988463
33.157005 -5.877293 24.897459 -0.062865 -0.019992 0.138768 0.988125
32.585417 -5.918656 24.077961 -0.054405 -0.028888 0.143636 0.987712
32.023840 -6.006925 23.255258 -0.047879 -0.038251 0.152366 0.986422
31.513706 -6.042813 22.395912 -0.039586 -0.049113 0.159620 0.985161
30.970372 -6.121279 21.560071 -0.031794 -0.059044 0.165707 0.983892
30.495227 -6.205366 20.684190 -0.024691 -0.069271 0.173131 0.982149
29.883603 -6.221756 19.893211 -0.016925 -0.076963 0.177897 0.980889
29.383741 -6.116178 19.033566 -0.007676 -0.086373 0.184222 0.979052
28.814458 -6.063333 18.213124 -0.002170 -0.095573 0.186329 0.977825
28.170580 -5.788488 17.499064 0.006689 -0.100331 0.187989 0.977010
27.672457 -5.458096 16.697369 0.013409 -0.108122 0.190469 0.975629
27.241267 -5.002571 15.918542 0.018642 -0.116496 0.194121 0.973857
26.835584 -4.496563 15.157374 0.023960 -0.123444 0.193762 0.972956
26.382264 -3.850316 14.543480 0.032475 -0.128803 0.191324 0.972497
25.926155 -3.159925 13.981942 0.034476 -0.134267 0.192385 0.971479
25.568463 -2.404636 13.432766 0.034745 -0.139606 0.197697 0.969649
25.283634 -1.637666 12.857762 0.036577 -0.145460 0.204275 0.967355
24.876052 -0.858741 12.381156 0.045796 -0.148596 0.205100 0.966310
24.333179 -0.109141 12.002488 0.052396 -0.150923 0.203679 0.965915
23.845819 0.543445 11.422307 0.047214 -0.157917 0.207207 0.964312
23.026372 0.901480 10.974737 0.047896 -0.161318 0.208944 0.963340
22.104451 1.017211 10.605052 0.052908 -0.154734 0.209020 0.964141
21.202048 1.185615 10.208430 0.059513 -0.152918 0.211522 0.963500
20.284653 0.990329 9.861660 0.059049 -0.154434 0.211836 0.963218
19.366823 0.854434 9.488670 0.058815 -0.160401 0.213314 0.961930
18.462578 0.590288 9.153158 0.056546 -0.157478 0.215590 0.962042
17.585641 0.381988 8.720038 0.054338 -0.159407 0.215885 0.961785
16.943091 0.541685 7.970621 0.052865 -0.165577 0.216447 0.960698
16.100462 0.466461 7.437407 0.050013 -0.156891 0.218186 0.961914
15.207825 0.329766 7.007856 0.047626 -0.153057 0.219040 0.962459
14.319877 0.077181 6.623474 0.043717 -0.154374 0.219398 0.962352
13.450124 0.031703 6.132088 0.040712 -0.149211 0.218841 0.963425
14.087509 -0.059908 6.897168 0.036247 -0.156179 0.217507 0.962801
13.195142 -0.215284 6.473447 0.032005 -0.154707 0.216328 0.963454
12.322290 -0.450091 6.045668 0.026602 -0.148089 0.214811 0.964996
11.593238 -0.380308 5.364776 0.022159 -0.150002 0.212883 0.965240
10.597327 -0.308293 5.310226 0.019827 -0.146547 0.214396 0.965487
9.789171 -0.382085 4.725898 0.015731 -0.146253 0.213323 0.965845
8.865080 -0.665974 4.470044 0.009321 -0.135982 0.213258 0.967441
7.872899 -0.776157 4.411417 0.005646 -0.134645 0.212272 0.967874
6.969718 -0.919228 4.006700 0.001590 -0.129333 0.211709 0.968736
6.078259 -1.088255 3.586307 -0.001580 -0.125704 0.211653 0.969226
5.137347 -1.191037 3.263629 -0.004294 -0.123246 0.212037 0.969449
4.251919 -1.414706 2.856211 -0.008972 -0.115743 0.212031 0.970343
3.262436 -1.526302 2.764180 -0.011523 -0.113168 0.213545 0.970288
2.308899 -1.528190 2.462910 -0.011821 -0.107096 0.212591 0.971183
1.370423 -1.393315 2.780828 -0.010948 -0.104051 0.214275 0.971154
2.160406 -1.498095 3.384938 -0.011532 -0.105057 0.213780 0.971148
3.030879 -1.720559 3.824012 -0.012707 -0.108159 0.213000 0.970964
2.040951 -1.703245 3.683504 -0.010518 -0.106727 0.213551 0.971028
3.031388 -1.839013 3.708021 -0.010702 -0.110916 0.212024 0.970891
3.056241 -2.080742 4.678046 -0.008603 -0.110548 0.211312 0.971109
2.873205 -2.454252 5.587435 -0.006394 -0.110064 0.210724 0.971309
2.924108 -2.570118 4.595475 -0.003741 -0.109990 0.210185 0.971448
3.413927 -2.669599 5.461605 -0.002061 -0.110710 0.209232 0.971577
3.186969 -2.486349 4.505096 0.000113 -0.110252 0.208899 0.971702
3.091035 -1.491249 4.528997 0.002214 -0.110515 0.210157 0.971399
3.673618 -1.732889 3.752978 0.004614 -0.109932 0.210165 0.971455
2.863896 -1.849928 3.177955 0.005735 -0.106936 0.209388 0.971951
2.610374 -1.729089 2.218202 0.006211 -0.106496 0.209070 0.972065
3.191294 -1.603636 3.022437 0.006211 -0.106496 0.209070 0.972065
3.420858 -1.363416 2.079254 0.006211 -0.106496 0.209070 0.972065
4.130530 -0.995561 2.680126 0.004624 -0.106441 0.208146 0.972278
5.015311 -1.027473 3.145041 0.000357 -0.104830 0.208030 0.972489
4.084791 -1.393082 3.123533 -0.004219 -0.102241 0.208748 0.972601
3.251024 -1.910591 2.931133 -0.012949 -0.094591 0.209569 0.973122
2.519002 -2.145040 3.570802 -0.021148 -0.091274 0.209694 0.973268
2.716706 -2.010908 2.599760 -0.031612 -0.087650 0.210408 0.973163
1.848716 -2.340482 2.228310 -0.043886 -0.079971 0.211745 0.973058
0.894799 -2.613235 2.103219 -0.057289 -0.069917 0.210939 0.973311
-0.072049 -2.504592 1.872134 -0.068386 -0.055812 0.212043 0.973266
-1.042805 -2.281369 1.960476 -0.080798 -0.044322 0.213620 0.972560
-0.088535 -2.062596 2.164210 -0.098499 -0.040500 0.212042 0.971440
0.650090 -1.924916 2.824117 -0.116460 -0.035587 0.211765 0.969704
1.568279 -1.848004 2.435511 -0.135402 -0.032187 0.210362 0.967666
0.796390 -1.560669 3.002632 -0.154766 -0.028186 0.211453 0.964645
1.790104 -1.657788 2.946945 -0.176099 -0.027662 0.211855 0.960907
0.864137 -1.898302 2.655845 -0.195890 -0.018361 0.209876 0.957727
-0.113802 -1.871016 2.448744 -0.213403 -0.007743 0.209350 0.954239
-1.042950 -1.525441 2.317361 -0.229845 -0.001320 0.209408 0.950430
-1.932972 -1.685339 1.890402 -0.247456 0.003539 0.208894 0.946106
-2.870076 -1.767278 1.551107 -0.264204 0.006738 0.208935 0.941540
-3.809886 -1.735648 1.210874 -0.278067 0.013237 0.207470 0.937795
-4.694226 -1.742439 0.744081 -0.290619 0.016796 0.206738 0.934087
-5.346315 -2.084521 0.067501 -0.303819 0.016747 0.204835 0.930299
-6.209266 -2.327263 -0.375660 -0.314509 0.017084 0.203271 0.927078
-7.140531 -2.373397 -0.737070 -0.323314 0.017397 0.202295 0.924252
-8.035307 -2.350448 -1.182995 -0.328563 0.014911 0.199181 0.923120
-8.943558 -2.415530 -1.596329 -0.328550 0.011211 0.193434 0.924398
-9.884412 -2.097243 -1.712455 -0.331968 -0.002855 0.187076 0.924549
-10.567975 -2.032153 -2.439439 -0.333788 -0.014079 0.181451 0.924912
-11.393710 -1.702477 -2.897124 -0.332909 -0.023220 0.172570 0.926743
-10.603663 -2.242814 -2.607535 -0.335388 -0.036541 0.164570 0.926875
-10.498674 -2.711093 -3.484856 -0.332062 -0.050443 0.155012 0.929065
-11.032209 -2.787108 -4.327211 -0.326378 -0.063763 0.145277 0.931830
-10.893150 -2.651653 -3.346234 -0.319887 -0.078943 0.135069 0.934450
-10.741198 -2.538316 -2.364366 -0.312473 -0.094032 0.124893 0.936974
-10.363610 -2.966995 -3.185135 -0.303610 -0.109445 0.114931 0.939486
-10.444350 -3.243638 -4.142709 -0.294552 -0.126834 0.105285 0.941312
-10.341161 -3.454620 -5.114738 -0.283808 -0.145475 0.096453 0.942861
-11.010265 -3.590329 -5.845411 -0.272384 -0.159248 0.086151 0.945000
-11.736068 -3.818552 -6.494351 -0.261446 -0.175175 0.076050 0.946138
-12.360517 -3.958445 -7.262787 -0.250414 -0.194357 0.066183 0.946117
-13.143701 -3.906559 -7.882408 -0.237503 -0.204236 0.058940 0.947843
-13.938278 -3.869293 -8.488427 -0.223904 -0.211089 0.051841 0.950064
-14.733236 -3.913420 -9.093485 -0.213006 -0.223851 0.044791 0.950007
-15.611420 -3.916151 -9.571799 -0.202845 -0.230516 0.038548 0.950910
-16.498570 -4.044393 -10.015103 -0.193516 -0.245062 0.031484 0.949476
-17.349508 -4.134784 -10.532533 -0.185504 -0.249465 0.025433 0.950110
-18.199955 -4.288076 -11.035766 -0.178985 -0.259918 0.020804 0.948670
-18.966717 -4.385578 -11.670250 -0.173361 -0.265887 0.018718 0.948103
-19.795949 -4.454598 -12.224876 -0.168166 -0.276383 0.017205 0.946064
-20.467331 -4.614360 -12.948562 -0.163258 -0.284373 0.014948 0.944593
-21.201004 -4.705318 -13.621949 -0.159813 -0.288562 0.014779 0.943914
-21.935628 -4.794395 -14.294551 -0.156184 -0.294841 0.013017 0.942606
-22.396267 -4.884422 -15.177561 -0.153589 -0.300168 0.015060 0.941320
-23.133157 -5.080964 -15.824371 -0.153379 -0.301502 0.016743 0.940899
-23.866341 -5.179311 -16.497253 -0.152528 -0.300678 0.018038 0.941277
-24.664152 -5.252889 -17.095654 -0.151419 -0.296091 0.019414 0.942881
-25.367579 -5.427670 -17.784597 -0.151158 -0.298332 0.021227 0.942178
-26.044359 -5.657396 -18.484021 -0.151077 -0.297954 0.022975 0.942269
-26.756322 -5.836005 -19.163144 -0.152818 -0.292419 0.024131 0.943693
-27.453703 -5.862992 -19.879337 -0.152175 -0.285310 0.027900 0.945866
-27.946877 -5.938427 -20.745990 -0.150916 -0.287140 0.031293 0.945408
-28.356106 -5.988234 -21.657062 -0.149959 -0.290200 0.035901 0.944462
-28.832031 -6.092272 -22.530372 -0.149623 -0.290216 0.037420 0.944451
-29.322990 -6.147435 -23.399807 -0.148538 -0.290566 0.040824 0.944373
-29.617621 -6.194643 -24.354251 -0.146557 -0.292936 0.042332 0.943884
-29.990011 -6.152141 -25.281354 -0.143520 -0.293438 0.044623 0.944090
-30.246340 -6.269174 -26.240832 -0.141100 -0.295215 0.045867 0.943841
-30.482388 -6.248230 -27.212348 -0.138000 -0.297596 0.046390 0.943526
-30.801213 -6.284539 -28.159465 -0.135041 -0.299548 0.045173 0.943395
-31.009154 -6.327785 -29.136650 -0.132462 -0.302705 0.045501 0.942737
-31.322239 -6.356976 -30.085927 -0.129464 -0.303264 0.046323 0.942934
-31.527530 -6.376940 -31.064424 -0.126626 -0.307990 0.047108 0.941748
-31.724338 -6.336291 -32.044023 -0.122404 -0.311173 0.049890 0.941116
-32.006348 -6.291751 -33.002400 -0.118198 -0.313576 0.051385 0.940776
-32.379408 -6.308796 -33.930051 -0.115888 -0.314443 0.049741 0.940862
-32.880060 -6.390937 -34.791793 -0.115180 -0.309705 0.050078 0.942501
-33.133142 -6.365468 -35.758903 -0.113336 -0.312614 0.050327 0.941751
-33.255788 -6.269573 -36.746710 -0.109427 -0.314562 0.053321 0.941400
-33.459687 -6.292223 -37.725439 -0.110378 -0.315622 0.052718 0.940968
-33.690070 -6.133647 -38.685532 -0.108176 -0.314838 0.053845 0.941422
-33.912283 -6.085109 -39.659321 -0.109402 -0.314116 0.052406 0.941603
-34.294108 -6.056105 -40.583101 -0.112427 -0.311643 0.052788 0.942047
-34.480612 -5.969042 -41.561689 -0.114763 -0.311383 0.054430 0.941758
-34.769733 -5.872635 -42.514115 -0.118686 -0.310158 0.055838 0.941593
-35.167064 -5.648769 -43.404066 -0.120370 -0.305600 0.059177 0.942665
-35.629579 -5.571162 -44.287274 -0.126521 -0.301204 0.060618 0.943183
-36.014561 -5.456858 -45.203092 -0.133001 -0.297068 0.062693 0.943467
-36.429704 -5.334330 -46.104560 -0.139625 -0.292022 0.064667 0.943953
-36.729326 -5.273088 -47.056650 -0.148953 -0.287992 0.067552 0.943563
-37.144229 -5.207240 -47.964130 -0.158452 -0.280974 0.070346 0.943927
-37.536570 -5.137639 -48.881313 -0.170307 -0.275407 0.074084 0.943217
-37.987607 -4.942724 -49.752274 -0.182879 -0.272767 0.079644 0.941175
-38.437792 -4.838000 -50.639047 -0.195310 -0.267451 0.083177 0.939897
-38.845602 -4.796682 -51.551179 -0.208956 -0.261149 0.087005 0.938386
-39.336819 -4.678869 -52.414212 -0.221636 -0.253282 0.090915 0.937262
-39.911970 -4.492017 -53.210633 -0.231353 -0.240804 0.096401 0.937655
-40.531237 -4.556207 -53.993186 -0.246214 -0.229694 0.098208 0.936469
-41.300027 -4.616904 -54.629799 -0.258960 -0.213873 0.101212 0.936458
-42.266217 -4.598373 -54.886967 -0.270969 -0.207810 0.106076 0.933884
-43.252181 -4.630673 -55.050770 -0.281653 -0.198785 0.109215 0.932324
-44.249042 -4.699798 -55.089360 -0.292927 -0.194418 0.111794 0.929461
-45.203669 -4.824509 -55.359795 -0.303062 -0.175056 0.116360 0.929499
-46.157647 -5.034838 -55.573538 -0.315029 -0.160163 0.118539 0.927929
-47.142648 -5.167404 -55.683997 -0.324889 -0.147833 0.121959 0.926131
-48.128413 -5.324035 -55.745103 -0.334690 -0.141194 0.126822 0.923019
-49.084624 -5.615920 -55.723609 -0.338204 -0.130731 0.131732 0.922591
-50.066227 -5.806848 -55.721749 -0.338252 -0.122383 0.138382 0.922745
-51.039571 -6.031950 -55.677815 -0.337187 -0.119182 0.142299 0.922958
-51.987200 -6.262916 -55.457241 -0.337853 -0.114410 0.147074 0.922570
-52.917435 -6.498577 -55.175944 -0.338140 -0.110533 0.152308 0.922088
-53.817713 -6.770208 -54.835774 -0.336744 -0.109478 0.155701 0.922158
-54.630643 -7.284076 -54.561758 -0.338983 -0.107073 0.163481 0.920272
-55.531955 -7.659155 -54.345074 -0.338538 -0.102108 0.167439 0.920288
-56.374976 -8.129815 -54.084700 -0.338695 -0.100402 0.169943 0.919959
-57.235612 -8.588185 -53.862885 -0.341191 -0.094295 0.167934 0.920052
-58.009166 -9.185321 -53.650650 -0.345646 -0.090289 0.166002 0.919141
-58.714744 -9.817826 -53.331123 -0.344027 -0.098350 0.165708 0.918974
-59.588414 -10.281385 -53.183426 -0.343745 -0.098938 0.168492 0.918510
-60.464749 -10.754414 -53.092430 -0.347664 -0.091955 0.170220 0.917442
-61.306042 -11.268338 -52.924776 -0.347440 -0.097787 0.173317 0.916343
-62.192726 -11.638870 -52.648195 -0.347307 -0.102640 0.173716 0.915787
-63.099483 -12.050402 -52.556364 -0.343690 -0.112521 0.177510 0.915263
-63.849454 -12.703688 -52.452623 -0.348950 -0.117019 0.175942 0.913009
-64.712450 -13.197991 -52.348211 -0.348804 -0.125612 0.175955 0.911919
-65.613804 -13.616376 -52.236343 -0.347207 -0.135519 0.179158 0.910486
-66.471753 -14.115236 -52.113610 -0.338074 -0.142672 0.175534 0.913531
-67.318851 -14.645885 -52.142515 -0.324349 -0.152729 0.173026 0.917351
-68.223094 -15.057451 -52.028682 -0.308335 -0.164753 0.173582 0.920682
-69.121884 -15.475295 -51.896079 -0.295576 -0.171173 0.168859 0.924565
-69.973488 -15.997169 -51.846919 -0.279515 -0.182805 0.169109 0.927284
-70.851364 -16.470524 -51.774326 -0.262788 -0.194204 0.166047 0.930406
-71.760985 -16.870353 -51.661510 -0.244814 -0.209955 0.164289 0.932199
-72.698400 -17.157614 -51.464703 -0.225168 -0.224584 0.165185 0.933582
-71.854230 -16.626764 -51.390038 -0.196394 -0.263870 0.168309 0.929233
-72.777486 -16.943355 -51.172394 -0.176755 -0.279319 0.172772 0.927841
-73.542143 -17.562730 -51.350363 -0.157272 -0.296263 0.175353 0.925605
-74.462150 -17.749520 -51.005837 -0.138999 -0.307090 0.181185 0.923876
-75.443876 -17.884190 -50.871384 -0.121705 -0.317056 0.184175 0.922357
-76.064624 -18.466087 -51.396806 -0.110939 -0.321660 0.188627 0.921221
-75.710705 -18.302398 -52.317646 -0.097288 -0.332033 0.191222 0.918544
-76.412815 -18.803104 -51.811352 -0.085426 -0.340168 0.194717 0.916009
-77.341776 -18.510614 -51.584455 -0.072695 -0.345303 0.203237 0.913332
-78.028566 -19.086782 -51.141340 -0.065679 -0.347974 0.205582 0.912325
-78.836071 -19.565343 -50.796498 -0.059753 -0.348428 0.207701 0.912079
-79.348061 -20.159871 -50.176497 -0.055813 -0.348634 0.207250 0.912352
-80.118550 -20.674265 -49.800005 -0.053720 -0.343616 0.206288 0.914597
-80.756326 -21.037233 -49.120670 -0.053235 -0.339726 0.204926 0.916383
-81.550360 -21.439751 -48.665161 -0.055060 -0.331538 0.202754 0.919751
-82.227760 -22.037179 -48.235965 -0.059622 -0.322020 0.197414 0.924000
-83.092198 -22.431832 -47.924523 -0.065661 -0.310047 0.195467 0.928091
-83.789275 -22.488814 -47.209795 -0.072153 -0.298763 0.194033 0.931604
-82.982157 -22.081761 -47.637426 -0.081103 -0.284970 0.188518 0.936310
-83.555123 -22.322276 -46.853932 -0.090977 -0.269759 0.185040 0.940592
-84.090493 -22.807190 -46.162385 -0.102926 -0.251991 0.180941 0.945075
-84.151717 -22.627961 -45.180484 -0.113317 -0.234061 0.177846 0.949076
-84.354831 -22.267679 -44.270022 -0.125106 -0.215173 0.176753 0.952264
-83.835937 -22.252642 -43.415315 -0.139407 -0.196278 0.171481 0.955319
-83.422787 -22.171751 -42.508252 -0.153778 -0.176418 0.165850 0.957978
-83.205007 -22.025328 -41.543300 -0.167448 -0.157744 0.160808 0.959802
-83.161147 -21.913074 -40.550589 -0.181683 -0.137787 0.153574 0.961468
-82.786124 -21.824096 -39.627854 -0.196416 -0.121576 0.144964 0.962094
-82.170958 -21.842134 -38.839663 -0.210515 -0.107449 0.139368 0.961621
-81.889920 -21.805192 -37.880678 -0.224034 -0.092903 0.133648 0.960893
-81.374275 -21.777494 -37.024323 -0.237245 -0.082460 0.126206 0.959681
-80.830802 -21.609477 -36.201883 -0.248045 -0.075041 0.118190 0.958579
-80.382881 -21.473962 -35.318139 -0.258840 -0.069232 0.108659 0.957289
-79.809859 -21.356894 -34.507004 -0.268369 -0.067456 0.102291 0.955492
-79.211065 -21.228584 -33.716446 -0.277420 -0.069921 0.093806 0.953598
-78.749301 -21.426629 -32.851835 -0.288281 -0.069677 0.087260 0.951013
-78.314274 -21.197036 -31.981180 -0.293791 -0.070459 0.079852 0.949919
-77.851026 -21.035368 -31.109823 -0.298976 -0.072552 0.074009 0.948616
-77.539048 -20.965585 -30.162300 -0.304440 -0.073736 0.068053 0.947232
-77.083592 -20.747672 -29.299123 -0.306846 -0.078181 0.063808 0.946394
-76.712235 -20.628565 -28.378304 -0.310293 -0.081739 0.058988 0.945282
-76.367630 -20.527431 -27.445020 -0.311844 -0.086446 0.054131 0.944643
-76.144714 -20.424012 -26.475683 -0.309786 -0.087168 0.054922 0.945208
-75.927477 -20.296646 -25.507909 -0.305644 -0.089441 0.054899 0.946345
-75.938505 -20.412757 -24.514734 -0.305655 -0.089255 0.054537 0.946380
-76.232125 -20.620279 -23.581609 -0.304535 -0.085648 0.056898 0.946935
-76.593966 -20.822764 -22.671626 -0.303964 -0.081760 0.061443 0.947178
-77.054604 -21.049226 -21.813414 -0.304257 -0.075892 0.064985 0.947336
-77.579765 -21.509814 -21.097827 -0.309745 -0.068659 0.074161 0.945433
-78.209431 -21.757425 -20.361478 -0.310199 -0.057246 0.082945 0.945315
-78.787791 -22.133588 -19.637598 -0.315935 -0.041473 0.092369 0.943363
-79.206974 -22.501933 -18.807775 -0.321343 -0.025250 0.108824 0.940350
-79.541731 -22.659264 -17.878697 -0.318823 -0.006400 0.123752 0.939679
-79.820059 -22.852268 -16.937803 -0.316470 0.017801 0.141048 0.937889
-79.965451 -22.922566 -15.950929 -0.312959 0.044402 0.159977 0.935143
-80.075025 -23.111455 -14.975063 -0.313113 0.073635 0.180857 0.929424
-80.141088 -23.180220 -13.979620 -0.310501 0.102933 0.200126 0.923549
-80.141687 -23.234836 -12.981113 -0.306162 0.133930 0.222981 0.915755
-80.162044 -23.366420 -11.990017 -0.302564 0.166458 0.245712 0.905744
-80.153634 -23.445836 -10.993211 -0.297495 0.198803 0.267793 0.894573
-80.191374 -23.512812 -9.996170 -0.290883 0.231375 0.288747 0.882314
-80.195513 -23.508262 -8.996189 -0.283932 0.263485 0.310573 0.868045
-80.208184 -23.636384 -8.004511 -0.278858 0.296190 0.330797 0.851518
-80.197620 -23.747822 -7.010796 -0.274854 0.327388 0.348048 0.834347
-80.232658 -24.037379 -6.054277 -0.272752 0.359174 0.367429 0.813386
-80.169735 -24.096627 -5.058019 -0.267372 0.385310 0.383760 0.795473
-80.059826 -24.175568 -4.067217 -0.262851 0.407842 0.398613 0.778256
-79.833772 -24.064271 -3.099481 -0.257374 0.427182 0.410846 0.763204
-79.767356 -24.177046 -2.108083 -0.254604 0.445103 0.422030 0.747630
-79.637212 -24.154899 -1.116835 -0.251241 0.458420 0.430046 0.736063
-79.260881 -24.148196 -0.190374 -0.251106 0.465130 0.438425 0.726900
-78.860300 -24.254516 0.719698 -0.254652 0.470572 0.445945 0.717529
-78.302637 -24.179558 1.546374 -0.257199 0.466837 0.450767 0.716045
-77.788062 -24.075248 2.397451 -0.261688 0.462469 0.451292 0.716922
-77.152218 -23.915092 3.152470 -0.266251 0.453678 0.448760 0.722427
-76.640032 -23.747076 3.994749 -0.269459 0.445449 0.440322 0.731494
-75.936510 -23.562601 4.681063 -0.272726 0.431029 0.434063 0.742579
-75.312859 -23.309185 5.420549 -0.275860 0.417238 0.422655 0.755762
-74.554856 -23.192629 6.062301 -0.281962 0.396865 0.415213 0.768501
-73.622414 -22.836806 6.125097 -0.288562 0.349622 0.403840 0.794613
-72.939686 -22.750976 6.850711 -0.294805 0.324424 0.393636 0.808016
-72.320278 -22.636273 7.627355 -0.301127 0.298233 0.380968 0.821732
-71.678509 -22.463662 8.374575 -0.306302 0.268178 0.367893 0.836011
-71.067952 -22.381066 9.162229 -0.310336 0.237936 0.354750 0.849253
-70.524747 -22.409706 10.001340 -0.317818 0.207718 0.340610 0.860133
-69.958530 -22.356253 10.823862 -0.319375 0.175919 0.330323 0.870597
-69.599679 -22.612168 11.721488 -0.323185 0.149620 0.320718 0.877671
-69.072531 -22.540641 12.568246 -0.318417 0.116662 0.309375 0.888418
-68.645602 -22.557184 13.472380 -0.313422 0.086882 0.301535 0.896267
-68.315726 -22.523174 14.415791 -0.303322 0.060236 0.292023 0.905036
-68.052011 -22.528662 15.380376 -0.289733 0.037647 0.283969 0.913235
-67.771922 -22.572885 16.339331 -0.274985 0.015959 0.279889 0.919669
-67.646025 -22.670761 17.326534 -0.257102 -0.002115 0.268737 0.928264
-67.461160 -22.763157 18.304945 -0.234903 -0.018919 0.262794 0.935629
-67.238588 -22.864202 19.274611 -0.210611 -0.033981 0.258765 0.942088
-66.977384 -23.075752 20.216428 -0.187104 -0.045166 0.253175 0.948079
-66.480007 -23.170907 21.078728 -0.161220 -0.057992 0.249418 0.953119
-65.919491 -23.280953 21.899528 -0.135249 -0.067117 0.246976 0.957186
-65.388295 -23.230785 22.745290 -0.105363 -0.067668 0.243811 0.961705
-64.592418 -23.157266 23.346268 -0.076273 -0.069287 0.242760 0.964598
-63.706242 -23.143733 23.809420 -0.049286 -0.075984 0.237155 0.967241
-62.829691 -23.011930 24.272330 -0.020419 -0.078079 0.232909 0.969144
-61.915741 -22.702934 24.535420 0.009485 -0.079447 0.229328 0.970055
-60.982958 -22.485718 24.823056 0.037331 -0.087712 0.222941 0.970160
-60.050683 -22.393936 25.172968 0.061420 -0.090869 0.217785 0.969814
-59.153224 -22.029882 25.422032 0.087256 -0.088498 0.215050 0.968663
-58.192878 -21.751999 25.444733 0.104662 -0.077062 0.215390 0.967840
-57.298613 -21.311275 25.522530 0.120808 -0.068393 0.211666 0.967432
-56.463993 -20.772507 25.637160 0.138671 -0.065561 0.204380 0.966799
-55.681561 -20.206848 25.376718 0.148026 -0.056495 0.199217 0.967062
-55.028210 -19.491167 25.129872 0.158332 -0.053635 0.191613 0.967129
-54.570676 -18.624524 24.930892 0.169925 -0.051144 0.180783 0.967382
-54.154153 -17.926557 24.348354 0.172221 -0.048365 0.170772 0.968936
-53.945243 -17.207831 23.685187 0.174742 -0.044262 0.160761 0.970393
-53.929721 -16.807103 22.769122 0.174001 -0.041365 0.148847 0.972552
-54.195445 -16.886676 21.808363 0.171745 -0.038900 0.135077 0.975061
-54.485665 -16.915981 20.851851 0.165676 -0.035614 0.122112 0.977943
-54.727943 -16.934021 19.881812 0.155314 -0.031732 0.108364 0.981391
-55.050249 -16.874552 18.937047 0.144330 -0.026815 0.094062 0.984684
-55.335870 -16.802428 17.981422 0.132463 -0.023378 0.081255 0.987575
-55.501976 -16.775621 16.995678 0.117046 -0.021154 0.066621 0.990664
-55.809492 -16.688553 16.048127 0.102192 -0.016276 0.052871 0.993225
-56.099208 -16.512880 15.107275 0.088730 -0.012865 0.038282 0.995237
-56.423881 -16.384043 14.170264 0.072395 -0.009006 0.024023 0.997046
-56.572150 -16.281478 13.186650 0.054973 -0.009464 0.012082 0.998370
-56.824989 -16.133670 12.230499 0.039608 -0.006995 -0.001952 0.999189
-57.145187 -16.043183 11.287480 0.023240 -0.003307 -0.015943 0.999597
-57.233150 -15.956748 10.295113 0.008414 -0.006495 -0.027566 0.999563
-57.493311 -15.911681 9.330600 -0.007185 -0.004069 -0.039434 0.999188
-57.703246 -15.882515 8.353320 -0.021443 -0.004651 -0.048900 0.998563
-57.905423 -15.965835 7.377521 -0.036166 -0.005063 -0.057037 0.997704
-58.112775 -15.960796 6.399268 -0.046017 -0.004996 -0.063709 0.996895
-58.356985 -15.905485 5.431124 -0.055435 -0.003809 -0.065391 0.996311
-58.612266 -15.917694 4.464335 -0.062213 -0.002411 -0.067265 0.995791
-58.853562 -16.046818 3.502512 -0.069535 -0.001665 -0.066509 0.995359
-59.109041 -16.244267 2.556074 -0.071148 -0.002621 -0.063461 0.995442
-59.374684 -16.422250 1.608574 -0.072597 -0.002915 -0.063379 0.995341
-59.636339 -16.522328 0.648615 -0.071533 -0.003723 -0.063027 0.995438
-59.995212 -16.555219 -0.284191 -0.070868 -0.004130 -0.062048 0.995545
-60.386555 -16.437316 -1.196852 -0.068725 -0.005190 -0.062098 0.995688
-60.759602 -16.303749 -2.115000 -0.065516 -0.006214 -0.062427 0.995877
-61.042883 -16.383162 -3.070744 -0.060712 -0.006279 -0.061709 0.996226
-61.227543 -16.771724 -3.973473 -0.057737 -0.006630 -0.065039 0.996189
-61.320768 -16.991859 -4.944477 -0.049837 -0.008016 -0.066859 0.996485
-61.916325 -17.028593 -5.746950 -0.045636 -0.010063 -0.067296 0.996638
-62.593241 -16.976650 -6.481175 -0.039976 -0.008699 -0.067727 0.996865
-62.952285 -17.019109 -7.413529 -0.035672 -0.009554 -0.068197 0.996988
-63.095810 -17.242272 -8.377686 -0.030181 -0.011912 -0.063205 0.997473
-63.355732 -17.307906 -9.341083 -0.025008 -0.010212 -0.063644 0.997607
-63.517675 -17.359855 -10.326515 -0.019187 -0.012622 -0.063134 0.997741
-63.696329 -17.248768 -11.304135 -0.015458 -0.012253 -0.062809 0.997831
-63.787030 -17.127505 -12.292603 -0.013346 -0.010704 -0.062699 0.997886
-63.732892 -16.994383 -13.282223 -0.010560 -0.012280 -0.060141 0.998058
-63.745734 -16.863660 -14.273559 -0.009404 -0.010333 -0.058896 0.998166
-63.673996 -16.761159 -15.265702 -0.009034 -0.008986 -0.057643 0.998256
-63.510399 -16.620916 -16.242210 -0.007949 -0.011499 -0.057969 0.998221
-63.275740 -16.440153 -17.197333 -0.005334 -0.016549 -0.059044 0.998104
-63.228105 -16.260017 -18.179820 -0.006503 -0.014412 -0.059932 0.998077
-63.044666 -16.074460 -19.145180 -0.007215 -0.015939 -0.059630 0.998067
-62.980310 -15.835904 -20.114174 -0.006986 -0.015867 -0.060710 0.998005
-62.893152 -15.572021 -21.074782 -0.007863 -0.014563 -0.061379 0.997977
-62.865237 -15.209778 -22.006448 -0.010092 -0.014117 -0.061735 0.997942
-63.034206 -15.041440 -22.977587 -0.013910 -0.013754 -0.059928 0.998011
