-3.023118734359741211e+00 -4.708798408508300781e+00 4.827969372272491455e-01 -0.000000000000000000e+00 -0.000000000000000000e+00 -3.453167155385017395e-02 9.994035959243774414e-01
-2.782864809036254883e+00 -4.753382682800292969e+00 4.332295060157775879e-01 -9.987838566303253174e-03 -1.155706029385328293e-02 -3.917175158858299255e-02 9.991157054901123047e-01
-2.543195724487304688e+00 -4.759846687316894531e+00 3.652160465717315674e-01 -2.091255970299243927e-02 -2.424483560025691986e-02 -4.459248110651969910e-02 9.984920024871826172e-01
-2.322780609130859375e+00 -4.695336341857910156e+00 2.683134377002716064e-01 -3.260397911071777344e-02 -3.785758092999458313e-02 -5.064883828163146973e-02 9.974660873413085938e-01
-2.127285003662109375e+00 -4.582745552062988281e+00 1.570114046335220337e-01 -4.489035904407501221e-02 -5.218862742185592651e-02 -5.719608068466186523e-02 9.959869384765625000e-01
-1.933769464492797852e+00 -4.463129043579101562e+00 4.701888933777809143e-02 -5.759913474321365356e-02 -6.703009456396102905e-02 -6.408929079771041870e-02 9.940230846405029297e-01
-1.721345186233520508e+00 -4.365960597991943359e+00 -5.087402090430259705e-02 -7.055766135454177856e-02 -8.217383176088333130e-02 -7.118418812751770020e-02 9.915653467178344727e-01
-1.492192387580871582e+00 -4.296086788177490234e+00 -1.368243396282196045e-01 -8.359365910291671753e-02 -9.741259366273880005e-02 -7.833806425333023071e-02 9.886283874511718750e-01
-1.259602069854736328e+00 -4.234765052795410156e+00 -2.233526557683944702e-01 -9.653697907924652100e-02 -1.125405505299568176e-01 -8.540965616703033447e-02 9.852514266967773438e-01
-1.032182574272155762e+00 -4.165843963623046875e+00 -3.203683495521545410e-01 -1.092186570167541504e-01 -1.273546963930130005e-01 -9.225950390100479126e-02 9.814990162849426270e-01
-8.091186285018920898e-01 -4.084047794342041016e+00 -4.208576977252960205e-01 -1.214734390377998352e-01 -1.416553705930709839e-01 -9.875185042619705200e-02 9.774589538574218750e-01
-5.826733112335205078e-01 -3.992501735687255859e+00 -5.078706145286560059e-01 -1.331387758255004883e-01 -1.552466303110122681e-01 -1.047528311610221863e-01 9.732418060302734375e-01
-3.500659167766571045e-01 -3.894226551055908203e+00 -5.723869204521179199e-01 -1.440563797950744629e-01 -1.679378747940063477e-01 -1.101320758461952209e-01 9.689765572547912598e-01
-1.123266592621803284e-01 -3.792413949966430664e+00 -6.144984364509582520e-01 -1.540720313787460327e-01 -1.795414835214614868e-01 -1.147624626755714417e-01 9.648089408874511719e-01
1.293066442012786865e-01 -3.688863515853881836e+00 -6.329823136329650879e-01 -1.630338132381439209e-01 -1.898749917745590210e-01 -1.185180768370628357e-01 9.608958959579467773e-01
3.728662133216857910e-01 -3.584762573242187500e+00 -6.386948823928833008e-01 -1.707940101623535156e-01 -1.987591832876205444e-01 -1.212761700153350830e-01 9.574007987976074219e-01
6.179003715515136719e-01 -3.480453491210937500e+00 -6.356872320175170898e-01 -1.772056967020034790e-01 -2.060158997774124146e-01 -1.229134947061538696e-01 9.544882774353027344e-01
8.643066287040710449e-01 -3.376201629638671875e+00 -6.260845661163330078e-01 -1.821224391460418701e-01 -2.114684879779815674e-01 -1.233065575361251831e-01 9.523171782493591309e-01
1.112192392349243164e+00 -3.272184133529663086e+00 -6.133773922920227051e-01 -1.853971183300018311e-01 -2.149383127689361572e-01 -1.223304867744445801e-01 9.510334730148315430e-01
1.361970186233520508e+00 -3.168902873992919922e+00 -6.014658808708190918e-01 -1.868793666362762451e-01 -2.162429839372634888e-01 -1.198561564087867737e-01 9.507626891136169434e-01
1.613835453987121582e+00 -3.066279888153076172e+00 -5.991056561470031738e-01 -1.864131689071655273e-01 -2.151940166950225830e-01 -1.157495379447937012e-01 9.516005516052246094e-01
1.869433522224426270e+00 -2.954111814498901367e+00 -6.131532192230224609e-01 -1.838939040899276733e-01 -2.116629481315612793e-01 -1.099240407347679138e-01 9.535715579986572266e-01
2.127250909805297852e+00 -2.828859806060791016e+00 -6.271643042564392090e-01 -1.794376969337463379e-01 -2.057831436395645142e-01 -1.025016456842422485e-01 9.565295577049255371e-01
2.390759229660034180e+00 -2.697940111160278320e+00 -6.377992033958435059e-01 -1.732138842344284058e-01 -1.977510303258895874e-01 -9.365551173686981201e-02 9.602708816528320312e-01
2.661281585693359375e+00 -2.564364194869995117e+00 -6.477740406990051270e-01 -1.653908193111419678e-01 -1.877622008323669434e-01 -8.355936408042907715e-02 9.645771384239196777e-01
2.939584970474243164e+00 -2.429847955703735352e+00 -6.582089066505432129e-01 -1.561381667852401733e-01 -1.760139763355255127e-01 -7.238796353340148926e-02 9.692265391349792480e-01
3.226481914520263672e+00 -2.296298742294311523e+00 -6.700793504714965820e-01 -1.456289440393447876e-01 -1.627075523138046265e-01 -6.032024323940277100e-02 9.740020036697387695e-01
3.522072792053222656e+00 -2.164180517196655273e+00 -6.834126114845275879e-01 -1.340413540601730347e-01 -1.480509787797927856e-01 -4.753766953945159912e-02 9.787002205848693848e-01
3.823610782623291016e+00 -2.027513265609741211e+00 -6.953082084655761719e-01 -1.215593889355659485e-01 -1.322584599256515503e-01 -3.422646224498748779e-02 9.831376671791076660e-01
4.124479770660400391e+00 -1.873160362243652344e+00 -6.994030475616455078e-01 -1.083726212382316589e-01 -1.155518144369125366e-01 -2.057583443820476532e-02 9.871574640274047852e-01
4.412595272064208984e+00 -1.684411406517028809e+00 -6.864218115806579590e-01 -9.467768669128417969e-02 -9.815967082977294922e-02 -6.779045797884464264e-03 9.906335473060607910e-01
4.686787128448486328e+00 -1.467340350151062012e+00 -6.510339379310607910e-01 -8.067508041858673096e-02 -8.031665533781051636e-02 6.969766691327095032e-03 9.934748411178588867e-01
4.966159343719482422e+00 -1.251202344894409180e+00 -5.909519791603088379e-01 -6.657078862190246582e-02 -6.226229295134544373e-02 2.047482691705226898e-02 9.956266283988952637e-01
5.263730525970458984e+00 -1.045414090156555176e+00 -5.400543212890625000e-01 -5.257290601730346680e-02 -4.423958063125610352e-02 3.354084491729736328e-02 9.970726966857910156e-01
5.552636623382568359e+00 -8.125275373458862305e-01 -5.689902901649475098e-01 -3.889133036136627197e-02 -2.649253420531749725e-02 4.597402364015579224e-02 9.978336691856384277e-01
5.807055473327636719e+00 -5.359440445899963379e-01 -6.211971640586853027e-01 -2.573603950440883636e-02 -9.265205822885036469e-03 5.758304148912429810e-02 9.979659914970397949e-01
6.004565238952636719e+00 -2.078832983970642090e-01 -5.918946862220764160e-01 -1.331633608788251877e-02 7.200594060122966766e-03 6.817986816167831421e-02 9.975581765174865723e-01
6.149545669555664062e+00 1.403361409902572632e-01 -4.796392619609832764e-01 -1.839188975282013416e-03 2.266575768589973450e-02 7.758009433746337891e-02 9.967268109321594238e-01
6.313061237335205078e+00 4.932157695293426514e-01 -3.803758025169372559e-01 8.491505868732929230e-03 3.689553961157798767e-02 8.560283482074737549e-02 9.956097602844238281e-01
6.529572486877441406e+00 8.386211991310119629e-01 -3.432099819183349609e-01 1.747391372919082642e-02 4.965938627719879150e-02 9.207028150558471680e-02 9.943599104881286621e-01
6.805234432220458984e+00 1.151925325393676758e+00 -3.507528603076934814e-01 2.490948513150215149e-02 6.073060259222984314e-02 9.680655598640441895e-02 9.931363463401794434e-01
7.139389514923095703e+00 1.413606882095336914e+00 -3.748765587806701660e-01 3.065918385982513428e-02 6.994587182998657227e-02 9.970249980688095093e-02 9.920821189880371094e-01
7.521696567535400391e+00 1.615446090698242188e+00 -4.002470374107360840e-01 3.481528908014297485e-02 7.738064229488372803e-02 1.009118109941482544e-01 9.912703037261962891e-01
7.938474178314208984e+00 1.757295131683349609e+00 -4.185618460178375244e-01 3.752747178077697754e-02 8.316899091005325317e-02 1.006515249609947205e-01 9.907289147377014160e-01
8.377077102661132812e+00 1.851217865943908691e+00 -4.286227226257324219e-01 3.894494473934173584e-02 8.744361996650695801e-02 9.913598746061325073e-02 9.904589653015136719e-01
8.829120635986328125e+00 1.914869308471679688e+00 -4.341273307800292969e-01 3.921628743410110474e-02 9.033589810132980347e-02 9.657758474349975586e-02 9.904414415359497070e-01
9.291645050048828125e+00 1.956849932670593262e+00 -4.372288286685943604e-01 3.848958015441894531e-02 9.197641164064407349e-02 9.318711608648300171e-02 9.906436800956726074e-01
9.763266563415527344e+00 1.982856392860412598e+00 -4.395399391651153564e-01 3.691261261701583862e-02 9.249465167522430420e-02 8.917458355426788330e-02 9.910247921943664551e-01
1.024333477020263672e+01 1.996789455413818359e+00 -4.424606263637542725e-01 3.463298454880714417e-02 9.201996773481369019e-02 8.474958688020706177e-02 9.915394186973571777e-01
1.073152542114257812e+01 2.001345396041870117e+00 -4.476124346256256104e-01 3.179830685257911682e-02 9.068161994218826294e-02 8.012171834707260132e-02 9.921422600746154785e-01
1.122767066955566406e+01 1.999841213226318359e+00 -4.566040039062500000e-01 2.855629287660121918e-02 8.860901743173599243e-02 7.550092786550521851e-02 9.927903413772583008e-01
1.171501445770263672e+01 1.994632482528686523e+00 -4.702920317649841309e-01 2.505482174456119537e-02 8.593210577964782715e-02 7.109758257865905762e-02 9.934449791908264160e-01
1.219356155395507812e+01 1.987062931060791016e+00 -4.882546961307525635e-01 2.144193649291992188e-02 8.278090506792068481e-02 6.712260842323303223e-02 9.940735101699829102e-01
1.266333961486816406e+01 1.978541493415832520e+00 -5.101820230484008789e-01 1.786581985652446747e-02 7.928607612848281860e-02 6.378733366727828979e-02 9.946484565734863281e-01
1.312438678741455078e+01 1.970866084098815918e+00 -5.361631512641906738e-01 1.447471883147954941e-02 7.557849586009979248e-02 6.130360066890716553e-02 9.951484203338623047e-01
1.357672119140625000e+01 1.966939687728881836e+00 -5.664556622505187988e-01 1.141691301017999649e-02 7.178941369056701660e-02 5.988342314958572388e-02 9.955551028251647949e-01
1.402028274536132812e+01 1.971069335937500000e+00 -6.010592579841613770e-01 8.840652182698249817e-03 6.804994493722915649e-02 5.973900482058525085e-02 9.958525300025939941e-01
1.445431613922119141e+01 1.993365406990051270e+00 -6.420158147811889648e-01 6.894128862768411636e-03 6.449101120233535767e-02 6.108246743679046631e-02 9.960232973098754883e-01
1.487654972076416016e+01 2.043377399444580078e+00 -6.923339962959289551e-01 5.725451745092868805e-03 6.124324351549148560e-02 6.412563472986221313e-02 9.960443377494812012e-01
1.528447246551513672e+01 2.123384952545166016e+00 -7.503973245620727539e-01 5.482610780745744705e-03 5.843671783804893494e-02 6.907968968152999878e-02 9.958830475807189941e-01
1.569619369506835938e+01 2.123817682266235352e+00 -7.511284947395324707e-01 6.313447374850511551e-03 5.620054528117179871e-02 7.615455985069274902e-02 9.954909086227416992e-01
1.609879875183105469e+01 2.100266695022583008e+00 -7.380207777023315430e-01 8.324526250362396240e-03 5.463441088795661926e-02 8.549038320779800415e-02 9.948050379753112793e-01
1.648818969726562500e+01 2.042387723922729492e+00 -7.063400149345397949e-01 1.145817339420318604e-02 5.372371897101402283e-02 9.695274382829666138e-02 9.937719106674194336e-01
1.685356903076171875e+01 1.927589058876037598e+00 -6.586884856224060059e-01 1.561518013477325439e-02 5.342466756701469421e-02 1.103368923068046570e-01 9.923344850540161133e-01
1.718475723266601562e+01 1.754692912101745605e+00 -6.063966155052185059e-01 2.069546282291412354e-02 5.369341373443603516e-02 1.254357099533081055e-01 9.904315471649169922e-01
1.748123550415039062e+01 1.541731238365173340e+00 -5.562147498130798340e-01 2.659806050360202789e-02 5.448533222079277039e-02 1.420396417379379272e-01 9.880023598670959473e-01
1.775224494934082031e+01 1.310008168220520020e+00 -5.092161297798156738e-01 3.322092443704605103e-02 5.575620383024215698e-02 1.599369645118713379e-01 9.849912524223327637e-01
1.800568389892578125e+01 1.071732759475708008e+00 -4.643366932868957520e-01 4.046108573675155640e-02 5.746117979288101196e-02 1.789145767688751221e-01 9.813515543937683105e-01
1.824466705322265625e+01 8.313766121864318848e-01 -4.207478165626525879e-01 4.821477830410003662e-02 5.955608934164047241e-02 1.987581551074981689e-01 9.770484566688537598e-01
1.847126960754394531e+01 5.916513204574584961e-01 -3.775100708007812500e-01 5.637770146131515503e-02 6.199695542454719543e-02 2.192535549402236938e-01 9.720626473426818848e-01
1.868350982666015625e+01 3.518784940242767334e-01 -3.314884901046752930e-01 6.484550237655639648e-02 6.474030017852783203e-02 2.401876002550125122e-01 9.663921594619750977e-01
1.885392570495605469e+01 9.535323828458786011e-02 -2.770240604877471924e-01 7.351402193307876587e-02 6.774367392063140869e-02 2.613490819931030273e-01 9.600536823272705078e-01
1.899388694763183594e+01 -1.745423823595046997e-01 -2.370439022779464722e-01 8.228010684251785278e-02 7.096549868583679199e-02 2.825303971767425537e-01 9.530847072601318359e-01
1.912807083129882812e+01 -4.414993226528167725e-01 -2.085810750722885132e-01 9.104192256927490234e-02 7.436545938253402710e-02 3.035286962985992432e-01 9.455429911613464355e-01
1.923375892639160156e+01 -7.140392661094665527e-01 -1.908178627490997314e-01 9.969951212406158447e-02 7.790504395961761475e-02 3.241474330425262451e-01 9.375069141387939453e-01
1.927900886535644531e+01 -9.952553510665893555e-01 -2.034452706575393677e-01 1.081552803516387939e-01 8.154758810997009277e-02 3.441971838474273682e-01 9.290751218795776367e-01
1.930204582214355469e+01 -1.264796257019042969e+00 -2.731808423995971680e-01 1.163145750761032104e-01 8.525799959897994995e-02 3.634951710700988770e-01 9.203658103942871094e-01
1.934653282165527344e+01 -1.515250086784362793e+00 -3.757449388504028320e-01 1.240856647491455078e-01 8.900357037782669067e-02 3.818685412406921387e-01 9.115138649940490723e-01
1.939581489562988281e+01 -1.756693840026855469e+00 -4.816364943981170654e-01 1.313802003860473633e-01 9.275361150503158569e-02 3.991515636444091797e-01 9.026705026626586914e-01
1.942876434326171875e+01 -2.000458955764770508e+00 -5.685705542564392090e-01 1.381127834320068359e-01 9.647987037897109985e-02 4.151884019374847412e-01 8.939994573593139648e-01
1.940935516357421875e+01 -2.249920368194580078e+00 -6.130361557006835938e-01 1.442014276981353760e-01 1.001557856798171997e-01 4.298294782638549805e-01 8.856756687164306641e-01
1.937345695495605469e+01 -2.493796825408935547e+00 -6.425407528877258301e-01 1.435073316097259521e-01 1.006913334131240845e-01 4.436778128147125244e-01 8.788724541664123535e-01
1.933224487304687500e+01 -2.731242418289184570e+00 -6.674124002456665039e-01 1.428324133157730103e-01 1.012960374355316162e-01 4.560312926769256592e-01 8.725672364234924316e-01
1.928970718383789062e+01 -2.962559223175048828e+00 -6.903152465820312500e-01 1.421518921852111816e-01 1.019931361079216003e-01 4.669746458530426025e-01 8.667899966239929199e-01
1.924586868286132812e+01 -3.187708139419555664e+00 -7.113366723060607910e-01 1.414459198713302612e-01 1.027982905507087708e-01 4.765887856483459473e-01 8.615617156028747559e-01
1.920275878906250000e+01 -3.406957864761352539e+00 -7.316561937332153320e-01 1.406994760036468506e-01 1.037209928035736084e-01 4.849507212638854980e-01 8.568946123123168945e-01
1.915932083129882812e+01 -3.620139360427856445e+00 -7.507234215736389160e-01 1.399023979902267456e-01 1.047653853893280029e-01 4.921329617500305176e-01 8.527933955192565918e-01
1.911696243286132812e+01 -3.827465057373046875e+00 -7.692472934722900391e-01 1.390492767095565796e-01 1.059306412935256958e-01 4.982048571109771729e-01 8.492560386657714844e-01
1.907542419433593750e+01 -4.028880596160888672e+00 -7.871102690696716309e-01 1.381390243768692017e-01 1.072119623422622681e-01 5.032311081886291504e-01 8.462750911712646484e-01
1.903438377380371094e+01 -4.224319458007812500e+00 -8.041680455207824707e-01 1.371748894453048706e-01 1.086005568504333496e-01 5.072734951972961426e-01 8.438379764556884766e-01
1.899450111389160156e+01 -4.413883209228515625e+00 -8.206943869590759277e-01 1.361639350652694702e-01 1.100840866565704346e-01 5.103906393051147461e-01 8.419277071952819824e-01
1.895579147338867188e+01 -4.597561359405517578e+00 -8.366891145706176758e-01 1.351166814565658569e-01 1.116470396518707275e-01 5.126380920410156250e-01 8.405239582061767578e-01
1.891810989379882812e+01 -4.775318622589111328e+00 -8.520767092704772949e-01 1.340468525886535645e-01 1.132707521319389343e-01 5.140694379806518555e-01 8.396034836769104004e-01
1.888130378723144531e+01 -4.947112083435058594e+00 -8.667669296264648438e-01 1.329709440469741821e-01 1.149335801601409912e-01 5.147360563278198242e-01 8.391398787498474121e-01
1.884571266174316406e+01 -5.112985610961914062e+00 -8.809340000152587891e-01 1.319077759981155396e-01 1.166108697652816772e-01 5.146881937980651855e-01 8.391055464744567871e-01
1.881134223937988281e+01 -5.272923469543457031e+00 -8.945779204368591309e-01 1.308782249689102173e-01 1.182752400636672974e-01 5.139752030372619629e-01 8.394708633422851562e-01
1.877819252014160156e+01 -5.426912784576416016e+00 -9.076989293098449707e-01 1.299043744802474976e-01 1.198968067765235901e-01 5.126461386680603027e-01 8.402043581008911133e-01
1.874627876281738281e+01 -5.574938774108886719e+00 -9.202970862388610840e-01 1.290095150470733643e-01 1.214429289102554321e-01 5.107500553131103516e-01 8.412742614746093750e-01
1.871539497375488281e+01 -5.716949939727783203e+00 -9.322291612625122070e-01 1.282173991203308105e-01 1.228787600994110107e-01 5.083373188972473145e-01 8.426472544670104980e-01
1.868571662902832031e+01 -5.852960109710693359e+00 -9.436172246932983398e-01 1.275517940521240234e-01 1.241670623421669006e-01 5.054590106010437012e-01 8.442892432212829590e-01
1.865729904174804688e+01 -5.982957839965820312e+00 -9.544913768768310547e-01 1.270361095666885376e-01 1.252689510583877563e-01 5.021684169769287109e-01 8.461656570434570312e-01
1.863084983825683594e+01 -6.107105731964111328e+00 -9.628951549530029297e-01 1.196103319525718689e-01 1.219926923513412476e-01 4.995587170124053955e-01 8.492656946182250977e-01
1.860570716857910156e+01 -6.225203514099121094e+00 -9.705982804298400879e-01 1.116572022438049316e-01 1.181894615292549133e-01 4.967327713966369629e-01 8.525376915931701660e-01
1.858185958862304688e+01 -6.337230682373046875e+00 -9.776303172111511230e-01 1.032679006457328796e-01 1.139580458402633667e-01 4.937373697757720947e-01 8.559045791625976562e-01
1.855930709838867188e+01 -6.443161487579345703e+00 -9.840233922004699707e-01 9.453447908163070679e-02 1.093979626893997192e-01 4.906222820281982422e-01 8.592934012413024902e-01
1.853804588317871094e+01 -6.542977333068847656e+00 -9.898095726966857910e-01 8.554971963167190552e-02 1.046095490455627441e-01 4.874397814273834229e-01 8.626357913017272949e-01
1.851796913146972656e+01 -6.636640548706054688e+00 -9.949395656585693359e-01 7.640734314918518066e-02 9.969393908977508545e-02 4.842453300952911377e-01 8.658692240715026855e-01
1.849914932250976562e+01 -6.724143981933593750e+00 -9.995065331459045410e-01 6.720158457756042480e-02 9.475291520357131958e-02 4.810979366302490234e-01 8.689364194869995117e-01
1.848163032531738281e+01 -6.805474758148193359e+00 -1.003575682640075684e+00 5.802748352289199829e-02 8.988898247480392456e-02 4.780594408512115479e-01 8.717865943908691406e-01
1.846541976928710938e+01 -6.880612850189208984e+00 -1.007181882858276367e+00 4.898027330636978149e-02 8.520509302616119385e-02 4.751950204372406006e-01 8.743744492530822754e-01
1.845051193237304688e+01 -6.949545860290527344e+00 -1.010360360145568848e+00 4.015552997589111328e-02 8.080469816923141479e-02 4.725730121135711670e-01 8.766601085662841797e-01
1.843693351745605469e+01 -7.012256145477294922e+00 -1.013146281242370605e+00 3.164880722761154175e-02 7.679156959056854248e-02 4.702637195587158203e-01 8.786087036132812500e-01
1.842469596862792969e+01 -7.068734169006347656e+00 -1.015575051307678223e+00 2.355568483471870422e-02 7.326941937208175659e-02 4.683398306369781494e-01 8.801900744438171387e-01
1.841381835937500000e+01 -7.118967056274414062e+00 -1.017682194709777832e+00 1.597147062420845032e-02 7.034207135438919067e-02 4.668755829334259033e-01 8.813762664794921875e-01
1.840431022644042969e+01 -7.162941932678222656e+00 -1.019502520561218262e+00 8.991084992885589600e-03 6.811346113681793213e-02 4.659458994865417480e-01 8.821418285369873047e-01
1.839619636535644531e+01 -7.200651168823242188e+00 -1.021071553230285645e+00 2.709088847041130066e-03 6.668725609779357910e-02 4.656257927417755127e-01 8.824614286422729492e-01
1.838948631286621094e+01 -7.232081890106201172e+00 -1.022425174713134766e+00 -2.780398353934288025e-03 6.616685539484024048e-02 4.659897089004516602e-01 8.823082447052001953e-01
1.838313865661621094e+01 -7.262107849121093750e+00 -1.024004697799682617e+00 -7.383722811937332153e-03 6.665545701980590820e-02 4.671101272106170654e-01 8.816522359848022461e-01
1.837715339660644531e+01 -7.290719985961914062e+00 -1.025845885276794434e+00 -1.100779883563518524e-02 6.825597584247589111e-02 4.690567255020141602e-01 8.804576396942138672e-01
1.837155723571777344e+01 -7.317903995513916016e+00 -1.027986407279968262e+00 -1.355988159775733948e-02 7.107058912515640259e-02 4.718953669071197510e-01 8.786807656288146973e-01
1.836633682250976562e+01 -7.343647480010986328e+00 -1.030463814735412598e+00 -1.494804397225379944e-02 7.520125061273574829e-02 4.756861925125122070e-01 8.762670159339904785e-01
1.836149787902832031e+01 -7.367942810058593750e+00 -1.033302187919616699e+00 -1.512065343558788300e-02 8.070590347051620483e-02 4.804485440254211426e-01 8.731707334518432617e-01
1.835699653625488281e+01 -7.390813350677490234e+00 -1.036467313766479492e+00 -1.418722607195377350e-02 8.747234940528869629e-02 4.860596060752868652e-01 8.694213032722473145e-01
1.835280227661132812e+01 -7.412287235260009766e+00 -1.039909839630126953e+00 -1.229726150631904602e-02 9.534446895122528076e-02 4.923604130744934082e-01 8.650661110877990723e-01
1.834888648986816406e+01 -7.432395935058593750e+00 -1.043578982353210449e+00 -9.600747376680374146e-03 1.041661202907562256e-01 4.991912841796875000e-01 8.601542115211486816e-01
1.834519577026367188e+01 -7.451169967651367188e+00 -1.047422647476196289e+00 -6.247974932193756104e-03 1.137804687023162842e-01 5.063952803611755371e-01 8.547390103340148926e-01
1.834170913696289062e+01 -7.468639373779296875e+00 -1.051386833190917969e+00 -2.389717847108840942e-03 1.240309625864028931e-01 5.138186812400817871e-01 8.488821387290954590e-01
1.833840370178222656e+01 -7.484839439392089844e+00 -1.055416107177734375e+00 1.822996884584426880e-03 1.347614824771881104e-01 5.213136672973632812e-01 8.426553606986999512e-01
1.833525848388671875e+01 -7.499804496765136719e+00 -1.059453964233398438e+00 6.238870322704315186e-03 1.458171308040618896e-01 5.287384390830993652e-01 8.361424207687377930e-01
1.833225631713867188e+01 -7.513570308685302734e+00 -1.063442945480346680e+00 1.070670783519744873e-02 1.570444405078887939e-01 5.359592437744140625e-01 8.294396400451660156e-01
1.832939338684082031e+01 -7.526173591613769531e+00 -1.067324519157409668e+00 1.507556438446044922e-02 1.682919561862945557e-01 5.428506135940551758e-01 8.226565122604370117e-01
1.832667350769042969e+01 -7.537654399871826172e+00 -1.071040630340576172e+00 1.919496804475784302e-02 1.794107407331466675e-01 5.492950081825256348e-01 8.159155845642089844e-01
1.832411003112792969e+01 -7.548046588897705078e+00 -1.074533104896545410e+00 2.291513234376907349e-02 1.902545690536499023e-01 5.551838278770446777e-01 8.093509674072265625e-01
1.832171821594238281e+01 -7.557391166687011719e+00 -1.077744722366333008e+00 2.608712762594223022e-02 2.006800621747970581e-01 5.604153871536254883e-01 8.031074404716491699e-01
1.831950187683105469e+01 -7.565722465515136719e+00 -1.080609679222106934e+00 2.856273949146270752e-02 2.105467021465301514e-01 5.648953318595886230e-01 7.973377704620361328e-01
1.831749916076660156e+01 -7.573077201843261719e+00 -1.083078622817993164e+00 3.019463270902633667e-02 2.197163701057434082e-01 5.685332417488098145e-01 7.922013401985168457e-01
1.831574630737304688e+01 -7.579488754272460938e+00 -1.085099816322326660e+00 3.083583712577819824e-02 2.280530631542205811e-01 5.712423324584960938e-01 7.878598570823669434e-01
1.831425666809082031e+01 -7.584989070892333984e+00 -1.086616754531860352e+00 3.033954650163650513e-02 2.354217320680618286e-01 5.729361176490783691e-01 7.844745516777038574e-01
1.831311988830566406e+01 -7.589576721191406250e+00 -1.087457895278930664e+00 2.814754098653793335e-02 2.413861751556396484e-01 5.736519098281860352e-01 7.822172045707702637e-01
1.831235313415527344e+01 -7.593276023864746094e+00 -1.087570190429687500e+00 2.412849664688110352e-02 2.458221167325973511e-01 5.732972025871276855e-01 7.812295556068420410e-01
1.831163597106933594e+01 -7.596303939819335938e+00 -1.087570190429687500e+00 2.054897695779800415e-02 2.503632009029388428e-01 5.709967017173767090e-01 7.815744876861572266e-01
1.831140518188476562e+01 -7.598413944244384766e+00 -1.086503267288208008e+00 1.407210528850555420e-02 2.525321543216705322e-01 5.676926970481872559e-01 7.834248542785644531e-01
1.830932044982910156e+01 -7.609507083892822266e+00 -1.085540413856506348e+00 6.022490561008453369e-03 2.532787322998046875e-01 5.630577802658081055e-01 7.866254448890686035e-01
1.830535125732421875e+01 -7.629531860351562500e+00 -1.084725022315979004e+00 -3.439255058765411377e-03 2.526979446411132812e-01 5.571767091751098633e-01 7.910031676292419434e-01
1.829945755004882812e+01 -7.658434391021728516e+00 -1.084100008010864258e+00 -1.415144652128219604e-02 2.508823871612548828e-01 5.501291751861572266e-01 7.963765859603881836e-01
1.829160118103027344e+01 -7.696164608001708984e+00 -1.083712458610534668e+00 -2.595090121030807495e-02 2.479240894317626953e-01 5.419936776161193848e-01 8.025603294372558594e-01
1.828173828125000000e+01 -7.742672443389892578e+00 -1.083612084388732910e+00 -3.867302089929580688e-02 2.439168393611907959e-01 5.328510999679565430e-01 8.093692660331726074e-01
1.826982879638671875e+01 -7.797907352447509766e+00 -1.083852171897888184e+00 -5.215152353048324585e-02 2.389566749334335327e-01 5.227873921394348145e-01 8.166230916976928711e-01
1.825584983825683594e+01 -7.861821174621582031e+00 -1.084490656852722168e+00 -6.621854007244110107e-02 2.331434041261672974e-01 5.118960142135620117e-01 8.241490721702575684e-01
1.823977088928222656e+01 -7.934370517730712891e+00 -1.085588693618774414e+00 -8.070549368858337402e-02 2.265814095735549927e-01 5.002796053886413574e-01 8.317859172821044922e-01
1.822157669067382812e+01 -8.015513420104980469e+00 -1.087211608886718750e+00 -9.544324129819869995e-02 2.193799465894699097e-01 4.880512654781341553e-01 8.393861055374145508e-01
1.820125961303710938e+01 -8.105213165283203125e+00 -1.089427471160888672e+00 -1.102631092071533203e-01 2.116534411907196045e-01 4.753355979919433594e-01 8.468180894851684570e-01
1.817882728576660156e+01 -8.203436851501464844e+00 -1.092304706573486328e+00 -1.249977871775627136e-01 2.035215198993682861e-01 4.622684419155120850e-01 8.539686203002929688e-01
1.815429115295410156e+01 -8.310158729553222656e+00 -1.095913410186767578e+00 -1.394813805818557739e-01 1.951085329055786133e-01 4.489970505237579346e-01 8.607433438301086426e-01
1.812767601013183594e+01 -8.425357818603515625e+00 -1.100322604179382324e+00 -1.535518467426300049e-01 1.865430623292922974e-01 4.356791377067565918e-01 8.670681715011596680e-01
1.809901237487792969e+01 -8.549020767211914062e+00 -1.105598688125610352e+00 -1.670502126216888428e-01 1.779576689004898071e-01 4.224818348884582520e-01 8.728885054588317871e-01
1.806828498840332031e+01 -8.681132316589355469e+00 -1.111697316169738770e+00 -1.798210442066192627e-01 1.694878935813903809e-01 4.095814228057861328e-01 8.781692981719970703e-01
1.803553581237792969e+01 -8.821691513061523438e+00 -1.118671894073486328e+00 -1.917143464088439941e-01 1.612711548805236816e-01 3.971615135669708252e-01 8.828929066658020020e-01
1.800089263916015625e+01 -8.970705032348632812e+00 -1.126680016517639160e+00 -2.025842070579528809e-01 1.534466147422790527e-01 3.854101896286010742e-01 8.870584964752197266e-01
1.796440887451171875e+01 -9.128181457519531250e+00 -1.135772705078125000e+00 -2.122885882854461670e-01 1.461539268493652344e-01 3.745206296443939209e-01 8.906776309013366699e-01
1.792615127563476562e+01 -9.294132232666015625e+00 -1.145997285842895508e+00 -2.206890881061553955e-01 1.395330876111984253e-01 3.646871745586395264e-01 8.937730193138122559e-01
1.788618087768554688e+01 -9.468570709228515625e+00 -1.157384634017944336e+00 -2.276902049779891968e-01 1.336943507194519043e-01 3.560596108436584473e-01 8.963842391967773438e-01
1.784432029724121094e+01 -9.652647972106933594e+00 -1.171762108802795410e+00 -2.253461331129074097e-01 1.317313909530639648e-01 3.474422693252563477e-01 9.006385803222656250e-01
1.780064582824707031e+01 -9.845047950744628906e+00 -1.186538696289062500e+00 -2.232547104358673096e-01 1.298065781593322754e-01 3.401762247085571289e-01 9.042055606842041016e-01
1.775530052185058594e+01 -1.004580593109130859e+01 -1.202005267143249512e+00 -2.214901894330978394e-01 1.279570758342742920e-01 3.341344892978668213e-01 9.071511626243591309e-01
1.770825386047363281e+01 -1.025496196746826172e+01 -1.218161582946777344e+00 -2.200189977884292603e-01 1.262384057044982910e-01 3.291764855384826660e-01 9.095594286918640137e-01
1.765949630737304688e+01 -1.047254943847656250e+01 -1.235006690025329590e+00 -2.188073694705963135e-01 1.246869564056396484e-01 3.251634240150451660e-01 9.115071296691894531e-01
1.760887336730957031e+01 -1.069860076904296875e+01 -1.252179265022277832e+00 -2.178223729133605957e-01 1.233244314789772034e-01 3.219595253467559814e-01 9.130643010139465332e-01
1.755637168884277344e+01 -1.093314456939697266e+01 -1.269722819328308105e+00 -2.170320004224777222e-01 1.221613138914108276e-01 3.194312155246734619e-01 9.142960906028747559e-01
1.750207519531250000e+01 -1.117620563507080078e+01 -1.287926316261291504e+00 -2.164053916931152344e-01 1.211998313665390015e-01 3.174468576908111572e-01 9.152631759643554688e-01
1.744595718383789062e+01 -1.142781352996826172e+01 -1.306788563728332520e+00 -2.159127593040466309e-01 1.204365491867065430e-01 3.158765435218811035e-01 9.160232543945312500e-01
1.738765144348144531e+01 -1.168799877166748047e+01 -1.325160503387451172e+00 -2.155253738164901733e-01 1.198647022247314453e-01 3.145918846130371094e-01 9.166314005851745605e-01
1.732745552062988281e+01 -1.195677947998046875e+01 -1.344146132469177246e+00 -2.152153551578521729e-01 1.194755733013153076e-01 3.134651780128479004e-01 9.171408414840698242e-01
1.726521873474121094e+01 -1.223417186737060547e+01 -1.363344430923461914e+00 -2.149555087089538574e-01 1.192599236965179443e-01 3.123694360256195068e-01 9.176036715507507324e-01
1.720070457458496094e+01 -1.252020263671875000e+01 -1.382094383239746094e+00 -2.147192060947418213e-01 1.192089021205902100e-01 3.111777007579803467e-01 9.180704355239868164e-01
1.713411140441894531e+01 -1.281488704681396484e+01 -1.401144623756408691e+00 -2.144802212715148926e-01 1.193143725395202637e-01 3.097630739212036133e-01 9.185907840728759766e-01
1.706496810913085938e+01 -1.311822700500488281e+01 -1.419254422187805176e+00 -2.142126858234405518e-01 1.195695251226425171e-01 3.079983592033386230e-01 9.192132949829101562e-01
1.699338912963867188e+01 -1.343023872375488281e+01 -1.436926841735839844e+00 -2.138907611370086670e-01 1.199679672718048096e-01 3.057555556297302246e-01 9.199847579002380371e-01
1.691914939880371094e+01 -1.375091743469238281e+01 -1.453730702400207520e+00 -2.134884595870971680e-01 1.205036193132400513e-01 3.029056787490844727e-01 9.209504723548889160e-01
1.684180831909179688e+01 -1.408021450042724609e+01 -1.468959569931030273e+00 -2.129796743392944336e-01 1.211696565151214600e-01 2.993188202381134033e-01 9.221527576446533203e-01
1.676179122924804688e+01 -1.441415500640869141e+01 -1.482142925262451172e+00 -2.123378366231918335e-01 1.219571381807327271e-01 2.948636710643768311e-01 9.236311912536621094e-01
1.667873573303222656e+01 -1.475284862518310547e+01 -1.494381427764892578e+00 -2.098285406827926636e-01 1.233896836638450623e-01 2.892200350761413574e-01 9.257962703704833984e-01
1.659286117553710938e+01 -1.509595584869384766e+01 -1.507236957550048828e+00 -2.076339274644851685e-01 1.247505992650985718e-01 2.827446460723876953e-01 9.281060695648193359e-01
1.649972915649414062e+01 -1.544222545623779297e+01 -1.522074580192565918e+00 -2.057234048843383789e-01 1.260447502136230469e-01 2.755441963672637939e-01 9.305192232131958008e-01
1.639004898071289062e+01 -1.578871440887451172e+01 -1.538097858428955078e+00 -2.040677815675735474e-01 1.272765398025512695e-01 2.677260935306549072e-01 9.329950213432312012e-01
1.624683952331542969e+01 -1.612794494628906250e+01 -1.553985834121704102e+00 -2.026375532150268555e-01 1.284509748220443726e-01 2.593985199928283691e-01 9.354949593544006348e-01
1.604526519775390625e+01 -1.644169998168945312e+01 -1.566726088523864746e+00 -2.014038562774658203e-01 1.295733153820037842e-01 2.506704330444335938e-01 9.379827380180358887e-01
1.576852989196777344e+01 -1.669901847839355469e+01 -1.560350060462951660e+00 -2.003390043973922729e-01 1.306491792201995850e-01 2.416518628597259521e-01 9.404252171516418457e-01
1.543880558013916016e+01 -1.688310813903808594e+01 -1.501666784286499023e+00 -1.994152665138244629e-01 1.316845417022705078e-01 2.324538826942443848e-01 9.427926540374755859e-01
1.509468269348144531e+01 -1.698211669921875000e+01 -1.355955123901367188e+00 -1.986061930656433105e-01 1.326861977577209473e-01 2.231885492801666260e-01 9.450591802597045898e-01
1.476307106018066406e+01 -1.701654243469238281e+01 -1.147776126861572266e+00 -1.978861689567565918e-01 1.336612105369567871e-01 2.139690071344375610e-01 9.472027420997619629e-01
1.442376899719238281e+01 -1.702965354919433594e+01 -9.401229619979858398e-01 -1.972305625677108765e-01 1.346172094345092773e-01 2.049091756343841553e-01 9.492051601409912109e-01
1.405559825897216797e+01 -1.705657196044921875e+01 -7.802593708038330078e-01 -1.966153532266616821e-01 1.355624049901962280e-01 1.961237639188766479e-01 9.510524272918701172e-01
1.366215038299560547e+01 -1.710463714599609375e+01 -6.847262382507324219e-01 -1.960175037384033203e-01 1.365054398775100708e-01 1.877280771732330322e-01 9.527337551116943359e-01
1.325774097442626953e+01 -1.715559577941894531e+01 -6.197423934936523438e-01 -1.948976218700408936e-01 1.375528573989868164e-01 1.797635257244110107e-01 9.543474912643432617e-01
1.284663009643554688e+01 -1.720010757446289062e+01 -5.621280074119567871e-01 -1.937931329011917114e-01 1.386010199785232544e-01 1.724259555339813232e-01 9.557735919952392578e-01
1.243045902252197266e+01 -1.723526573181152344e+01 -5.004333257675170898e-01 -1.928102821111679077e-01 1.396397352218627930e-01 1.658503562211990356e-01 9.569841027259826660e-01
1.200975036621093750e+01 -1.725973510742187500e+01 -4.326602220535278320e-01 -1.919682621955871582e-01 1.406769156455993652e-01 1.601593792438507080e-01 9.579703211784362793e-01
1.158450698852539062e+01 -1.727502822875976562e+01 -3.613403141498565674e-01 -1.912865787744522095e-01 1.417203843593597412e-01 1.554756611585617065e-01 9.587242007255554199e-01
1.115485095977783203e+01 -1.727704048156738281e+01 -2.870648205280303955e-01 -1.907852888107299805e-01 1.427771151065826416e-01 1.519220024347305298e-01 9.592368006706237793e-01
1.072113513946533203e+01 -1.726299095153808594e+01 -2.108587622642517090e-01 -1.904852539300918579e-01 1.438519954681396484e-01 1.496213078498840332e-01 9.594974517822265625e-01
1.028523445129394531e+01 -1.721644783020019531e+01 -1.341410726308822632e-01 -1.892530173063278198e-01 1.451198160648345947e-01 1.484774798154830933e-01 9.597280025482177734e-01
9.850753784179687500e+00 -1.712443161010742188e+01 -6.443633884191513062e-02 -1.878822892904281616e-01 1.464287340641021729e-01 1.485047638416290283e-01 9.597943425178527832e-01
9.411669731140136719e+00 -1.701472663879394531e+01 -2.928894013166427612e-02 -1.863892674446105957e-01 1.477435827255249023e-01 1.495569795370101929e-01 9.597205519676208496e-01
8.957793235778808594e+00 -1.700490379333496094e+01 -7.369003444910049438e-02 -1.847899109125137329e-01 1.490283161401748657e-01 1.514874994754791260e-01 9.595285058021545410e-01
8.505939483642578125e+00 -1.708743095397949219e+01 -1.373666375875473022e-01 -1.830993741750717163e-01 1.502471566200256348e-01 1.541494578123092651e-01 9.592384099960327148e-01
8.043425559997558594e+00 -1.715394210815429688e+01 -1.328515559434890747e-01 -1.813330054283142090e-01 1.513638943433761597e-01 1.573959290981292725e-01 9.588711261749267578e-01
7.579418659210205078e+00 -1.716698265075683594e+01 -4.329437017440795898e-02 -1.795070171356201172e-01 1.523428410291671753e-01 1.610802710056304932e-01 9.584478139877319336e-01
7.120558738708496094e+00 -1.715555000305175781e+01 9.016402810811996460e-02 -1.776371598243713379e-01 1.531482934951782227e-01 1.650560200214385986e-01 9.579911828041076660e-01
6.658796310424804688e+00 -1.716707992553710938e+01 2.284645736217498779e-01 -1.757397949695587158e-01 1.537449657917022705e-01 1.691768020391464233e-01 9.575265645980834961e-01
6.252492427825927734e+00 -1.741834640502929688e+01 2.584397196769714355e-01 -1.738319098949432373e-01 1.540978997945785522e-01 1.732969582080841064e-01 9.570811986923217773e-01
5.925893306732177734e+00 -1.778616714477539062e+01 2.650417983531951904e-01 -1.719307750463485718e-01 1.541726142168045044e-01 1.772710084915161133e-01 9.566847085952758789e-01
5.649299144744873047e+00 -1.820007896423339844e+01 2.547620236873626709e-01 -1.700538694858551025e-01 1.539348959922790527e-01 1.809540987014770508e-01 9.563688635826110840e-01
5.361630916595458984e+00 -1.860036277770996094e+01 2.298943251371383667e-01 -1.682194769382476807e-01 1.533507406711578369e-01 1.842015534639358521e-01 9.561671614646911621e-01
4.960558891296386719e+00 -1.878918838500976562e+01 1.614421010017395020e-01 -1.664455085992813110e-01 1.523864269256591797e-01 1.868690103292465210e-01 9.561141729354858398e-01
4.681359767913818359e+00 -1.840950202941894531e+01 7.586715370416641235e-02 -1.647505015134811401e-01 1.510081589221954346e-01 1.888123303651809692e-01 9.562445878982543945e-01
4.459342956542968750e+00 -1.799212646484375000e+01 -5.041503813117742538e-03 -1.631518900394439697e-01 1.491820216178894043e-01 1.898868978023529053e-01 9.565924406051635742e-01
4.107951641082763672e+00 -1.769233703613281250e+01 -1.246864274144172668e-01 -1.616679430007934570e-01 1.468738168478012085e-01 1.899480819702148438e-01 9.571893215179443359e-01
3.736000776290893555e+00 -1.742659187316894531e+01 -2.499343752861022949e-01 -1.603149622678756714e-01 1.440485268831253052e-01 1.888502985239028931e-01 9.580628871917724609e-01
3.362465858459472656e+00 -1.716902160644531250e+01 -3.725947439670562744e-01 -1.591090261936187744e-01 1.406703293323516846e-01 1.864470541477203369e-01 9.592360258102416992e-01
2.990058422088623047e+00 -1.691466331481933594e+01 -4.902215600013732910e-01 -1.580643057823181152e-01 1.367023587226867676e-01 1.825903505086898804e-01 9.607230424880981445e-01
2.619348049163818359e+00 -1.666201400756835938e+01 -6.012255549430847168e-01 -1.571927815675735474e-01 1.321186721324920654e-01 1.771669685840606689e-01 9.625211358070373535e-01
2.250690937042236328e+00 -1.640991973876953125e+01 -7.037999033927917480e-01 -1.565003395080566406e-01 1.269422620534896851e-01 1.702071577310562134e-01 9.645842909812927246e-01
1.884406685829162598e+00 -1.615694999694824219e+01 -7.946535944938659668e-01 -1.559918224811553955e-01 1.212079972028732300e-01 1.617770940065383911e-01 9.668523073196411133e-01
1.521105885505676270e+00 -1.590099906921386719e+01 -8.678362965583801270e-01 -1.556703150272369385e-01 1.149507462978363037e-01 1.519427299499511719e-01 9.692607522010803223e-01
1.161801695823669434e+00 -1.564087486267089844e+01 -9.188424348831176758e-01 -1.555389761924743652e-01 1.082053929567337036e-01 1.407705247402191162e-01 9.717421531677246094e-01
8.073510527610778809e-01 -1.537733650207519531e+01 -9.479749798774719238e-01 -1.556008756160736084e-01 1.010071486234664917e-01 1.283279955387115479e-01 9.742268323898315430e-01
4.577538967132568359e-01 -1.511238861083984375e+01 -9.610512852668762207e-01 -1.558581590652465820e-01 9.339195489883422852e-02 1.146836876869201660e-01 9.766441583633422852e-01
1.108789071440696716e-01 -1.485034275054931641e+01 -9.752802848815917969e-01 -1.563134342432022095e-01 8.539624512195587158e-02 9.990777075290679932e-02 9.789238572120666504e-01
-2.368627935647964478e-01 -1.460201168060302734e+01 -1.029013752937316895e+00 -1.569690704345703125e-01 7.705750316381454468e-02 8.407229930162429810e-02 9.809967279434204102e-01
-5.849511623382568359e-01 -1.437847232818603516e+01 -1.134644746780395508e+00 -1.578271836042404175e-01 6.841412186622619629e-02 6.725121289491653442e-02 9.827957153320312500e-01
-9.366430640220642090e-01 -1.418239498138427734e+01 -1.265509605407714844e+00 -1.588912308216094971e-01 5.950541421771049500e-02 4.952067881822586060e-02 9.842562675476074219e-01
-1.298476576805114746e+00 -1.400422573089599609e+01 -1.381350636482238770e+00 -1.601632684469223022e-01 5.037175118923187256e-02 3.095883503556251526e-02 9.853181838989257812e-01
-1.670417428016662598e+00 -1.384019756317138672e+01 -1.469891309738159180e+00 -1.616472601890563965e-01 4.105474799871444702e-02 1.164606120437383652e-02 9.859254956245422363e-01
-2.048749923706054688e+00 -1.369276046752929688e+01 -1.541571617126464844e+00 -1.633465290069580078e-01 3.159647062420845032e-02 -8.335424587130546570e-03 9.860274791717529297e-01
-2.432394981384277344e+00 -1.356715393066406250e+01 -1.604237914085388184e+00 -1.652655601501464844e-01 2.204029634594917297e-02 -2.890141680836677551e-02 9.855790734291076660e-01
-2.820838451385498047e+00 -1.346966266632080078e+01 -1.661836504936218262e+00 -1.674085706472396851e-01 1.243012212216854095e-02 -4.996667057275772095e-02 9.845421314239501953e-01
-3.212966203689575195e+00 -1.340310192108154297e+01 -1.710592865943908691e+00 -1.697809845209121704e-01 2.810518257319927216e-03 -7.144382596015930176e-02 9.828847050666809082e-01
-3.605162382125854492e+00 -1.335846805572509766e+01 -1.750478148460388184e+00 -1.723887622356414795e-01 -6.773736327886581421e-03 -9.324539452791213989e-02 9.805821776390075684e-01
-3.995181798934936523e+00 -1.332692718505859375e+01 -1.783589720726013184e+00 -1.752381473779678345e-01 -1.627718657255172729e-02 -1.152827814221382141e-01 9.776178598403930664e-01
-4.381620883941650391e+00 -1.330005741119384766e+01 -1.814171433448791504e+00 -1.783365756273269653e-01 -2.565476484596729279e-02 -1.374679207801818848e-01 9.739817380905151367e-01
-4.763686180114746094e+00 -1.327180671691894531e+01 -1.846077561378479004e+00 -1.806929409503936768e-01 -3.501967340707778931e-02 -1.596731990575790405e-01 9.698598384857177734e-01
-5.140779972076416016e+00 -1.323811721801757812e+01 -1.881494760513305664e+00 -1.834628283977508545e-01 -4.414786770939826965e-02 -1.818203777074813843e-01 9.650563001632690430e-01
-5.511396408081054688e+00 -1.319714927673339844e+01 -1.921449899673461914e+00 -1.866190135478973389e-01 -5.294279009103775024e-02 -2.038125842809677124e-01 9.595993757247924805e-01
-5.874964237213134766e+00 -1.314742279052734375e+01 -1.966825485229492188e+00 -1.901234388351440430e-01 -6.130385026335716248e-02 -2.255570143461227417e-01 9.535297155380249023e-01
-6.230749607086181641e+00 -1.308751392364501953e+01 -2.018490552902221680e+00 -1.939276158809661865e-01 -6.912969052791595459e-02 -2.469656467437744141e-01 9.469007849693298340e-01
-6.578805923461914062e+00 -1.301914787292480469e+01 -2.075183153152465820e+00 -1.979719996452331543e-01 -7.631855458021163940e-02 -2.679527103900909424e-01 9.397785663604736328e-01
-6.919872760772705078e+00 -1.294582080841064453e+01 -2.134693622589111328e+00 -2.014189064502716064e-01 -8.300934731960296631e-02 -2.883680462837219238e-01 9.324076175689697266e-01
-7.254765510559082031e+00 -1.287045860290527344e+01 -2.195095062255859375e+00 -2.037721276283264160e-01 -8.930198848247528076e-02 -3.080735206604003906e-01 9.249825477600097656e-01
-7.584355354309082031e+00 -1.279562568664550781e+01 -2.254334688186645508e+00 -2.056194543838500977e-01 -9.495101869106292725e-02 -3.270379006862640381e-01 9.174699187278747559e-01
-7.909553050994873047e+00 -1.272404956817626953e+01 -2.310415506362915039e+00 -2.068774402141571045e-01 -9.990388154983520508e-02 -3.451797962188720703e-01 9.099844694137573242e-01
-8.231580734252929688e+00 -1.265977382659912109e+01 -2.360237360000610352e+00 -2.074646502733230591e-01 -1.041106507182121277e-01 -3.624224066734313965e-01 9.026457667350769043e-01
-8.553729057312011719e+00 -1.260709095001220703e+01 -2.400580883026123047e+00 -2.073019146919250488e-01 -1.075218394398689270e-01 -3.786917328834533691e-01 8.955766558647155762e-01
-8.876194953918457031e+00 -1.257066822052001953e+01 -2.427916526794433594e+00 -2.063107639551162720e-01 -1.100897267460823059e-01 -3.939173817634582520e-01 8.889010548591613770e-01
-9.197749137878417969e+00 -1.255133247375488281e+01 -2.441869735717773438e+00 -2.044138014316558838e-01 -1.117666661739349365e-01 -4.080326855182647705e-01 8.827415108680725098e-01
-9.516993522644042969e+00 -1.254822444915771484e+01 -2.443564176559448242e+00 -2.015319764614105225e-01 -1.125051081180572510e-01 -4.209709167480468750e-01 8.772177100181579590e-01
-9.833050727844238281e+00 -1.255424213409423828e+01 -2.438948869705200195e+00 -1.975863277912139893e-01 -1.122579574584960938e-01 -4.326668977737426758e-01 8.724431991577148438e-01
-1.014590454101562500e+01 -1.256453323364257812e+01 -2.432233810424804688e+00 -1.924950778484344482e-01 -1.109765768051147461e-01 -4.430536627769470215e-01 8.685237169265747070e-01
-1.045580291748046875e+01 -1.257402324676513672e+01 -2.427449703216552734e+00 -1.861732751131057739e-01 -1.086111217737197876e-01 -4.520623385906219482e-01 8.655534386634826660e-01
-1.076279926300048828e+01 -1.258137989044189453e+01 -2.425568819046020508e+00 -1.785322427749633789e-01 -1.051100045442581177e-01 -4.596202969551086426e-01 8.636129498481750488e-01
-1.106682014465332031e+01 -1.258783149719238281e+01 -2.425588130950927734e+00 -1.694776117801666260e-01 -1.004196107387542725e-01 -4.656492471694946289e-01 8.627653121948242188e-01
-1.136783790588378906e+01 -1.259422016143798828e+01 -2.426837921142578125e+00 -1.589614003896713257e-01 -9.452119469642639160e-02 -4.700975120067596436e-01 8.630210161209106445e-01
-1.166586303710937500e+01 -1.260115814208984375e+01 -2.428819894790649414e+00 -1.471389234066009521e-01 -8.754540234804153442e-02 -4.730438292026519775e-01 8.642427325248718262e-01
-1.196090888977050781e+01 -1.260917186737060547e+01 -2.431127786636352539e+00 -1.342158913612365723e-01 -7.966117560863494873e-02 -4.745969474315643311e-01 8.662551641464233398e-01
-1.225298309326171875e+01 -1.261879730224609375e+01 -2.433392047882080078e+00 -1.204001680016517639e-01 -7.103762030601501465e-02 -4.748673439025878906e-01 8.688834309577941895e-01
-1.254207706451416016e+01 -1.263066768646240234e+01 -2.435223102569580078e+00 -1.059018969535827637e-01 -6.184638664126396179e-02 -4.739694297313690186e-01 8.719591498374938965e-01
-1.282815170288085938e+01 -1.264562988281250000e+01 -2.436151266098022461e+00 -9.093344211578369141e-02 -5.225966125726699829e-02 -4.720245897769927979e-01 8.753243684768676758e-01
-1.311115932464599609e+01 -1.266413879394531250e+01 -2.435913085937500000e+00 -7.571107149124145508e-02 -4.245197772979736328e-02 -4.691622853279113770e-01 8.788357973098754883e-01
-1.339110565185546875e+01 -1.268583583831787109e+01 -2.434605360031127930e+00 -6.045218557119369507e-02 -3.259937465190887451e-02 -4.655213952064514160e-01 8.823676109313964844e-01
-1.366802215576171875e+01 -1.270998001098632812e+01 -2.432451486587524414e+00 -4.537725448608398438e-02 -2.287867665290832520e-02 -4.612517952919006348e-01 8.858127593994140625e-01
-1.394199466705322266e+01 -1.273564052581787109e+01 -2.429736375808715820e+00 -3.070779703557491302e-02 -1.346713211387395859e-02 -4.565123915672302246e-01 8.890849947929382324e-01
-1.421311473846435547e+01 -1.276193714141845703e+01 -2.426720857620239258e+00 -1.666568592190742493e-02 -4.542476963251829147e-03 -4.514726996421813965e-01 8.921177983283996582e-01
-1.448146915435791016e+01 -1.278822517395019531e+01 -2.423583984375000000e+00 -3.473040647804737091e-03 3.718466497957706451e-03 -4.463105499744415283e-01 8.948636054992675781e-01
-1.474711608886718750e+01 -1.281413459777832031e+01 -2.420403957366943359e+00 8.649459108710289001e-03 1.113909110426902771e-02 -4.412108957767486572e-01 8.972925543785095215e-01
-1.501010704040527344e+01 -1.283941650390625000e+01 -2.417221307754516602e+00 1.948148384690284729e-02 1.754418201744556427e-02 -4.363644123077392578e-01 8.993879556655883789e-01
-1.527049255371093750e+01 -1.286378669738769531e+01 -2.414085865020751953e+00 2.880470082163810730e-02 2.275944501161575317e-02 -4.319648146629333496e-01 9.011430144309997559e-01
-1.552827358245849609e+01 -1.288751029968261719e+01 -2.410813808441162109e+00 3.640198707580566406e-02 2.661129832267761230e-02 -4.282067120075225830e-01 9.025551080703735352e-01
-1.578351306915283203e+01 -1.291020870208740234e+01 -2.407315969467163086e+00 4.205735027790069580e-02 2.892665192484855652e-02 -4.252828359603881836e-01 9.036200046539306641e-01
-1.603620719909667969e+01 -1.293215656280517578e+01 -2.403485774993896484e+00 4.555530101060867310e-02 2.953212894499301910e-02 -4.233805835247039795e-01 9.043237566947937012e-01
-1.628640365600585938e+01 -1.295311737060546875e+01 -2.399240255355834961e+00 4.668049141764640808e-02 2.825374156236648560e-02 -4.226800501346588135e-01 9.046349525451660156e-01
-1.653413200378417969e+01 -1.297305965423583984e+01 -2.394475460052490234e+00 4.521694779396057129e-02 2.491603791713714600e-02 -4.233482182025909424e-01 9.044948816299438477e-01
-1.677940940856933594e+01 -1.299197959899902344e+01 -2.389183998107910156e+00 4.102228581905364990e-02 1.940423250198364258e-02 -4.254889488220214844e-01 9.038251638412475586e-01
-1.702224540710449219e+01 -1.300949287414550781e+01 -2.383201837539672852e+00 3.424996137619018555e-02 1.185036636888980865e-02 -4.289962649345397949e-01 9.025788903236389160e-01
-1.726259803771972656e+01 -1.302600479125976562e+01 -2.376742601394653320e+00 2.512775920331478119e-02 2.449211664497852325e-03 -4.337036609649658203e-01 9.007017612457275391e-01
-1.750050163269042969e+01 -1.304032707214355469e+01 -2.369300842285156250e+00 1.388495601713657379e-02 -8.602770045399665833e-03 -4.394373893737792969e-01 8.981247544288635254e-01
-1.773588371276855469e+01 -1.305329895019531250e+01 -2.361297607421875000e+00 7.533319294452667236e-04 -2.110697701573371887e-02 -4.460185766220092773e-01 8.947744965553283691e-01
-1.796878814697265625e+01 -1.306309127807617188e+01 -2.351907253265380859e+00 -1.403145771473646164e-02 -3.486109897494316101e-02 -4.532687962055206299e-01 8.905814290046691895e-01
-1.819914627075195312e+01 -1.306807613372802734e+01 -2.340347766876220703e+00 -3.023011609911918640e-02 -4.966013878583908081e-02 -4.610123932361602783e-01 8.854872584342956543e-01
-1.842650794982910156e+01 -1.306184291839599609e+01 -2.323477029800415039e+00 -4.759880527853965759e-02 -6.529557704925537109e-02 -4.690801203250885010e-01 8.794512748718261719e-01
-1.843102264404296875e+01 -1.296980190277099609e+01 -2.273760080337524414e+00 -6.589122861623764038e-02 -8.155725151300430298e-02 -4.773123860359191895e-01 8.724561333656311035e-01
-1.822430801391601562e+01 -1.289885234832763672e+01 -2.244261980056762695e+00 -8.485852181911468506e-02 -9.823329001665115356e-02 -4.855605661869049072e-01 8.645115494728088379e-01
-1.801665687561035156e+01 -1.283876514434814453e+01 -2.217710494995117188e+00 -1.042504906654357910e-01 -1.151122599840164185e-01 -4.936915934085845947e-01 8.556573987007141113e-01
-1.781139755249023438e+01 -1.278228473663330078e+01 -2.187028646469116211e+00 -1.238191202282905579e-01 -1.319845914840698242e-01 -5.015886425971984863e-01 8.459656238555908203e-01
-1.760805130004882812e+01 -1.273082828521728516e+01 -2.153966903686523438e+00 -1.433185786008834839e-01 -1.486435979604721069e-01 -5.091525316238403320e-01 8.355408906936645508e-01
-1.740538787841796875e+01 -1.268638515472412109e+01 -2.124837398529052734e+00 -1.625077128410339355e-01 -1.648888438940048218e-01 -5.163032412528991699e-01 8.245203495025634766e-01
-1.720343780517578125e+01 -1.264776611328125000e+01 -2.103603363037109375e+00 -1.811524182558059692e-01 -1.805246472358703613e-01 -5.229809284210205078e-01 8.130717277526855469e-01
-1.700293731689453125e+01 -1.261287593841552734e+01 -2.090059518814086914e+00 -1.990264654159545898e-01 -1.953639537096023560e-01 -5.291440486907958984e-01 8.013913035392761230e-01
-1.679816818237304688e+01 -1.257581043243408203e+01 -2.081495523452758789e+00 -2.159125059843063354e-01 -2.092280983924865723e-01 -5.347700715065002441e-01 7.897002100944519043e-01
-1.659008026123046875e+01 -1.253235340118408203e+01 -2.076252460479736328e+00 -2.316026389598846436e-01 -2.219465076923370361e-01 -5.398526787757873535e-01 7.782410383224487305e-01
-1.637891387939453125e+01 -1.248245906829833984e+01 -2.072899103164672852e+00 -2.458985000848770142e-01 -2.333567440509796143e-01 -5.444001555442810059e-01 7.672724127769470215e-01
-1.616446495056152344e+01 -1.242768573760986328e+01 -2.070586442947387695e+00 -2.586097121238708496e-01 -2.433034479618072510e-01 -5.484318733215332031e-01 7.570647001266479492e-01
-1.594699192047119141e+01 -1.236741161346435547e+01 -2.069176673889160156e+00 -2.696045935153961182e-01 -2.516819536685943604e-01 -5.519847869873046875e-01 7.478517889976501465e-01
-1.572631359100341797e+01 -1.230284976959228516e+01 -2.068218946456909180e+00 -2.789579331874847412e-01 -2.585698068141937256e-01 -5.551307797431945801e-01 7.396984100341796875e-01
-1.550213718414306641e+01 -1.223510360717773438e+01 -2.067556142807006836e+00 -2.867919206619262695e-01 -2.640847563743591309e-01 -5.579397678375244141e-01 7.326068282127380371e-01
-1.527472019195556641e+01 -1.216352176666259766e+01 -2.066875934600830078e+00 -2.890870273113250732e-01 -2.620334625244140625e-01 -5.617418289184570312e-01 7.295295000076293945e-01
-1.504381942749023438e+01 -1.208897113800048828e+01 -2.066385746002197266e+00 -2.909500896930694580e-01 -2.602228522300720215e-01 -5.650720596313476562e-01 7.268601655960083008e-01
-1.480930042266845703e+01 -1.201200866699218750e+01 -2.065992593765258789e+00 -2.924783825874328613e-01 -2.587012052536010742e-01 -5.679510235786437988e-01 7.245424389839172363e-01
-1.457176113128662109e+01 -1.193081760406494141e+01 -2.065767765045166016e+00 -2.937131524085998535e-01 -2.574415504932403564e-01 -5.704124569892883301e-01 7.225551605224609375e-01
-1.433020973205566406e+01 -1.184842109680175781e+01 -2.065572738647460938e+00 -2.946900129318237305e-01 -2.564191520214080811e-01 -5.724888443946838379e-01 7.208769321441650391e-01
-1.408546638488769531e+01 -1.176245117187500000e+01 -2.065440654754638672e+00 -2.954397499561309814e-01 -2.556108832359313965e-01 -5.742127895355224609e-01 7.194846272468566895e-01
-1.383724784851074219e+01 -1.167372798919677734e+01 -2.065354347229003906e+00 -2.959895730018615723e-01 -2.549950480461120605e-01 -5.756168365478515625e-01 7.183542847633361816e-01
-1.358504867553710938e+01 -1.158370304107666016e+01 -2.065286397933959961e+00 -2.963635325431823730e-01 -2.545511126518249512e-01 -5.767337083816528320e-01 7.174612283706665039e-01
-1.334194087982177734e+01 -1.149564456939697266e+01 -2.065249204635620117e+00 -2.965826988220214844e-01 -2.542598247528076172e-01 -5.775963068008422852e-01 7.167795896530151367e-01
-1.310782337188720703e+01 -1.140981864929199219e+01 -2.065237283706665039e+00 -2.966672182083129883e-01 -2.541022300720214844e-01 -5.782380104064941406e-01 7.162830829620361328e-01
-1.288233566284179688e+01 -1.132722282409667969e+01 -2.065241336822509766e+00 -2.966349124908447266e-01 -2.540604174137115479e-01 -5.786913633346557617e-01 7.159449458122253418e-01
-1.266548156738281250e+01 -1.124784660339355469e+01 -2.065259456634521484e+00 -2.965036034584045410e-01 -2.541162967681884766e-01 -5.789903998374938965e-01 7.157378196716308594e-01
-1.245760250091552734e+01 -1.117074680328369141e+01 -2.065282344818115234e+00 -2.962906658649444580e-01 -2.542518675327301025e-01 -5.791679024696350098e-01 7.156341671943664551e-01
-1.225841999053955078e+01 -1.109667682647705078e+01 -2.065304517745971680e+00 -2.958430945873260498e-01 -2.542022764682769775e-01 -5.793098807334899902e-01 7.157221436500549316e-01
-1.206781959533691406e+01 -1.102596664428710938e+01 -2.065203428268432617e+00 -2.931421995162963867e-01 -2.510071396827697754e-01 -5.800682902336120605e-01 7.173451185226440430e-01
-1.188584232330322266e+01 -1.095846939086914062e+01 -2.065118551254272461e+00 -2.904952764511108398e-01 -2.479670792818069458e-01 -5.807706117630004883e-01 7.189092040061950684e-01
-1.171249866485595703e+01 -1.089413833618164062e+01 -2.065052509307861328e+00 -2.879984974861145020e-01 -2.451755106449127197e-01 -5.814291238784790039e-01 7.203373908996582031e-01
-1.154797077178955078e+01 -1.083248996734619141e+01 -2.064985275268554688e+00 -2.857323884963989258e-01 -2.427098900079727173e-01 -5.820598006248474121e-01 7.215645313262939453e-01
-1.139206409454345703e+01 -1.077403831481933594e+01 -2.064941883087158203e+00 -2.837158739566802979e-01 -2.405808418989181519e-01 -5.826887488365173340e-01 7.225649356842041016e-01
-1.124477767944335938e+01 -1.071877384185791016e+01 -2.064923763275146484e+00 -2.819520533084869385e-01 -2.387821674346923828e-01 -5.833441615104675293e-01 7.233226299285888672e-01
-1.110611438751220703e+01 -1.066669368743896484e+01 -2.064931631088256836e+00 -2.804441452026367188e-01 -2.373081147670745850e-01 -5.840541124343872070e-01 7.238208651542663574e-01
-1.097607803344726562e+01 -1.061778545379638672e+01 -2.064966917037963867e+00 -2.791942358016967773e-01 -2.361524999141693115e-01 -5.848456025123596191e-01 7.240428924560546875e-01
-1.085466575622558594e+01 -1.057204341888427734e+01 -2.065030574798583984e+00 -2.782053947448730469e-01 -2.353083193302154541e-01 -5.857457518577575684e-01 7.239707708358764648e-01
-1.074190616607666016e+01 -1.052938938140869141e+01 -2.065111398696899414e+00 -2.774793803691864014e-01 -2.347696125507354736e-01 -5.867806673049926758e-01 7.235860824584960938e-01
-1.063780212402343750e+01 -1.048981285095214844e+01 -2.065210580825805664e+00 -2.770184576511383057e-01 -2.345288991928100586e-01 -5.879763960838317871e-01 7.228697538375854492e-01
-1.054232311248779297e+01 -1.045339107513427734e+01 -2.065344572067260742e+00 -2.768240272998809814e-01 -2.345789968967437744e-01 -5.893580913543701172e-01 7.218019962310791016e-01
-1.045546817779541016e+01 -1.042011547088623047e+01 -2.065516233444213867e+00 -2.768974602222442627e-01 -2.349126487970352173e-01 -5.909501314163208008e-01 7.203623056411743164e-01
-1.037723731994628906e+01 -1.038997745513916016e+01 -2.065727472305297852e+00 -2.772395312786102295e-01 -2.355219870805740356e-01 -5.927761197090148926e-01 7.185291051864624023e-01
-1.030763149261474609e+01 -1.036297130584716797e+01 -2.065980434417724609e+00 -2.778511643409729004e-01 -2.363987565040588379e-01 -5.948596596717834473e-01 7.162795662879943848e-01
-1.024664974212646484e+01 -1.033908653259277344e+01 -2.066278934478759766e+00 -2.787320017814636230e-01 -2.375351488590240479e-01 -5.972218513488769531e-01 7.135906219482421875e-01
-1.019429016113281250e+01 -1.031831741333007812e+01 -2.066625595092773438e+00 -2.798821628093719482e-01 -2.389213442802429199e-01 -5.998846888542175293e-01 7.104371786117553711e-01
-1.015054893493652344e+01 -1.030065631866455078e+01 -2.067024469375610352e+00 -2.813002169132232666e-01 -2.405487000942230225e-01 -6.028678417205810547e-01 7.067933082580566406e-01
-1.011542606353759766e+01 -1.028609561920166016e+01 -2.067479133605957031e+00 -2.829852104187011719e-01 -2.424069643020629883e-01 -6.061899662017822266e-01 7.026320695877075195e-01
-1.008891296386718750e+01 -1.027462863922119141e+01 -2.067994356155395508e+00 -2.849349379539489746e-01 -2.444860190153121948e-01 -6.098687648773193359e-01 6.979245543479919434e-01
-1.007101154327392578e+01 -1.026624584197998047e+01 -2.068574428558349609e+00 -2.871460914611816406e-01 -2.467745840549468994e-01 -6.139200925827026367e-01 6.926409602165222168e-01
-1.006170845031738281e+01 -1.026094341278076172e+01 -2.069225311279296875e+00 -2.896154820919036865e-01 -2.492612600326538086e-01 -6.183584332466125488e-01 6.867492794990539551e-01
-1.006100082397460938e+01 -1.025871276855468750e+01 -2.069952726364135742e+00 -2.923384308815002441e-01 -2.519333362579345703e-01 -6.231961250305175781e-01 6.802164316177368164e-01
-1.005705070495605469e+01 -1.025518608093261719e+01 -2.070658445358276367e+00 -2.923330068588256836e-01 -2.512915134429931641e-01 -6.295228600502014160e-01 6.746072769165039062e-01
-1.004986572265625000e+01 -1.025026607513427734e+01 -2.071462631225585938e+00 -2.922459542751312256e-01 -2.507071197032928467e-01 -6.364029645919799805e-01 6.683781743049621582e-01
-1.003943252563476562e+01 -1.024395275115966797e+01 -2.072384834289550781e+00 -2.920309305191040039e-01 -2.502426207065582275e-01 -6.438327431678771973e-01 6.614951491355895996e-01
-1.002574157714843750e+01 -1.023624897003173828e+01 -2.073445081710815430e+00 -2.916471958160400391e-01 -2.499642670154571533e-01 -6.518028974533081055e-01 6.539210081100463867e-01
-1.000878047943115234e+01 -1.022715663909912109e+01 -2.074660301208496094e+00 -2.910630404949188232e-01 -2.499399632215499878e-01 -6.602988243103027344e-01 6.456142663955688477e-01
-9.988530158996582031e+00 -1.021668243408203125e+01 -2.076048851013183594e+00 -2.902566194534301758e-01 -2.502396702766418457e-01 -6.692965030670166016e-01 6.365323066711425781e-01
-9.964978218078613281e+00 -1.020483112335205078e+01 -2.077623605728149414e+00 -2.892197668552398682e-01 -2.509321570396423340e-01 -6.787612438201904297e-01 6.266323924064636230e-01
-9.936647415161132812e+00 -1.019106197357177734e+01 -2.079394578933715820e+00 -2.879610657691955566e-01 -2.520812451839447021e-01 -6.886453032493591309e-01 6.158742308616638184e-01
-9.903522491455078125e+00 -1.017538833618164062e+01 -2.081366777420043945e+00 -2.865069508552551270e-01 -2.537431716918945312e-01 -6.988841295242309570e-01 6.042260527610778809e-01
-9.865576744079589844e+00 -1.015782737731933594e+01 -2.083536624908447266e+00 -2.849040031433105469e-01 -2.559603750705718994e-01 -7.093964815139770508e-01 5.916676521301269531e-01
-9.822793960571289062e+00 -1.013841438293457031e+01 -2.085882425308227539e+00 -2.832192778587341309e-01 -2.587557137012481689e-01 -7.200835943222045898e-01 5.781970620155334473e-01
-9.775156021118164062e+00 -1.011715984344482422e+01 -2.088398456573486328e+00 -2.815381884574890137e-01 -2.621264755725860596e-01 -7.308314442634582520e-01 5.638362169265747070e-01
-9.722652435302734375e+00 -1.009410095214843750e+01 -2.091056108474731445e+00 -2.799603641033172607e-01 -2.660392224788665771e-01 -7.415143251419067383e-01 5.486361980438232422e-01
-9.665278434753417969e+00 -1.006926727294921875e+01 -2.093818664550781250e+00 -2.785932421684265137e-01 -2.704261839389801025e-01 -7.520021796226501465e-01 5.326801538467407227e-01
-9.603033065795898438e+00 -1.004269981384277344e+01 -2.096640348434448242e+00 -2.775436043739318848e-01 -2.751850187778472900e-01 -7.621683478355407715e-01 5.160833001136779785e-01
-9.535933494567871094e+00 -1.001443290710449219e+01 -2.099471092224121094e+00 -2.769083976745605469e-01 -2.801818847656250000e-01 -7.718996405601501465e-01 4.989897310733795166e-01
-9.463994979858398438e+00 -9.984498023986816406e+00 -2.102257013320922852e+00 -2.767658233642578125e-01 -2.852586209774017334e-01 -7.811041474342346191e-01 4.815645217895507812e-01
-9.387244224548339844e+00 -9.952921867370605469e+00 -2.104946851730346680e+00 -2.771688103675842285e-01 -2.902429997920989990e-01 -7.897187471389770508e-01 4.639834165573120117e-01
-9.305709838867187500e+00 -9.919718742370605469e+00 -2.107492208480834961e+00 -2.781420946121215820e-01 -2.949599325656890869e-01 -7.977119684219360352e-01 4.464203417301177979e-01
-9.219423294067382812e+00 -9.884894371032714844e+00 -2.109853506088256836e+00 -2.796824276447296143e-01 -2.992427349090576172e-01 -8.050845265388488770e-01 4.290341734886169434e-01
-9.127033233642578125e+00 -9.845389366149902344e+00 -2.110640287399291992e+00 -2.744803726673126221e-01 -2.876859009265899658e-01 -8.218408226966857910e-01 4.080132842063903809e-01
-9.029697418212890625e+00 -9.804511070251464844e+00 -2.111499071121215820e+00 -2.668434679508209229e-01 -2.763709723949432373e-01 -8.380885720252990723e-01 3.873255550861358643e-01
-8.940490722656250000e+00 -9.767252922058105469e+00 -2.112406253814697266e+00 -2.569478452205657959e-01 -2.654879689216613770e-01 -8.536468744277954102e-01 3.671251833438873291e-01
-8.859448432922363281e+00 -9.733716964721679688e+00 -2.113313913345336914e+00 -2.450224459171295166e-01 -2.551722824573516846e-01 -8.683769106864929199e-01 3.475235700607299805e-01
-8.786684036254882812e+00 -9.703742980957031250e+00 -2.114235877990722656e+00 -2.313326299190521240e-01 -2.455105483531951904e-01 -8.821763396263122559e-01 3.285950422286987305e-01
-8.722249984741210938e+00 -9.677317619323730469e+00 -2.115148067474365234e+00 -2.161659449338912964e-01 -2.365510165691375732e-01 -8.949719667434692383e-01 3.103884756565093994e-01
-8.666194915771484375e+00 -9.654417037963867188e+00 -2.116030931472778320e+00 -1.998201459646224976e-01 -2.283132076263427734e-01 -9.067147374153137207e-01 2.929392158985137939e-01
-8.618553161621093750e+00 -9.635016441345214844e+00 -2.116866350173950195e+00 -1.825958043336868286e-01 -2.207955718040466309e-01 -9.173766970634460449e-01 2.762750983238220215e-01
-8.579364776611328125e+00 -9.619092941284179688e+00 -2.117641925811767578e+00 -1.647897064685821533e-01 -2.139823734760284424e-01 -9.269492030143737793e-01 2.604242861270904541e-01
-8.548664093017578125e+00 -9.606617927551269531e+00 -2.118346929550170898e+00 -1.466920673847198486e-01 -2.078488469123840332e-01 -9.354404807090759277e-01 2.454204857349395752e-01
-8.526482582092285156e+00 -9.597569465637207031e+00 -2.118975162506103516e+00 -1.285818368196487427e-01 -2.023642212152481079e-01 -9.428747296333312988e-01 2.313059717416763306e-01
-8.512860298156738281e+00 -9.591925621032714844e+00 -2.119525432586669922e+00 -1.107266694307327271e-01 -1.974943131208419800e-01 -9.492909908294677734e-01 2.181334048509597778e-01
-8.507825851440429688e+00 -9.589667320251464844e+00 -2.119997262954711914e+00 -9.337940812110900879e-02 -1.932028234004974365e-01 -9.547405838966369629e-01 2.059691846370697021e-01
-8.494580268859863281e+00 -9.584476470947265625e+00 -2.120368957519531250e+00 -7.677876204252243042e-02 -1.894527077674865723e-01 -9.592857956886291504e-01 1.948925107717514038e-01
-8.473156929016113281e+00 -9.576339721679687500e+00 -2.120645761489868164e+00 -6.114658340811729431e-02 -1.862063258886337280e-01 -9.629975557327270508e-01 1.849968433380126953e-01
-8.443599700927734375e+00 -9.565239906311035156e+00 -2.120836734771728516e+00 -4.668794572353363037e-02 -1.834266334772109985e-01 -9.659508466720581055e-01 1.763906478881835938e-01
-8.405946731567382812e+00 -9.551168441772460938e+00 -2.120952606201171875e+00 -3.359032422304153442e-02 -1.810776293277740479e-01 -9.682226181030273438e-01 1.691959053277969360e-01
-8.360241889953613281e+00 -9.534115791320800781e+00 -2.121003627777099609e+00 -2.202325314283370972e-02 -1.791260838508605957e-01 -9.698867797851562500e-01 1.635493040084838867e-01
-8.306530952453613281e+00 -9.514075279235839844e+00 -2.120999813079833984e+00 -1.213663257658481598e-02 -1.775426566600799561e-01 -9.710093736648559570e-01 1.595993787050247192e-01
-8.244857788085937500e+00 -9.491050720214843750e+00 -2.120951890945434570e+00 -4.061589017510414124e-03 -1.763047277927398682e-01 -9.716435074806213379e-01 1.575081199407577515e-01
-8.175406455993652344e+00 -9.464126586914062500e+00 -2.118268728256225586e+00 4.020817577838897705e-04 -1.646517962217330933e-01 -9.737103581428527832e-01 1.574093103408813477e-01
-8.098037719726562500e+00 -9.434232711791992188e+00 -2.115396022796630859e+00 3.008795902132987976e-03 -1.526888161897659302e-01 -9.753488302230834961e-01 1.592847853899002075e-01
-8.012527465820312500e+00 -9.401796340942382812e+00 -2.112295866012573242e+00 3.918072208762168884e-03 -1.405199617147445679e-01 -9.765695333480834961e-01 1.629433780908584595e-01
-7.918935298919677734e+00 -9.366477012634277344e+00 -2.109060525894165039e+00 3.290986642241477966e-03 -1.282471120357513428e-01 -9.773706793785095215e-01 1.681916266679763794e-01
-7.817208290100097656e+00 -9.328240394592285156e+00 -2.105725049972534180e+00 1.288171857595443726e-03 -1.159713566303253174e-01 -9.777433872222900391e-01 1.748340725898742676e-01
-7.707273960113525391e+00 -9.287090301513671875e+00 -2.102315425872802734e+00 -1.929014921188354492e-03 -1.037938892841339111e-01 -9.776774048805236816e-01 1.826750487089157104e-01
-7.589072227478027344e+00 -9.243023872375488281e+00 -2.098858833312988281e+00 -6.198419257998466492e-03 -9.181634336709976196e-02 -9.771654009819030762e-01 1.915182173252105713e-01
-7.462538719177246094e+00 -9.196035385131835938e+00 -2.095382928848266602e+00 -1.135822013020515442e-02 -8.014163374900817871e-02 -9.762066602706909180e-01 2.011681348085403442e-01
-7.327358245849609375e+00 -9.146825790405273438e+00 -2.091809988021850586e+00 -1.724614202976226807e-02 -6.887385994195938110e-02 -9.748106598854064941e-01 2.114308327436447144e-01
-7.183416366577148438e+00 -9.095531463623046875e+00 -2.088149785995483398e+00 -2.369970455765724182e-02 -5.811832100152969360e-02 -9.729982018470764160e-01 2.221149057149887085e-01
-7.030945777893066406e+00 -9.041359901428222656e+00 -2.084549427032470703e+00 -3.055685758590698242e-02 -4.798164963722229004e-02 -9.708040952682495117e-01 2.330311089754104614e-01
-6.869897365570068359e+00 -8.984283447265625000e+00 -2.081044912338256836e+00 -3.765664249658584595e-02 -3.857157751917839050e-02 -9.682772755622863770e-01 2.439944893121719360e-01
-6.699570178985595703e+00 -8.926183700561523438e+00 -2.077422380447387695e+00 -4.483891278505325317e-02 -2.999665774405002594e-02 -9.654816389083862305e-01 2.548233270645141602e-01
-6.520302772521972656e+00 -8.865950584411621094e+00 -2.073862791061401367e+00 -5.194463208317756653e-02 -2.236605435609817505e-02 -9.624946117401123047e-01 2.653403580188751221e-01
-6.332043170928955078e+00 -8.803645133972167969e+00 -2.070408821105957031e+00 -5.881614983081817627e-02 -1.578948087990283966e-02 -9.594066143035888672e-01 2.753730416297912598e-01
-6.133878231048583984e+00 -8.741969108581542969e+00 -2.066788673400878906e+00 -6.529773771762847900e-02 -1.037639100104570389e-02 -9.563184976577758789e-01 2.847516834735870361e-01
-5.926069259643554688e+00 -8.680251121520996094e+00 -2.063166856765747070e+00 -7.123460620641708374e-02 -6.237648427486419678e-03 -9.533389806747436523e-01 2.933116257190704346e-01
-5.707808494567871094e+00 -8.621312141418457031e+00 -2.059336423873901367e+00 -7.647399604320526123e-02 -3.482809290289878845e-03 -9.505816102027893066e-01 3.008890151977539062e-01
-5.477543830871582031e+00 -8.572627067565917969e+00 -2.054900884628295898e+00 -8.086338639259338379e-02 -2.222830429673194885e-03 -9.481606483459472656e-01 3.073230087757110596e-01
-5.234364032745361328e+00 -8.546872138977050781e+00 -2.049740552902221680e+00 -8.425084501504898071e-02 -2.568366006016731262e-03 -9.461867213249206543e-01 3.124511837959289551e-01
-4.980242729187011719e+00 -8.553503990173339844e+00 -2.046090602874755859e+00 -8.652253448963165283e-02 -4.588427022099494934e-03 -9.447427392005920410e-01 3.161547183990478516e-01
-4.717329025268554688e+00 -8.572140693664550781e+00 -2.044124126434326172e+00 -8.772029727697372437e-02 -8.185189217329025269e-03 -9.438229799270629883e-01 3.184906840324401855e-01
-4.445415973663330078e+00 -8.594527244567871094e+00 -2.040604591369628906e+00 -8.792344480752944946e-02 -1.321814302355051041e-02 -9.433864355087280273e-01 3.195570409297943115e-01
-4.164140701293945312e+00 -8.614996910095214844e+00 -2.034312725067138672e+00 -8.721058815717697144e-02 -1.954729482531547546e-02 -9.433801770210266113e-01 3.194465935230255127e-01
-3.873536348342895508e+00 -8.633249282836914062e+00 -2.025320053100585938e+00 -8.565893024206161499e-02 -2.703221328556537628e-02 -9.437419772148132324e-01 3.182498514652252197e-01
-3.574320077896118164e+00 -8.658214569091796875e+00 -2.013153553009033203e+00 -8.334596455097198486e-02 -3.553169220685958862e-02 -9.444044232368469238e-01 3.160557448863983154e-01
-3.267773389816284180e+00 -8.698708534240722656e+00 -1.996964097023010254e+00 -8.034878969192504883e-02 -4.490432888269424438e-02 -9.452981352806091309e-01 3.129519820213317871e-01
-2.957465648651123047e+00 -8.767640113830566406e+00 -1.974794268608093262e+00 -7.674509286880493164e-02 -5.500827729701995850e-02 -9.463540315628051758e-01 3.090282082557678223e-01
-2.648540019989013672e+00 -8.872633934020996094e+00 -1.945848345756530762e+00 -7.261291146278381348e-02 -6.570097804069519043e-02 -9.475058913230895996e-01 3.043735027313232422e-01
-2.356821298599243164e+00 -9.034651756286621094e+00 -1.907189846038818359e+00 -6.803085654973983765e-02 -7.683963328599929810e-02 -9.486929178237915039e-01 2.990807890892028809e-01
-2.095715284347534180e+00 -9.255335807800292969e+00 -1.859511375427246094e+00 -6.307839602231979370e-02 -8.828127384185791016e-02 -9.498606920242309570e-01 2.932441532611846924e-01
-1.869975566864013672e+00 -9.523098945617675781e+00 -1.806054353713989258e+00 -5.783624574542045593e-02 -9.988318383693695068e-02 -9.509634971618652344e-01 2.869611680507659912e-01
-1.679191827774047852e+00 -9.812051773071289062e+00 -1.752345800399780273e+00 -5.238531529903411865e-02 -1.115029305219650269e-01 -9.519644975662231445e-01 2.803327441215515137e-01
-1.519995093345642090e+00 -1.011553955078125000e+01 -1.701735496520996094e+00 -4.680747538805007935e-02 -1.229988262057304382e-01 -9.528373479843139648e-01 2.734616696834564209e-01
-1.386013150215148926e+00 -1.042813205718994141e+01 -1.662617206573486328e+00 -4.118493944406509399e-02 -1.342303007841110229e-01 -9.535656571388244629e-01 2.664554119110107422e-01
-1.318874478340148926e+00 -1.075272655487060547e+01 -1.692340373992919922e+00 -3.560063242912292480e-02 -1.450581997632980347e-01 -9.541439414024353027e-01 2.594226002693176270e-01
-1.265102505683898926e+00 -1.104269123077392578e+01 -1.832586288452148438e+00 -3.013698756694793701e-02 -1.553447991609573364e-01 -9.545763134956359863e-01 2.524755299091339111e-01
-1.021481871604919434e+00 -1.124068450927734375e+01 -1.935556650161743164e+00 -2.487769350409507751e-02 -1.649542003870010376e-01 -9.548765420913696289e-01 2.457276731729507446e-01
-7.399535775184631348e-01 -1.138926601409912109e+01 -2.013854265213012695e+00 -1.990504935383796692e-02 -1.737522035837173462e-01 -9.550665020942687988e-01 2.392947971820831299e-01
-4.482543766498565674e-01 -1.151366996765136719e+01 -2.079662799835205078e+00 -1.530180126428604126e-02 -1.816061586141586304e-01 -9.551749825477600098e-01 2.332934141159057617e-01
-1.548461914062500000e-01 -1.162480640411376953e+01 -2.137037038803100586e+00 -1.295106112957000732e-02 -1.808031201362609863e-01 -9.567047357559204102e-01 2.277248203754425049e-01
1.384228467941284180e-01 -1.172648811340332031e+01 -2.189681768417358398e+00 -1.071800664067268372e-02 -1.800841093063354492e-01 -9.580363631248474121e-01 2.227577418088912964e-01
4.306396245956420898e-01 -1.182016658782958984e+01 -2.238351345062255859e+00 -8.648604154586791992e-03 -1.794497966766357422e-01 -9.591862559318542480e-01 2.183681577444076538e-01
7.219897508621215820e-01 -1.190465259552001953e+01 -2.282520771026611328e+00 -6.783485412597656250e-03 -1.789004057645797729e-01 -9.601687192916870117e-01 2.145330905914306641e-01
1.011726021766662598e+00 -1.198113250732421875e+01 -2.322794675827026367e+00 -5.157306790351867676e-03 -1.784356683492660522e-01 -9.609973430633544922e-01 2.112298905849456787e-01
1.299694776535034180e+00 -1.204937744140625000e+01 -2.359090566635131836e+00 -3.801155835390090942e-03 -1.780553162097930908e-01 -9.616835713386535645e-01 2.084377408027648926e-01
1.585922837257385254e+00 -1.210840320587158203e+01 -2.390962362289428711e+00 -2.741537988185882568e-03 -1.777591705322265625e-01 -9.622377157211303711e-01 2.061371952295303345e-01
1.870544433593750000e+00 -1.215626811981201172e+01 -2.417514562606811523e+00 -2.001050859689712524e-03 -1.775471270084381104e-01 -9.626684784889221191e-01 2.043096125125885010e-01
2.153837919235229492e+00 -1.218811702728271484e+01 -2.436492443084716797e+00 -1.599505543708801270e-03 -1.774194091558456421e-01 -9.629826545715332031e-01 2.029386609792709351e-01
2.434804677963256836e+00 -1.220159626007080078e+01 -2.447581529617309570e+00 -1.554392278194427490e-03 -1.773767322301864624e-01 -9.631860256195068359e-01 2.020089328289031982e-01
2.711999416351318359e+00 -1.219528293609619141e+01 -2.451022863388061523e+00 -1.880023628473281860e-03 -1.774199753999710083e-01 -9.632826447486877441e-01 2.015065550804138184e-01
2.983469247817993164e+00 -1.216597843170166016e+01 -2.446682453155517578e+00 -2.589184790849685669e-03 -1.775507330894470215e-01 -9.632753133773803711e-01 2.014188319444656372e-01
3.246303558349609375e+00 -1.211071777343750000e+01 -2.435107707977294922e+00 -3.692876547574996948e-03 -1.777709126472473145e-01 -9.631651639938354492e-01 2.017344832420349121e-01
3.497941732406616211e+00 -1.203075695037841797e+01 -2.418445348739624023e+00 -5.200281739234924316e-03 -1.780828535556793213e-01 -9.629516601562500000e-01 2.024434506893157959e-01
3.736369609832763672e+00 -1.192794513702392578e+01 -2.399125337600708008e+00 -7.119502872228622437e-03 -1.784896403551101685e-01 -9.626337885856628418e-01 2.035360485315322876e-01
3.960651874542236328e+00 -1.180551719665527344e+01 -2.379926443099975586e+00 -9.458217769861221313e-03 -1.789947152137756348e-01 -9.622082710266113281e-01 2.050037384033203125e-01
4.168654918670654297e+00 -1.166415977478027344e+01 -2.362556695938110352e+00 -1.222256571054458618e-02 -1.796021759510040283e-01 -9.616710543632507324e-01 2.068389803171157837e-01
4.356582164764404297e+00 -1.150307083129882812e+01 -2.348131418228149414e+00 -1.541794091463088989e-02 -1.803166121244430542e-01 -9.610165357589721680e-01 2.090340703725814819e-01
4.526152133941650391e+00 -1.132833194732666016e+01 -2.336722612380981445e+00 -1.905005052685737610e-02 -1.811433434486389160e-01 -9.602380394935607910e-01 2.115824520587921143e-01
4.678879261016845703e+00 -1.114386367797851562e+01 -2.328250885009765625e+00 -2.312360703945159912e-02 -1.820881217718124390e-01 -9.593272805213928223e-01 2.144767791032791138e-01
4.817155838012695312e+00 -1.095279407501220703e+01 -2.321119070053100586e+00 -2.880040928721427917e-02 -1.780144274234771729e-01 -9.592456817626953125e-01 2.175528407096862793e-01
4.941967487335205078e+00 -1.075740242004394531e+01 -2.316470623016357422e+00 -3.494619205594062805e-02 -1.738861948251724243e-01 -9.590438604354858398e-01 2.208555936813354492e-01
5.055976390838623047e+00 -1.056024837493896484e+01 -2.313849449157714844e+00 -4.150292649865150452e-02 -1.697404235601425171e-01 -9.587190747261047363e-01 2.243292182683944702e-01
5.162568092346191406e+00 -1.036363124847412109e+01 -2.312531471252441406e+00 -4.841288924217224121e-02 -1.656145751476287842e-01 -9.582697749137878418e-01 2.279185801744461060e-01
5.262331485748291016e+00 -1.016797065734863281e+01 -2.312413215637207031e+00 -5.561754852533340454e-02 -1.615464687347412109e-01 -9.576981067657470703e-01 2.315684109926223755e-01
5.357250690460205078e+00 -9.969388961791992188e+00 -2.313440084457397461e+00 -6.305870413780212402e-02 -1.575743854045867920e-01 -9.570075273513793945e-01 2.352243363857269287e-01
5.450776100158691406e+00 -9.769594192504882812e+00 -2.314829587936401367e+00 -7.067859917879104614e-02 -1.537371575832366943e-01 -9.562051892280578613e-01 2.388327717781066895e-01
5.540485858917236328e+00 -9.567504882812500000e+00 -2.317030191421508789e+00 -7.841931283473968506e-02 -1.500741541385650635e-01 -9.553005695343017578e-01 2.423407137393951416e-01
5.629101276397705078e+00 -9.364383697509765625e+00 -2.319470405578613281e+00 -8.622290939092636108e-02 -1.466248780488967896e-01 -9.543061852455139160e-01 2.456957995891571045e-01
5.715685844421386719e+00 -9.159820556640625000e+00 -2.322302103042602539e+00 -9.403190761804580688e-02 -1.434294730424880981e-01 -9.532372951507568359e-01 2.488464862108230591e-01
5.800737380981445312e+00 -8.954051971435546875e+00 -2.325337886810302734e+00 -1.017890125513076782e-01 -1.405282765626907349e-01 -9.521117806434631348e-01 2.517419457435607910e-01
5.884929180145263672e+00 -8.747346878051757812e+00 -2.328546762466430664e+00 -1.094377934932708740e-01 -1.379621326923370361e-01 -9.509494304656982422e-01 2.543321847915649414e-01
5.967228889465332031e+00 -8.539292335510253906e+00 -2.331759214401245117e+00 -1.169212311506271362e-01 -1.357718259096145630e-01 -9.497728943824768066e-01 2.565676271915435791e-01
6.049003601074218750e+00 -8.330439567565917969e+00 -2.334943532943725586e+00 -1.241832375526428223e-01 -1.339985430240631104e-01 -9.486056566238403320e-01 2.583994865417480469e-01
6.129609107971191406e+00 -8.120526313781738281e+00 -2.337901353836059570e+00 -1.311682611703872681e-01 -1.326835006475448608e-01 -9.474728107452392578e-01 2.597790062427520752e-01
6.209130764007568359e+00 -7.909582138061523438e+00 -2.340143680572509766e+00 -1.378202289342880249e-01 -1.318679898977279663e-01 -9.464004039764404297e-01 2.606582939624786377e-01
6.287841796875000000e+00 -7.697715759277343750e+00 -2.341271400451660156e+00 -1.440838426351547241e-01 -1.315932273864746094e-01 -9.454140067100524902e-01 2.609889209270477295e-01
6.365295410156250000e+00 -7.484772205352783203e+00 -2.340166807174682617e+00 -1.499045789241790771e-01 -1.319005191326141357e-01 -9.445393085479736328e-01 2.607226371765136719e-01
6.440700531005859375e+00 -7.270548343658447266e+00 -2.334899187088012695e+00 -1.552265286445617676e-01 -1.328307241201400757e-01 -9.438001513481140137e-01 2.598109841346740723e-01
6.511877059936523438e+00 -7.054884910583496094e+00 -2.318720579147338867e+00 -1.599950641393661499e-01 -1.344248354434967041e-01 -9.432187676429748535e-01 2.582050561904907227e-01
6.576564788818359375e+00 -6.841603755950927734e+00 -2.271497964859008789e+00 -1.641681790351867676e-01 -1.366958320140838623e-01 -9.428091645240783691e-01 2.558783888816833496e-01
6.638112545013427734e+00 -6.638288497924804688e+00 -2.187448740005493164e+00 -1.677583903074264526e-01 -1.395484805107116699e-01 -9.425622820854187012e-01 2.529024779796600342e-01
6.683134555816650391e+00 -6.437849044799804688e+00 -2.086300373077392578e+00 -1.707915365695953369e-01 -1.428598463535308838e-01 -9.424620866775512695e-01 2.493723034858703613e-01
6.717270374298095703e+00 -6.237211704254150391e+00 -1.980345368385314941e+00 -1.732930392026901245e-01 -1.465067863464355469e-01 -9.424929618835449219e-01 2.453817874193191528e-01
6.745109558105468750e+00 -6.035915374755859375e+00 -1.872822523117065430e+00 -1.752891838550567627e-01 -1.503666639328002930e-01 -9.426397681236267090e-01 2.410265505313873291e-01
6.768886566162109375e+00 -5.833919048309326172e+00 -1.764658808708190918e+00 -1.768062114715576172e-01 -1.543168723583221436e-01 -9.428890943527221680e-01 2.364020198583602905e-01
6.788879394531250000e+00 -5.631226539611816406e+00 -1.656032323837280273e+00 -1.778705120086669922e-01 -1.582350879907608032e-01 -9.432302713394165039e-01 2.316040843725204468e-01
6.804943561553955078e+00 -5.427844047546386719e+00 -1.547021508216857910e+00 -1.785093992948532104e-01 -1.619996875524520874e-01 -9.436545372009277344e-01 2.267300039529800415e-01
6.816620826721191406e+00 -5.223782062530517578e+00 -1.437671422958374023e+00 -1.787508875131607056e-01 -1.654893904924392700e-01 -9.441568255424499512e-01 2.218768000602722168e-01
6.823053836822509766e+00 -5.019058704376220703e+00 -1.328031301498413086e+00 -1.786227375268936157e-01 -1.685834974050521851e-01 -9.447339773178100586e-01 2.171431332826614380e-01
6.822135925292968750e+00 -4.810334205627441406e+00 -1.216383337974548340e+00 -1.781539320945739746e-01 -1.711616516113281250e-01 -9.453858733177185059e-01 2.126269340515136719e-01
6.810763835906982422e+00 -4.597865104675292969e+00 -1.103003859519958496e+00 -1.773734241724014282e-01 -1.731041371822357178e-01 -9.461139440536499023e-01 2.084278315305709839e-01
6.781816482543945312e+00 -4.382630825042724609e+00 -9.887536168098449707e-01 -1.763100177049636841e-01 -1.742910444736480713e-01 -9.469203352928161621e-01 2.046442776918411255e-01
6.720847129821777344e+00 -4.168383598327636719e+00 -8.763129711151123047e-01 -1.749928444623947144e-01 -1.746028810739517212e-01 -9.478076100349426270e-01 2.013756185770034790e-01
6.616203308105468750e+00 -3.963347911834716797e+00 -7.703303098678588867e-01 -1.734504550695419312e-01 -1.739196777343750000e-01 -9.487766027450561523e-01 1.987201720476150513e-01
6.455197811126708984e+00 -3.783829212188720703e+00 -6.793245077133178711e-01 -1.717114001512527466e-01 -1.721209436655044556e-01 -9.498257040977478027e-01 1.967760920524597168e-01
6.253122329711914062e+00 -3.633965015411376953e+00 -6.033905148506164551e-01 -1.698023527860641479e-01 -1.690852940082550049e-01 -9.509479999542236328e-01 1.956400275230407715e-01
6.039370059967041016e+00 -3.490714550018310547e+00 -5.299395918846130371e-01 -1.677500158548355103e-01 -1.646901071071624756e-01 -9.521309137344360352e-01 1.954070031642913818e-01
5.818183422088623047e+00 -3.343494415283203125e+00 -4.717852771282196045e-01 -1.655783802270889282e-01 -1.588111817836761475e-01 -9.533520340919494629e-01 1.961703598499298096e-01
5.586281776428222656e+00 -3.190368175506591797e+00 -4.550372064113616943e-01 -1.633106023073196411e-01 -1.513223648071289062e-01 -9.545779824256896973e-01 1.980203986167907715e-01
5.348894119262695312e+00 -3.036422729492187500e+00 -4.890629351139068604e-01 -1.609673351049423218e-01 -1.421471834182739258e-01 -9.557588696479797363e-01 2.010187506675720215e-01
5.103017330169677734e+00 -2.893513441085815430e+00 -5.541580319404602051e-01 -1.585703790187835693e-01 -1.314143389463424683e-01 -9.568235278129577637e-01 2.051206976175308228e-01
4.840358734130859375e+00 -2.772169113159179688e+00 -6.269705295562744141e-01 -1.561423987150192261e-01 -1.193048432469367981e-01 -9.576945304870605469e-01 2.102550119161605835e-01
4.553217887878417969e+00 -2.688800096511840820e+00 -6.869448423385620117e-01 -1.537058204412460327e-01 -1.060012206435203552e-01 -9.582957625389099121e-01 2.163504362106323242e-01
4.245636940002441406e+00 -2.648824930191040039e+00 -7.233718633651733398e-01 -1.512839645147323608e-01 -9.168770909309387207e-02 -9.585552811622619629e-01 2.233347147703170776e-01
3.926772356033325195e+00 -2.637794971466064453e+00 -7.416476011276245117e-01 -1.489014476537704468e-01 -7.655091583728790283e-02 -9.584070444107055664e-01 2.311366498470306396e-01
3.600168466567993164e+00 -2.639096736907958984e+00 -7.486024498939514160e-01 -1.465845555067062378e-01 -6.077972799539566040e-02 -9.577941298484802246e-01 2.396858483552932739e-01
3.266574621200561523e+00 -2.640690326690673828e+00 -7.498951554298400879e-01 -1.443605422973632812e-01 -4.456481710076332092e-02 -9.566694498062133789e-01 2.489130645990371704e-01
2.926113128662109375e+00 -2.641924619674682617e+00 -7.474415302276611328e-01 -1.422589123249053955e-01 -2.809870056807994843e-02 -9.549977779388427734e-01 2.587512433528900146e-01
2.578835487365722656e+00 -2.643141984939575195e+00 -7.433164715766906738e-01 -1.403108239173889160e-01 -1.157557964324951172e-02 -9.527565240859985352e-01 2.691354155540466309e-01
2.224775314331054688e+00 -2.645196676254272461e+00 -7.391590476036071777e-01 -1.385493278503417969e-01 4.810236394405364990e-03 -9.499362111091613770e-01 2.800033092498779297e-01
1.895578622817993164e+00 -2.789541482925415039e+00 -7.345151901245117188e-01 -1.370092630386352539e-01 2.086418494582176208e-02 -9.465411305427551270e-01 2.912954390048980713e-01
1.568327546119689941e+00 -2.957512855529785156e+00 -7.142243981361389160e-01 -1.357272118330001831e-01 3.639177978038787842e-02 -9.425874352455139160e-01 3.029567003250122070e-01
1.240629911422729492e+00 -3.132755994796752930e+00 -6.607930064201354980e-01 -1.347405910491943359e-01 5.120036751031875610e-02 -9.381043910980224609e-01 3.149343729019165039e-01
9.187304377555847168e-01 -3.314930438995361328e+00 -5.631442070007324219e-01 -1.340891420841217041e-01 6.509804725646972656e-02 -9.331319332122802734e-01 3.271806538105010986e-01
6.028442382812500000e-01 -3.505107879638671875e+00 -4.369717240333557129e-01 -1.338130831718444824e-01 7.789527624845504761e-02 -9.277196526527404785e-01 3.396507203578948975e-01
2.865551710128784180e-01 -3.709596395492553711e+00 -3.136009275913238525e-01 -1.339537799358367920e-01 8.940494060516357422e-02 -9.219249486923217773e-01 3.523029983043670654e-01
-3.968017548322677612e-02 -3.932781219482421875e+00 -2.376794368028640747e-01 -1.345534324645996094e-01 9.944231063127517700e-02 -9.158103466033935547e-01 3.651000261306762695e-01
-4.011620879173278809e-01 -4.119540214538574219e+00 -2.154809534549713135e-01 -1.356545537710189819e-01 1.078240573406219482e-01 -9.094408154487609863e-01 3.780069947242736816e-01
-8.118481040000915527e-01 -4.163864612579345703e+00 -2.181895375251770020e-01 -1.372992396354675293e-01 1.143698394298553467e-01 -9.028813242912292480e-01 3.909907341003417969e-01
-1.229638695716857910e+00 -4.157132625579833984e+00 -1.938664168119430542e-01 -1.395157277584075928e-01 1.189546287059783936e-01 -8.961861729621887207e-01 4.040242731571197510e-01
-1.576423287391662598e+00 -4.164753913879394531e+00 5.082458257675170898e-02 -1.422735750675201416e-01 1.216741800308227539e-01 -8.893731832504272461e-01 4.170958697795867920e-01
-1.900371074676513672e+00 -4.222519874572753906e+00 3.342765867710113525e-01 -1.446830928325653076e-01 1.209481805562973022e-01 -8.826811909675598145e-01 4.304789900779724121e-01
-2.268044471740722656e+00 -4.336423397064208984e+00 5.495780110359191895e-01 -1.472865641117095947e-01 1.182864531874656677e-01 -8.759110569953918457e-01 4.439536035060882568e-01
-2.684010028839111328e+00 -4.459088325500488281e+00 6.509060263633728027e-01 -1.506711244583129883e-01 1.150922700762748718e-01 -8.688699007034301758e-01 4.572930335998535156e-01
-3.111522197723388672e+00 -4.517538547515869141e+00 5.249856710433959961e-01 -1.547535508871078491e-01 1.113612130284309387e-01 -8.615608811378479004e-01 4.704920649528503418e-01
