-3.119931459426879883e+00 -1.461495041847229004e+00 3.077670931816101074e-01 -2.482001334428787231e-01 1.774762719869613647e-01 9.487971067428588867e-01 8.174836635589599609e-02
-3.307346105575561523e+00 -1.788934946060180664e+00 7.790099829435348511e-02 -2.492446154356002808e-01 1.760063916444778442e-01 9.492636322975158691e-01 7.613984495401382446e-02
-3.486436605453491211e+00 -2.123141050338745117e+00 -1.575147956609725952e-01 -2.503335773944854736e-01 1.744541227817535400e-01 9.497184157371520996e-01 7.023943215608596802e-02
-3.672431468963623047e+00 -2.474725961685180664e+00 -3.691685497760772705e-01 -2.514397799968719482e-01 1.728559434413909912e-01 9.501466155052185059e-01 6.418825685977935791e-02
-3.880983829498291016e+00 -2.853399276733398438e+00 -5.089100599288940430e-01 -2.525367736816406250e-01 1.712493002414703369e-01 9.505366683006286621e-01 5.812906473875045776e-02
-4.112915039062500000e+00 -3.247278690338134766e+00 -5.514402389526367188e-01 -2.535996139049530029e-01 1.696713715791702271e-01 9.508805871009826660e-01 5.220107734203338623e-02
-4.360723972320556641e+00 -3.638474702835083008e+00 -5.225400924682617188e-01 -2.546063363552093506e-01 1.681569218635559082e-01 9.511746764183044434e-01 4.653299227356910706e-02
-4.626302242279052734e+00 -4.020848274230957031e+00 -4.691679179668426514e-01 2.555384933948516846e-01 -1.667369604110717773e-01 -9.514191150665283203e-01 -4.123720154166221619e-02
-4.924996376037597656e+00 -4.386394023895263672e+00 -4.719744622707366943e-01 2.563821971416473389e-01 -1.654367893934249878e-01 -9.516163468360900879e-01 -3.640396147966384888e-02
-5.262193679809570312e+00 -4.718554973602294922e+00 -5.344677567481994629e-01 2.571288347244262695e-01 -1.642738282680511475e-01 -9.517713785171508789e-01 -3.209328278899192810e-02
-5.618686199188232422e+00 -5.040904045104980469e+00 -5.851237177848815918e-01 2.577760517597198486e-01 -1.632561832666397095e-01 -9.518907666206359863e-01 -2.833091467618942261e-02
-5.979259014129638672e+00 -5.369873046875000000e+00 -6.159949898719787598e-01 2.583282291889190674e-01 -1.623812615871429443e-01 -9.519814252853393555e-01 -2.510337531566619873e-02
-6.334705829620361328e+00 -5.712612152099609375e+00 -6.472855806350708008e-01 2.587961256504058838e-01 -1.616344600915908813e-01 -9.520497918128967285e-01 -2.235370501875877380e-02
-6.670885086059570312e+00 -6.065219402313232422e+00 -6.892887949943542480e-01 2.448952198028564453e-01 -1.475603580474853516e-01 -9.581583142280578613e-01 -1.359711587429046631e-02
-6.978622913360595703e+00 -6.430815696716308594e+00 -7.521798610687255859e-01 2.288402616977691650e-01 -1.316938698291778564e-01 -9.645034074783325195e-01 -4.681240767240524292e-03
-7.236884593963623047e+00 -6.815671443939208984e+00 -8.535920381546020508e-01 2.108638584613800049e-01 -1.142723560333251953e-01 -9.708036780357360840e-01 4.288664087653160095e-03
-7.433996200561523438e+00 -7.215965270996093750e+00 -9.911875724792480469e-01 1.912104636430740356e-01 -9.554205834865570068e-02 -9.767987132072448730e-01 1.320563815534114838e-02
-7.572404384613037109e+00 -7.627310752868652344e+00 -1.143628478050231934e+00 1.701378524303436279e-01 -7.575866580009460449e-02 -9.822582006454467773e-01 2.196102403104305267e-02
-7.659247875213623047e+00 -8.048939704895019531e+00 -1.285770893096923828e+00 1.479170322418212891e-01 -5.518680438399314880e-02 -9.869893193244934082e-01 3.044516593217849731e-02
-7.704110145568847656e+00 -8.482402801513671875e+00 -1.384788155555725098e+00 1.248316541314125061e-01 -3.409842029213905334e-02 -9.908421635627746582e-01 3.854889422655105591e-02
-7.721247196197509766e+00 -8.922031402587890625e+00 -1.413202524185180664e+00 1.011757254600524902e-01 -1.277097500860691071e-02 -9.937147498130798340e-01 4.616465419530868530e-02
-7.716365814208984375e+00 -9.356357574462890625e+00 -1.382981896400451660e+00 7.725161314010620117e-02 8.514921180903911591e-03 -9.955555796623229980e-01 5.318637192249298096e-02
-7.692878246307373047e+00 -9.779900550842285156e+00 -1.314391136169433594e+00 5.336677283048629761e-02 2.947883494198322296e-02 -9.963641166687011719e-01 5.951180681586265564e-02
-7.651857852935791016e+00 -1.019272708892822266e+01 -1.228569269180297852e+00 2.983082085847854614e-02 4.984218627214431763e-02 -9.961903095245361328e-01 6.504233926534652710e-02
-7.514246463775634766e+00 -1.057246685028076172e+01 -1.169539451599121094e+00 6.952231284230947495e-03 6.933104991912841797e-02 -9.951326251029968262e-01 6.968339532613754272e-02
-7.183145523071289062e+00 -1.080625438690185547e+01 -1.169236779212951660e+00 -1.496442221105098724e-02 8.767911046743392944e-02 -9.933322668075561523e-01 7.334486395120620728e-02
-6.814478397369384766e+00 -1.096586322784423828e+01 -1.187089800834655762e+00 -3.562010824680328369e-02 1.046270057559013367e-01 -9.909679889678955078e-01 7.594028860330581665e-02
-6.440824985504150391e+00 -1.109550666809082031e+01 -1.210550189018249512e+00 -5.472442135214805603e-02 1.199246048927307129e-01 -9.882481694221496582e-01 7.738640904426574707e-02
-6.069314956665039062e+00 -1.121171855926513672e+01 -1.236113309860229492e+00 -7.199439406394958496e-02 1.333299428224563599e-01 -9.854024648666381836e-01 7.760150730609893799e-02
-5.700559139251708984e+00 -1.131473159790039062e+01 -1.263544917106628418e+00 -8.715563267469406128e-02 1.446081399917602539e-01 -9.826696515083312988e-01 7.650402933359146118e-02
-5.337335109710693359e+00 -1.141386222839355469e+01 -1.291373014450073242e+00 -9.994029998779296875e-02 1.535286158323287964e-01 -9.802873730659484863e-01 7.401076704263687134e-02
-4.978642463684082031e+00 -1.150499248504638672e+01 -1.320171833038330078e+00 -1.100861430168151855e-01 1.598624289035797119e-01 -9.784786105155944824e-01 7.003439962863922119e-02
-4.626090049743652344e+00 -1.159425735473632812e+01 -1.349207997322082520e+00 -1.173327937722206116e-01 1.633795499801635742e-01 -9.774366021156311035e-01 6.448136270046234131e-02
-4.278659343719482422e+00 -1.167721939086914062e+01 -1.378820419311523438e+00 -1.214815676212310791e-01 1.636140495538711548e-01 -9.773361682891845703e-01 5.732933804392814636e-02
-3.936937093734741211e+00 -1.175657463073730469e+01 -1.408606171607971191e+00 -1.227203533053398132e-01 1.616154462099075317e-01 -9.779887199401855469e-01 4.856283217668533325e-02
-3.601450204849243164e+00 -1.183421802520751953e+01 -1.438611984252929688e+00 -1.212036982178688049e-01 1.566694378852844238e-01 -9.794321656227111816e-01 3.843092173337936401e-02
-3.271458625793457031e+00 -1.190704822540283203e+01 -1.468691945075988770e+00 -1.171535998582839966e-01 1.492764949798583984e-01 -9.814586043357849121e-01 2.703093551099300385e-02
-2.947124004364013672e+00 -1.197587966918945312e+01 -1.498783588409423828e+00 -1.107712760567665100e-01 1.396293193101882935e-01 -9.838816523551940918e-01 1.449746545404195786e-02
-2.629008769989013672e+00 -1.204331874847412109e+01 -1.528831481933593750e+00 -1.022591888904571533e-01 1.279199570417404175e-01 -9.864981770515441895e-01 9.674625471234321594e-04
-2.317104339599609375e+00 -1.210943412780761719e+01 -1.558767914772033691e+00 9.182106703519821167e-02 -1.143437102437019348e-01 9.890977740287780762e-01 1.341981906443834305e-02
-2.010432004928588867e+00 -1.216970157623291016e+01 -1.588321805000305176e+00 7.966557890176773071e-02 -9.909997880458831787e-02 9.914731979370117188e-01 2.852064184844493866e-02
-1.709775328636169434e+00 -1.222789478302001953e+01 -1.617583870887756348e+00 6.600584834814071655e-02 -8.239515870809555054e-02 9.934293031692504883e-01 4.418899491429328918e-02
-1.415346622467041016e+00 -1.228505802154541016e+01 -1.646521925926208496e+00 5.106148496270179749e-02 -6.444162875413894653e-02 9.947898983955383301e-01 6.027434021234512329e-02
-1.127158164978027344e+00 -1.234123229980468750e+01 -1.675059437751770020e+00 3.505716472864151001e-02 -4.545945301651954651e-02 9.954060912132263184e-01 7.662338763475418091e-02
-8.447045683860778809e-01 -1.239373493194580078e+01 -1.702923536300659180e+00 1.822290197014808655e-02 -2.567449025809764862e-02 9.951604604721069336e-01 9.308164566755294800e-02
-5.679760575294494629e-01 -1.244238376617431641e+01 -1.730023145675659180e+00 7.924167439341545105e-04 -5.317992530763149261e-03 9.939728379249572754e-01 1.094938591122627258e-01
-2.975976467132568359e-01 -1.249023151397705078e+01 -1.756507277488708496e+00 -1.699762418866157532e-02 1.537491008639335632e-02 9.918028116226196289e-01 1.257056593894958496e-01
-3.361572325229644775e-02 -1.253726768493652344e+01 -1.782309889793395996e+00 -3.491075336933135986e-02 3.616769611835479736e-02 9.886517524719238281e-01 1.415655463933944702e-01
2.239282131195068359e-01 -1.258347225189208984e+01 -1.807371735572814941e+00 -5.271182954311370850e-02 5.682439729571342468e-02 9.845643043518066406e-01 1.569263190031051636e-01
4.754321277141571045e-01 -1.262613391876220703e+01 -1.831398844718933105e+00 -7.016859203577041626e-02 7.711160182952880859e-02 9.796263575553894043e-01 1.716461479663848877e-01
7.209374904632568359e-01 -1.266465759277343750e+01 -1.854302883148193359e+00 -8.705478906631469727e-02 9.680075943470001221e-02 9.739647507667541504e-01 1.855902075767517090e-01
9.598119854927062988e-01 -1.270235919952392578e+01 -1.876366496086120605e+00 -1.031505241990089417e-01 1.156697049736976624e-01 9.677428007125854492e-01 1.986313611268997192e-01
1.191999435424804688e+00 -1.273917484283447266e+01 -1.897573232650756836e+00 -1.182436272501945496e-01 1.335038989782333374e-01 9.611563682556152344e-01 2.106498926877975464e-01
1.417458415031433105e+00 -1.277502918243408203e+01 -1.917922616004943848e+00 -1.321633458137512207e-01 1.501271873712539673e-01 9.544152021408081055e-01 2.215544134378433228e-01
1.636169433593750000e+00 -1.280987167358398438e+01 -1.937437057495117188e+00 -1.448771059513092041e-01 1.654889285564422607e-01 9.476857185363769531e-01 2.313347607851028442e-01
1.848657131195068359e+00 -1.283991432189941406e+01 -1.955749750137329102e+00 -1.563887447118759155e-01 1.795719265937805176e-01 9.411136507987976074e-01 2.400032579898834229e-01
2.054721593856811523e+00 -1.286648082733154297e+01 -1.973032236099243164e+00 -1.667037159204483032e-01 1.923612952232360840e-01 9.348343014717102051e-01 2.475717514753341675e-01
2.253986835479736328e+00 -1.289210414886474609e+01 -1.989582419395446777e+00 -1.758289933204650879e-01 2.038436532020568848e-01 9.289721846580505371e-01 2.540523409843444824e-01
2.446457386016845703e+00 -1.291675472259521484e+01 -2.005425691604614258e+00 -1.837717145681381226e-01 2.140063345432281494e-01 9.236405491828918457e-01 2.594561874866485596e-01
2.631884813308715820e+00 -1.293988704681396484e+01 -2.019742727279663086e+00 -1.916068792343139648e-01 2.191093564033508301e-01 9.198365807533264160e-01 2.630180716514587402e-01
2.810358762741088867e+00 -1.296167469024658203e+01 -2.032947063446044922e+00 -1.988982260227203369e-01 2.208118587732315063e-01 9.173040390014648438e-01 2.650189399719238281e-01
2.982070207595825195e+00 -1.298251056671142578e+01 -2.045717477798461914e+00 -2.047861665487289429e-01 2.220545858144760132e-01 9.153941273689270020e-01 2.660974860191345215e-01
3.153991699218750000e+00 -1.299921607971191406e+01 -2.058135032653808594e+00 -2.085770666599273682e-01 2.227032631635665894e-01 9.143432378768920898e-01 2.662238478660583496e-01
3.325891017913818359e+00 -1.301299285888671875e+01 -2.070415258407592773e+00 -2.088084220886230469e-01 2.224863618612289429e-01 9.146194458007812500e-01 2.652734220027923584e-01
3.497744083404541016e+00 -1.302667713165283203e+01 -2.082701683044433594e+00 -2.091954052448272705e-01 2.221224606037139893e-01 9.150800108909606934e-01 2.636806368827819824e-01
3.669550657272338867e+00 -1.304027175903320312e+01 -2.094994068145751953e+00 -2.097339481115341187e-01 2.216140925884246826e-01 9.157172441482543945e-01 2.614589035511016846e-01
3.841310977935791016e+00 -1.305377769470214844e+01 -2.107293367385864258e+00 -2.104214131832122803e-01 2.209614515304565430e-01 9.165250658988952637e-01 2.586128413677215576e-01
4.012883186340332031e+00 -1.306713199615478516e+01 -2.119686841964721680e+00 -2.093020230531692505e-01 2.198125272989273071e-01 9.180926680564880371e-01 2.549135088920593262e-01
4.184143066406250000e+00 -1.308028316497802734e+01 -2.132245540618896484e+00 -2.047463357448577881e-01 2.179009318351745605e-01 9.208834171295166016e-01 2.501432299613952637e-01
4.355358600616455078e+00 -1.309094047546386719e+01 -2.144585609436035156e+00 -1.986444890499114990e-01 2.155923992395401001e-01 9.242809414863586426e-01 2.444688379764556885e-01
4.526786804199218750e+00 -1.309480667114257812e+01 -2.156166553497314453e+00 -1.909961253404617310e-01 2.129114270210266113e-01 9.282387495040893555e-01 2.378280907869338989e-01
4.697990417480468750e+00 -1.309854221343994141e+01 -2.167805671691894531e+00 -1.818085610866546631e-01 2.098876535892486572e-01 9.326992034912109375e-01 2.301413714885711670e-01
4.868937969207763672e+00 -1.310215950012207031e+01 -2.179492235183715820e+00 -1.710983365774154663e-01 2.065577507019042969e-01 9.375925660133361816e-01 2.213127315044403076e-01
5.039096355438232422e+00 -1.310461902618408203e+01 -2.189151048660278320e+00 -1.609221696853637695e-01 1.940293759107589722e-01 9.447035193443298340e-01 2.097423970699310303e-01
5.208981990814208984e+00 -1.310696220397949219e+01 -2.198443651199340820e+00 -1.495403647422790527e-01 1.798839569091796875e-01 9.520884156227111816e-01 1.969949901103973389e-01
5.378654479980468750e+00 -1.310927963256835938e+01 -2.207360267639160156e+00 -1.370872259140014648e-01 1.643154025077819824e-01 9.594964981079101562e-01 1.832318305969238281e-01
5.548151493072509766e+00 -1.310587406158447266e+01 -2.215770483016967773e+00 -1.237028911709785461e-01 1.475258618593215942e-01 9.666956663131713867e-01 1.686217039823532104e-01
5.717546463012695312e+00 -1.309686279296875000e+01 -2.223687171936035156e+00 -1.095350906252861023e-01 1.297261565923690796e-01 9.734780788421630859e-01 1.533420979976654053e-01
5.886923789978027344e+00 -1.308804512023925781e+01 -2.231262683868408203e+00 -9.473828226327896118e-02 1.111356839537620544e-01 9.796661734580993652e-01 1.375785171985626221e-01
6.056359767913818359e+00 -1.307947826385498047e+01 -2.238533973693847656e+00 -7.947362959384918213e-02 9.198161214590072632e-02 9.851167798042297363e-01 1.215246841311454773e-01
6.225934982299804688e+00 -1.307120418548583984e+01 -2.245548725128173828e+00 -6.390772014856338501e-02 7.249748706817626953e-02 9.897246360778808594e-01 1.053806021809577942e-01
6.395710468292236328e+00 -1.306324958801269531e+01 -2.252364158630371094e+00 -4.821129515767097473e-02 5.292162299156188965e-02 9.934239983558654785e-01 8.935193717479705811e-02
6.558825492858886719e+00 -1.305233383178710938e+01 -2.258828163146972656e+00 -3.255800902843475342e-02 3.349507600069046021e-02 9.961897134780883789e-01 7.364832609891891479e-02
6.714814186096191406e+00 -1.303215885162353516e+01 -2.265367031097412109e+00 -1.712252572178840637e-02 1.445962768048048019e-02 9.980369806289672852e-01 5.848104879260063171e-02
6.864602088928222656e+00 -1.301308727264404297e+01 -2.271480321884155273e+00 -2.078945515677332878e-03 -3.944218624383211136e-03 9.990187883377075195e-01 4.406291618943214417e-02
7.008232116699218750e+00 -1.299508380889892578e+01 -2.277251958847045898e+00 1.240028720349073410e-02 -2.147844061255455017e-02 9.992238879203796387e-01 3.060486353933811188e-02
7.145751953125000000e+00 -1.297810745239257812e+01 -2.282765388488769531e+00 2.614585869014263153e-02 -3.791015967726707458e-02 9.987710118293762207e-01 1.831622608006000519e-02
7.277187347412109375e+00 -1.296210193634033203e+01 -2.288104772567749023e+00 3.899247571825981140e-02 -5.301055312156677246e-02 9.978047609329223633e-01 7.403797004371881485e-03
7.402570724487304688e+00 -1.294700813293457031e+01 -2.293350696563720703e+00 -5.077883601188659668e-02 6.655681133270263672e-02 -9.964877367019653320e-01 1.928457058966159821e-03
7.521298885345458984e+00 -1.292937183380126953e+01 -2.298982381820678711e+00 -6.134813278913497925e-02 7.833161950111389160e-02 -9.949927330017089844e-01 9.479969739913940430e-03
7.632475376129150391e+00 -1.290419292449951172e+01 -2.305661678314208984e+00 -7.054792344570159912e-02 8.812107145786285400e-02 -9.934944510459899902e-01 1.505182590335607529e-02
7.737773418426513672e+00 -1.288041019439697266e+01 -2.312389373779296875e+00 -7.822853326797485352e-02 9.571417421102523804e-02 -9.921585917472839355e-01 1.844642870128154755e-02
7.837199687957763672e+00 -1.285797214508056641e+01 -2.319232463836669922e+00 -8.424172550439834595e-02 1.009016633033752441e-01 -9.911321997642517090e-01 1.946634426712989807e-02
7.930766582489013672e+00 -1.283685016632080078e+01 -2.326233863830566406e+00 -8.849100023508071899e-02 1.035462319850921631e-01 -9.905169010162353516e-01 1.798811182379722595e-02
8.018420219421386719e+00 -1.281705093383789062e+01 -2.333355665206909180e+00 -9.107853472232818604e-02 1.038022562861442566e-01 -9.903172850608825684e-01 1.419106312096118927e-02
8.100107192993164062e+00 -1.279859638214111328e+01 -2.340535879135131836e+00 -9.215503185987472534e-02 1.018935590982437134e-01 -9.904825091361999512e-01 8.329279720783233643e-03
8.175768852233886719e+00 -1.278152179718017578e+01 -2.347712039947509766e+00 -9.186715632677078247e-02 9.804169088602066040e-02 -9.909328818321228027e-01 6.564622744917869568e-04
8.245361328125000000e+00 -1.276586914062500000e+01 -2.354819536209106445e+00 9.036107361316680908e-02 -9.246642887592315674e-02 9.915701150894165039e-01 8.573018014430999756e-03
8.308835029602050781e+00 -1.275168037414550781e+01 -2.361792802810668945e+00 8.778228610754013062e-02 -8.538776636123657227e-02 9.922893643379211426e-01 1.910403929650783539e-02
8.366145133972167969e+00 -1.273899841308593750e+01 -2.368565082550048828e+00 8.427734673023223877e-02 -7.702674716711044312e-02 9.929867982864379883e-01 3.068017959594726562e-02
8.416748046875000000e+00 -1.272627449035644531e+01 -2.375339269638061523e+00 7.999349385499954224e-02 -6.760629266500473022e-02 9.935680627822875977e-01 4.304424673318862915e-02
8.459975242614746094e+00 -1.271154975891113281e+01 -2.382386922836303711e+00 7.508059591054916382e-02 -5.735157430171966553e-02 9.939540624618530273e-01 5.593699589371681213e-02
8.497131347656250000e+00 -1.269920253753662109e+01 -2.388896703720092773e+00 6.968960165977478027e-02 -4.649092257022857666e-02 9.940859675407409668e-01 6.909981369972229004e-02
8.528159141540527344e+00 -1.268923950195312500e+01 -2.394802093505859375e+00 6.397463381290435791e-02 -3.525353223085403442e-02 9.939292669296264648e-01 8.227403461933135986e-02
8.552997589111328125e+00 -1.268165779113769531e+01 -2.400041818618774414e+00 5.809048190712928772e-02 -2.387118339538574219e-02 9.934747219085693359e-01 9.520203620195388794e-02
8.571591377258300781e+00 -1.267644500732421875e+01 -2.404554367065429688e+00 5.219421908259391785e-02 -1.257641986012458801e-02 9.927405118942260742e-01 1.076286360621452332e-01
8.583879470825195312e+00 -1.267357349395751953e+01 -2.408283710479736328e+00 4.644321277737617493e-02 -1.601227559149265289e-03 9.917699098587036133e-01 1.193012744188308716e-01
8.589795112609863281e+00 -1.267300796508789062e+01 -2.411178588867187500e+00 4.099526256322860718e-02 8.822478353977203369e-03 9.906307458877563477e-01 1.299704313278198242e-01
8.604043006896972656e+00 -1.266931247711181641e+01 -2.414772987365722656e+00 3.600897639989852905e-02 1.846410334110260010e-02 9.894103407859802246e-01 1.393901854753494263e-01
8.626562118530273438e+00 -1.266243267059326172e+01 -2.419022560119628906e+00 3.164120018482208252e-02 2.709479257464408875e-02 9.882115721702575684e-01 1.473175734281539917e-01
8.657289505004882812e+00 -1.265231895446777344e+01 -2.423886060714721680e+00 2.804923243820667267e-02 3.448717668652534485e-02 9.871463179588317871e-01 1.535124331712722778e-01
8.696166992187500000e+00 -1.263891696929931641e+01 -2.429323673248291016e+00 2.538966573774814606e-02 4.041527956724166870e-02 9.863273501396179199e-01 1.577350795269012451e-01
8.740475654602050781e+00 -1.262314796447753906e+01 -2.435010433197021484e+00 2.381815016269683838e-02 4.465406760573387146e-02 9.858600497245788574e-01 1.597450822591781616e-01
8.790173530578613281e+00 -1.260497665405273438e+01 -2.440918445587158203e+00 2.344125509262084961e-02 4.704831540584564209e-02 9.858168959617614746e-01 1.593795716762542725e-01
8.845294952392578125e+00 -1.258441352844238281e+01 -2.447075366973876953e+00 2.417060546576976776e-02 4.772084578871726990e-02 9.861823320388793945e-01 1.567897647619247437e-01
8.905896186828613281e+00 -1.256148815155029297e+01 -2.453521251678466797e+00 2.586877346038818359e-02 4.686295986175537109e-02 9.868987798690795898e-01 1.522020846605300903e-01
8.972023963928222656e+00 -1.253623485565185547e+01 -2.460291385650634766e+00 2.839775756001472473e-02 4.466525092720985413e-02 9.878912568092346191e-01 1.458403468132019043e-01
9.043737411499023438e+00 -1.250869464874267578e+01 -2.467420816421508789e+00 3.161868080496788025e-02 4.131813719868659973e-02 9.890749454498291016e-01 1.379270404577255249e-01
9.121086120605468750e+00 -1.247891044616699219e+01 -2.474943399429321289e+00 3.539304807782173157e-02 3.701213374733924866e-02 9.903622269630432129e-01 1.286854892969131470e-01
9.204131126403808594e+00 -1.244692516326904297e+01 -2.482895851135253906e+00 3.958130627870559692e-02 3.193850070238113403e-02 9.916697144508361816e-01 1.183401048183441162e-01
9.288752555847167969e+00 -1.240406799316406250e+01 -2.493205308914184570e+00 4.404481500387191772e-02 2.628913894295692444e-02 9.929223060607910156e-01 1.071170791983604431e-01
9.376738548278808594e+00 -1.235398769378662109e+01 -2.505129337310791016e+00 4.864464327692985535e-02 2.025680802762508392e-02 9.940582513809204102e-01 9.524564445018768311e-02
9.470182418823242188e+00 -1.230095291137695312e+01 -2.517791271209716797e+00 5.324202030897140503e-02 1.403495296835899353e-02 9.950308799743652344e-01 8.295699208974838257e-02
9.569143295288085938e+00 -1.224498748779296875e+01 -2.531239271163940430e+00 5.769987031817436218e-02 7.817396894097328186e-03 9.958118796348571777e-01 7.048469781875610352e-02
9.673673629760742188e+00 -1.218610000610351562e+01 -2.545523881912231445e+00 6.188112869858741760e-02 1.798096811398863792e-03 9.963914155960083008e-01 5.806472525000572205e-02
9.783827781677246094e+00 -1.212429332733154297e+01 -2.560701131820678711e+00 6.565124541521072388e-02 -3.829192835837602615e-03 9.967775344848632812e-01 4.593323916196823120e-02
9.899664878845214844e+00 -1.205955886840820312e+01 -2.576825857162475586e+00 6.887552142143249512e-02 -8.871102705597877502e-03 9.969949722290039062e-01 3.432753309607505798e-02
1.001196289062500000e+01 -1.197867870330810547e+01 -2.597432851791381836e+00 7.142185419797897339e-02 -1.313517242670059204e-02 9.970831274986267090e-01 2.348481304943561554e-02
1.012538051605224609e+01 -1.188820075988769531e+01 -2.620851278305053711e+00 7.315840572118759155e-02 -1.642952486872673035e-02 9.970916509628295898e-01 1.364175044000148773e-02
1.024404525756835938e+01 -1.179389858245849609e+01 -2.645617961883544922e+00 7.395426183938980103e-02 -1.856235414743423462e-02 9.970760941505432129e-01 5.033947061747312546e-03
1.036800003051757812e+01 -1.169574928283691406e+01 -2.671791076660156250e+00 -7.367838919162750244e-02 1.934303902089595795e-02 -9.970921277999877930e-01 2.104409737512469292e-03
1.049730491638183594e+01 -1.159373283386230469e+01 -2.699428319931030273e+00 -7.219954580068588257e-02 1.857979223132133484e-02 -9.971886873245239258e-01 7.539841346442699432e-03
1.062107658386230469e+01 -1.147699546813964844e+01 -2.732013225555419922e+00 -6.938435882329940796e-02 1.608130708336830139e-02 -9.973992705345153809e-01 1.104065123945474625e-02
1.073952102661132812e+01 -1.134570121765136719e+01 -2.769527435302734375e+00 -6.514259427785873413e-02 1.171838119626045227e-02 -9.977294802665710449e-01 1.244939025491476059e-02
1.086262702941894531e+01 -1.120977020263671875e+01 -2.808797597885131836e+00 -5.956293269991874695e-02 5.618532188236713409e-03 -9.981377124786376953e-01 1.190368086099624634e-02
1.099035644531250000e+01 -1.106922054290771484e+01 -2.849764347076416016e+00 -5.277770757675170898e-02 -2.026913920417428017e-03 -9.985579848289489746e-01 9.614182636141777039e-03
1.111976814270019531e+01 -1.092207241058349609e+01 -2.893147706985473633e+00 -4.491942748427391052e-02 -1.102550700306892395e-02 -9.989129900932312012e-01 5.792190320789813995e-03
1.122895717620849609e+01 -1.075330162048339844e+01 -2.944750308990478516e+00 3.612157702445983887e-02 2.118399739265441895e-02 9.991225004196166992e-01 -6.496654823422431946e-04
1.134180927276611328e+01 -1.057939720153808594e+01 -2.998092174530029297e+00 2.651876956224441528e-02 3.230779618024826050e-02 9.991102814674377441e-01 5.600333213806152344e-03
1.145827579498291016e+01 -1.040037822723388672e+01 -3.053108453750610352e+00 1.624720729887485504e-02 4.420106858015060425e-02 9.988091588020324707e-01 1.274436246603727341e-02
1.157251930236816406e+01 -1.022532176971435547e+01 -3.107107162475585938e+00 5.444489419460296631e-03 5.666705965995788574e-02 9.981662631034851074e-01 2.056770585477352142e-02
1.166487979888916016e+01 -1.003402519226074219e+01 -3.167325019836425781e+00 -5.749959964305162430e-03 6.950853765010833740e-02 9.971472620964050293e-01 2.885510772466659546e-02
1.175931644439697266e+01 -9.838313102722167969e+00 -3.228884220123291016e+00 -1.719553768634796143e-02 8.252841979265213013e-02 9.957385063171386719e-01 3.739194944500923157e-02
1.185592460632324219e+01 -9.638250350952148438e+00 -3.291701793670654297e+00 -2.875130996108055115e-02 9.553056210279464722e-02 9.939489960670471191e-01 4.596341773867607117e-02
1.195464611053466797e+01 -9.433822631835937500e+00 -3.355729341506958008e+00 -4.027625918388366699e-02 1.083205267786979675e-01 9.918113350868225098e-01 5.435678735375404358e-02
1.203452587127685547e+01 -9.217432022094726562e+00 -3.424118280410766602e+00 -5.162988975644111633e-02 1.207062453031539917e-01 9.893812537193298340e-01 6.236051395535469055e-02
1.211468696594238281e+01 -8.996001243591308594e+00 -3.493899345397949219e+00 -6.267306953668594360e-02 1.324987113475799561e-01 9.867365360260009766e-01 6.976564228534698486e-02
1.219629573822021484e+01 -8.769939422607421875e+00 -3.564854860305786133e+00 -7.326815277338027954e-02 1.435121744871139526e-01 9.839736819267272949e-01 7.636540383100509644e-02
1.227777576446533203e+01 -8.538791656494140625e+00 -3.637134313583374023e+00 -8.327980339527130127e-02 1.535643637180328369e-01 9.812061786651611328e-01 8.195626735687255859e-02
1.234272193908691406e+01 -8.298088073730468750e+00 -3.712589025497436523e+00 -9.257472306489944458e-02 1.624762266874313354e-01 9.785587787628173828e-01 8.633595705032348633e-02
1.240854454040527344e+01 -8.052514076232910156e+00 -3.789202213287353516e+00 -1.010216176509857178e-01 1.700712740421295166e-01 9.761633872985839844e-01 8.930456638336181641e-02
1.247516822814941406e+01 -7.802022457122802734e+00 -3.866961002349853516e+00 -1.084911525249481201e-01 1.761745512485504150e-01 9.741522073745727539e-01 9.066272526979446411e-02
1.253559303283691406e+01 -7.545157432556152344e+00 -3.946403741836547852e+00 -1.148550882935523987e-01 1.806114464998245239e-01 9.726509451866149902e-01 9.021022915840148926e-02
1.258654022216796875e+01 -7.280987262725830078e+00 -4.027101516723632812e+00 -1.202780231833457947e-01 1.803931891918182373e-01 9.722877144813537598e-01 8.745314180850982666e-02
1.263795375823974609e+01 -7.011917591094970703e+00 -4.109304904937744141e+00 -1.243958398699760437e-01 1.798918992280960083e-01 9.722520112991333008e-01 8.300822973251342773e-02
1.268987560272216797e+01 -6.737969875335693359e+00 -4.193011760711669922e+00 -1.273013353347778320e-01 1.791405677795410156e-01 9.725050330162048340e-01 7.705105841159820557e-02
1.272795581817626953e+01 -6.456945419311523438e+00 -4.278845787048339844e+00 -1.290964186191558838e-01 1.781791895627975464e-01 9.729963541030883789e-01 6.974464654922485352e-02
1.276604747772216797e+01 -6.170998573303222656e+00 -4.366205215454101562e+00 -1.298889219760894775e-01 1.770519614219665527e-01 9.736686944961547852e-01 6.124439090490341187e-02
1.280438899993896484e+01 -5.880008220672607422e+00 -4.454570293426513672e+00 -1.299054175615310669e-01 1.736435443162918091e-01 9.748484492301940918e-01 5.140988528728485107e-02
1.283264827728271484e+01 -5.582790374755859375e+00 -4.543946266174316406e+00 -1.291852593421936035e-01 1.680707186460494995e-01 9.764380455017089844e-01 4.040094465017318726e-02
1.285848331451416016e+01 -5.280379295349121094e+00 -4.634609699249267578e+00 -1.277267485857009888e-01 1.615854501724243164e-01 9.781420826911926270e-01 2.853184938430786133e-02
1.288372325897216797e+01 -4.981802940368652344e+00 -4.723935604095458984e+00 1.255998760461807251e-01 -1.543199867010116577e-01 -9.798749685287475586e-01 -1.596894674003124237e-02
1.289878845214843750e+01 -4.686173915863037109e+00 -4.811361789703369141e+00 1.228757947683334351e-01 -1.464083194732666016e-01 -9.815589189529418945e-01 -2.879465930163860321e-03
1.291209411621093750e+01 -4.394315719604492188e+00 -4.897408485412597656e+00 1.196272447705268860e-01 -1.379867792129516602e-01 -9.831262230873107910e-01 1.056821830570697784e-02
1.292435550689697266e+01 -4.106318473815917969e+00 -4.982069015502929688e+00 1.159288734197616577e-01 -1.291939020156860352e-01 -9.845219254493713379e-01 2.420472726225852966e-02
1.292772197723388672e+01 -3.821513652801513672e+00 -5.064182758331298828e+00 1.118565723299980164e-01 -1.201705709099769592e-01 -9.857046604156494141e-01 3.785993531346321106e-02
1.293103218078613281e+01 -3.540667057037353516e+00 -5.145094871520996094e+00 1.074883490800857544e-01 -1.110594719648361206e-01 -9.866477251052856445e-01 5.136434361338615417e-02
1.292915248870849609e+01 -3.263498544692993164e+00 -5.223984718322753906e+00 1.029033809900283813e-01 -1.020050793886184692e-01 -9.873396158218383789e-01 6.454852968454360962e-02
1.292216014862060547e+01 -2.990001678466796875e+00 -5.300890445709228516e+00 9.818218648433685303e-02 -9.315314143896102905e-02 -9.877834916114807129e-01 7.724367082118988037e-02
1.291393280029296875e+01 -2.720426797866821289e+00 -5.376453876495361328e+00 9.340620785951614380e-02 -8.465033024549484253e-02 -9.879970550537109375e-01 8.928258717060089111e-02
1.289585399627685547e+01 -2.454608678817749023e+00 -5.449146747589111328e+00 8.865769952535629272e-02 -7.664374262094497681e-02 -9.880108237266540527e-01 1.004996448755264282e-01
1.287827396392822266e+01 -2.192697048187255859e+00 -5.520874500274658203e+00 8.401919901371002197e-02 -6.928066164255142212e-02 -9.878661632537841797e-01 1.107310503721237183e-01
1.284846115112304688e+01 -1.935008525848388672e+00 -5.589127540588378906e+00 7.957319170236587524e-02 -6.270823627710342407e-02 -9.876134991645812988e-01 1.198137551546096802e-01
1.281853771209716797e+01 -1.681215882301330566e+00 -5.656343936920166016e+00 7.538785785436630249e-02 -5.703976377844810486e-02 -9.873064756393432617e-01 1.276276707649230957e-01
1.277488517761230469e+01 -1.432394981384277344e+00 -5.719502925872802734e+00 7.147339731454849243e-02 -5.225465446710586548e-02 -9.869894385337829590e-01 1.342114508152008057e-01
1.272681903839111328e+01 -1.188132524490356445e+00 -5.780530929565429688e+00 6.782475858926773071e-02 -4.829783737659454346e-02 -9.866947531700134277e-01 1.396441757678985596e-01
1.266784667968750000e+01 -9.493430852890014648e-01 -5.837816238403320312e+00 6.443630158901214600e-02 -4.511348158121109009e-02 -9.864460825920104980e-01 1.440032273530960083e-01
1.259411621093750000e+01 -7.178338170051574707e-01 -5.889902114868164062e+00 6.130116060376167297e-02 -4.264518618583679199e-02 -9.862590432167053223e-01 1.473660320043563843e-01
1.250651359558105469e+01 -4.945474267005920410e-01 -5.936591148376464844e+00 5.841228738427162170e-02 -4.083612188696861267e-02 -9.861429333686828613e-01 1.498087495565414429e-01
1.239905261993408203e+01 -2.831561267375946045e-01 -5.975320339202880859e+00 5.576207116246223450e-02 -3.962913900613784790e-02 -9.861014485359191895e-01 1.514069139957427979e-01
1.226466274261474609e+01 -9.097366034984588623e-02 -6.002206802368164062e+00 5.334247648715972900e-02 -3.896690905094146729e-02 -9.861342310905456543e-01 1.522352397441864014e-01
1.209862232208251953e+01 7.033614814281463623e-02 -6.012976646423339844e+00 5.114542692899703979e-02 -3.879190236330032349e-02 -9.862368106842041016e-01 1.523684114217758179e-01
1.190226745605468750e+01 1.847360134124755859e-01 -6.003737449645996094e+00 4.916253313422203064e-02 -3.904650732874870300e-02 -9.864028096199035645e-01 1.518805921077728271e-01
1.168892574310302734e+01 2.473567128181457520e-01 -5.976848125457763672e+00 4.738520830869674683e-02 -3.967310115694999695e-02 -9.866238832473754883e-01 1.508449465036392212e-01
1.147357654571533203e+01 2.766343653202056885e-01 -5.941743850708007812e+00 4.580514878034591675e-02 -4.061389341950416565e-02 -9.868898391723632812e-01 1.493352949619293213e-01
1.126089859008789062e+01 2.927581667900085449e-01 -5.906202316284179688e+00 4.441355541348457336e-02 -4.181117564439773560e-02 -9.871904850006103516e-01 1.474250108003616333e-01
1.105185031890869141e+01 3.079556226730346680e-01 -5.873453140258789062e+00 4.320207238197326660e-02 -4.320716857910156250e-02 -9.875156879425048828e-01 1.451877057552337646e-01
1.084662818908691406e+01 3.210742175579071045e-01 -5.841707229614257812e+00 4.216210916638374329e-02 -4.474412649869918823e-02 -9.878551363945007324e-01 1.426966339349746704e-01
1.064546108245849609e+01 3.315548598766326904e-01 -5.809315204620361328e+00 4.128526151180267334e-02 -4.636435210704803467e-02 -9.881996512413024902e-01 1.400254964828491211e-01
1.044867134094238281e+01 3.380689918994903564e-01 -5.774319171905517578e+00 4.056314378976821899e-02 -4.801015555858612061e-02 -9.885407090187072754e-01 1.372478157281875610e-01
1.025651359558105469e+01 3.405763208866119385e-01 -5.735969543457031250e+00 3.998747467994689941e-02 -4.962387681007385254e-02 -9.888704419136047363e-01 1.344377398490905762e-01
1.006930160522460938e+01 3.388029336929321289e-01 -5.693538188934326172e+00 3.954993560910224915e-02 -5.114800110459327698e-02 -9.891829490661621094e-01 1.316690891981124878e-01
9.886923789978027344e+00 3.327236771583557129e-01 -5.648281097412109375e+00 3.924244269728660583e-02 -5.252495780587196350e-02 -9.894726276397705078e-01 1.290160715579986572e-01
9.708752632141113281e+00 3.236581385135650635e-01 -5.602981567382812500e+00 3.905814141035079956e-02 -5.370971933007240295e-02 -9.897362589836120605e-01 1.265383362770080566e-01
9.534375190734863281e+00 3.125866651535034180e-01 -5.559256553649902344e+00 3.899566829204559326e-02 -5.470674484968185425e-02 -9.899754524230957031e-01 1.242379769682884216e-01
9.363552093505859375e+00 3.002288639545440674e-01 -5.518002986907958984e+00 3.905488550662994385e-02 -5.553293228149414062e-02 -9.901929497718811035e-01 1.221018433570861816e-01
9.196190834045410156e+00 2.871452271938323975e-01 -5.479581832885742188e+00 3.923542797565460205e-02 -5.620519816875457764e-02 -9.903905987739562988e-01 1.201172545552253723e-01
9.032243728637695312e+00 2.736813426017761230e-01 -5.444220066070556641e+00 3.953745961189270020e-02 -5.674031749367713928e-02 -9.905701279640197754e-01 1.182711347937583923e-01
8.871649742126464844e+00 2.601077258586883545e-01 -5.412320613861083984e+00 3.996058553457260132e-02 -5.715517327189445496e-02 -9.907332062721252441e-01 1.165505349636077881e-01
8.714618682861328125e+00 2.467201203107833862e-01 -5.382925987243652344e+00 4.050464183092117310e-02 -5.746658146381378174e-02 -9.908809661865234375e-01 1.149428188800811768e-01
8.561198234558105469e+00 2.335623055696487427e-01 -5.355782508850097656e+00 4.116936773061752319e-02 -5.769135057926177979e-02 -9.910143017768859863e-01 1.134346947073936462e-01
8.411337852478027344e+00 2.207241803407669067e-01 -5.331358909606933594e+00 4.195470362901687622e-02 -5.784624814987182617e-02 -9.911339282989501953e-01 1.120129823684692383e-01
8.265316963195800781e+00 2.082299739122390747e-01 -5.308022499084472656e+00 4.286031797528266907e-02 -5.794811248779296875e-02 -9.912406802177429199e-01 1.106650307774543762e-01
8.122943878173828125e+00 1.961794942617416382e-01 -5.287031650543212891e+00 4.388602450489997864e-02 -5.801368504762649536e-02 -9.913349151611328125e-01 1.093772575259208679e-01
7.984465122222900391e+00 1.844947785139083862e-01 -5.266854763031005859e+00 4.503156989812850952e-02 -5.805976316332817078e-02 -9.914169907569885254e-01 1.081369668245315552e-01
7.849704265594482422e+00 1.733427345752716064e-01 -5.248655319213867188e+00 4.629676789045333862e-02 -5.810308456420898438e-02 -9.914869666099548340e-01 1.069307103753089905e-01
7.718881607055664062e+00 1.625318825244903564e-01 -5.231064319610595703e+00 4.768135771155357361e-02 -5.816043540835380554e-02 -9.915450215339660645e-01 1.057456061244010925e-01
7.591799259185791016e+00 1.523736566305160522e-01 -5.215435504913330078e+00 4.918495938181877136e-02 -5.824855342507362366e-02 -9.915912747383117676e-01 1.045685261487960815e-01
7.468674182891845703e+00 1.425306648015975952e-01 -5.200307369232177734e+00 5.080753564834594727e-02 -5.838420242071151733e-02 -9.916255474090576172e-01 1.033863872289657593e-01
7.340310096740722656e+00 1.326878368854522705e-01 -5.185856342315673828e+00 5.254860594868659973e-02 -5.858406051993370056e-02 -9.916473627090454102e-01 1.021859794855117798e-01
7.206845760345458984e+00 1.225407347083091736e-01 -5.171130180358886719e+00 5.440805479884147644e-02 -5.886489152908325195e-02 -9.916565418243408203e-01 1.009538918733596802e-01
7.068129539489746094e+00 1.125773563981056213e-01 -5.157288074493408203e+00 5.638557299971580505e-02 -5.924342572689056396e-02 -9.916526675224304199e-01 9.967704117298126221e-02
6.924296855926513672e+00 1.024197340011596680e-01 -5.143395423889160156e+00 5.848078057169914246e-02 -5.973635613918304443e-02 -9.916350245475769043e-01 9.834250062704086304e-02
6.775131702423095703e+00 9.295455366373062134e-02 -5.131242752075195312e+00 6.069193035364151001e-02 -6.035569310188293457e-02 -9.916031360626220703e-01 9.693855047225952148e-02
6.620773792266845703e+00 8.381698280572891235e-02 -5.119917869567871094e+00 6.301136314868927002e-02 -6.109465286135673523e-02 -9.915564060211181641e-01 9.546084702014923096e-02
6.461132526397705078e+00 7.546722143888473511e-02 -5.110251426696777344e+00 6.543007493019104004e-02 -6.194187700748443604e-02 -9.914956092834472656e-01 9.390622377395629883e-02
6.296217918395996094e+00 6.778472661972045898e-02 -5.103069305419921875e+00 6.793880462646484375e-02 -6.288588792085647583e-02 -9.914208650588989258e-01 9.227222204208374023e-02
6.126162052154541016e+00 5.967697128653526306e-02 -5.097383975982666016e+00 7.052850723266601562e-02 -6.391532719135284424e-02 -9.913324713706970215e-01 9.055584669113159180e-02
5.951066970825195312e+00 4.982330277562141418e-02 -5.092638492584228516e+00 7.318992912769317627e-02 -6.501872837543487549e-02 -9.912307262420654297e-01 8.875437825918197632e-02
5.771157264709472656e+00 3.586151078343391418e-02 -5.087318420410156250e+00 7.591414451599121094e-02 -6.618466228246688843e-02 -9.911161065101623535e-01 8.686506003141403198e-02
5.587285041809082031e+00 1.266113296151161194e-02 -5.077771663665771484e+00 7.869184017181396484e-02 -6.740172952413558960e-02 -9.909889101982116699e-01 8.488502353429794312e-02
5.400825023651123047e+00 -2.287765406072139740e-02 -5.060522556304931641e+00 8.151401579380035400e-02 -6.865850090980529785e-02 -9.908499717712402344e-01 8.281181752681732178e-02
5.213850021362304688e+00 -7.332672178745269775e-02 -5.032447338104248047e+00 8.437146991491317749e-02 -6.994356960058212280e-02 -9.906998872756958008e-01 8.064241707324981689e-02
5.027397155761718750e+00 -1.377972364425659180e-01 -4.994706153869628906e+00 8.725520223379135132e-02 -7.124552130699157715e-02 -9.905392527580261230e-01 7.837419211864471436e-02
4.839094161987304688e+00 -2.101367115974426270e-01 -4.953062534332275391e+00 9.015598893165588379e-02 -7.255297154188156128e-02 -9.903692603111267090e-01 7.600470632314682007e-02
4.647082328796386719e+00 -2.872560024261474609e-01 -4.911356925964355469e+00 9.306481480598449707e-02 -7.385453581809997559e-02 -9.901906847953796387e-01 7.353068143129348755e-02
4.448667049407958984e+00 -3.649992346763610840e-01 -4.875180721282958984e+00 9.597246348857879639e-02 -7.513882964849472046e-02 -9.900048375129699707e-01 7.094989717006683350e-02
4.241206169128417969e+00 -4.376983642578125000e-01 -4.851253032684326172e+00 9.886987507343292236e-02 -7.639445364475250244e-02 -9.898126721382141113e-01 6.825958192348480225e-02
4.022697448730468750e+00 -4.962602257728576660e-01 -4.849097251892089844e+00 1.017480343580245972e-01 -7.761009037494659424e-02 -9.896157383918762207e-01 6.545728445053100586e-02
3.794853448867797852e+00 -5.330768227577209473e-01 -4.864512920379638672e+00 1.045978590846061707e-01 -7.877436280250549316e-02 -9.894152879714965820e-01 6.254015862941741943e-02
3.559704542160034180e+00 -5.442616343498229980e-01 -4.885882854461669922e+00 1.074102073907852173e-01 -7.987592369318008423e-02 -9.892127513885498047e-01 5.950549989938735962e-02
3.319201469421386719e+00 -5.285165309906005859e-01 -4.899867534637451172e+00 1.101760938763618469e-01 -8.090346306562423706e-02 -9.890099167823791504e-01 5.635102093219757080e-02
3.076035022735595703e+00 -4.883721768856048584e-01 -4.895239830017089844e+00 1.128864511847496033e-01 -8.184564858675003052e-02 -9.888080358505249023e-01 5.307389050722122192e-02
2.833349466323852539e+00 -4.275494217872619629e-01 -4.867645263671875000e+00 1.155281439423561096e-01 -8.269285410642623901e-02 -9.886084794998168945e-01 4.968359693884849548e-02
2.595952033996582031e+00 -3.469259440898895264e-01 -4.812093257904052734e+00 1.180717051029205322e-01 -8.344226330518722534e-02 -9.884121417999267578e-01 4.623765870928764343e-02
2.368920803070068359e+00 -2.489840686321258545e-01 -4.726188182830810547e+00 1.204838156700134277e-01 -8.409279584884643555e-02 -9.882205128669738770e-01 4.280550777912139893e-02
2.160537004470825195e+00 -1.346522420644760132e-01 -4.604794979095458984e+00 1.227311119437217712e-01 -8.464351296424865723e-02 -9.880362749099731445e-01 3.945694491267204285e-02
1.979873061180114746e+00 -7.005767896771430969e-03 -4.445759773254394531e+00 1.247804984450340271e-01 -8.509358763694763184e-02 -9.878634214401245117e-01 3.626140952110290527e-02
1.817263126373291016e+00 1.253140270709991455e-01 -4.263433933258056641e+00 1.265989691019058228e-01 -8.544224500656127930e-02 -9.877064228057861328e-01 3.328851982951164246e-02
1.655314922332763672e+00 2.550312876701354980e-01 -4.070888996124267578e+00 1.281536370515823364e-01 -8.568878471851348877e-02 -9.875713586807250977e-01 3.060805425047874451e-02
1.465927720069885254e+00 3.688124120235443115e-01 -3.886878013610839844e+00 1.294118016958236694e-01 -8.583255112171173096e-02 -9.874638915061950684e-01 2.828963473439216614e-02
1.204985380172729492e+00 4.248516857624053955e-01 -3.771876096725463867e+00 1.303406059741973877e-01 -8.587291836738586426e-02 -9.873905181884765625e-01 2.640288695693016052e-02
9.086571931838989258e-01 4.290577471256256104e-01 -3.740929365158081055e+00 1.309073716402053833e-01 -8.580923825502395630e-02 -9.873571395874023438e-01 2.501730248332023621e-02
6.247387528419494629e-01 5.016782879829406738e-01 -3.713158369064331055e+00 1.310789585113525391e-01 -8.564083278179168701e-02 -9.873692393302917480e-01 2.420252561569213867e-02
4.298022389411926270e-01 7.280274629592895508e-01 -3.734576940536499023e+00 1.308226883411407471e-01 -8.536681532859802246e-02 -9.874312877655029297e-01 2.402818202972412109e-02
2.783080935478210449e-01 9.828677177429199219e-01 -3.798289060592651367e+00 1.301051825284957886e-01 -8.498627692461013794e-02 -9.875457882881164551e-01 2.456369251012802124e-02
1.401342749595642090e-01 1.241942167282104492e+00 -3.880781888961791992e+00 1.288928687572479248e-01 -8.449809253215789795e-02 -9.877130389213562012e-01 2.587849646806716919e-02
4.584960639476776123e-03 1.501739740371704102e+00 -3.970961332321166992e+00 1.271519064903259277e-01 -8.390078693628311157e-02 -9.879304766654968262e-01 2.804189547896385193e-02
-1.315356343984603882e-01 1.761299729347229004e+00 -4.066298007965087891e+00 1.248478144407272339e-01 -8.319269120693206787e-02 -9.881918430328369141e-01 3.112336434423923492e-02
-2.704541087150573730e-01 2.019816160202026367e+00 -4.165580749511718750e+00 1.219457611441612244e-01 -8.237172663211822510e-02 -9.884865283966064453e-01 3.519175946712493896e-02
-4.176269471645355225e-01 2.282285690307617188e+00 -4.270623683929443359e+00 1.184101775288581848e-01 -8.143532276153564453e-02 -9.887981414794921875e-01 4.031572118401527405e-02
-5.774487257003784180e-01 2.545867919921875000e+00 -4.381646156311035156e+00 1.142049878835678101e-01 -8.038051426410675049e-02 -9.891046285629272461e-01 4.656354337930679321e-02
-7.563183307647705078e-01 2.805803060531616211e+00 -4.498656749725341797e+00 1.092932894825935364e-01 -7.920371741056442261e-02 -9.893763065338134766e-01 5.400343239307403564e-02
-9.643505811691284180e-01 3.053991556167602539e+00 -4.618864059448242188e+00 1.036554202437400818e-01 -7.789669930934906006e-02 -9.895753264427185059e-01 6.267502903938293457e-02
-1.215957045555114746e+00 3.278699636459350586e+00 -4.727179527282714844e+00 9.734214097261428833e-02 -7.643466442823410034e-02 -9.896585345268249512e-01 7.251203060150146484e-02
-1.520729899406433105e+00 3.467410087585449219e+00 -4.783473968505859375e+00 9.042222797870635986e-02 -7.478873431682586670e-02 -9.895814657211303711e-01 8.342026174068450928e-02
-1.857316851615905762e+00 3.613412380218505859e+00 -4.724871635437011719e+00 8.296531438827514648e-02 -7.293033599853515625e-02 -9.893002510070800781e-01 9.530437737703323364e-02
-2.204218626022338867e+00 3.698302507400512695e+00 -4.589120388031005859e+00 7.504165917634963989e-02 -7.083116471767425537e-02 -9.887733459472656250e-01 1.080687195062637329e-01
-2.564059972763061523e+00 3.733189582824707031e+00 -4.438380718231201172e+00 6.672246754169464111e-02 -6.846351921558380127e-02 -9.879626035690307617e-01 1.216166093945503235e-01
-2.936079025268554688e+00 3.742413282394409180e+00 -4.289364337921142578e+00 5.807994678616523743e-02 -6.580028682947158813e-02 -9.868342876434326172e-01 1.358504146337509155e-01
-3.319616556167602539e+00 3.734861373901367188e+00 -4.144903659820556641e+00 4.918719455599784851e-02 -6.281504034996032715e-02 -9.853591918945312500e-01 1.506722271442413330e-01
-3.714031934738159180e+00 3.715679168701171875e+00 -4.005126953125000000e+00 4.011807963252067566e-02 -5.948221310973167419e-02 -9.835149645805358887e-01 1.659841239452362061e-01
-4.116952896118164062e+00 3.688007116317749023e+00 -3.863956212997436523e+00 3.094725683331489563e-02 -5.577711388468742371e-02 -9.812852740287780762e-01 1.816878020763397217e-01
-4.526634216308593750e+00 3.652670145034790039e+00 -3.716892004013061523e+00 2.175007015466690063e-02 -5.167597904801368713e-02 -9.786607623100280762e-01 1.976853311061859131e-01
-4.941467285156250000e+00 3.609194278717041016e+00 -3.560178041458129883e+00 1.260207593441009521e-02 -4.715600609779357910e-02 -9.756396412849426270e-01 2.138800173997879028e-01
-5.358088493347167969e+00 3.554879188537597656e+00 -3.386897802352905273e+00 3.579020500183105469e-03 -4.219539463520050049e-02 -9.722273945808410645e-01 2.301749587059020996e-01
-5.769372463226318359e+00 3.485045671463012695e+00 -3.185446023941040039e+00 -5.242881365120410919e-03 -3.677312657237052917e-02 -9.684367775917053223e-01 2.464761584997177124e-01
-6.160939693450927734e+00 3.392464637756347656e+00 -2.939056634902954102e+00 -1.378864888101816177e-02 -3.086929582059383392e-02 -9.642879366874694824e-01 2.626896798610687256e-01
-6.424555301666259766e+00 3.243653535842895508e+00 -2.579625844955444336e+00 -2.198244258761405945e-02 -2.446450293064117432e-02 -9.598078131675720215e-01 2.787243127822875977e-01
-6.289865493774414062e+00 3.064942359924316406e+00 -2.181159973144531250e+00 -2.974958531558513641e-02 -1.754010841250419617e-02 -9.550301432609558105e-01 2.944906949996948242e-01
-5.915545463562011719e+00 2.930756807327270508e+00 -1.892605185508728027e+00 -3.701685741543769836e-02 -1.007834915071725845e-02 -9.499941468238830566e-01 3.099022805690765381e-01
-5.498877048492431641e+00 2.827069044113159180e+00 -1.667317152023315430e+00 -4.371055960655212402e-02 -2.061010338366031647e-03 -9.447441697120666504e-01 3.248744606971740723e-01
-5.068800926208496094e+00 2.742193222045898438e+00 -1.477125763893127441e+00 -4.975923150777816772e-02 6.528770551085472107e-03 -9.393291473388671875e-01 3.393258750438690186e-01
-4.633985519409179688e+00 2.671770811080932617e+00 -1.311247229576110840e+00 -5.510290712118148804e-02 1.568177342414855957e-02 -9.337993264198303223e-01 3.531807363033294678e-01
-4.197433948516845703e+00 2.616440057754516602e+00 -1.166632056236267090e+00 -5.973064154386520386e-02 2.528158202767372131e-02 -9.282012581825256348e-01 3.663815855979919434e-01
-3.763878107070922852e+00 2.570508718490600586e+00 -1.033729791641235352e+00 -6.364263594150543213e-02 3.518446534872055054e-02 -9.225848317146301270e-01 3.788784742355346680e-01
-3.333861112594604492e+00 2.533278942108154297e+00 -9.114530682563781738e-01 -6.684099137783050537e-02 4.524746537208557129e-02 -9.170045256614685059e-01 3.906245231628417969e-01
-2.906273126602172852e+00 2.512894153594970703e+00 -8.047562837600708008e-01 -6.932842731475830078e-02 5.532855913043022156e-02 -9.115206003189086914e-01 4.015748798847198486e-01
-2.484003782272338867e+00 2.502704620361328125e+00 -7.065166831016540527e-01 -7.110805809497833252e-02 6.528587639331817627e-02 -9.061971306800842285e-01 4.116891622543334961e-01
-2.066965341567993164e+00 2.503666877746582031e+00 -6.172985434532165527e-01 -7.218389213085174561e-02 7.497941702604293823e-02 -9.011030793190002441e-01 4.209285974502563477e-01
-1.655139088630676270e+00 2.522567272186279297e+00 -5.422402620315551758e-01 -7.256063073873519897e-02 8.426947891712188721e-02 -8.963100910186767578e-01 4.292573630809783936e-01
-1.249970674514770508e+00 2.550421953201293945e+00 -4.755076467990875244e-01 -7.224296778440475464e-02 9.301858395338058472e-02 -8.918927907943725586e-01 4.366413950920104980e-01
-8.516162037849426270e-01 2.587311267852783203e+00 -4.173826575279235840e-01 -7.123599201440811157e-02 1.010893657803535461e-01 -8.879268169403076172e-01 4.430488348007202148e-01
-4.603857398033142090e-01 2.633102655410766602e+00 -3.681846559047698975e-01 -6.954447925090789795e-02 1.083455830812454224e-01 -8.844882249832153320e-01 4.484477043151855469e-01
-7.661376893520355225e-02 2.687605142593383789e+00 -3.288769423961639404e-01 -6.717297434806823730e-02 1.146520972251892090e-01 -8.816515207290649414e-01 4.528060555458068848e-01
2.997656166553497314e-01 2.746276855468750000e+00 -2.966484129428863525e-01 -6.412544846534729004e-02 1.198731958866119385e-01 -8.794878125190734863e-01 4.560916125774383545e-01
6.690112352371215820e-01 2.806451320648193359e+00 -2.708370983600616455e-01 -6.040528416633605957e-02 1.238742768764495850e-01 -8.780636191368103027e-01 4.582689702510833740e-01
1.031789541244506836e+00 2.862909555435180664e+00 -2.499629110097885132e-01 -5.601410940289497375e-02 1.265188902616500854e-01 -8.774389624595642090e-01 4.592998027801513672e-01
1.389587402343750000e+00 2.901464462280273438e+00 -2.310372889041900635e-01 -5.095334723591804504e-02 1.276706159114837646e-01 -8.776636719703674316e-01 4.591409265995025635e-01
1.742038488388061523e+00 2.903252601623535156e+00 -2.181622236967086792e-01 -4.522237554192543030e-02 1.271907538175582886e-01 -8.787764310836791992e-01 4.577439427375793457e-01
2.073952674865722656e+00 2.819611072540283203e+00 -2.412046790122985840e-01 -3.881942480802536011e-02 1.249388009309768677e-01 -8.808011412620544434e-01 4.550522565841674805e-01
2.368781566619873047e+00 2.675173282623291016e+00 -3.516230583190917969e-01 -3.174149990081787109e-02 1.207721680402755737e-01 -8.837444782257080078e-01 4.510014355182647705e-01
2.666496515274047852e+00 2.571969032287597656e+00 -5.004577636718750000e-01 -2.398393861949443817e-02 1.145454496145248413e-01 -8.875913619995117188e-01 4.455172419548034668e-01
2.988674163818359375e+00 2.553145408630371094e+00 -6.320570111274719238e-01 -1.555661484599113464e-02 1.061763241887092590e-01 -8.922758102416992188e-01 4.385526478290557861e-01
3.317888021469116211e+00 2.652783870697021484e+00 -7.017657160758972168e-01 -6.530281156301498413e-03 9.584252536296844482e-02 -8.976040482521057129e-01 4.302076697349548340e-01
3.629731416702270508e+00 2.817630052566528320e+00 -7.264196872711181641e-01 3.007363528013229370e-03 8.378906548023223877e-02 -9.033533334732055664e-01 4.206224083900451660e-01
3.784555673599243164e+00 3.058952808380126953e+00 -5.313328504562377930e-01 1.296715997159481049e-02 7.026442140340805054e-02 -9.093086719512939453e-01 4.099422097206115723e-01
3.516235351562500000e+00 3.035755872726440430e+00 -5.371319651603698730e-01 2.325779199600219727e-02 5.552206188440322876e-02 -9.152678251266479492e-01 3.983228504657745361e-01
3.205314874649047852e+00 2.881774902343750000e+00 -5.933456420898437500e-01 3.378729522228240967e-02 3.981865942478179932e-02 -9.210487008094787598e-01 3.859301805496215820e-01
2.896955490112304688e+00 2.736989736557006836e+00 -5.176881551742553711e-01 4.446227103471755981e-02 2.341587096452713013e-02 -9.264928698539733887e-01 3.729418814182281494e-01
2.570703029632568359e+00 2.683729887008666992e+00 -4.003774821758270264e-01 5.518928170204162598e-02 6.577133201062679291e-03 -9.314688444137573242e-01 3.595508337020874023e-01
2.220209836959838867e+00 2.715505361557006836e+00 -3.511186242103576660e-01 6.587534397840499878e-02 -1.043143682181835175e-02 -9.358755946159362793e-01 3.459601700305938721e-01
1.866455078125000000e+00 2.772140979766845703e+00 -3.348413109779357910e-01 7.642873376607894897e-02 -2.734369412064552307e-02 -9.396435022354125977e-01 3.323869109153747559e-01
1.509340763092041016e+00 2.822649478912353516e+00 -3.250038027763366699e-01 8.675982058048248291e-02 -4.389455169439315796e-02 -9.427340626716613770e-01 3.190585672855377197e-01
1.147893071174621582e+00 2.848792314529418945e+00 -3.080042898654937744e-01 9.678156673908233643e-02 -5.982130393385887146e-02 -9.451395273208618164e-01 3.062123656272888184e-01
7.836962938308715820e-01 2.852781295776367188e+00 -2.837975919246673584e-01 1.064100489020347595e-01 -7.486496865749359131e-02 -9.468802213668823242e-01 2.940918207168579102e-01
4.496118128299713135e-01 2.724897146224975586e+00 -3.268357813358306885e-01 1.155650317668914795e-01 -8.877076208591461182e-02 -9.480006694793701172e-01 2.829468250274658203e-01
1.217871084809303284e-01 2.570210456848144531e+00 -4.049510061740875244e-01 1.241694241762161255e-01 -1.012887135148048401e-01 -9.485656023025512695e-01 2.730308473110198975e-01
-2.192602455615997314e-01 2.450211763381958008e+00 -4.985597133636474609e-01 1.321497112512588501e-01 -1.121730804443359375e-01 -9.486523866653442383e-01 2.645987272262573242e-01
-5.698413252830505371e-01 2.351546764373779297e+00 -5.928968787193298340e-01 1.394349634647369385e-01 -1.211817860603332520e-01 -9.483448266983032227e-01 2.579048275947570801e-01
-9.289965629577636719e-01 2.247738599777221680e+00 -6.486397981643676758e-01 1.459560245275497437e-01 -1.280749738216400146e-01 -9.477248787879943848e-01 2.532020807266235352e-01
-1.290229439735412598e+00 2.134834766387939453e+00 -6.095436215400695801e-01 1.516447216272354126e-01 -1.326130926609039307e-01 -9.468622207641601562e-01 2.507382035255432129e-01
-1.655075669288635254e+00 2.039854764938354492e+00 -5.360679626464843750e-01 1.564318090677261353e-01 -1.345548629760742188e-01 -9.458042383193969727e-01 2.507557272911071777e-01
-2.032873392105102539e+00 1.983646512031555176e+00 -4.735864102840423584e-01 1.600722223520278931e-01 -1.329950690269470215e-01 -9.446734189987182617e-01 2.535376548767089844e-01
-2.421044826507568359e+00 1.990384221076965332e+00 -4.442521631717681885e-01 1.632137447595596313e-01 -1.303193867206573486e-01 -9.431494474411010742e-01 2.585483789443969727e-01
-2.809445619583129883e+00 2.049385070800781250e+00 -4.519529640674591064e-01 1.653290092945098877e-01 -1.245398223400115967e-01 -9.415105581283569336e-01 2.659209966659545898e-01
-3.201032638549804688e+00 2.095213651657104492e+00 -4.818134903907775879e-01 1.666834652423858643e-01 -1.166333705186843872e-01 -9.395928978919982910e-01 2.752785980701446533e-01
-3.585891008377075195e+00 2.008763790130615234e+00 -5.144230723381042480e-01 1.673409491777420044e-01 -1.068349629640579224e-01 -9.373252391815185547e-01 2.863644361495971680e-01
-3.962065458297729492e+00 1.874598383903503418e+00 -5.309350490570068359e-01 1.673650741577148438e-01 -9.538097679615020752e-02 -9.346328377723693848e-01 2.989193499088287354e-01
-4.365340709686279297e+00 1.849562644958496094e+00 -5.235902070999145508e-01 1.668207496404647827e-01 -8.251034468412399292e-02 -9.314463138580322266e-01 3.126831352710723877e-01
-4.771719932556152344e+00 1.837472200393676758e+00 -5.121737718582153320e-01 1.657747626304626465e-01 -6.846599280834197998e-02 -9.277082085609436035e-01 3.273967206478118896e-01
-5.180539608001708984e+00 1.827391982078552246e+00 -4.995593130588531494e-01 1.642978489398956299e-01 -5.349469557404518127e-02 -9.233796596527099609e-01 3.428037762641906738e-01
-5.591681957244873047e+00 1.817717552185058594e+00 -4.863342046737670898e-01 1.624640524387359619e-01 -3.784732520580291748e-02 -9.184446930885314941e-01 3.586534857749938965e-01
-6.005059719085693359e+00 1.808011412620544434e+00 -4.726278483867645264e-01 1.603528410196304321e-01 -2.177760750055313110e-02 -9.129128456115722656e-01 3.747036159038543701e-01
-6.420602798461914062e+00 1.797960162162780762e+00 -4.587501287460327148e-01 1.580475121736526489e-01 -5.542129278182983398e-03 -9.068232178688049316e-01 3.907197117805480957e-01
-6.838245868682861328e+00 1.787575364112854004e+00 -4.447158575057983398e-01 1.556366682052612305e-01 1.060197129845619202e-02 -9.002436995506286621e-01 4.064803123474121094e-01
-7.257937908172607422e+00 1.776826143264770508e+00 -4.306575059890747070e-01 1.532128453254699707e-01 2.639732882380485535e-02 -8.932719230651855469e-01 4.217749834060668945e-01
-7.679629802703857422e+00 1.765432715415954590e+00 -4.165154993534088135e-01 1.508727818727493286e-01 4.158815741539001465e-02 -8.860339522361755371e-01 4.364076554775238037e-01
-8.103310585021972656e+00 1.753987431526184082e+00 -4.025297462940216064e-01 1.487166136503219604e-01 5.592139810323715210e-02 -8.786808848381042480e-01 4.501956403255462646e-01
-8.528929710388183594e+00 1.741656184196472168e+00 -3.885220289230346680e-01 1.468473672866821289e-01 6.914716213941574097e-02 -8.713861107826232910e-01 4.629692733287811279e-01
-8.956505775451660156e+00 1.729223608970642090e+00 -3.747239708900451660e-01 1.453701853752136230e-01 8.101952075958251953e-02 -8.643410205841064453e-01 4.745713770389556885e-01
-9.386032104492187500e+00 1.716699123382568359e+00 -3.611743152141571045e-01 1.443916112184524536e-01 9.129615873098373413e-02 -8.577488064765930176e-01 4.848534166812896729e-01
-9.817486763000488281e+00 1.703148484230041504e+00 -3.476881384849548340e-01 1.440190821886062622e-01 9.973807632923126221e-02 -8.518196344375610352e-01 4.936740994453430176e-01
-1.025091648101806641e+01 1.689961194992065430e+00 -3.345936536788940430e-01 1.443354487419128418e-01 1.061743944883346558e-01 -8.467287421226501465e-01 5.009439587593078613e-01
-1.068633365631103516e+01 1.676048874855041504e+00 -3.216316103935241699e-01 1.453219354152679443e-01 1.107006892561912537e-01 -8.425042629241943359e-01 5.067673921585083008e-01
-1.112377071380615234e+01 1.661319494247436523e+00 -3.087458610534667969e-01 1.469311416149139404e-01 1.134771034121513367e-01 -8.391187787055969238e-01 5.112864971160888672e-01
-1.156329917907714844e+01 1.646899938583374023e+00 -2.961418032646179199e-01 1.491126269102096558e-01 1.146611496806144714e-01 -8.365240097045898438e-01 5.146316289901733398e-01
-1.201124286651611328e+01 1.629916310310363770e+00 -2.830543518066406250e-01 1.518133878707885742e-01 1.144088953733444214e-01 -8.346568942070007324e-01 5.169247984886169434e-01
-1.246769714355468750e+01 1.612346768379211426e+00 -2.698593139648437500e-01 1.549781709909439087e-01 1.128747686743736267e-01 -8.334425091743469238e-01 5.182804465293884277e-01
-1.293262100219726562e+01 1.592998981475830078e+00 -2.562933266162872314e-01 1.585506796836853027e-01 1.102120578289031982e-01 -8.327979445457458496e-01 5.188087224960327148e-01
-1.340594959259033203e+01 1.570365548133850098e+00 -2.420289516448974609e-01 1.624734550714492798e-01 1.065734550356864929e-01 -8.326352834701538086e-01 5.186163187026977539e-01
-1.388776111602783203e+01 1.546123027801513672e+00 -2.273799031972885132e-01 1.666887253522872925e-01 1.021111756563186646e-01 -8.328641653060913086e-01 5.178084373474121094e-01
-1.437774276733398438e+01 1.515119552612304688e+00 -2.113047689199447632e-01 1.711383312940597534e-01 9.697790443897247314e-02 -8.333935141563415527e-01 5.164902806282043457e-01
-1.486540699005126953e+01 1.479814410209655762e+00 -1.945167481899261475e-01 1.757644563913345337e-01 9.132642298936843872e-02 -8.341343402862548828e-01 5.147683024406433105e-01
-1.535038185119628906e+01 1.435705542564392090e+00 -1.761114448308944702e-01 1.805097162723541260e-01 8.530989289283752441e-02 -8.350006937980651855e-01 5.127496719360351562e-01
-1.583161544799804688e+01 1.376574039459228516e+00 -1.544828712940216064e-01 1.853173971176147461e-01 7.908234000205993652e-02 -8.359104990959167480e-01 5.105459690093994141e-01
-1.630053329467773438e+01 1.299830555915832520e+00 -1.287651062011718750e-01 1.901317536830902100e-01 7.279815524816513062e-02 -8.367867469787597656e-01 5.082699060440063477e-01
-1.675249290466308594e+01 1.190667033195495605e+00 -9.434112161397933960e-02 1.948978602886199951e-01 6.661219894886016846e-02 -8.375578522682189941e-01 5.060380697250366211e-01
-1.715808486938476562e+01 9.959417581558227539e-01 -3.043334931135177612e-02 1.995620131492614746e-01 6.067996472120285034e-02 -8.381569981575012207e-01 5.039700269699096680e-01
-1.746171188354492188e+01 7.018191218376159668e-01 1.119879111647605896e-01 2.040713578462600708e-01 5.515711009502410889e-02 -8.385223746299743652e-01 5.021880269050598145e-01
-1.772521209716796875e+01 4.295738041400909424e-01 3.313957154750823975e-01 2.083740085363388062e-01 5.019932612776756287e-02 -8.385962247848510742e-01 5.008159875869750977e-01
-1.773374938964843750e+01 4.206124842166900635e-01 3.384622931480407715e-01 2.124188244342803955e-01 4.596234485507011414e-02 -8.383236527442932129e-01 4.999792873859405518e-01
