-8.108154296875000000e+00 -1.746117973327636719e+01 -3.758218288421630859e-01 -0.000000000000000000e+00 -0.000000000000000000e+00 -1.696392446756362915e-01 9.855062365531921387e-01
-8.018581390380859375e+00 -1.737064933776855469e+01 -3.582044839859008789e-01 1.511723268777132034e-03 3.011187538504600525e-03 -1.697778999805450439e-01 9.854766130447387695e-01
-7.927054405212402344e+00 -1.727739524841308594e+01 -3.384914994239807129e-01 2.819777932018041611e-03 5.922107025980949402e-03 -1.702565103769302368e-01 9.853779077529907227e-01
-7.834305286407470703e+00 -1.718126869201660156e+01 -3.144711256027221680e-01 3.960102796554565430e-03 8.750463835895061493e-03 -1.710151135921478271e-01 9.852216243743896484e-01
-7.741237640380859375e+00 -1.708223342895507812e+01 -2.838484048843383789e-01 4.968623630702495575e-03 1.151391398161649704e-02 -1.719929873943328857e-01 9.850183725357055664e-01
-7.649799823760986328e+00 -1.698054313659667969e+01 -2.425081580877304077e-01 5.881256423890590668e-03 1.423001289367675781e-02 -1.731300950050354004e-01 9.847786426544189453e-01
-7.562283992767333984e+00 -1.687700653076171875e+01 -1.871454566717147827e-01 6.733980029821395874e-03 1.691667363047599792e-02 -1.743663251399993896e-01 9.845125079154968262e-01
-7.479268550872802734e+00 -1.677192115783691406e+01 -1.192662790417671204e-01 7.562658283859491348e-03 1.959120295941829681e-02 -1.756409108638763428e-01 9.842302799224853516e-01
-7.398161411285400391e+00 -1.666405487060546875e+01 -4.552124068140983582e-02 8.403282612562179565e-03 2.227160334587097168e-02 -1.768937706947326660e-01 9.839419722557067871e-01
-7.315195083618164062e+00 -1.655159568786621094e+01 2.688957192003726959e-02 9.291738271713256836e-03 2.497531473636627197e-02 -1.780645102262496948e-01 9.836578965187072754e-01
-7.227724552154541016e+00 -1.643372535705566406e+01 9.297996014356613159e-02 1.026394590735435486e-02 2.772002108395099640e-02 -1.790926009416580200e-01 9.833881258964538574e-01
-7.133131027221679688e+00 -1.630768966674804688e+01 1.513603925704956055e-01 1.135583221912384033e-02 3.052341192960739136e-02 -1.799179464578628540e-01 9.831423759460449219e-01
-7.033216476440429688e+00 -1.617292976379394531e+01 2.015386223793029785e-01 1.260329876095056534e-02 3.340313956141471863e-02 -1.804800033569335938e-01 9.829305410385131836e-01
-6.929657936096191406e+00 -1.602919387817382812e+01 2.440293133258819580e-01 1.404220890253782272e-02 3.637664392590522766e-02 -1.807184815406799316e-01 9.827616214752197266e-01
-6.824592113494873047e+00 -1.587509727478027344e+01 2.760639190673828125e-01 1.570848189294338226e-02 3.946179896593093872e-02 -1.805726736783981323e-01 9.826442003250122070e-01
-6.719931602478027344e+00 -1.571037292480468750e+01 2.970772385597229004e-01 1.763792894780635834e-02 4.267602413892745972e-02 -1.799814999103546143e-01 9.825855493545532227e-01
-6.619115829467773438e+00 -1.553384017944335938e+01 3.037661612033843994e-01 1.986638456583023071e-02 4.603686183691024780e-02 -1.788844913244247437e-01 9.825916290283203125e-01
-6.523712158203125000e+00 -1.534624481201171875e+01 3.006059825420379639e-01 2.242961525917053223e-02 4.956177249550819397e-02 -1.772202253341674805e-01 9.826666116714477539e-01
-6.434465408325195312e+00 -1.514796066284179688e+01 2.937082648277282715e-01 2.536333724856376648e-02 5.326826497912406921e-02 -1.749270707368850708e-01 9.828122258186340332e-01
-6.352160453796386719e+00 -1.493904781341552734e+01 2.901529669761657715e-01 2.870313078165054321e-02 5.717343837022781372e-02 -1.719431132078170776e-01 9.830274581909179688e-01
-6.277457237243652344e+00 -1.472002887725830078e+01 2.978852689266204834e-01 3.248447179794311523e-02 6.129450723528862000e-02 -1.682058125734329224e-01 9.833079576492309570e-01
-6.209634780883789062e+00 -1.449166679382324219e+01 3.110773265361785889e-01 3.672848641872406006e-02 6.564044207334518433e-02 -1.636750102043151855e-01 9.836426377296447754e-01
-6.146593093872070312e+00 -1.425429439544677734e+01 3.102391064167022705e-01 4.139956831932067871e-02 7.018883526325225830e-02 -1.584007441997528076e-01 9.840065836906433105e-01
-6.090073108673095703e+00 -1.402664279937744141e+01 2.794076502323150635e-01 4.644773900508880615e-02 7.490905374288558960e-02 -1.524554938077926636e-01 9.843721985816955566e-01
-6.038638591766357422e+00 -1.381455802917480469e+01 2.147452533245086670e-01 5.182299017906188965e-02 7.977062463760375977e-02 -1.459128558635711670e-01 9.847134351730346680e-01
-5.991117000579833984e+00 -1.362097835540771484e+01 1.236105337738990784e-01 5.747511237859725952e-02 8.474288880825042725e-02 -1.388463079929351807e-01 9.850060939788818359e-01
-5.945086479187011719e+00 -1.344210433959960938e+01 2.271827682852745056e-02 6.335398554801940918e-02 8.979544788599014282e-02 -1.313309222459793091e-01 9.852284789085388184e-01
-5.898390769958496094e+00 -1.327451610565185547e+01 -7.923141121864318848e-02 6.940940022468566895e-02 9.489792585372924805e-02 -1.234412342309951782e-01 9.853624105453491211e-01
-5.847052097320556641e+00 -1.310554409027099609e+01 -1.811470687389373779e-01 7.559132575988769531e-02 1.000202670693397522e-01 -1.152536273002624512e-01 9.853925704956054688e-01
-5.789073467254638672e+00 -1.293302917480468750e+01 -2.778733670711517334e-01 8.184981346130371094e-02 1.051325947046279907e-01 -1.068442687392234802e-01 9.853081107139587402e-01
-5.722136020660400391e+00 -1.275515842437744141e+01 -3.630526661872863770e-01 8.813513815402984619e-02 1.102053821086883545e-01 -9.829023480415344238e-02 9.851019978523254395e-01
-5.641456127166748047e+00 -1.257083988189697266e+01 -4.242474138736724854e-01 9.439794719219207764e-02 1.152095943689346313e-01 -8.966911584138870239e-02 9.847716093063354492e-01
-5.546608924865722656e+00 -1.238493633270263672e+01 -4.639155566692352295e-01 1.005892753601074219e-01 1.201165989041328430e-01 -8.105895668268203735e-02 9.843187332153320312e-01
-5.434021949768066406e+00 -1.220322036743164062e+01 -4.821304082870483398e-01 1.066605001688003540e-01 1.248983517289161682e-01 -7.253804057836532593e-02 9.837490320205688477e-01
-5.299855709075927734e+00 -1.203295612335205078e+01 -4.808845520019531250e-01 1.125636100769042969e-01 1.295272111892700195e-01 -6.418496370315551758e-02 9.830729961395263672e-01
-5.139618873596191406e+00 -1.188502407073974609e+01 -4.640110731124877930e-01 1.182511299848556519e-01 1.339761614799499512e-01 -5.607879161834716797e-02 9.823045730590820312e-01
-4.952271461486816406e+00 -1.177106952667236328e+01 -4.375347793102264404e-01 1.236759871244430542e-01 1.382188051939010620e-01 -4.829747602343559265e-02 9.814617037773132324e-01
-4.744615554809570312e+00 -1.169425773620605469e+01 -4.069617986679077148e-01 1.287918835878372192e-01 1.422291994094848633e-01 -4.092021659016609192e-02 9.805656671524047852e-01
-4.526818752288818359e+00 -1.164257812500000000e+01 -3.775785863399505615e-01 1.335529237985610962e-01 1.459818780422210693e-01 -3.402542322874069214e-02 9.796403646469116211e-01
-4.303955078125000000e+00 -1.160068321228027344e+01 -3.545426726341247559e-01 1.379136741161346436e-01 1.494519859552383423e-01 -2.769134566187858582e-02 9.787119626998901367e-01
-4.080102443695068359e+00 -1.154915714263916016e+01 -3.464602530002593994e-01 1.418291032314300537e-01 1.526148766279220581e-01 -2.199609391391277313e-02 9.778085350990295410e-01
-3.864326000213623047e+00 -1.146562004089355469e+01 -3.604621887207031250e-01 1.452661007642745972e-01 1.554536223411560059e-01 -1.699996739625930786e-02 9.769559502601623535e-01
-3.662753820419311523e+00 -1.134858131408691406e+01 -3.812355101108551025e-01 1.482374966144561768e-01 1.579816043376922607e-01 -1.269316114485263824e-02 9.761691689491271973e-01
-3.471487998962402344e+00 -1.121038532257080078e+01 -3.854798674583435059e-01 1.507674157619476318e-01 1.602189093828201294e-01 -9.048078209161758423e-03 9.754574298858642578e-01
-3.282943010330200195e+00 -1.106661128997802734e+01 -3.644354045391082764e-01 1.528795063495635986e-01 1.621856838464736938e-01 -6.037017330527305603e-03 9.748266935348510742e-01
-3.091208457946777344e+00 -1.092894268035888672e+01 -3.209291100502014160e-01 1.545972228050231934e-01 1.639014184474945068e-01 -3.632167354226112366e-03 9.742806553840637207e-01
-2.891738176345825195e+00 -1.081117439270019531e+01 -2.515527307987213135e-01 1.559435427188873291e-01 1.653851270675659180e-01 -1.805596053600311279e-03 9.738204479217529297e-01
-2.683869600296020508e+00 -1.074746513366699219e+01 -1.440468579530715942e-01 1.569411605596542358e-01 1.666558831930160522e-01 -5.294214934110641479e-04 9.734449386596679688e-01
-2.479798555374145508e+00 -1.076170349121093750e+01 -8.462905883789062500e-03 1.576126217842102051e-01 1.677321493625640869e-01 2.243164926767349243e-04 9.731516838073730469e-01
-2.273129940032958984e+00 -1.081657218933105469e+01 1.176425144076347351e-01 1.579799801111221313e-01 1.686322093009948730e-01 4.835966974496841431e-04 9.729363918304443359e-01
-2.050418615341186523e+00 -1.085953617095947266e+01 1.989243328571319580e-01 1.580654382705688477e-01 1.693741828203201294e-01 2.763494849205017090e-04 9.727936983108520508e-01
-1.820219635963439941e+00 -1.088619804382324219e+01 2.358043640851974487e-01 1.578906774520874023e-01 1.699761301279067993e-01 -3.694742918014526367e-04 9.727171063423156738e-01
-1.594403028488159180e+00 -1.091062927246093750e+01 2.543591260910034180e-01 1.574774831533432007e-01 1.704556643962860107e-01 -1.425893977284431458e-03 9.726991653442382812e-01
-1.375153779983520508e+00 -1.093572998046875000e+01 2.667798697948455811e-01 1.568474620580673218e-01 1.708305478096008301e-01 -2.864971756935119629e-03 9.727320075035095215e-01
-1.162795424461364746e+00 -1.096181869506835938e+01 2.763827443122863770e-01 1.560221016407012939e-01 1.711183786392211914e-01 -4.658736288547515869e-03 9.728072285652160645e-01
-9.573919177055358887e-01 -1.098859882354736328e+01 2.847805023193359375e-01 1.550230383872985840e-01 1.713367700576782227e-01 -6.779247894883155823e-03 9.729160666465759277e-01
-7.588872909545898438e-01 -1.101542663574218750e+01 2.925463914871215820e-01 1.538715511560440063e-01 1.715031713247299194e-01 -9.198484942317008972e-03 9.730496406555175781e-01
-5.672631859779357910e-01 -1.104213809967041016e+01 2.996990978717803955e-01 1.525892168283462524e-01 1.716351211071014404e-01 -1.188848540186882019e-02 9.731991887092590332e-01
-3.824468851089477539e-01 -1.106817150115966797e+01 3.064801692962646484e-01 1.511975526809692383e-01 1.717502623796463013e-01 -1.482125185430049896e-02 9.733557701110839844e-01
-2.044293135404586792e-01 -1.109348392486572266e+01 3.129057884216308594e-01 1.497180759906768799e-01 1.718659996986389160e-01 -1.796874776482582092e-02 9.735110402107238770e-01
-3.318786621093750000e-02 -1.111794376373291016e+01 3.189879655838012695e-01 1.481724232435226440e-01 1.720000803470611572e-01 -2.130296081304550171e-02 9.736565351486206055e-01
1.312866210937500000e-01 -1.114151096343994141e+01 3.247859776020050049e-01 1.465756297111511230e-01 1.721620708703994751e-01 -2.479869686067104340e-02 9.737868905067443848e-01
2.933239638805389404e-01 -1.116469955444335938e+01 3.304453194141387939e-01 1.449168026447296143e-01 1.723285466432571411e-01 -2.844198234379291534e-02 9.739060401916503906e-01
4.529290795326232910e-01 -1.118750476837158203e+01 3.359640538692474365e-01 1.431784778833389282e-01 1.724684089422225952e-01 -3.222217783331871033e-02 9.740206599235534668e-01
6.101080179214477539e-01 -1.120991230010986328e+01 3.414079248905181885e-01 1.413431018590927124e-01 1.725498437881469727e-01 -3.612799197435379028e-02 9.741372466087341309e-01
7.648882865905761719e-01 -1.123176288604736328e+01 3.467000424861907959e-01 1.393931657075881958e-01 1.725418418645858765e-01 -4.014807194471359253e-02 9.742622971534729004e-01
9.172412157058715820e-01 -1.125327873229980469e+01 3.519550263881683350e-01 1.373112648725509644e-01 1.724126487970352173e-01 -4.427191242575645447e-02 9.744021892547607422e-01
1.067232012748718262e+00 -1.127403545379638672e+01 3.570751249790191650e-01 1.350799053907394409e-01 1.721310168504714966e-01 -4.848831146955490112e-02 9.745631217956542969e-01
1.214810729026794434e+00 -1.129440402984619141e+01 3.621504008769989014e-01 1.326815485954284668e-01 1.716655045747756958e-01 -5.278587341308593750e-02 9.747512936592102051e-01
1.360025048255920410e+00 -1.131406211853027344e+01 3.671469390392303467e-01 1.300987303256988525e-01 1.709845811128616333e-01 -5.715369060635566711e-02 9.749728441238403320e-01
1.502874135971069336e+00 -1.133305168151855469e+01 3.720711469650268555e-01 1.273139715194702148e-01 1.700568944215774536e-01 -6.158071011304855347e-02 9.752330780029296875e-01
1.643340468406677246e+00 -1.135151100158691406e+01 3.769564032554626465e-01 1.243096739053726196e-01 1.688506305217742920e-01 -6.605572998523712158e-02 9.755373597145080566e-01
1.781509995460510254e+00 -1.136880111694335938e+01 3.817498385906219482e-01 1.210682094097137451e-01 1.673344671726226807e-01 -7.056716084480285645e-02 9.758903384208679199e-01
1.917272329330444336e+00 -1.138579273223876953e+01 3.865288197994232178e-01 1.175720244646072388e-01 1.654766649007797241e-01 -7.510425150394439697e-02 9.762958884239196777e-01
2.050760507583618164e+00 -1.140142822265625000e+01 3.912031352519989014e-01 1.138032972812652588e-01 1.632454991340637207e-01 -7.965517044067382812e-02 9.767572283744812012e-01
2.181846380233764648e+00 -1.141677474975585938e+01 3.958686888217926025e-01 1.097443476319313049e-01 1.606090664863586426e-01 -8.420891314744949341e-02 9.772767424583435059e-01
2.310637235641479492e+00 -1.143091773986816406e+01 4.004470109939575195e-01 1.053772866725921631e-01 1.575353443622589111e-01 -8.875397592782974243e-02 9.778553247451782227e-01
2.437038421630859375e+00 -1.144468498229980469e+01 4.050129950046539307e-01 1.006841957569122314e-01 1.539924144744873047e-01 -9.327871352434158325e-02 9.784927964210510254e-01
2.561131000518798828e+00 -1.145734310150146484e+01 4.095045328140258789e-01 9.564698487520217896e-02 1.499480158090591431e-01 -9.777125716209411621e-02 9.791874289512634277e-01
2.682835578918457031e+00 -1.146963882446289062e+01 4.139885604381561279e-01 9.024760872125625610e-02 1.453698277473449707e-01 -1.022200733423233032e-01 9.799356460571289062e-01
2.802217245101928711e+00 -1.148090076446533203e+01 4.184094071388244629e-01 8.446786552667617798e-02 1.402253955602645874e-01 -1.066131815314292908e-01 9.807322025299072266e-01
2.919203996658325195e+00 -1.149186992645263672e+01 4.228280186653137207e-01 7.829957455396652222e-02 1.344961225986480713e-01 -1.109416410326957703e-01 9.815660715103149414e-01
3.033779859542846680e+00 -1.150270271301269531e+01 4.269399046897888184e-01 7.177548855543136597e-02 1.282193511724472046e-01 -1.152114570140838623e-01 9.824125170707702637e-01
3.145922899246215820e+00 -1.151346874237060547e+01 4.309622049331665039e-01 6.493858247995376587e-02 1.214466243982315063e-01 -1.194313839077949524e-01 9.832445383071899414e-01
3.255552291870117188e+00 -1.152497291564941406e+01 4.344820380210876465e-01 5.783231183886528015e-02 1.142299175262451172e-01 -1.236110925674438477e-01 9.840362071990966797e-01
3.362661123275756836e+00 -1.153702354431152344e+01 4.376850426197052002e-01 5.050028488039970398e-02 1.066217273473739624e-01 -1.277593970298767090e-01 9.847635030746459961e-01
3.467161178588867188e+00 -1.155034923553466797e+01 4.402917325496673584e-01 4.298650473356246948e-02 9.867492318153381348e-02 -1.318862736225128174e-01 9.854041934013366699e-01
3.568888425827026367e+00 -1.156564903259277344e+01 4.421245753765106201e-01 3.533519059419631958e-02 9.044279158115386963e-02 -1.360011249780654907e-01 9.859387874603271484e-01
3.667961359024047852e+00 -1.158206558227539062e+01 4.434571862220764160e-01 2.759083732962608337e-02 8.197917044162750244e-02 -1.401140838861465454e-01 9.863498806953430176e-01
3.763991594314575195e+00 -1.160131072998046875e+01 4.437937438488006592e-01 1.979811303317546844e-02 7.333809137344360352e-02 -1.442355662584304810e-01 9.866234660148620605e-01
3.857336997985839844e+00 -1.162123775482177734e+01 4.438141286373138428e-01 1.200184226036071777e-02 6.457418948411941528e-02 -1.483757644891738892e-01 9.867475628852844238e-01
3.947821617126464844e+00 -1.164258766174316406e+01 4.433194696903228760e-01 4.247068893164396286e-03 5.574209243059158325e-02 -1.525462120771408081e-01 9.867138862609863281e-01
4.035449504852294922e+00 -1.166508483886718750e+01 4.424882531166076660e-01 -3.421726170927286148e-03 4.689686000347137451e-02 -1.567578017711639404e-01 9.865170121192932129e-01
4.120452880859375000e+00 -1.168779277801513672e+01 4.415485560894012451e-01 -1.095900405198335648e-02 3.809351101517677307e-02 -1.610222905874252319e-01 9.861544370651245117e-01
4.202754974365234375e+00 -1.171094226837158203e+01 4.405574202537536621e-01 -1.832026056945323944e-02 2.938719838857650757e-02 -1.653519719839096069e-01 9.856264591217041016e-01
4.282274723052978516e+00 -1.173472404479980469e+01 4.394963085651397705e-01 -2.546092495322227478e-02 2.083314955234527588e-02 -1.697588562965393066e-01 9.849363565444946289e-01
4.359098911285400391e+00 -1.175879096984863281e+01 4.383738338947296143e-01 -3.233609348535537720e-02 1.248610951006412506e-02 -1.742560863494873047e-01 9.840900897979736328e-01
4.432888031005859375e+00 -1.178412818908691406e+01 4.371301829814910889e-01 -3.890212997794151306e-02 4.401390906423330307e-03 -1.788568794727325439e-01 9.830958843231201172e-01
4.503482341766357422e+00 -1.181092548370361328e+01 4.357484579086303711e-01 -4.511465132236480713e-02 -3.367063589394092560e-03 -1.835746020078659058e-01 9.819642305374145508e-01
4.570849895477294922e+00 -1.183904266357421875e+01 4.342287480831146240e-01 -5.092999339103698730e-02 -1.076433900743722916e-02 -1.884234547615051270e-01 9.807074069976806641e-01
4.634654045104980469e+00 -1.186912822723388672e+01 4.325317740440368652e-01 -5.630486458539962769e-02 -1.773634552955627441e-02 -1.934176236391067505e-01 9.793389439582824707e-01
4.693708896636962891e+00 -1.190294933319091797e+01 4.306144714355468750e-01 -6.120291352272033691e-02 -2.423894964158535004e-02 -1.985581964254379272e-01 9.778759479522705078e-01
4.748115539550781250e+00 -1.193950176239013672e+01 4.285623729228973389e-01 -6.561469286680221558e-02 -3.026559948921203613e-02 -2.037934213876724243e-01 9.763436317443847656e-01
4.797478675842285156e+00 -1.197879600524902344e+01 4.264150559902191162e-01 -6.953829526901245117e-02 -3.581915795803070068e-02 -2.090586721897125244e-01 9.747697114944458008e-01
4.841642379760742188e+00 -1.202045154571533203e+01 4.242241680622100830e-01 -7.297147810459136963e-02 -4.090244323015213013e-02 -2.142891138792037964e-01 9.731816053390502930e-01
4.880820751190185547e+00 -1.206374263763427734e+01 4.220388829708099365e-01 -7.591200619935989380e-02 -4.551890492439270020e-02 -2.194202542304992676e-01 9.716069102287292480e-01
4.914833068847656250e+00 -1.210832214355468750e+01 4.199172556400299072e-01 -7.835796475410461426e-02 -4.967214912176132202e-02 -2.243870347738265991e-01 9.700737595558166504e-01
4.942840576171875000e+00 -1.215015125274658203e+01 4.180265665054321289e-01 -8.030772954225540161e-02 -5.336535349488258362e-02 -2.291257232427597046e-01 9.686093926429748535e-01
4.966694355010986328e+00 -1.218788337707519531e+01 4.163114130496978760e-01 -8.175927400588989258e-02 -5.660244822502136230e-02 -2.335720956325531006e-01 9.672412276268005371e-01
4.985807895660400391e+00 -1.222183036804199219e+01 4.148252904415130615e-01 -8.271108567714691162e-02 -5.938705056905746460e-02 -2.376614809036254883e-01 9.659964442253112793e-01
5.002103328704833984e+00 -1.225082015991210938e+01 4.134624004364013672e-01 -8.316121995449066162e-02 -6.172259896993637085e-02 -2.413296997547149658e-01 9.649013876914978027e-01
5.014810562133789062e+00 -1.227529716491699219e+01 4.122965037822723389e-01 -8.310799300670623779e-02 -6.361271440982818604e-02 -2.445127964019775391e-01 9.639813303947448730e-01
5.024769306182861328e+00 -1.229481220245361328e+01 4.112564623355865479e-01 -8.254901319742202759e-02 -6.506164371967315674e-02 -2.471456527709960938e-01 9.632608890533447266e-01
5.032143115997314453e+00 -1.230928897857666016e+01 4.103311896324157715e-01 -8.148243278264999390e-02 -6.607212126255035400e-02 -2.491641342639923096e-01 9.627628922462463379e-01
5.042923927307128906e+00 -1.232994079589843750e+01 4.090932011604309082e-01 -7.990573346614837646e-02 -6.664797663688659668e-02 -2.505020797252655029e-01 9.625080823898315430e-01
5.056082725524902344e+00 -1.235729980468750000e+01 4.073441326618194580e-01 -7.781639695167541504e-02 -6.679266691207885742e-02 -2.510937750339508057e-01 9.625151157379150391e-01
5.072124004364013672e+00 -1.239112567901611328e+01 4.051782488822937012e-01 -7.521159946918487549e-02 -6.650894880294799805e-02 -2.508729398250579834e-01 9.627993106842041016e-01
5.091321468353271484e+00 -1.243129825592041016e+01 4.026443362236022949e-01 -7.208836823701858521e-02 -6.580014526844024658e-02 -2.497715502977371216e-01 9.633730649948120117e-01
5.111478328704833984e+00 -1.247876167297363281e+01 3.990077376365661621e-01 -6.844240427017211914e-02 -6.466861814260482788e-02 -2.477211803197860718e-01 9.642447233200073242e-01
5.134515285491943359e+00 -1.253271484375000000e+01 3.948975205421447754e-01 -6.427070498466491699e-02 -6.311741471290588379e-02 -2.446520477533340454e-01 9.654174447059631348e-01
5.158625602722167969e+00 -1.259381294250488281e+01 3.895387053489685059e-01 -5.956874787807464600e-02 -6.114801391959190369e-02 -2.404933571815490723e-01 9.668895006179809570e-01
5.184718132019042969e+00 -1.266173076629638672e+01 3.833073377609252930e-01 -5.434175580739974976e-02 -5.876909196376800537e-02 -2.351999580860137939e-01 9.686455130577087402e-01
5.212019920349121094e+00 -1.273663806915283203e+01 3.757854700088500977e-01 -4.863344132900238037e-02 -5.600859969854354858e-02 -2.288384884595870972e-01 9.706342816352844238e-01
5.240652561187744141e+00 -1.281846904754638672e+01 3.670454025268554688e-01 -4.249733686447143555e-02 -5.290215462446212769e-02 -2.215021252632141113e-01 9.727960228919982910e-01
5.270739555358886719e+00 -1.290711116790771484e+01 3.571084439754486084e-01 -3.598748147487640381e-02 -4.948420822620391846e-02 -2.132858783006668091e-01 9.750720262527465820e-01
5.301606178283691406e+00 -1.300270748138427734e+01 3.456180393695831299e-01 -2.915831655263900757e-02 -4.578965157270431519e-02 -2.042852491140365601e-01 9.774050712585449219e-01
5.334321022033691406e+00 -1.310493659973144531e+01 3.331639766693115234e-01 -2.206447906792163849e-02 -4.185498878359794617e-02 -1.945969015359878540e-01 9.797415137290954590e-01
5.367266654968261719e+00 -1.321413326263427734e+01 3.187861442565917969e-01 -1.476164348423480988e-02 -3.771549090743064880e-02 -1.843191087245941162e-01 9.820315241813659668e-01
5.402188777923583984e+00 -1.332988262176513672e+01 3.035665750503540039e-01 -7.305383682250976562e-03 -3.340762481093406677e-02 -1.735516339540481567e-01 9.842308759689331055e-01
5.437491893768310547e+00 -1.345246505737304688e+01 2.864766716957092285e-01 2.481993287801742554e-04 -2.896834537386894226e-02 -1.623959541320800781e-01 9.863002896308898926e-01
5.474254131317138672e+00 -1.358165740966796875e+01 2.682563066482543945e-01 7.842612452805042267e-03 -2.443504519760608673e-02 -1.509546339511871338e-01 9.882075786590576172e-01
5.512195110321044922e+00 -1.371747493743896484e+01 2.487168759107589722e-01 1.542137004435062408e-02 -1.984491199254989624e-02 -1.393315941095352173e-01 9.899267554283142090e-01
5.550765037536621094e+00 -1.385999679565429688e+01 2.274983227252960205e-01 2.292781323194503784e-02 -1.523606665432453156e-02 -1.276328712701797485e-01 9.914393424987792969e-01
5.590992450714111328e+00 -1.400904464721679688e+01 2.053668946027755737e-01 3.030554205179214478e-02 -1.064565777778625488e-02 -1.159642189741134644e-01 9.927338957786560059e-01
5.631858825683593750e+00 -1.416477775573730469e+01 1.817665100097656250e-01 3.749816119670867920e-02 -6.112379953265190125e-03 -1.044327020645141602e-01 9.938060045242309570e-01
5.674034118652343750e+00 -1.432708454132080078e+01 1.571132689714431763e-01 4.444975033402442932e-02 -1.673792488873004913e-03 -9.314656257629394531e-02 9.946582913398742676e-01
5.717474460601806641e+00 -1.449597644805908203e+01 1.314681917428970337e-01 5.110475793480873108e-02 2.632242161780595779e-03 -8.221328258514404297e-02 9.953001141548156738e-01
5.761666297912597656e+00 -1.467154788970947266e+01 1.046700999140739441e-01 5.740812048316001892e-02 6.767947226762771606e-03 -7.174105197191238403e-02 9.957467913627624512e-01
5.807288646697998047e+00 -1.485367870330810547e+01 7.699386775493621826e-02 6.330531835556030273e-02 1.069588959217071533e-02 -6.183815747499465942e-02 9.960191249847412109e-01
5.853597164154052734e+00 -1.504254341125488281e+01 4.841880872845649719e-02 6.874235719442367554e-02 1.437882147729396820e-02 -5.261169001460075378e-02 9.961425065994262695e-01
5.901124000549316406e+00 -1.523802661895751953e+01 1.899116486310958862e-02 7.366576790809631348e-02 1.777976565062999725e-02 -4.416967928409576416e-02 9.961457252502441406e-01
5.949499607086181641e+00 -1.544024848937988281e+01 -1.107925362884998322e-02 7.803880423307418823e-02 2.087194472551345825e-02 -3.659017384052276611e-02 9.960600137710571289e-01
5.998879909515380859e+00 -1.564918708801269531e+01 -4.185302555561065674e-02 8.188983798027038574e-02 2.366846427321434021e-02 -2.983706630766391754e-02 9.959134459495544434e-01
6.049098968505859375e+00 -1.586493587493896484e+01 -7.297874242067337036e-02 8.526333421468734741e-02 2.619236707687377930e-02 -2.384517528116703033e-02 9.957286715507507324e-01
6.100305557250976562e+00 -1.608746147155761719e+01 -1.045936569571495056e-01 8.820348232984542847e-02 2.846674434840679169e-02 -1.854886300861835480e-02 9.955227971076965332e-01
6.151998996734619141e+00 -1.631702041625976562e+01 -1.356207281351089478e-01 9.075418114662170410e-02 3.051459789276123047e-02 -1.388213224709033966e-02 9.953089356422424316e-01
6.204264163970947266e+00 -1.655362510681152344e+01 -1.657820045948028564e-01 9.295910596847534180e-02 3.235886245965957642e-02 -9.778812527656555176e-03 9.950959086418151855e-01
6.255214691162109375e+00 -1.679379653930664062e+01 -1.916161328554153442e-01 9.486167132854461670e-02 3.402260690927505493e-02 -6.172456312924623489e-03 9.948897361755371094e-01
6.293246746063232422e+00 -1.697841453552246094e+01 -1.752752661705017090e-01 9.650509804487228394e-02 3.552855923771858215e-02 -2.996532246470451355e-03 9.946936368942260742e-01
6.267374038696289062e+00 -1.674701881408691406e+01 -1.123764812946319580e-01 9.793245792388916016e-02 3.689961880445480347e-02 -1.848263200372457504e-04 9.945087432861328125e-01
6.248190879821777344e+00 -1.651860618591308594e+01 -6.614509224891662598e-02 9.918658435344696045e-02 3.815847262740135193e-02 2.329308539628982544e-03 9.943341612815856934e-01
6.234807014465332031e+00 -1.629644203186035156e+01 -2.651481516659259796e-02 1.003102213144302368e-01 3.932800889015197754e-02 4.612401127815246582e-03 9.941679239273071289e-01
6.225970268249511719e+00 -1.608119773864746094e+01 8.748473599553108215e-03 1.013460233807563782e-01 4.043070226907730103e-02 6.731026340276002884e-03 9.940065145492553711e-01
6.221750259399414062e+00 -1.587304878234863281e+01 4.006736725568771362e-02 1.023364961147308350e-01 4.148939624428749084e-02 8.751722984015941620e-03 9.938457012176513672e-01
6.220224857330322266e+00 -1.566016769409179688e+01 6.973289698362350464e-02 1.033241152763366699e-01 4.252671450376510620e-02 1.074104383587837219e-02 9.936801791191101074e-01
6.219898700714111328e+00 -1.544275093078613281e+01 9.888648986816406250e-02 1.043512150645256042e-01 4.356506466865539551e-02 1.276555284857749939e-02 9.935038089752197266e-01
6.221763610839843750e+00 -1.522061443328857422e+01 1.259538233280181885e-01 1.054600849747657776e-01 4.462713375687599182e-02 1.489178463816642761e-02 9.933100938796997070e-01
6.224297523498535156e+00 -1.499395275115966797e+01 1.522420495748519897e-01 1.066928952932357788e-01 4.573545977473258972e-02 1.718625053763389587e-02 9.930908679962158203e-01
6.227752685546875000e+00 -1.476270008087158203e+01 1.772326678037643433e-01 1.080916970968246460e-01 4.691237956285476685e-02 1.971546560525894165e-02 9.928376674652099609e-01
6.231757164001464844e+00 -1.452679157257080078e+01 2.001131325960159302e-01 1.096984446048736572e-01 4.818034172058105469e-02 2.254589460790157318e-02 9.925404191017150879e-01
6.236016750335693359e+00 -1.428635025024414062e+01 2.220160663127899170e-01 1.115548014640808105e-01 4.956180602312088013e-02 2.574394457042217255e-02 9.921876788139343262e-01
6.240180015563964844e+00 -1.404117870330810547e+01 2.407226562500000000e-01 1.136886849999427795e-01 5.107660219073295593e-02 2.936118096113204956e-02 9.917681217193603516e-01
6.243700981140136719e+00 -1.379666519165039062e+01 2.564774155616760254e-01 1.160729974508285522e-01 5.273542553186416626e-02 3.338993713259696960e-02 9.912775754928588867e-01
6.246525287628173828e+00 -1.355283451080322266e+01 2.694139778614044189e-01 1.186670064926147461e-01 5.454657971858978271e-02 3.780769556760787964e-02 9.907135963439941406e-01
6.247160434722900391e+00 -1.330958938598632812e+01 2.764693498611450195e-01 1.214298978447914124e-01 5.651836842298507690e-02 4.259189218282699585e-02 9.900738596916198730e-01
6.244704246520996094e+00 -1.306714820861816406e+01 2.769422829151153564e-01 1.243208497762680054e-01 5.865901336073875427e-02 4.771986976265907288e-02 9.893564581871032715e-01
6.238914489746093750e+00 -1.282572269439697266e+01 2.702991366386413574e-01 1.272991001605987549e-01 6.097683310508728027e-02 5.316895991563796997e-02 9.885594844818115234e-01
6.229321002960205078e+00 -1.258563232421875000e+01 2.554959058761596680e-01 1.303238570690155029e-01 6.348008662462234497e-02 5.891637876629829407e-02 9.876815080642700195e-01
6.215858459472656250e+00 -1.234724617004394531e+01 2.322421222925186157e-01 1.333543807268142700e-01 6.617700308561325073e-02 6.493930518627166748e-02 9.867218732833862305e-01
6.199186325073242188e+00 -1.211074447631835938e+01 2.016442120075225830e-01 1.363500356674194336e-01 6.907574087381362915e-02 7.121493667364120483e-02 9.856803417205810547e-01
6.181401252746582031e+00 -1.187568092346191406e+01 1.674256920814514160e-01 1.392701417207717896e-01 7.218443602323532104e-02 7.772033661603927612e-02 9.845570921897888184e-01
6.167737960815429688e+00 -1.164041996002197266e+01 1.397446393966674805e-01 1.420743465423583984e-01 7.551141083240509033e-02 8.443257212638854980e-02 9.833534955978393555e-01
6.167614459991455078e+00 -1.140409851074218750e+01 1.359500139951705933e-01 1.447221338748931885e-01 7.906483113765716553e-02 9.132868796586990356e-02 9.820709228515625000e-01
6.183643817901611328e+00 -1.116980648040771484e+01 1.541710644960403442e-01 1.471733152866363525e-01 8.285266906023025513e-02 9.838578104972839355e-02 9.807119369506835938e-01
6.215102195739746094e+00 -1.093899631500244141e+01 1.835861951112747192e-01 1.493876725435256958e-01 8.688321709632873535e-02 1.055808216333389282e-01 9.792789816856384277e-01
6.258193016052246094e+00 -1.071046352386474609e+01 2.095165252685546875e-01 1.513252556324005127e-01 9.116441011428833008e-02 1.128909066319465637e-01 9.777756929397583008e-01
6.308951854705810547e+00 -1.048314476013183594e+01 2.207121998071670532e-01 1.529461741447448730e-01 9.570443630218505859e-02 1.202931255102157593e-01 9.762057065963745117e-01
6.367049217224121094e+00 -1.025827598571777344e+01 2.134654223918914795e-01 1.542107313871383667e-01 1.005111634731292725e-01 1.277645230293273926e-01 9.745731353759765625e-01
6.433611869812011719e+00 -1.003881835937500000e+01 1.821050941944122314e-01 1.550792753696441650e-01 1.055926978588104248e-01 1.352821588516235352e-01 9.728819727897644043e-01
6.510609626770019531e+00 -9.832053184509277344e+00 1.159847974777221680e-01 1.555123329162597656e-01 1.109568774700164795e-01 1.428231894969940186e-01 9.711365103721618652e-01
6.597826957702636719e+00 -9.649501800537109375e+00 7.579040247946977615e-03 1.554705500602722168e-01 1.166113615036010742e-01 1.503647714853286743e-01 9.693405628204345703e-01
6.690868854522705078e+00 -9.496150016784667969e+00 -1.341993659734725952e-01 1.535764634609222412e-01 1.223351731896400452e-01 1.580545455217361450e-01 9.677124023437500000e-01
6.768968582153320312e+00 -9.348517417907714844e+00 -2.826818823814392090e-01 1.515238881111145020e-01 1.283474266529083252e-01 1.656715124845504761e-01 9.659815430641174316e-01
6.677390098571777344e+00 -9.143268585205078125e+00 -2.918188273906707764e-01 1.493154466152191162e-01 1.346072256565093994e-01 1.731896698474884033e-01 9.641530513763427734e-01
6.578174114227294922e+00 -8.941281318664550781e+00 -2.917202711105346680e-01 1.469558626413345337e-01 1.410730481147766113e-01 1.805832386016845703e-01 9.622328281402587891e-01
6.479317665100097656e+00 -8.740090370178222656e+00 -2.916125357151031494e-01 1.444524377584457397e-01 1.477028131484985352e-01 1.878268867731094360e-01 9.602283239364624023e-01
6.380815505981445312e+00 -8.539690017700195312e+00 -2.914955019950866699e-01 1.418150514364242554e-01 1.544537544250488281e-01 1.948959380388259888e-01 9.581482410430908203e-01
6.284555435180664062e+00 -8.339189529418945312e+00 -2.895010411739349365e-01 1.390561014413833618e-01 1.612827479839324951e-01 2.017663419246673584e-01 9.560028314590454102e-01
6.197564601898193359e+00 -8.135620117187500000e+00 -2.788260579109191895e-01 1.361906975507736206e-01 1.681468188762664795e-01 2.084148526191711426e-01 9.538038969039916992e-01
6.112681865692138672e+00 -7.932004451751708984e+00 -2.702224552631378174e-01 1.332365274429321289e-01 1.750024259090423584e-01 2.148190140724182129e-01 9.515644311904907227e-01
6.027224063873291016e+00 -7.718510627746582031e+00 -2.691689133644104004e-01 1.302137523889541626e-01 1.818063557147979736e-01 2.209571897983551025e-01 9.492990970611572266e-01
5.942723274230957031e+00 -7.495011806488037109e+00 -2.791185081005096436e-01 1.271450817584991455e-01 1.885155737400054932e-01 2.268084883689880371e-01 9.470236301422119141e-01
5.861396312713623047e+00 -7.261747837066650391e+00 -3.046748340129852295e-01 1.240555644035339355e-01 1.950873732566833496e-01 2.323528379201889038e-01 9.447557330131530762e-01
5.788704872131347656e+00 -7.027936935424804688e+00 -3.509351909160614014e-01 1.209722906351089478e-01 2.014793157577514648e-01 2.375708967447280884e-01 9.425135254859924316e-01
5.716060638427734375e+00 -6.795275688171386719e+00 -4.064544439315795898e-01 1.179245635867118835e-01 2.076495438814163208e-01 2.424438297748565674e-01 9.403172135353088379e-01
5.634406566619873047e+00 -6.567136287689208984e+00 -4.585020244121551514e-01 1.149433329701423645e-01 2.135565578937530518e-01 2.469535022974014282e-01 9.381873607635498047e-01
5.533537387847900391e+00 -6.346013069152832031e+00 -4.934419095516204834e-01 1.120611205697059631e-01 2.191595733165740967e-01 2.510823011398315430e-01 9.361459016799926758e-01
5.405493259429931641e+00 -6.139113426208496094e+00 -4.966641068458557129e-01 1.093116104602813721e-01 2.244181334972381592e-01 2.548128068447113037e-01 9.342151284217834473e-01
5.260426521301269531e+00 -5.948102951049804688e+00 -4.678594768047332764e-01 1.067295372486114502e-01 2.292921990156173706e-01 2.581280469894409180e-01 9.324182271957397461e-01
5.116957664489746094e+00 -5.761769771575927734e+00 -4.217120409011840820e-01 1.043500155210494995e-01 2.337422966957092285e-01 2.610113322734832764e-01 9.307784438133239746e-01
4.985682964324951172e+00 -5.571491718292236328e+00 -3.664375245571136475e-01 1.022084280848503113e-01 2.377288639545440674e-01 2.634462118148803711e-01 9.293193221092224121e-01
4.876608371734619141e+00 -5.370649337768554688e+00 -3.093972802162170410e-01 1.001850366592407227e-01 2.411811351776123047e-01 2.654648423194885254e-01 9.280749559402465820e-01
4.795469284057617188e+00 -5.158173561096191406e+00 -2.564688026905059814e-01 9.847760945558547974e-02 2.441698163747787476e-01 2.670518755912780762e-01 9.270203113555908203e-01
4.741241931915283203e+00 -4.937812328338623047e+00 -2.100079357624053955e-01 9.706577658653259277e-02 2.467169314622879028e-01 2.682550251483917236e-01 9.261469841003417969e-01
4.714788436889648438e+00 -4.712975978851318359e+00 -1.713877022266387939e-01 9.592879563570022583e-02 2.488439977169036865e-01 2.691214084625244141e-01 9.254447817802429199e-01
4.712518692016601562e+00 -4.487507343292236328e+00 -1.406002044677734375e-01 9.504593908786773682e-02 2.505721449851989746e-01 2.696975171566009521e-01 9.249017238616943359e-01
4.734330654144287109e+00 -4.264174938201904297e+00 -1.184464991092681885e-01 9.439621865749359131e-02 2.519221305847167969e-01 2.700296342372894287e-01 9.245045185089111328e-01
4.781715393066406250e+00 -4.046149730682373047e+00 -1.062888279557228088e-01 9.395860880613327026e-02 2.529143691062927246e-01 2.701638936996459961e-01 9.242388606071472168e-01
4.858798027038574219e+00 -3.838676691055297852e+00 -1.067863404750823975e-01 9.371192008256912231e-02 2.535693049430847168e-01 2.701456248760223389e-01 9.240898489952087402e-01
4.966812133789062500e+00 -3.648320198059082031e+00 -1.217533051967620850e-01 9.363492578268051147e-02 2.539069354534149170e-01 2.700206041336059570e-01 9.240414500236511230e-01
5.093815326690673828e+00 -3.473618030548095703e+00 -1.467910706996917725e-01 9.370633214712142944e-02 2.539472877979278564e-01 2.698342204093933105e-01 9.240775704383850098e-01
5.227800846099853516e+00 -3.315991163253784180e+00 -1.778045594692230225e-01 9.390488266944885254e-02 2.537102401256561279e-01 2.696315944194793701e-01 9.241816997528076172e-01
5.362052440643310547e+00 -3.170456409454345703e+00 -2.118157148361206055e-01 9.420924633741378784e-02 2.532156109809875488e-01 2.694580554962158203e-01 9.243370294570922852e-01
5.490790843963623047e+00 -3.031498908996582031e+00 -2.464194446802139282e-01 9.459809213876724243e-02 2.524831593036651611e-01 2.693587541580200195e-01 9.245265126228332520e-01
5.608176708221435547e+00 -2.893364191055297852e+00 -2.789305150508880615e-01 9.505002200603485107e-02 2.515327632427215576e-01 2.693788409233093262e-01 9.247333407402038574e-01
5.707350730895996094e+00 -2.751044750213623047e+00 -3.066258132457733154e-01 9.552256762981414795e-02 2.503778934478759766e-01 2.695692181587219238e-01 9.249425530433654785e-01
5.783646583557128906e+00 -2.603618144989013672e+00 -3.280778527259826660e-01 9.600924700498580933e-02 2.490427196025848389e-01 2.699708044528961182e-01 9.251355528831481934e-01
5.835850715637207031e+00 -2.454130887985229492e+00 -3.437280058860778809e-01 9.650663286447525024e-02 2.475519776344299316e-01 2.706239819526672363e-01 9.252929687500000000e-01
5.869298458099365234e+00 -2.307519435882568359e+00 -3.555985987186431885e-01 9.699712693691253662e-02 2.459266185760498047e-01 2.715726494789123535e-01 9.253972172737121582e-01
5.890071868896484375e+00 -2.166831016540527344e+00 -3.655770719051361084e-01 9.746366739273071289e-02 2.441875934600830078e-01 2.728607356548309326e-01 9.254297614097595215e-01
5.902930736541748047e+00 -2.033505916595458984e+00 -3.750259280204772949e-01 9.788999706506729126e-02 2.423558533191680908e-01 2.745319008827209473e-01 9.253720045089721680e-01
5.911750793457031250e+00 -1.908217787742614746e+00 -3.848558068275451660e-01 9.818764775991439819e-02 2.404320836067199707e-01 2.766393423080444336e-01 9.252147674560546875e-01
5.919195652008056641e+00 -1.791264653205871582e+00 -3.955235183238983154e-01 9.839471429586410522e-02 2.384576797485351562e-01 2.791678905487060547e-01 9.249441623687744141e-01
5.926102638244628906e+00 -1.682690382003784180e+00 -4.067094326019287109e-01 9.850747138261795044e-02 2.364626973867416382e-01 2.821044921875000000e-01 9.245533347129821777e-01
5.932512283325195312e+00 -1.582451105117797852e+00 -4.178846776485443115e-01 9.852220863103866577e-02 2.344772368669509888e-01 2.854357957839965820e-01 9.240347743034362793e-01
5.938370227813720703e+00 -1.490556597709655762e+00 -4.290966689586639404e-01 9.843511879444122314e-02 2.325312048196792603e-01 2.891487479209899902e-01 9.233812689781188965e-01
5.943789958953857422e+00 -1.406933546066284180e+00 -4.395652711391448975e-01 9.824244678020477295e-02 2.306547164916992188e-01 2.932298481464385986e-01 9.225850105285644531e-01
5.948746204376220703e+00 -1.331591725349426270e+00 -4.493734538555145264e-01 9.794043004512786865e-02 2.288776487112045288e-01 2.976657450199127197e-01 9.216386675834655762e-01
5.953271389007568359e+00 -1.264497041702270508e+00 -4.582794010639190674e-01 9.752529859542846680e-02 2.272299230098724365e-01 3.024429380893707275e-01 9.205343723297119141e-01
5.957793235778808594e+00 -1.197119116783142090e+00 -4.674571156501770020e-01 9.699324518442153931e-02 2.257415205240249634e-01 3.075480759143829346e-01 9.192645549774169922e-01
5.962348461151123047e+00 -1.129433512687683105e+00 -4.767434597015380859e-01 9.634053707122802734e-02 2.244422733783721924e-01 3.129673898220062256e-01 9.178211092948913574e-01
5.966852664947509766e+00 -1.061455011367797852e+00 -4.862965345382690430e-01 9.556342661380767822e-02 2.233618348836898804e-01 3.186870813369750977e-01 9.161963462829589844e-01
5.971405982971191406e+00 -9.931737780570983887e-01 -4.958973526954650879e-01 9.465808421373367310e-02 2.225302159786224365e-01 3.246933519840240479e-01 9.143819808959960938e-01
5.975855350494384766e+00 -9.245947003364562988e-01 -5.057203769683837891e-01 9.362082183361053467e-02 2.219768762588500977e-01 3.309722840785980225e-01 9.123698472976684570e-01
5.980350017547607422e+00 -8.556982278823852539e-01 -5.155848860740661621e-01 9.244780987501144409e-02 2.217315137386322021e-01 3.375096619129180908e-01 9.101514816284179688e-01
5.984724998474121094e+00 -7.864941358566284180e-01 -5.255669951438903809e-01 9.113516658544540405e-02 2.218235582113265991e-01 3.442918360233306885e-01 9.077179431915283203e-01
5.989112854003906250e+00 -7.169726490974426270e-01 -5.356060862541198730e-01 8.967919647693634033e-02 2.222822010517120361e-01 3.513038158416748047e-01 9.050601124763488770e-01
5.993382453918457031e+00 -6.471288800239562988e-01 -5.456750392913818359e-01 8.807615190744400024e-02 2.231365144252777100e-01 3.585307002067565918e-01 9.021687507629394531e-01
5.997616291046142578e+00 -5.769726634025573730e-01 -5.557899475097656250e-01 8.632205426692962646e-02 2.244153320789337158e-01 3.659580051898956299e-01 8.990333676338195801e-01
6.001779556274414062e+00 -5.064843893051147461e-01 -5.659000873565673828e-01 8.441302180290222168e-02 2.261472791433334351e-01 3.735703229904174805e-01 8.956434130668640137e-01
6.005892276763916016e+00 -4.356738328933715820e-01 -5.760299563407897949e-01 8.234519511461257935e-02 2.283604443073272705e-01 3.813520073890686035e-01 8.919872641563415527e-01
6.010063171386718750e+00 -3.645263612270355225e-01 -5.859246850013732910e-01 7.933085411787033081e-02 2.307237982749938965e-01 3.894827067852020264e-01 8.881309032440185547e-01
6.014204025268554688e+00 -2.930566370487213135e-01 -5.957528352737426758e-01 7.600614428520202637e-02 2.334500253200531006e-01 3.977478742599487305e-01 8.840366005897521973e-01
6.018324375152587891e+00 -2.212597578763961792e-01 -6.054167151451110840e-01 7.239779084920883179e-02 2.364843487739562988e-01 4.060798585414886475e-01 8.797345757484436035e-01
6.022419452667236328e+00 -1.491552740335464478e-01 -6.149774193763732910e-01 6.853430718183517456e-02 2.397743910551071167e-01 4.144107997417449951e-01 8.752570152282714844e-01
6.026515960693359375e+00 -7.671874761581420898e-02 -6.241671442985534668e-01 6.444595009088516235e-02 2.432710528373718262e-01 4.226732552051544189e-01 8.706395626068115234e-01
6.030612468719482422e+00 -3.994140308350324631e-03 -6.331270933151245117e-01 6.016516685485839844e-02 2.469286769628524780e-01 4.307991862297058105e-01 8.659205436706542969e-01
6.034769058227539062e+00 6.906250119209289551e-02 -6.414861679077148438e-01 5.572637915611267090e-02 2.507055997848510742e-01 4.387206435203552246e-01 8.611419200897216797e-01
6.039119720458984375e+00 1.424609273672103882e-01 -6.487694978713989258e-01 5.116651207208633423e-02 2.545640170574188232e-01 4.463689327239990234e-01 8.563491106033325195e-01
6.043948173522949219e+00 2.162304669618606567e-01 -6.539841890335083008e-01 4.652442783117294312e-02 2.584704458713531494e-01 4.536755383014678955e-01 8.515908718109130859e-01
6.050873756408691406e+00 2.571777403354644775e-01 -6.370190382003784180e-01 4.184132069349288940e-02 2.623956799507141113e-01 4.605705738067626953e-01 8.469194769859313965e-01
6.049050331115722656e+00 1.896581947803497314e-01 -6.130287051200866699e-01 3.716096282005310059e-02 2.663141787052154541e-01 4.669839441776275635e-01 8.423904776573181152e-01
6.045087814331054688e+00 1.203027293086051941e-01 -5.939958095550537109e-01 3.252897411584854126e-02 2.702048122882843018e-01 4.728447496891021729e-01 8.380627036094665527e-01
6.039770603179931641e+00 5.012695118784904480e-02 -5.770094394683837891e-01 2.799389511346817017e-02 2.740492224693298340e-01 4.780812561511993408e-01 8.339974284172058105e-01
6.033456802368164062e+00 -2.062988281250000000e-02 -5.611416697502136230e-01 2.360650897026062012e-02 2.778323888778686523e-01 4.826204180717468262e-01 8.302586078643798828e-01
6.026419639587402344e+00 -9.190429747104644775e-02 -5.459469556808471680e-01 1.942063868045806885e-02 2.815411388874053955e-01 4.863885343074798584e-01 8.269120454788208008e-01
6.018108844757080078e+00 -1.637402325868606567e-01 -5.318993926048278809e-01 1.549325883388519287e-02 2.851634621620178223e-01 4.893103837966918945e-01 8.240248560905456543e-01
6.009382724761962891e+00 -2.360546886920928955e-01 -5.180474519729614258e-01 1.188465952873229980e-02 2.886875271797180176e-01 4.913097321987152100e-01 8.216647505760192871e-01
5.999924182891845703e+00 -3.088915944099426270e-01 -5.046992301940917969e-01 8.659139275550842285e-03 2.920998632907867432e-01 4.923089146614074707e-01 8.198991417884826660e-01
5.990030288696289062e+00 -3.822460770606994629e-01 -4.915188550949096680e-01 5.885273218154907227e-03 2.953840494155883789e-01 4.922291040420532227e-01 8.187943100929260254e-01
5.979579925537109375e+00 -4.561425745487213135e-01 -4.786022901535034180e-01 3.635942935943603516e-03 2.985186576843261719e-01 4.909908175468444824e-01 8.184139728546142578e-01
5.969378471374511719e+00 -5.302001833915710449e-01 -4.647010564804077148e-01 -2.287000417709350586e-03 2.989314794540405273e-01 4.901098906993865967e-01 8.187959790229797363e-01
5.958791255950927734e+00 -6.046923398971557617e-01 -4.507862627506256104e-01 -8.356228470802307129e-03 2.987427413463592529e-01 4.883952736854553223e-01 8.198493719100952148e-01
5.948065757751464844e+00 -6.794580221176147461e-01 -4.368050992488861084e-01 -1.332604885101318359e-02 2.963291406631469727e-01 4.865106642246246338e-01 8.217778205871582031e-01
5.936989784240722656e+00 -7.545654177665710449e-01 -4.228039383888244629e-01 -1.790720969438552856e-02 2.927498817443847656e-01 4.841640591621398926e-01 8.243554830551147461e-01
5.925768852233886719e+00 -8.300683498382568359e-01 -4.086385965347290039e-01 -2.270758897066116333e-02 2.889662384986877441e-01 4.811269938945770264e-01 8.273448944091796875e-01
5.914172649383544922e+00 -9.059179425239562988e-01 -3.943598866462707520e-01 -2.768728137016296387e-02 2.850524783134460449e-01 4.774874448776245117e-01 8.306528329849243164e-01
5.902451038360595703e+00 -9.821288585662841797e-01 -3.799659609794616699e-01 -3.279938548803329468e-02 2.810821235179901123e-01 4.733403027057647705e-01 8.341858386993408203e-01
5.890425682067871094e+00 -1.058608412742614746e+00 -3.654007017612457275e-01 -3.798924386501312256e-02 2.771264612674713135e-01 4.687861502170562744e-01 8.378527760505676270e-01
5.878257751464843750e+00 -1.135390639305114746e+00 -3.507644534111022949e-01 -4.319518804550170898e-02 2.732528448104858398e-01 4.639326632022857666e-01 8.415660858154296875e-01
5.866281509399414062e+00 -1.209814429283142090e+00 -3.363825976848602295e-01 -4.834875464439392090e-02 2.695236206054687500e-01 4.588930606842041016e-01 8.452435135841369629e-01
5.854572772979736328e+00 -1.281894445419311523e+00 -3.223710656166076660e-01 -5.337626487016677856e-02 2.659946084022521973e-01 4.537851810455322266e-01 8.488090038299560547e-01
5.843150615692138672e+00 -1.351582050323486328e+00 -3.086941540241241455e-01 -5.820004642009735107e-02 2.627147138118743896e-01 4.487309753894805908e-01 8.521937727928161621e-01
5.832015037536621094e+00 -1.418847680091857910e+00 -2.953243851661682129e-01 -6.273989379405975342e-02 2.597255706787109375e-01 4.438542127609252930e-01 8.553360104560852051e-01
5.821249961853027344e+00 -1.483710885047912598e+00 -2.824912965297698975e-01 -6.691493093967437744e-02 2.570617794990539551e-01 4.392791092395782471e-01 8.581814765930175781e-01
5.810786724090576172e+00 -1.546083927154541016e+00 -2.699498832225799561e-01 -7.064512372016906738e-02 2.547518014907836914e-01 4.351293146610260010e-01 8.606818914413452148e-01
5.800740718841552734e+00 -1.606035113334655762e+00 -2.580246627330780029e-01 -7.385253906250000000e-02 2.528188824653625488e-01 4.315262138843536377e-01 8.627941012382507324e-01
5.791091918945312500e+00 -1.663496017456054688e+00 -2.466083467006683350e-01 -7.646299153566360474e-02 2.512832283973693848e-01 4.285877943038940430e-01 8.644781708717346191e-01
5.781867027282714844e+00 -1.718466758728027344e+00 -2.357521802186965942e-01 -7.840643078088760376e-02 2.501631677150726318e-01 4.264281988143920898e-01 8.656960725784301758e-01
5.773121833801269531e+00 -1.770961880683898926e+00 -2.255973070859909058e-01 -7.961827516555786133e-02 2.494778931140899658e-01 4.251562952995300293e-01 8.664085865020751953e-01
5.764833927154541016e+00 -1.820898413658142090e+00 -2.160151600837707520e-01 -7.954657822847366333e-02 2.482983469963073730e-01 4.250449538230895996e-01 8.668085336685180664e-01
5.758094310760498047e+00 -1.866796851158142090e+00 -2.086633294820785522e-01 -7.462301850318908691e-02 2.484273463487625122e-01 4.337903857231140137e-01 8.628680109977722168e-01
5.751698970794677734e+00 -1.910351514816284180e+00 -2.017398774623870850e-01 -6.969077140092849731e-02 2.485274374485015869e-01 4.424853920936584473e-01 8.588270545005798340e-01
5.745607852935791016e+00 -1.951513648033142090e+00 -1.951257288455963135e-01 -6.475042551755905151e-02 2.485986799001693726e-01 4.511290192604064941e-01 8.546863794326782227e-01
5.739854812622070312e+00 -1.990327119827270508e+00 -1.889237910509109497e-01 -5.980253219604492188e-02 2.486409693956375122e-01 4.597202241420745850e-01 8.504461646080017090e-01
5.734447479248046875e+00 -2.026792049407958984e+00 -1.831553578376770020e-01 -5.484775453805923462e-02 2.486543059349060059e-01 4.682581126689910889e-01 8.461070060729980469e-01
5.729087829589843750e+00 -2.060854434967041016e+00 -1.778337061405181885e-01 -4.988652467727661133e-02 2.486387491226196289e-01 4.767413735389709473e-01 8.416696190834045410e-01
5.723588943481445312e+00 -2.092490196228027344e+00 -1.729672253131866455e-01 -4.491953551769256592e-02 2.485942691564559937e-01 4.851694107055664062e-01 8.371343016624450684e-01
5.718486785888671875e+00 -2.121787071228027344e+00 -1.685293614864349365e-01 -3.994734585285186768e-02 2.485210001468658447e-01 4.935407936573028564e-01 8.325017094612121582e-01
5.713780879974365234e+00 -2.148745059967041016e+00 -1.645193397998809814e-01 -3.497046232223510742e-02 2.484186887741088867e-01 5.018548965454101562e-01 8.277723789215087891e-01
5.709471225738525391e+00 -2.173369169235229492e+00 -1.609365046024322510e-01 -2.998952567577362061e-02 2.482876032590866089e-01 5.101106166839599609e-01 8.229466080665588379e-01
5.704911231994628906e+00 -2.195541858673095703e+00 -1.578643023967742920e-01 -2.500510960817337036e-02 2.481276094913482666e-01 5.183069705963134766e-01 8.180252313613891602e-01
5.700502395629882812e+00 -2.215327024459838867e+00 -1.552496254444122314e-01 -2.001778781414031982e-02 2.479387521743774414e-01 5.264431238174438477e-01 8.130088448524475098e-01
5.696581363677978516e+00 -2.232802629470825195e+00 -1.530477851629257202e-01 -1.502809673547744751e-02 2.477210015058517456e-01 5.345180034637451172e-01 8.078978061676025391e-01
5.693148136138916016e+00 -2.247963905334472656e+00 -1.512582302093505859e-01 -1.003673672676086426e-02 2.474745512008666992e-01 5.425306558609008789e-01 8.026930093765258789e-01
5.690204143524169922e+00 -2.260810613632202148e+00 -1.498800665140151978e-01 -5.044214427471160889e-03 2.471993267536163330e-01 5.504804253578186035e-01 7.973948717117309570e-01
5.687746524810791016e+00 -2.271342754364013672e+00 -1.489126533269882202e-01 -5.104392766952514648e-05 2.468952834606170654e-01 5.583660006523132324e-01 7.920038104057312012e-01
5.685776710510253906e+00 -2.279565334320068359e+00 -1.483554840087890625e-01 4.942148923873901367e-03 2.465625107288360596e-01 5.661867856979370117e-01 7.865207791328430176e-01
5.684294700622558594e+00 -2.285473585128784180e+00 -1.482076942920684814e-01 9.934648871421813965e-03 2.462011575698852539e-01 5.739418268203735352e-01 7.809462547302246094e-01
5.683299541473388672e+00 -2.289082050323486328e+00 -1.484687030315399170e-01 1.492604613304138184e-02 2.458111643791198730e-01 5.816299319267272949e-01 7.752810120582580566e-01
