-2.325511741638183594e+01 -3.004432106018066406e+01 -3.265339374542236328e+00 -1.298217922449111938e-01 7.960536330938339233e-02 -1.198382154107093811e-01 9.810444116592407227e-01
-2.340332412719726562e+01 -2.999974822998046875e+01 -3.397104501724243164e+00 -1.302118152379989624e-01 7.916728407144546509e-02 -1.194846332073211670e-01 9.810712933540344238e-01
-2.357486343383789062e+01 -2.996524810791015625e+01 -3.501883983612060547e+00 -1.306739002466201782e-01 7.881823927164077759e-02 -1.191634759306907654e-01 9.810770153999328613e-01
-2.376098632812500000e+01 -2.993805122375488281e+01 -3.582746505737304688e+00 -1.312142461538314819e-01 7.853460311889648438e-02 -1.189556047320365906e-01 9.810528755187988281e-01
-2.395632362365722656e+01 -2.991457939147949219e+01 -3.642368078231811523e+00 -1.318382471799850464e-01 7.829252630472183228e-02 -1.189423725008964539e-01 9.809901118278503418e-01
-2.415700721740722656e+01 -2.989237976074218750e+01 -3.685066938400268555e+00 -1.325518786907196045e-01 7.806870341300964355e-02 -1.192053630948066711e-01 9.808799028396606445e-01
-2.436142539978027344e+01 -2.987021446228027344e+01 -3.710433244705200195e+00 -1.333612501621246338e-01 7.783938944339752197e-02 -1.198254749178886414e-01 9.807128310203552246e-01
-2.456784629821777344e+01 -2.984720230102539062e+01 -3.721270084381103516e+00 -1.342720985412597656e-01 7.758072018623352051e-02 -1.208840906620025635e-01 9.804791212081909180e-01
-2.477521514892578125e+01 -2.982284545898437500e+01 -3.719136953353881836e+00 -1.352896243333816528e-01 7.726909220218658447e-02 -1.224621310830116272e-01 9.801679849624633789e-01
-2.498290443420410156e+01 -2.979712295532226562e+01 -3.705989837646484375e+00 -1.364193409681320190e-01 7.688044011592864990e-02 -1.246404945850372314e-01 9.797672629356384277e-01
-2.519078063964843750e+01 -2.977064132690429688e+01 -3.685313701629638672e+00 -1.376668810844421387e-01 7.639087736606597900e-02 -1.274997740983963013e-01 9.792630076408386230e-01
-2.539896392822265625e+01 -2.974382781982421875e+01 -3.659579277038574219e+00 -1.390366703271865845e-01 7.577610015869140625e-02 -1.311205476522445679e-01 9.786390066146850586e-01
-2.560765647888183594e+01 -2.971705055236816406e+01 -3.630735397338867188e+00 -1.405330747365951538e-01 7.501157373189926147e-02 -1.355822682380676270e-01 9.778758287429809570e-01
-2.581715774536132812e+01 -2.969067573547363281e+01 -3.600544452667236328e+00 -1.421603113412857056e-01 7.407265901565551758e-02 -1.409642547369003296e-01 9.769508242607116699e-01
-2.602778244018554688e+01 -2.966515159606933594e+01 -3.570908069610595703e+00 -1.439214497804641724e-01 7.293425500392913818e-02 -1.473451703786849976e-01 9.758363962173461914e-01
-2.623993682861328125e+01 -2.964111900329589844e+01 -3.544259548187255859e+00 -1.458192467689514160e-01 7.157089561223983765e-02 -1.548024564981460571e-01 9.745000600814819336e-01
-2.645401763916015625e+01 -2.961961936950683594e+01 -3.524235725402832031e+00 -1.478521078824996948e-01 6.996025145053863525e-02 -1.633826643228530884e-01 9.729086756706237793e-01
-2.667008209228515625e+01 -2.960204505920410156e+01 -3.515126943588256836e+00 -1.500082612037658691e-01 6.809362024068832397e-02 -1.730142980813980103e-01 9.710442423820495605e-01
-2.688749885559082031e+01 -2.958947944641113281e+01 -3.519200325012207031e+00 -1.522729396820068359e-01 6.596572697162628174e-02 -1.835950016975402832e-01 9.688934087753295898e-01
-2.710480880737304688e+01 -2.958465003967285156e+01 -3.542259454727172852e+00 -1.546314209699630737e-01 6.357165426015853882e-02 -1.950225383043289185e-01 9.664438962936401367e-01
-2.732032585144042969e+01 -2.958734130859375000e+01 -3.582521915435791016e+00 -1.570688486099243164e-01 6.090679764747619629e-02 -2.071940749883651733e-01 9.636858105659484863e-01
-2.753253936767578125e+01 -2.959800529479980469e+01 -3.639580488204956055e+00 -1.595711708068847656e-01 5.796685814857482910e-02 -2.200065255165100098e-01 9.606112837791442871e-01
-2.774162483215332031e+01 -2.961507225036621094e+01 -3.708101749420166016e+00 -1.621239334344863892e-01 5.474801734089851379e-02 -2.333569973707199097e-01 9.572162628173828125e-01
-2.794566917419433594e+01 -2.963604927062988281e+01 -3.779332876205444336e+00 -1.647140979766845703e-01 5.124699696898460388e-02 -2.471426278352737427e-01 9.535006284713745117e-01
-2.814669418334960938e+01 -2.966001129150390625e+01 -3.847452878952026367e+00 -1.670622974634170532e-01 4.738751053810119629e-02 -2.612742483615875244e-01 9.495158195495605469e-01
-2.834641075134277344e+01 -2.968561172485351562e+01 -3.907703161239624023e+00 -1.683551967144012451e-01 4.292084276676177979e-02 -2.756830453872680664e-01 9.454168677330017090e-01
-2.854585456848144531e+01 -2.971193313598632812e+01 -3.954573392868041992e+00 -1.698902547359466553e-01 3.819409757852554321e-02 -2.901999950408935547e-01 9.409901499748229980e-01
-2.874477958679199219e+01 -2.973800277709960938e+01 -3.985078573226928711e+00 -1.716761738061904907e-01 3.322397544980049133e-02 -3.047268092632293701e-01 9.362505078315734863e-01
-2.894179534912109375e+01 -2.976450538635253906e+01 -3.999860763549804688e+00 -1.737182438373565674e-01 2.802789025008678436e-02 -3.191683292388916016e-01 9.312184453010559082e-01
-2.913535118103027344e+01 -2.979266548156738281e+01 -4.004300594329833984e+00 -1.760180294513702393e-01 2.262360975146293640e-02 -3.334317803382873535e-01 9.259206056594848633e-01
-2.932435417175292969e+01 -2.982530403137207031e+01 -3.999511003494262695e+00 -1.785734444856643677e-01 1.702821999788284302e-02 -3.474271893501281738e-01 9.203889966011047363e-01
-2.950719642639160156e+01 -2.986725807189941406e+01 -3.988913536071777344e+00 -1.813786029815673828e-01 1.125836744904518127e-02 -3.610676825046539307e-01 9.146612286567687988e-01
-2.967612266540527344e+01 -2.993640518188476562e+01 -3.975680351257324219e+00 -1.844242662191390991e-01 5.327992141246795654e-03 -3.742685914039611816e-01 9.087806940078735352e-01
-2.968871498107910156e+01 -2.994923019409179688e+01 -3.937551259994506836e+00 -1.876973956823348999e-01 -7.502213120460510254e-04 -3.869482874870300293e-01 9.027956724166870117e-01
-2.960245513916015625e+01 -2.979871749877929688e+01 -3.907432079315185547e+00 -1.911824494600296021e-01 -6.968244910240173340e-03 -3.990288376808166504e-01 8.967589139938354492e-01
-2.952533149719238281e+01 -2.964643478393554688e+01 -3.880748271942138672e+00 -1.948603540658950806e-01 -1.332069933414459229e-02 -4.104328453540802002e-01 8.907282948493957520e-01
-2.945246505737304688e+01 -2.949599456787109375e+01 -3.855694532394409180e+00 -1.970771700143814087e-01 -2.056675404310226440e-02 -4.210553765296936035e-01 8.851271271705627441e-01
-2.938278770446777344e+01 -2.934790420532226562e+01 -3.831532001495361328e+00 -1.992224454879760742e-01 -2.800001949071884155e-02 -4.308567047119140625e-01 8.797096014022827148e-01
-2.931571197509765625e+01 -2.920253562927246094e+01 -3.808029651641845703e+00 -2.012860476970672607e-01 -3.552050143480300903e-02 -4.397949278354644775e-01 8.745299577713012695e-01
-2.925092697143554688e+01 -2.906009674072265625e+01 -3.785069465637207031e+00 -2.032593488693237305e-01 -4.302871227264404297e-02 -4.478302597999572754e-01 8.696449398994445801e-01
-2.918820190429687500e+01 -2.892071151733398438e+01 -3.762603044509887695e+00 -2.051334977149963379e-01 -5.042508244514465332e-02 -4.549246430397033691e-01 8.651133775711059570e-01
-2.912771415710449219e+01 -2.878433990478515625e+01 -3.740546703338623047e+00 -2.069011032581329346e-01 -5.761086940765380859e-02 -4.610416889190673828e-01 8.609956502914428711e-01
-2.906935501098632812e+01 -2.865106391906738281e+01 -3.718846321105957031e+00 -2.085544466972351074e-01 -6.448791176080703735e-02 -4.661458134651184082e-01 8.573530912399291992e-01
-2.901277732849121094e+01 -2.852104759216308594e+01 -3.697540760040283203e+00 -2.100864648818969727e-01 -7.095817476511001587e-02 -4.702019393444061279e-01 8.542473912239074707e-01
-2.895856475830078125e+01 -2.839408111572265625e+01 -3.676459312438964844e+00 -2.114894092082977295e-01 -7.692436873912811279e-02 -4.731753766536712646e-01 8.517393469810485840e-01
-2.890626335144042969e+01 -2.827036476135253906e+01 -3.655662775039672852e+00 -2.127559930086135864e-01 -8.228935301303863525e-02 -4.750304520130157471e-01 8.498877882957458496e-01
-2.885591316223144531e+01 -2.814990997314453125e+01 -3.635125637054443359e+00 -2.138782143592834473e-01 -8.695593476295471191e-02 -4.757300615310668945e-01 8.487494587898254395e-01
-2.880802726745605469e+01 -2.803253364562988281e+01 -3.614663124084472656e+00 -2.148466259241104126e-01 -9.082760661840438843e-02 -4.752348065376281738e-01 8.483767509460449219e-01
-2.876171302795410156e+01 -2.791858100891113281e+01 -3.594506263732910156e+00 -2.156513333320617676e-01 -9.380631893873214722e-02 -4.735029339790344238e-01 8.488167524337768555e-01
-2.871941757202148438e+01 -2.781002616882324219e+01 -3.574647665023803711e+00 -2.162798345088958740e-01 -9.579440951347351074e-02 -4.704879820346832275e-01 8.501102924346923828e-01
-2.867946624755859375e+01 -2.770745086669921875e+01 -3.555555343627929688e+00 -2.167187631130218506e-01 -9.669317305088043213e-02 -4.661394655704498291e-01 8.522895574569702148e-01
-2.864254760742187500e+01 -2.761063957214355469e+01 -3.537010431289672852e+00 -2.169512659311294556e-01 -9.640315920114517212e-02 -4.604009985923767090e-01 8.553767204284667969e-01
-2.860781669616699219e+01 -2.751985931396484375e+01 -3.519247293472290039e+00 -2.169580459594726562e-01 -9.482394903898239136e-02 -4.532097578048706055e-01 8.593826293945312500e-01
-2.857545280456542969e+01 -2.743505096435546875e+01 -3.502197742462158203e+00 -2.167166173458099365e-01 -9.185384213924407959e-02 -4.444956481456756592e-01 8.643034696578979492e-01
-2.854493141174316406e+01 -2.735636711120605469e+01 -3.486016750335693359e+00 -2.162003070116043091e-01 -8.738988637924194336e-02 -4.341813325881958008e-01 8.701189756393432617e-01
-2.851634216308593750e+01 -2.728376388549804688e+01 -3.470667600631713867e+00 -2.153786420822143555e-01 -8.132893592119216919e-02 -4.221803843975067139e-01 8.767904639244079590e-01
-2.848934936523437500e+01 -2.721730804443359375e+01 -3.456292629241943359e+00 -2.142229229211807251e-01 -7.361402362585067749e-02 -4.084403216838836670e-01 8.842318654060363770e-01
-2.846391105651855469e+01 -2.715702629089355469e+01 -3.443022966384887695e+00 -2.122963815927505493e-01 -6.457068026065826416e-02 -3.930356800556182861e-01 8.923473358154296875e-01
-2.844014167785644531e+01 -2.710315895080566406e+01 -3.431721210479736328e+00 -2.065636664628982544e-01 -5.562078207731246948e-02 -3.759505152702331543e-01 9.016091227531433105e-01
-2.841792488098144531e+01 -2.705522346496582031e+01 -3.421544790267944336e+00 -2.006523013114929199e-01 -4.527538642287254333e-02 -3.576530516147613525e-01 9.109188318252563477e-01
-2.839712905883789062e+01 -2.701318550109863281e+01 -3.412528514862060547e+00 -1.947320103645324707e-01 -3.367018327116966248e-02 -3.383261561393737793e-01 9.200440645217895508e-01
-2.837808990478515625e+01 -2.697687530517578125e+01 -3.404645204544067383e+00 -1.889585405588150024e-01 -2.097067981958389282e-02 -3.181505799293518066e-01 9.287815093994140625e-01
-2.836085319519042969e+01 -2.694622993469238281e+01 -3.397908926010131836e+00 -1.834707111120223999e-01 -7.369808852672576904e-03 -2.973061800003051758e-01 9.369595646858215332e-01
-2.834539985656738281e+01 -2.692121505737304688e+01 -3.392339944839477539e+00 -1.783882826566696167e-01 6.914321333169937134e-03 -2.759744822978973389e-01 9.444405436515808105e-01
-2.833157157897949219e+01 -2.690185546875000000e+01 -3.387984514236450195e+00 -1.738089770078659058e-01 2.164681442081928253e-02 -2.543408870697021484e-01 9.511216878890991211e-01
-2.831978988647460938e+01 -2.688799667358398438e+01 -3.384777069091796875e+00 -1.698077917098999023e-01 3.657834976911544800e-02 -2.325960993766784668e-01 9.569359421730041504e-01
-2.831012725830078125e+01 -2.687961578369140625e+01 -3.382716655731201172e+00 -1.664350181818008423e-01 5.145395547151565552e-02 -2.109391391277313232e-01 9.618505239486694336e-01
-2.830262565612792969e+01 -2.687669563293457031e+01 -3.381798744201660156e+00 -1.637161076068878174e-01 6.601691246032714844e-02 -1.895789504051208496e-01 9.658668041229248047e-01
-2.829340362548828125e+01 -2.686864662170410156e+01 -3.380031108856201172e+00 -1.616507619619369507e-01 8.001559227705001831e-02 -1.687352806329727173e-01 9.690174460411071777e-01
-2.828252410888671875e+01 -2.685546875000000000e+01 -3.377403497695922852e+00 -1.602137535810470581e-01 9.320795536041259766e-02 -1.486403048038482666e-01 9.713649749755859375e-01
-2.827007293701171875e+01 -2.683717155456542969e+01 -3.373902559280395508e+00 -1.593557000160217285e-01 1.053655743598937988e-01 -1.295388489961624146e-01 9.729971289634704590e-01
-2.825611686706542969e+01 -2.681378364562988281e+01 -3.369516611099243164e+00 -1.590054929256439209e-01 1.162769645452499390e-01 -1.116884872317314148e-01 9.740239381790161133e-01
-2.824065399169921875e+01 -2.678536033630371094e+01 -3.364252328872680664e+00 -1.590737104415893555e-01 1.257481873035430908e-01 -9.535706043243408203e-02 9.745716452598571777e-01
-2.822322654724121094e+01 -2.675212860107421875e+01 -3.358212709426879883e+00 -1.594576835632324219e-01 1.336031258106231689e-01 -8.082105964422225952e-02 9.747776389122009277e-01
-2.820444679260253906e+01 -2.671393585205078125e+01 -3.351267099380493164e+00 -1.600478291511535645e-01 1.396802663803100586e-01 -6.836201995611190796e-02 9.747824072837829590e-01
-2.818441390991210938e+01 -2.667082405090332031e+01 -3.343401432037353516e+00 -1.607357263565063477e-01 1.438283473253250122e-01 -5.826120451092720032e-02 9.747219681739807129e-01
-2.816277313232421875e+01 -2.662314414978027344e+01 -3.335093975067138672e+00 -1.598544716835021973e-01 1.458789110183715820e-01 -5.095688998699188232e-02 9.749714136123657227e-01
-2.813885688781738281e+01 -2.657094573974609375e+01 -3.325950145721435547e+00 -1.595207750797271729e-01 1.461100727319717407e-01 -4.602301865816116333e-02 9.752368927001953125e-01
-2.811347198486328125e+01 -2.651393508911132812e+01 -3.315779447555541992e+00 -1.596718728542327881e-01 1.447049528360366821e-01 -4.327009990811347961e-02 9.755475521087646484e-01
-2.808567237854003906e+01 -2.645250892639160156e+01 -3.304709911346435547e+00 -1.602417826652526855e-01 1.418428122997283936e-01 -4.250771924853324890e-02 9.759079217910766602e-01
-2.805573272705078125e+01 -2.638655281066894531e+01 -3.292730093002319336e+00 -1.611613184213638306e-01 1.377003043889999390e-01 -4.354409128427505493e-02 9.763040542602539062e-01
-2.802360725402832031e+01 -2.631608581542968750e+01 -3.279766082763671875e+00 -1.623590737581253052e-01 1.324522346258163452e-01 -4.618726670742034912e-02 9.767101407051086426e-01
-2.798897933959960938e+01 -2.624124908447265625e+01 -3.265824556350708008e+00 -1.637628078460693359e-01 1.262726783752441406e-01 -5.024415254592895508e-02 9.770939350128173828e-01
-2.795219230651855469e+01 -2.616202545166015625e+01 -3.251077175140380859e+00 -1.640425920486450195e-01 1.192644163966178894e-01 -5.567550659179687500e-02 9.776328802108764648e-01
-2.791301727294921875e+01 -2.607839012145996094e+01 -3.235229492187500000e+00 -1.642854064702987671e-01 1.116509735584259033e-01 -6.212610006332397461e-02 9.781025052070617676e-01
-2.787161064147949219e+01 -2.599030685424804688e+01 -3.217870473861694336e+00 -1.645768582820892334e-01 1.036142855882644653e-01 -6.938203424215316772e-02 9.784501194953918457e-01
-2.782804107666015625e+01 -2.589767456054687500e+01 -3.199193716049194336e+00 -1.649342030286788940e-01 9.533731639385223389e-02 -7.724259793758392334e-02 9.786424636840820312e-01
-2.778148460388183594e+01 -2.579817962646484375e+01 -3.177861213684082031e+00 -1.653656065464019775e-01 8.700801432132720947e-02 -8.551257848739624023e-02 9.786579012870788574e-01
-2.773231315612792969e+01 -2.569167900085449219e+01 -3.153711557388305664e+00 -1.658693552017211914e-01 7.881822437047958374e-02 -9.400174021720886230e-02 9.784879684448242188e-01
-2.768085861206054688e+01 -2.557809829711914062e+01 -3.126393318176269531e+00 -1.664334684610366821e-01 7.096302509307861328e-02 -1.025240421295166016e-01 9.781374931335449219e-01
-2.762775802612304688e+01 -2.545732307434082031e+01 -3.095230579376220703e+00 -1.670359224081039429e-01 6.363900005817413330e-02 -1.108971834182739258e-01 9.776250720024108887e-01
-2.757404327392578125e+01 -2.532919883728027344e+01 -3.059291839599609375e+00 -1.676453649997711182e-01 5.704366415739059448e-02 -1.189416348934173584e-01 9.769819974899291992e-01
-2.751924324035644531e+01 -2.519406127929687500e+01 -3.018512487411499023e+00 -1.682222038507461548e-01 5.137339979410171509e-02 -1.264773011207580566e-01 9.762508273124694824e-01
-2.746237182617187500e+01 -2.505228042602539062e+01 -2.973300218582153320e+00 -1.687202453613281250e-01 4.682242870330810547e-02 -1.333247721195220947e-01 9.754822850227355957e-01
-2.740247535705566406e+01 -2.490424346923828125e+01 -2.923791408538818359e+00 -1.690888255834579468e-01 4.358178377151489258e-02 -1.393019258975982666e-01 9.747330546379089355e-01
-2.733812904357910156e+01 -2.475048828125000000e+01 -2.870268583297729492e+00 -1.692754477262496948e-01 4.183863103389739990e-02 -1.442219913005828857e-01 9.740611910820007324e-01
-2.726684570312500000e+01 -2.459226989746093750e+01 -2.813837766647338867e+00 -1.665364056825637817e-01 4.131054133176803589e-02 -1.480562835931777954e-01 9.739807248115539551e-01
-2.718572235107421875e+01 -2.443054580688476562e+01 -2.755007982254028320e+00 -1.631724387407302856e-01 4.223835095763206482e-02 -1.507544517517089844e-01 9.740964174270629883e-01
-2.709088325500488281e+01 -2.426729393005371094e+01 -2.695193529129028320e+00 -1.592477560043334961e-01 4.448736459016799927e-02 -1.524127870798110962e-01 9.743877053260803223e-01
-2.697914505004882812e+01 -2.410452651977539062e+01 -2.636665582656860352e+00 -1.548238992691040039e-01 4.792230948805809021e-02 -1.531264632940292358e-01 9.748257398605346680e-01
-2.685453033447265625e+01 -2.394000434875488281e+01 -2.580674886703491211e+00 -1.499631404876708984e-01 5.240757018327713013e-02 -1.529898941516876221e-01 9.753761887550354004e-01
-2.672111320495605469e+01 -2.377049255371093750e+01 -2.529178380966186523e+00 -1.447259485721588135e-01 5.780743807554244995e-02 -1.520975083112716675e-01 9.760015606880187988e-01
-2.658616065979003906e+01 -2.359040451049804688e+01 -2.483418464660644531e+00 -1.391739696264266968e-01 6.398578733205795288e-02 -1.505430638790130615e-01 9.766643047332763672e-01
-2.645631217956542969e+01 -2.339563751220703125e+01 -2.443453311920166016e+00 -1.333685219287872314e-01 7.080636918544769287e-02 -1.484210789203643799e-01 9.773281812667846680e-01
-2.633156204223632812e+01 -2.318744850158691406e+01 -2.407487154006958008e+00 -1.273719519376754761e-01 7.813291996717453003e-02 -1.458263695240020752e-01 9.779602289199829102e-01
-2.620942306518554688e+01 -2.296830177307128906e+01 -2.373189687728881836e+00 -1.212473511695861816e-01 8.582942932844161987e-02 -1.428547948598861694e-01 9.785320758819580078e-01
-2.608656120300292969e+01 -2.274060440063476562e+01 -2.338394165039062500e+00 -1.150590330362319946e-01 9.375990182161331177e-02 -1.396030932664871216e-01 9.790207147598266602e-01
-2.596148872375488281e+01 -2.250537490844726562e+01 -2.301889657974243164e+00 -1.088715046644210815e-01 1.017887964844703674e-01 -1.361688822507858276e-01 9.794099926948547363e-01
-2.583283233642578125e+01 -2.226343917846679688e+01 -2.263085365295410156e+00 -1.027509719133377075e-01 1.097814217209815979e-01 -1.326505690813064575e-01 9.796907901763916016e-01
-2.570022964477539062e+01 -2.201496505737304688e+01 -2.222174644470214844e+00 -9.676449745893478394e-02 1.176036000251770020e-01 -1.291471570730209351e-01 9.798607230186462402e-01
-2.556295394897460938e+01 -2.175824165344238281e+01 -2.179774045944213867e+00 -9.097927808761596680e-02 1.251221597194671631e-01 -1.257595270872116089e-01 9.799243807792663574e-01
-2.542102432250976562e+01 -2.149312019348144531e+01 -2.136663675308227539e+00 -8.546362072229385376e-02 1.322047859430313110e-01 -1.225877553224563599e-01 9.798929095268249512e-01
-2.527446174621582031e+01 -2.121945762634277344e+01 -2.093772649765014648e+00 -8.028632402420043945e-02 1.387202888727188110e-01 -1.197336241602897644e-01 9.797829389572143555e-01
-2.512320327758789062e+01 -2.093704986572265625e+01 -2.052708387374877930e+00 -7.551616430282592773e-02 1.445380896329879761e-01 -1.172980368137359619e-01 9.796158671379089355e-01
-2.496711349487304688e+01 -2.064551734924316406e+01 -2.017337560653686523e+00 -7.122231274843215942e-02 1.495287567377090454e-01 -1.153832450509071350e-01 9.794157147407531738e-01
-2.480613708496093750e+01 -2.034434318542480469e+01 -1.997213363647460938e+00 -6.747344136238098145e-02 1.535628736019134521e-01 -1.140907481312751770e-01 9.792083501815795898e-01
-2.464399337768554688e+01 -2.003343009948730469e+01 -2.018591642379760742e+00 -6.432218849658966064e-02 1.565515100955963135e-01 -1.135012730956077576e-01 9.790156483650207520e-01
-2.450966835021972656e+01 -1.970305824279785156e+01 -2.069917201995849609e+00 -6.175716966390609741e-02 1.585662066936492920e-01 -1.136095300316810608e-01 9.788441061973571777e-01
-2.440240097045898438e+01 -1.934796524047851562e+01 -2.072693109512329102e+00 -5.975026637315750122e-02 1.597177684307098389e-01 -1.143890991806983948e-01 9.786905646324157715e-01
-2.429716300964355469e+01 -1.898224258422851562e+01 -2.074966669082641602e+00 -5.827238410711288452e-02 1.601161211729049683e-01 -1.158121675252914429e-01 9.785472750663757324e-01
-2.419015121459960938e+01 -1.860707473754882812e+01 -2.079757690429687500e+00 -5.729526281356811523e-02 1.598705500364303589e-01 -1.178511977195739746e-01 9.784016609191894531e-01
-2.408034133911132812e+01 -1.822272872924804688e+01 -2.084767103195190430e+00 -5.678971856832504272e-02 1.590898334980010986e-01 -1.204776689410209656e-01 9.782384634017944336e-01
-2.396718215942382812e+01 -1.782935333251953125e+01 -2.088060140609741211e+00 -5.672653391957283020e-02 1.578823775053024292e-01 -1.236631795763969421e-01 9.780402779579162598e-01
-2.385020446777343750e+01 -1.742707633972167969e+01 -2.088270187377929688e+00 -5.707631260156631470e-02 1.563564389944076538e-01 -1.273788958787918091e-01 9.777880907058715820e-01
-2.372884750366210938e+01 -1.701611328125000000e+01 -2.083778381347656250e+00 -5.781005322933197021e-02 1.546202898025512695e-01 -1.315958946943283081e-01 9.774625897407531738e-01
-2.360229492187500000e+01 -1.659682273864746094e+01 -2.072280645370483398e+00 -5.889831855893135071e-02 1.527819186449050903e-01 -1.362853646278381348e-01 9.770439863204956055e-01
-2.346920394897460938e+01 -1.616993141174316406e+01 -2.049906253814697266e+00 -6.031174212694168091e-02 1.509496271610260010e-01 -1.414185166358947754e-01 9.765129089355468750e-01
-2.332658576965332031e+01 -1.573767089843750000e+01 -2.005879878997802734e+00 -6.202113628387451172e-02 1.492317616939544678e-01 -1.469660997390747070e-01 9.758505225181579590e-01
-2.317901802062988281e+01 -1.529966545104980469e+01 -1.939644694328308105e+00 -6.399690359830856323e-02 1.477366089820861816e-01 -1.528992056846618652e-01 9.750385880470275879e-01
-2.303483390808105469e+01 -1.485383796691894531e+01 -1.852316260337829590e+00 -6.620974093675613403e-02 1.465725898742675781e-01 -1.591885387897491455e-01 9.740594029426574707e-01
-2.290702629089355469e+01 -1.439958953857421875e+01 -1.756898403167724609e+00 -6.863059103488922119e-02 1.458481401205062866e-01 -1.658058464527130127e-01 9.728959798812866211e-01
-2.279929542541503906e+01 -1.393400859832763672e+01 -1.667318105697631836e+00 -7.122960686683654785e-02 1.456715613603591919e-01 -1.727215051651000977e-01 9.715315103530883789e-01
-2.270682144165039062e+01 -1.345852756500244141e+01 -1.586669564247131348e+00 -7.397806644439697266e-02 1.461513340473175049e-01 -1.799063235521316528e-01 9.699488282203674316e-01
-2.262375831604003906e+01 -1.297531223297119141e+01 -1.512703776359558105e+00 -7.684618979692459106e-02 1.473951786756515503e-01 -1.873311400413513184e-01 9.681304097175598145e-01
-2.254696655273437500e+01 -1.249581718444824219e+01 -1.444644093513488770e+00 -7.980414479970932007e-02 1.495106369256973267e-01 -1.949663162231445312e-01 9.660570025444030762e-01
-2.247340202331542969e+01 -1.202078342437744141e+01 -1.381427526473999023e+00 -8.282243460416793823e-02 1.526046544313430786e-01 -2.027819305658340454e-01 9.637072682380676270e-01
-2.239992713928222656e+01 -1.155069065093994141e+01 -1.323593974113464355e+00 -8.586595207452774048e-02 1.567472964525222778e-01 -2.107383012771606445e-01 9.610653519630432129e-01
-2.232168960571289062e+01 -1.108639907836914062e+01 -1.271343708038330078e+00 -8.887821435928344727e-02 1.618630439043045044e-01 -2.187598645687103271e-01 9.581467509269714355e-01
-2.223473167419433594e+01 -1.062857627868652344e+01 -1.226748347282409668e+00 -9.179787337779998779e-02 1.678404510021209717e-01 -2.267616987228393555e-01 9.549773931503295898e-01
-2.214059448242187500e+01 -1.017726802825927734e+01 -1.189126610755920410e+00 -9.456457942724227905e-02 1.745685040950775146e-01 -2.346605956554412842e-01 9.515870213508605957e-01
-2.204738807678222656e+01 -9.731349945068359375e+00 -1.152905583381652832e+00 -9.711734950542449951e-02 1.819363981485366821e-01 -2.423736602067947388e-01 9.480096697807312012e-01
-2.196502876281738281e+01 -9.289101600646972656e+00 -1.115355491638183594e+00 -9.939616918563842773e-02 1.898343265056610107e-01 -2.498191595077514648e-01 9.442847967147827148e-01
-2.190437889099121094e+01 -8.848593711853027344e+00 -1.082894563674926758e+00 -1.013421267271041870e-01 1.981529593467712402e-01 -2.569169700145721436e-01 9.404567480087280273e-01
-2.187192344665527344e+01 -8.410182952880859375e+00 -1.059780836105346680e+00 -1.028962731361389160e-01 2.067845910787582397e-01 -2.635881900787353516e-01 9.365754723548889160e-01
-2.186499404907226562e+01 -7.975846767425537109e+00 -1.046116590499877930e+00 -1.040007546544075012e-01 2.156221866607666016e-01 -2.697559595108032227e-01 9.326964616775512695e-01
-2.188456916809082031e+01 -7.547336101531982422e+00 -1.042834401130676270e+00 -1.045982837677001953e-01 2.245599627494812012e-01 -2.753442823886871338e-01 9.288797974586486816e-01
-2.192819213867187500e+01 -7.126279354095458984e+00 -1.049778103828430176e+00 -1.007970944046974182e-01 2.323302030563354492e-01 -2.812447547912597656e-01 9.256154298782348633e-01
-2.198307609558105469e+01 -6.712285041809082031e+00 -1.060041189193725586e+00 -9.637289494276046753e-02 2.399444580078125000e-01 -2.864949703216552734e-01 9.225288629531860352e-01
-2.204222106933593750e+01 -6.304628849029541016e+00 -1.070201396942138672e+00 -9.200605005025863647e-02 2.475433945655822754e-01 -2.908227741718292236e-01 9.196081757545471191e-01
-2.210152244567871094e+01 -5.902758598327636719e+00 -1.078598022460937500e+00 -8.776883035898208618e-02 2.550892233848571777e-01 -2.940971851348876953e-01 9.169148802757263184e-01
-2.215788078308105469e+01 -5.506237506866455078e+00 -1.083507418632507324e+00 -8.374219387769699097e-02 2.625455260276794434e-01 -2.961802482604980469e-01 9.145131111145019531e-01
-2.220984840393066406e+01 -5.114951133728027344e+00 -1.084942936897277832e+00 -8.001673221588134766e-02 2.698747515678405762e-01 -2.969270944595336914e-01 9.124686717987060547e-01
-2.225812911987304688e+01 -4.729060173034667969e+00 -1.083918094635009766e+00 -7.669398933649063110e-02 2.770346701145172119e-01 -2.961852848529815674e-01 9.108479619026184082e-01
-2.230064392089843750e+01 -4.348378658294677734e+00 -1.078905344009399414e+00 -7.388708740472793579e-02 2.839741110801696777e-01 -2.937972247600555420e-01 9.097155928611755371e-01
-2.233846092224121094e+01 -3.973156690597534180e+00 -1.071150779724121094e+00 -7.172210514545440674e-02 2.906271517276763916e-01 -2.895992696285247803e-01 9.091336727142333984e-01
-2.237190437316894531e+01 -3.603435039520263672e+00 -1.060930132865905762e+00 -7.033763825893402100e-02 2.969070076942443848e-01 -2.834254205226898193e-01 9.091582894325256348e-01
-2.240186500549316406e+01 -3.238840341567993164e+00 -1.049375891685485840e+00 -6.425210088491439819e-02 2.938901484012603760e-01 -2.795692682266235352e-01 9.117792248725891113e-01
-2.242795753479003906e+01 -2.879841327667236328e+00 -1.036172747611999512e+00 -5.683963000774383545e-02 2.902281880378723145e-01 -2.741539478302001953e-01 9.150827527046203613e-01
-2.245160102844238281e+01 -2.526535511016845703e+00 -1.022484421730041504e+00 -4.814372956752777100e-02 2.860512137413024902e-01 -2.672114074230194092e-01 9.189422726631164551e-01
-2.247078514099121094e+01 -2.178815841674804688e+00 -1.007007122039794922e+00 -3.821998089551925659e-02 2.815068364143371582e-01 -2.587867975234985352e-01 9.232131242752075195e-01
-2.248937034606933594e+01 -1.836765050888061523e+00 -9.922055006027221680e-01 -2.714425325393676758e-02 2.767566442489624023e-01 -2.489436417818069458e-01 9.277369976043701172e-01
-2.250355339050292969e+01 -1.500263690948486328e+00 -9.759508967399597168e-01 -1.501543819904327393e-02 2.719695866107940674e-01 -2.377699762582778931e-01 9.323478341102600098e-01
-2.251635169982910156e+01 -1.169311523437500000e+00 -9.598522782325744629e-01 -1.961112022399902344e-03 2.673152089118957520e-01 -2.253808528184890747e-01 9.368789792060852051e-01
-2.252825164794921875e+01 -8.438696265220642090e-01 -9.441573619842529297e-01 1.186306774616241455e-02 2.629552185535430908e-01 -2.119196802377700806e-01 9.411714673042297363e-01
-2.253591346740722656e+01 -5.238549709320068359e-01 -9.272973537445068359e-01 2.627353742718696594e-02 2.590349316596984863e-01 -1.975566595792770386e-01 9.450830817222595215e-01
-2.254318809509277344e+01 -2.092553675174713135e-01 -9.109133481979370117e-01 4.106529802083969116e-02 2.556745409965515137e-01 -1.824833303689956665e-01 9.484956860542297363e-01
-2.254937362670898438e+01 9.996093809604644775e-02 -8.946819901466369629e-01 5.601749569177627563e-02 2.529641687870025635e-01 -1.669052243232727051e-01 9.513221383094787598e-01
-2.255208015441894531e+01 4.038256704807281494e-01 -8.776885867118835449e-01 7.090364396572113037e-02 2.509582042694091797e-01 -1.510332971811294556e-01 9.535101652145385742e-01
-2.255461311340332031e+01 7.023413181304931641e-01 -8.609890341758728027e-01 8.550080657005310059e-02 2.496758401393890381e-01 -1.350734382867813110e-01 9.550427794456481934e-01
-2.255643463134765625e+01 9.955028891563415527e-01 -8.443810939788818359e-01 9.959872066974639893e-02 2.491022199392318726e-01 -1.192188113927841187e-01 9.559367299079895020e-01
-2.255476570129394531e+01 1.283276319503784180e+00 -8.271117806434631348e-01 1.130068749189376831e-01 2.491930574178695679e-01 -1.036414802074432373e-01 9.562377929687500000e-01
-2.255312538146972656e+01 1.565659165382385254e+00 -8.099990487098693848e-01 1.255595088005065918e-01 2.498804032802581787e-01 -8.848897367715835571e-02 9.560146927833557129e-01
-2.255144882202148438e+01 1.842622041702270508e+00 -7.929943799972534180e-01 1.371178328990936279e-01 2.510794997215270996e-01 -7.388116419315338135e-02 9.553529620170593262e-01
-2.254558563232421875e+01 2.114062547683715820e+00 -7.754034399986267090e-01 1.475697308778762817e-01 2.526951134204864502e-01 -5.991110950708389282e-02 9.543473720550537109e-01
-2.253990745544433594e+01 2.380009651184082031e+00 -7.579052448272705078e-01 1.568280756473541260e-01 2.546269595623016357e-01 -4.664837941527366638e-02 9.530970454216003418e-01
-2.253441810607910156e+01 2.640439510345458984e+00 -7.404867410659790039e-01 1.648267507553100586e-01 2.567747533321380615e-01 -3.414130210876464844e-02 9.517002105712890625e-01
-2.252284622192382812e+01 2.894272327423095703e+00 -7.206737995147705078e-01 1.611912995576858521e-01 2.547803223133087158e-01 -1.868177019059658051e-02 9.532865881919860840e-01
-2.251119041442871094e+01 3.142695188522338867e+00 -7.012249827384948730e-01 1.579133570194244385e-01 2.530238628387451172e-01 -4.415519535541534424e-03 9.544750452041625977e-01
-2.250001907348632812e+01 3.385678529739379883e+00 -6.821902394294738770e-01 1.549603790044784546e-01 2.515563368797302246e-01 8.652374148368835449e-03 9.553176164627075195e-01
-2.248383331298828125e+01 3.622934579849243164e+00 -6.634026765823364258e-01 1.523042768239974976e-01 2.504149079322814941e-01 2.051155269145965576e-02 9.558634161949157715e-01
-2.246724128723144531e+01 3.854662895202636719e+00 -6.450012326240539551e-01 1.499222368001937866e-01 2.496240884065628052e-01 3.114638105034828186e-02 9.561594724655151367e-01
-2.245130729675292969e+01 4.080893516540527344e+00 -6.270183920860290527e-01 1.477970480918884277e-01 2.491968274116516113e-01 4.053601622581481934e-02 9.562498927116394043e-01
-2.242934989929199219e+01 4.305551528930664062e+00 -6.090127229690551758e-01 1.459174901247024536e-01 2.491354346275329590e-01 4.865470156073570251e-02 9.561759233474731445e-01
-2.240776824951171875e+01 4.529116153717041016e+00 -5.910723805427551270e-01 1.442788094282150269e-01 2.494325637817382812e-01 5.547181144356727600e-02 9.559758305549621582e-01
-2.238385772705078125e+01 4.751284122467041016e+00 -5.732247829437255859e-01 1.428827643394470215e-01 2.500714063644409180e-01 6.095234304666519165e-02 9.556849002838134766e-01
-2.235677146911621094e+01 4.971957683563232422e+00 -5.554800033569335938e-01 1.417375504970550537e-01 2.510260939598083496e-01 6.505722552537918091e-02 9.553344249725341797e-01
-2.232904815673828125e+01 5.191362380981445312e+00 -5.378555059432983398e-01 1.408580392599105835e-01 2.522622346878051758e-01 6.774359196424484253e-02 9.549521207809448242e-01
-2.229702186584472656e+01 5.409013748168945312e+00 -5.205221176147460938e-01 1.402654647827148438e-01 2.537363767623901367e-01 6.896533817052841187e-02 9.545612931251525879e-01
-2.226443290710449219e+01 5.625366210937500000e+00 -5.033871531486511230e-01 1.399869322776794434e-01 2.553964257240295410e-01 6.867364048957824707e-02 9.541804194450378418e-01
-2.222866249084472656e+01 5.840029239654541016e+00 -4.867568910121917725e-01 1.400551497936248779e-01 2.571806311607360840e-01 6.681746989488601685e-02 9.538228511810302734e-01
-2.219201660156250000e+01 6.053349494934082031e+00 -4.706829786300659180e-01 1.405074447393417358e-01 2.590175867080688477e-01 6.334453821182250977e-02 9.534962177276611328e-01
-2.215459823608398438e+01 6.265351295471191406e+00 -4.551544189453125000e-01 1.413845866918563843e-01 2.608255445957183838e-01 5.820204317569732666e-02 9.532014727592468262e-01
-2.211814880371093750e+01 6.476415634155273438e+00 -4.410946667194366455e-01 1.427295506000518799e-01 2.625110447406768799e-01 5.133803188800811768e-02 9.529325962066650391e-01
-2.208575630187988281e+01 6.687065124511718750e+00 -4.284530580043792725e-01 1.445851027965545654e-01 2.639691531658172607e-01 4.270273819565773010e-02 9.526761770248413086e-01
-2.206098175048828125e+01 6.897729396820068359e+00 -4.177539050579071045e-01 1.469916701316833496e-01 2.650818526744842529e-01 3.225046396255493164e-02 9.524101018905639648e-01
-2.204644393920898438e+01 7.115200042724609375e+00 -4.092556536197662354e-01 1.499839127063751221e-01 2.657178640365600586e-01 1.994148269295692444e-02 9.521034955978393555e-01
-2.204263114929199219e+01 7.338373661041259766e+00 -4.014941453933715820e-01 1.438972651958465576e-01 2.634467482566833496e-01 8.936129510402679443e-03 9.538393616676330566e-01
-2.205216789245605469e+01 7.567206859588623047e+00 -3.967117369174957275e-01 1.374214291572570801e-01 2.611177265644073486e-01 -3.713883459568023682e-03 9.554679393768310547e-01
-2.207560920715332031e+01 7.800917625427246094e+00 -3.952871561050415039e-01 1.305664032697677612e-01 2.588211894035339355e-01 -1.788927242159843445e-02 9.568928480148315430e-01
-2.211172866821289062e+01 8.038949966430664062e+00 -3.973400890827178955e-01 1.233586892485618591e-01 2.566478252410888672e-01 -3.345692902803421021e-02 9.580162167549133301e-01
-2.215371513366699219e+01 8.281899452209472656e+00 -4.016214013099670410e-01 1.158429011702537537e-01 2.546840012073516846e-01 -5.026914551854133606e-02 9.587436914443969727e-01
-2.219498443603515625e+01 8.530766487121582031e+00 -4.075741469860076904e-01 1.080817580223083496e-01 2.530091106891632080e-01 -6.816259026527404785e-02 9.589883089065551758e-01
-2.223402786254882812e+01 8.785585403442382812e+00 -4.186370670795440674e-01 1.001551449298858643e-01 2.516915500164031982e-01 -8.696065843105316162e-02 9.586752653121948242e-01
-2.227057647705078125e+01 9.045859336853027344e+00 -4.395632743835449219e-01 9.215712547302246094e-02 2.507842183113098145e-01 -1.064747944474220276e-01 9.577459692955017090e-01
-2.230406761169433594e+01 9.310312271118164062e+00 -4.770239293575286865e-01 8.400993794202804565e-02 2.485275864601135254e-01 -1.264639198780059814e-01 9.566521048545837402e-01
-2.233465194702148438e+01 9.576572418212890625e+00 -5.372381210327148438e-01 7.554924488067626953e-02 2.440639585256576538e-01 -1.468402594327926636e-01 9.555956721305847168e-01
-2.236777305603027344e+01 9.845956802368164062e+00 -6.079653501510620117e-01 6.691230833530426025e-02 2.390533536672592163e-01 -1.675452440977096558e-01 9.540989995002746582e-01
-2.240940284729003906e+01 1.012192344665527344e+01 -6.724764704704284668e-01 5.811712145805358887e-02 2.334944456815719604e-01 -1.884427219629287720e-01 9.521512985229492188e-01
-2.246318817138671875e+01 1.040590286254882812e+01 -7.179748415946960449e-01 4.918316379189491272e-02 2.273888438940048218e-01 -2.093977332115173340e-01 9.497514367103576660e-01
-2.252581977844238281e+01 1.069694328308105469e+01 -7.435586452484130859e-01 4.013060033321380615e-02 2.207417041063308716e-01 -2.302763462066650391e-01 9.469083547592163086e-01
-2.258968162536621094e+01 1.099454593658447266e+01 -7.586294412612915039e-01 3.098131343722343445e-02 2.135607451200485229e-01 -2.509470582008361816e-01 9.436405301094055176e-01
-2.265014648437500000e+01 1.129892539978027344e+01 -7.689855694770812988e-01 2.175744250416755676e-02 2.058569639921188354e-01 -2.712803483009338379e-01 9.399769306182861328e-01
-2.270626831054687500e+01 1.160992145538330078e+01 -7.787674069404602051e-01 1.248182356357574463e-02 1.976435929536819458e-01 -2.911502718925476074e-01 9.359555244445800781e-01
-2.275739288330078125e+01 1.192744159698486328e+01 -7.896569371223449707e-01 3.178093582391738892e-03 1.889368444681167603e-01 -3.104349672794342041e-01 9.316238164901733398e-01
-2.280331993103027344e+01 1.225130844116210938e+01 -8.027163743972778320e-01 -6.130933761596679688e-03 1.797544956207275391e-01 -3.290166854858398438e-01 9.270376563072204590e-01
-2.284587287902832031e+01 1.258119583129882812e+01 -8.176071047782897949e-01 -1.542149856686592102e-02 1.701162457466125488e-01 -3.467815816402435303e-01 9.222609400749206543e-01
-2.288640022277832031e+01 1.291685962677001953e+01 -8.340072631835937500e-01 -2.466676384210586548e-02 1.600536108016967773e-01 -3.636263608932495117e-01 9.173604846000671387e-01
-2.292577171325683594e+01 1.325816345214843750e+01 -8.517562747001647949e-01 -3.382304310798645020e-02 1.496414840221405029e-01 -3.794809877872467041e-01 9.123911857604980469e-01
-2.296472167968750000e+01 1.360498523712158203e+01 -8.707839846611022949e-01 -4.284360259771347046e-02 1.389665752649307251e-01 -3.942850530147552490e-01 9.074094295501708984e-01
-2.300412940979003906e+01 1.395718765258789062e+01 -8.911300301551818848e-01 -5.168224871158599854e-02 1.281157135963439941e-01 -4.079828262329101562e-01 9.024772644042968750e-01
-2.304567909240722656e+01 1.431453609466552734e+01 -9.129663109779357910e-01 -6.029392033815383911e-02 1.171758770942687988e-01 -4.205220639705657959e-01 8.976612091064453125e-01
-2.309334945678710938e+01 1.467645931243896484e+01 -9.366250634193420410e-01 -6.863456964492797852e-02 1.062338203191757202e-01 -4.318546652793884277e-01 8.930314779281616211e-01
-2.317729949951171875e+01 1.503693771362304688e+01 -9.563189744949340820e-01 -7.666140794754028320e-02 9.537613391876220703e-02 -4.419356286525726318e-01 8.886615633964538574e-01
-2.336584854125976562e+01 1.536096191406250000e+01 -9.393932819366455078e-01 -8.433268964290618896e-02 8.468826115131378174e-02 -4.507228136062622070e-01 8.846269249916076660e-01
-2.358913040161132812e+01 1.566803646087646484e+01 -8.966369628906250000e-01 -9.160704910755157471e-02 7.425449788570404053e-02 -4.581758975982666016e-01 8.810046315193176270e-01
-2.378961944580078125e+01 1.599489212036132812e+01 -8.446862697601318359e-01 -9.844525158405303955e-02 6.415851414203643799e-02 -4.642560482025146484e-01 8.778716325759887695e-01
-2.394391059875488281e+01 1.635016059875488281e+01 -7.846249341964721680e-01 -1.048073917627334595e-01 5.448223277926445007e-02 -4.689252674579620361e-01 8.753035068511962891e-01
-2.403293800354003906e+01 1.673073768615722656e+01 -7.178207039833068848e-01 -1.106555089354515076e-01 4.530624672770500183e-02 -4.721444845199584961e-01 8.733741044998168945e-01
-2.404486274719238281e+01 1.712576103210449219e+01 -6.466387510299682617e-01 -1.159511581063270569e-01 3.670996427536010742e-02 -4.738738238811492920e-01 8.721533417701721191e-01
-2.398208045959472656e+01 1.752103424072265625e+01 -5.740869045257568359e-01 -1.206559240818023682e-01 2.877128683030605316e-02 -4.740703701972961426e-01 8.717061877250671387e-01
-2.386040878295898438e+01 1.790873527526855469e+01 -5.023095607757568359e-01 -1.247315406799316406e-01 2.156632021069526672e-02 -4.726878404617309570e-01 8.720912337303161621e-01
-2.369701194763183594e+01 1.828727912902832031e+01 -4.323632717132568359e-01 -1.281388849020004272e-01 1.517094299197196960e-02 -4.696753025054931641e-01 8.733586072921752930e-01
-2.350006866455078125e+01 1.865622520446777344e+01 -3.649975359439849854e-01 -1.308379769325256348e-01 9.658552706241607666e-03 -4.649759232997894287e-01 8.755487203598022461e-01
-2.327572250366210938e+01 1.901618194580078125e+01 -3.007089197635650635e-01 -1.327878981828689575e-01 5.101930350065231323e-03 -4.585259556770324707e-01 8.786895871162414551e-01
-2.302523422241210938e+01 1.936601066589355469e+01 -2.405679225921630859e-01 -1.339459419250488281e-01 1.572985202074050903e-03 -4.502536654472351074e-01 8.827953934669494629e-01
-2.274747467041015625e+01 1.970287513732910156e+01 -1.864599585533142090e-01 -1.342681199312210083e-01 -8.584782481193542480e-04 -4.400788247585296631e-01 8.878636956214904785e-01
-2.243812942504882812e+01 2.002047348022460938e+01 -1.419900506734848022e-01 -1.337262839078903198e-01 -2.155672758817672729e-03 -4.279623627662658691e-01 8.938461542129516602e-01
-2.208720588684082031e+01 2.030296897888183594e+01 -1.145516932010650635e-01 -1.323657780885696411e-01 -2.414509654045104980e-03 -4.140621721744537354e-01 9.005697965621948242e-01
-2.169499397277832031e+01 2.053860855102539062e+01 -1.091790720820426941e-01 -1.302500665187835693e-01 -1.762576401233673096e-03 -3.985885977745056152e-01 9.078320264816284180e-01
-2.128191757202148438e+01 2.072069740295410156e+01 -1.270550489425659180e-01 -1.274442225694656372e-01 -3.297664225101470947e-04 -3.817561566829681396e-01 9.154343605041503906e-01
-2.086512565612792969e+01 2.087488174438476562e+01 -1.599136292934417725e-01 -1.240156292915344238e-01 1.755341887474060059e-03 -3.637875616550445557e-01 9.231878519058227539e-01
-2.045637702941894531e+01 2.102976989746093750e+01 -1.992458999156951904e-01 -1.200344860553741455e-01 4.362449049949645996e-03 -3.449121415615081787e-01 9.309179186820983887e-01
-2.005912590026855469e+01 2.119231414794921875e+01 -2.484222352504730225e-01 -1.155737191438674927e-01 7.361026480793952942e-03 -3.253710269927978516e-01 9.384679794311523438e-01
-1.967492103576660156e+01 2.136365699768066406e+01 -3.096731603145599365e-01 -1.107102334499359131e-01 1.062087342143058777e-02 -3.054140806198120117e-01 9.457022547721862793e-01
-1.930594635009765625e+01 2.154531288146972656e+01 -3.855096399784088135e-01 -1.055237129330635071e-01 1.401234976947307587e-02 -2.853002548217773438e-01 9.525083303451538086e-01
-1.895368194580078125e+01 2.173696708679199219e+01 -4.763760268688201904e-01 -1.000971645116806030e-01 1.740535162389278412e-02 -2.652962207794189453e-01 9.587989449501037598e-01
-1.861912155151367188e+01 2.193780136108398438e+01 -5.819329619407653809e-01 -9.451543539762496948e-02 2.067213132977485657e-02 -2.456772923469543457e-01 9.645113945007324219e-01
-1.829854965209960938e+01 2.214279174804687500e+01 -6.961190700531005859e-01 -8.886692672967910767e-02 2.368531189858913422e-02 -2.267231643199920654e-01 9.696071743965148926e-01
-1.799077033996582031e+01 2.235008239746093750e+01 -8.170235753059387207e-01 -8.324012160301208496e-02 2.631942927837371826e-02 -2.087175995111465454e-01 9.740715026855468750e-01
-1.769345092773437500e+01 2.255723571777343750e+01 -9.417895078659057617e-01 -7.772499322891235352e-02 2.845045924186706543e-02 -1.919472664594650269e-01 9.779087901115417480e-01
-1.740473175048828125e+01 2.276219749450683594e+01 -1.068791151046752930e+00 -7.241240888833999634e-02 2.995598316192626953e-02 -1.766989231109619141e-01 9.811404347419738770e-01
-1.712016105651855469e+01 2.296041488647460938e+01 -1.194964528083801270e+00 -6.739170104265213013e-02 3.071431443095207214e-02 -1.632589399814605713e-01 9.837995767593383789e-01
-1.681590843200683594e+01 2.313176727294921875e+01 -1.283126235008239746e+00 -6.275240331888198853e-02 3.060451894998550415e-02 -1.519125401973724365e-01 9.859249591827392578e-01
-1.648451042175292969e+01 2.325448608398437500e+01 -1.262565851211547852e+00 -5.858239158987998962e-02 2.950557321310043335e-02 -1.429417133331298828e-01 9.875552058219909668e-01
-1.615892028808593750e+01 2.337014198303222656e+01 -1.229880094528198242e+00 -5.496738478541374207e-02 2.729532122611999512e-02 -1.366250813007354736e-01 9.887199401855468750e-01
-1.583970642089843750e+01 2.348444366455078125e+01 -1.212253093719482422e+00 -5.199189856648445129e-02 2.384973317384719849e-02 -1.332376301288604736e-01 9.894320368766784668e-01
-1.552759742736816406e+01 2.359746932983398438e+01 -1.209148526191711426e+00 -4.971854761242866516e-02 1.907839626073837280e-02 -1.329711973667144775e-01 9.896882176399230957e-01
-1.522307109832763672e+01 2.370895385742187500e+01 -1.217805504798889160e+00 -4.813429713249206543e-02 1.303389947861433029e-02 -1.357039213180541992e-01 9.894936084747314453e-01
-1.492638683319091797e+01 2.381870460510253906e+01 -1.236445307731628418e+00 -4.720590263605117798e-02 5.805047228932380676e-03 -1.412324160337448120e-01 9.888333082199096680e-01
-1.463892555236816406e+01 2.393031692504882812e+01 -1.262057423591613770e+00 -4.689927026629447937e-02 -2.519766334444284439e-03 -1.493492871522903442e-01 9.876683950424194336e-01
-1.436094665527343750e+01 2.404465675354003906e+01 -1.291555762290954590e+00 -4.717849195003509521e-02 -1.185058243572711945e-02 -1.598429083824157715e-01 9.859432578086853027e-01
-1.409171867370605469e+01 2.416044425964355469e+01 -1.323077082633972168e+00 -4.800781980156898499e-02 -2.209651656448841095e-02 -1.724984496831893921e-01 9.835910201072692871e-01
-1.383301734924316406e+01 2.428126335144042969e+01 -1.357228398323059082e+00 -4.935007169842720032e-02 -3.316546604037284851e-02 -1.870977580547332764e-01 9.805402159690856934e-01
-1.358127403259277344e+01 2.440007209777832031e+01 -1.390830397605895996e+00 -5.116768926382064819e-02 -4.496266692876815796e-02 -2.034183293581008911e-01 9.767196178436279297e-01
-1.333977508544921875e+01 2.452334022521972656e+01 -1.425792217254638672e+00 -5.342283844947814941e-02 -5.739127472043037415e-02 -2.212362587451934814e-01 9.720631241798400879e-01
-1.310472106933593750e+01 2.464386749267578125e+01 -1.459967613220214844e+00 -5.607742816209793091e-02 -7.035277783870697021e-02 -2.403245717287063599e-01 9.665142893791198730e-01
-1.287796878814697266e+01 2.476524925231933594e+01 -1.494094848632812500e+00 -5.909315496683120728e-02 -8.374655246734619141e-02 -2.604554593563079834e-01 9.600299596786499023e-01
-1.265880870819091797e+01 2.488630867004394531e+01 -1.527957677841186523e+00 -6.243166327476501465e-02 -9.747096896171569824e-02 -2.814007699489593506e-01 9.525834918022155762e-01
-1.244578552246093750e+01 2.500447273254394531e+01 -1.561053991317749023e+00 -6.605532765388488770e-02 -1.114236041903495789e-01 -3.029341399669647217e-01 9.441675543785095215e-01
-1.224008274078369141e+01 2.512193870544433594e+01 -1.593667268753051758e+00 -6.992673128843307495e-02 -1.255010813474655151e-01 -3.248322606086730957e-01 9.347960352897644043e-01
-1.204183101654052734e+01 2.523903846740722656e+01 -1.625844120979309082e+00 -7.401011884212493896e-02 -1.396022439002990723e-01 -3.468768596649169922e-01 9.245054125785827637e-01
-1.184944820404052734e+01 2.535302162170410156e+01 -1.657240867614746094e+00 -7.827006280422210693e-02 -1.536261886358261108e-01 -3.688546419143676758e-01 9.133558869361877441e-01
-1.166286087036132812e+01 2.546383666992187500e+01 -1.687848210334777832e+00 -8.267401903867721558e-02 -1.674752980470657349e-01 -3.905624151229858398e-01 9.014311432838439941e-01
-1.148274898529052734e+01 2.557265090942382812e+01 -1.717727303504943848e+00 -8.719012141227722168e-02 -1.810547113418579102e-01 -4.118049740791320801e-01 8.888384103775024414e-01
-1.130977535247802734e+01 2.568063354492187500e+01 -1.746934413909912109e+00 -9.178970009088516235e-02 -1.942738741636276245e-01 -4.323989450931549072e-01 8.757073879241943359e-01
-1.114243602752685547e+01 2.578516960144042969e+01 -1.775281667709350586e+00 -9.644578397274017334e-02 -2.070470601320266724e-01 -4.521717727184295654e-01 8.621893525123596191e-01
-1.098071765899658203e+01 2.588619041442871094e+01 -1.802741646766662598e+00 -1.011385396122932434e-01 -2.193049788475036621e-01 -4.709975421428680420e-01 8.484325408935546875e-01
-1.082463359832763672e+01 2.598368644714355469e+01 -1.829296469688415527e+00 -1.058643832802772522e-01 -2.310285568237304688e-01 -4.888859987258911133e-01 8.345112204551696777e-01
-1.067419910430908203e+01 2.607763099670410156e+01 -1.854931950569152832e+00 -1.106231436133384705e-01 -2.422105818986892700e-01 -5.058811306953430176e-01 8.204760551452636719e-01
-1.053037548065185547e+01 2.616957473754882812e+01 -1.879655718803405762e+00 -1.154151558876037598e-01 -2.528457939624786377e-01 -5.220264196395874023e-01 8.063725233078002930e-01
-1.038885688781738281e+01 2.626130294799804688e+01 -1.904072880744934082e+00 -1.202402487397193909e-01 -2.629283070564270020e-01 -5.373672842979431152e-01 7.922419905662536621e-01
-1.024904251098632812e+01 2.635177612304687500e+01 -1.928158879280090332e+00 -1.250985115766525269e-01 -2.724533677101135254e-01 -5.519477128982543945e-01 7.781215310096740723e-01
-1.011093711853027344e+01 2.644097518920898438e+01 -1.951903343200683594e+00 -1.299894899129867554e-01 -2.814161181449890137e-01 -5.658122897148132324e-01 7.640447020530700684e-01
-9.974575042724609375e+00 2.652891540527343750e+01 -1.975298166275024414e+00 -1.349133253097534180e-01 -2.898123562335968018e-01 -5.790050029754638672e-01 7.500402331352233887e-01
-9.839965820312500000e+00 2.661557579040527344e+01 -1.998334884643554688e+00 -1.398693919181823730e-01 -2.976379394531250000e-01 -5.915691256523132324e-01 7.361346483230590820e-01
-9.707123756408691406e+00 2.670097160339355469e+01 -2.021007061004638672e+00 -1.448571979999542236e-01 -3.048885762691497803e-01 -6.035472750663757324e-01 7.223504185676574707e-01
-9.576073646545410156e+00 2.678509712219238281e+01 -2.043307065963745117e+00 -1.498762667179107666e-01 -3.115604221820831299e-01 -6.149810552597045898e-01 7.087069153785705566e-01
-9.447382926940917969e+00 2.686891555786132812e+01 -2.065072059631347656e+00 -1.549255549907684326e-01 -3.176489174365997314e-01 -6.259118318557739258e-01 6.952204108238220215e-01
-9.320732116699218750e+00 2.695186424255371094e+01 -2.086389303207397461e+00 -1.600046008825302124e-01 -3.231501877307891846e-01 -6.363793611526489258e-01 6.819044351577758789e-01
-9.195888519287109375e+00 2.703353500366210938e+01 -2.107323169708251953e+00 -1.651122123003005981e-01 -3.280597329139709473e-01 -6.464223861694335938e-01 6.687695980072021484e-01
-9.072875976562500000e+00 2.711393547058105469e+01 -2.127869129180908203e+00 -1.702473163604736328e-01 -3.323726058006286621e-01 -6.560789346694946289e-01 6.558235883712768555e-01
-8.951694488525390625e+00 2.719308471679687500e+01 -2.148022413253784180e+00 -1.754082739353179932e-01 -3.360838890075683594e-01 -6.653854846954345703e-01 6.430721879005432129e-01
-8.824301719665527344e+00 2.727600097656250000e+01 -2.169047117233276367e+00 -1.805939674377441406e-01 -3.391882777214050293e-01 -6.743766665458679199e-01 6.305181384086608887e-01
-8.690697669982910156e+00 2.736270523071289062e+01 -2.190939188003540039e+00 -1.858022958040237427e-01 -3.416801095008850098e-01 -6.830866932868957520e-01 6.181624531745910645e-01
-8.550893783569335938e+00 2.745318222045898438e+01 -2.213696241378784180e+00 -1.910317838191986084e-01 -3.435531556606292725e-01 -6.915478110313415527e-01 6.060029268264770508e-01
-8.404891967773437500e+00 2.754747009277343750e+01 -2.237314939498901367e+00 -1.962794363498687744e-01 -3.448006510734558105e-01 -6.997913122177124023e-01 5.940361618995666504e-01
-8.253129959106445312e+00 2.764690780639648438e+01 -2.260742664337158203e+00 -2.040878087282180786e-01 -3.423222303390502930e-01 -7.093445062637329102e-01 5.813724398612976074e-01
-8.095332145690917969e+00 2.775045394897460938e+01 -2.284926176071166992e+00 -2.114186882972717285e-01 -3.396484255790710449e-01 -7.184616327285766602e-01 5.689938068389892578e-01
-7.931318283081054688e+00 2.785770988464355469e+01 -2.310067176818847656e+00 -2.182922065258026123e-01 -3.368296027183532715e-01 -7.271347641944885254e-01 5.569283366203308105e-01
-7.761098384857177734e+00 2.796867179870605469e+01 -2.336163997650146484e+00 -2.247295379638671875e-01 -3.339105546474456787e-01 -7.353612184524536133e-01 5.452011823654174805e-01
-7.584692001342773438e+00 2.808334350585937500e+01 -2.363214015960693359e+00 -2.307531237602233887e-01 -3.309313654899597168e-01 -7.431402802467346191e-01 5.338349342346191406e-01
-7.402104377746582031e+00 2.820169830322265625e+01 -2.391217708587646484e+00 -2.363858819007873535e-01 -3.279274106025695801e-01 -7.504752278327941895e-01 5.228501558303833008e-01
-7.213359355926513672e+00 2.832375335693359375e+01 -2.420170307159423828e+00 -2.416497766971588135e-01 -3.249290883541107178e-01 -7.573717236518859863e-01 5.122641324996948242e-01
-7.018549442291259766e+00 2.844968223571777344e+01 -2.449765682220458984e+00 -2.465662956237792969e-01 -3.219634592533111572e-01 -7.638368606567382812e-01 5.020934939384460449e-01
-6.817773342132568359e+00 2.857975006103515625e+01 -2.479603767395019531e+00 -2.511560916900634766e-01 -3.190534710884094238e-01 -7.698798775672912598e-01 4.923519194126129150e-01
-6.610888481140136719e+00 2.871352958679199219e+01 -2.510358333587646484e+00 -2.554382085800170898e-01 -3.162189126014709473e-01 -7.755114436149597168e-01 4.830516874790191650e-01
-6.397900104522705078e+00 2.885100936889648438e+01 -2.542026996612548828e+00 -2.594301104545593262e-01 -3.134766817092895508e-01 -7.807427644729614258e-01 4.742037355899810791e-01
-6.178813457489013672e+00 2.899221038818359375e+01 -2.574610471725463867e+00 -2.631480097770690918e-01 -3.108412623405456543e-01 -7.855858206748962402e-01 4.658171832561492920e-01
-5.953652381896972656e+00 2.913711929321289062e+01 -2.608106613159179688e+00 -2.666066884994506836e-01 -3.083249628543853760e-01 -7.900531888008117676e-01 4.579002857208251953e-01
-5.722382545471191406e+00 2.928580093383789062e+01 -2.642050027847290039e+00 -2.698184847831726074e-01 -3.059379458427429199e-01 -7.941571474075317383e-01 4.504599869251251221e-01
-5.484941482543945312e+00 2.943831443786621094e+01 -2.675684213638305664e+00 -2.727946341037750244e-01 -3.036888837814331055e-01 -7.979109287261962891e-01 4.435020983219146729e-01
-5.241440296173095703e+00 2.959455490112304688e+01 -2.710187911987304688e+00 -2.755450308322906494e-01 -3.015851676464080811e-01 -8.013265132904052734e-01 4.370319843292236328e-01
-4.991884708404541016e+00 2.975452995300292969e+01 -2.745558977127075195e+00 -2.780778408050537109e-01 -2.996329069137573242e-01 -8.044162988662719727e-01 4.310538470745086670e-01
-4.736289024353027344e+00 2.991823577880859375e+01 -2.781798601150512695e+00 -2.803995907306671143e-01 -2.978369295597076416e-01 -8.071917295455932617e-01 4.255707859992980957e-01
-4.474550724029541016e+00 3.008561515808105469e+01 -2.818536281585693359e+00 -2.825165987014770508e-01 -2.962016463279724121e-01 -8.096644282341003418e-01 4.205857813358306885e-01
-4.206191539764404297e+00 3.025631713867187500e+01 -2.853834867477416992e+00 -2.844335436820983887e-01 -2.947304248809814453e-01 -8.118446469306945801e-01 4.161005616188049316e-01
-3.931664943695068359e+00 3.043110847473144531e+01 -2.889640331268310547e+00 -2.866687774658203125e-01 -2.917658090591430664e-01 -8.144404292106628418e-01 4.115585386753082275e-01
-3.651083946228027344e+00 3.060961914062500000e+01 -2.926271915435791016e+00 -2.886642813682556152e-01 -2.890520095825195312e-01 -8.167380690574645996e-01 4.075055718421936035e-01
-3.364453077316284180e+00 3.079186439514160156e+01 -2.963732957839965820e+00 -2.904362082481384277e-01 -2.865883708000183105e-01 -8.187634944915771484e-01 4.039061069488525391e-01
-3.070683479309082031e+00 3.097676658630371094e+01 -2.998865842819213867e+00 -2.919999361038208008e-01 -2.843737006187438965e-01 -8.205410242080688477e-01 4.007243514060974121e-01
-2.770463705062866211e+00 3.116501808166503906e+01 -3.033674240112304688e+00 -2.933699190616607666e-01 -2.824059128761291504e-01 -8.220939040184020996e-01 3.979228734970092773e-01
-2.464150428771972656e+00 3.135699653625488281e+01 -3.069229602813720703e+00 -2.945599257946014404e-01 -2.806826233863830566e-01 -8.234441280364990234e-01 3.954636156558990479e-01
-2.151640653610229492e+00 3.155261230468750000e+01 -3.105267763137817383e+00 -2.955828905105590820e-01 -2.792007327079772949e-01 -8.246128559112548828e-01 3.933080434799194336e-01
-1.830449223518371582e+00 3.174894523620605469e+01 -3.135295867919921875e+00 -2.964510917663574219e-01 -2.779572606086730957e-01 -8.256202340126037598e-01 3.914175927639007568e-01
-1.503100514411926270e+00 3.194897842407226562e+01 -3.165941715240478516e+00 -2.971763312816619873e-01 -2.769483327865600586e-01 -8.264857530593872070e-01 3.897525966167449951e-01
-1.169565439224243164e+00 3.215268325805664062e+01 -3.197142839431762695e+00 -2.977701127529144287e-01 -2.761700749397277832e-01 -8.272283673286437988e-01 3.882731497287750244e-01
-8.250439167022705078e-01 3.235361099243164062e+01 -3.216439247131347656e+00 -2.982432246208190918e-01 -2.756185829639434814e-01 -8.278664350509643555e-01 3.869397938251495361e-01
-4.742602407932281494e-01 3.255813980102539062e+01 -3.236132144927978516e+00 -2.986065745353698730e-01 -2.752893269062042236e-01 -8.284179568290710449e-01 3.857117295265197754e-01
-1.130322217941284180e-01 3.275950241088867188e+01 -3.245378255844116211e+00 -2.988707423210144043e-01 -2.751779258251190186e-01 -8.289002180099487305e-01 3.845490515232086182e-01
2.567456066608428955e-01 3.296080017089843750e+01 -3.249125242233276367e+00 -2.990462779998779297e-01 -2.752796411514282227e-01 -8.293299078941345215e-01 3.834112286567687988e-01
6.397778391838073730e-01 3.315159225463867188e+01 -3.234661102294921875e+00 -2.991439700126647949e-01 -2.755899131298065186e-01 -8.297239542007446289e-01 3.822579681873321533e-01
1.035017013549804688e+00 3.333092117309570312e+01 -3.203818798065185547e+00 -2.991747856140136719e-01 -2.761035561561584473e-01 -8.300982117652893066e-01 3.810486793518066406e-01
1.446000933647155762e+00 3.348207473754882812e+01 -3.143611431121826172e+00 -2.991499602794647217e-01 -2.768157124519348145e-01 -8.304682970046997070e-01 3.797429502010345459e-01
1.872988224029541016e+00 3.357373046875000000e+01 -3.040620088577270508e+00 -2.990813553333282471e-01 -2.777208387851715088e-01 -8.308490514755249023e-01 3.783003687858581543e-01
2.303757190704345703e+00 3.352913665771484375e+01 -2.899862051010131836e+00 -2.989811897277832031e-01 -2.788137197494506836e-01 -8.312548398971557617e-01 3.766808509826660156e-01
2.731459856033325195e+00 3.337325668334960938e+01 -2.814249277114868164e+00 -2.988626360893249512e-01 -2.800885140895843506e-01 -8.316989541053771973e-01 3.748443722724914551e-01
3.141022920608520508e+00 3.314215850830078125e+01 -2.785876512527465820e+00 -2.993325591087341309e-01 -2.788686752319335938e-01 -8.332810997962951660e-01 3.718531727790832520e-01
3.530266046524047852e+00 3.286326217651367188e+01 -2.779330492019653320e+00 -2.998194992542266846e-01 -2.775399684906005859e-01 -8.349940180778503418e-01 3.685986399650573730e-01
3.875495433807373047e+00 3.253615951538085938e+01 -2.694108247756958008e+00 -3.002998232841491699e-01 -2.761465311050415039e-01 -8.367790579795837402e-01 3.651903569698333740e-01
4.138205528259277344e+00 3.215324020385742188e+01 -2.530095100402832031e+00 -3.007543683052062988e-01 -2.747327387332916260e-01 -8.385789990425109863e-01 3.617372512817382812e-01
4.399047851562500000e+00 3.176411056518554688e+01 -2.356671094894409180e+00 -3.011662960052490234e-01 -2.733429074287414551e-01 -8.403384089469909668e-01 3.583485484123229980e-01
4.692536354064941406e+00 3.140733337402343750e+01 -2.188884735107421875e+00 -3.015225529670715332e-01 -2.720214724540710449e-01 -8.420028686523437500e-01 3.551332056522369385e-01
5.047158241271972656e+00 3.111734390258789062e+01 -2.036350250244140625e+00 -3.018134236335754395e-01 -2.708126306533813477e-01 -8.435190916061401367e-01 3.521994948387145996e-01
5.467995643615722656e+00 3.093268394470214844e+01 -1.914573669433593750e+00 -3.020315766334533691e-01 -2.697604894638061523e-01 -8.448355793952941895e-01 3.496555685997009277e-01
5.909557819366455078e+00 3.080694770812988281e+01 -1.820331692695617676e+00 -3.021714091300964355e-01 -2.689087986946105957e-01 -8.459007143974304199e-01 3.476096391677856445e-01
6.338725566864013672e+00 3.066057586669921875e+01 -1.741788029670715332e+00 -3.022279143333435059e-01 -2.683010101318359375e-01 -8.466638922691345215e-01 3.461689352989196777e-01
6.696547508239746094e+00 3.039850044250488281e+01 -1.668492674827575684e+00 -3.021958768367767334e-01 -2.679805755615234375e-01 -8.470740914344787598e-01 3.454412817955017090e-01
6.957551002502441406e+00 3.004380226135253906e+01 -1.609508991241455078e+00 -3.020666539669036865e-01 -2.679904997348785400e-01 -8.470792174339294434e-01 3.455337882041931152e-01
7.178830623626708984e+00 2.966839218139648438e+01 -1.572885990142822266e+00 -3.018289208412170410e-01 -2.683742046356201172e-01 -8.466253280639648438e-01 3.465544283390045166e-01
7.416694164276123047e+00 2.931111335754394531e+01 -1.558545231819152832e+00 -3.014637529850006104e-01 -2.691749334335327148e-01 -8.456562757492065430e-01 3.486112952232360840e-01
7.657299518585205078e+00 2.896477508544921875e+01 -1.548451542854309082e+00 -3.009443283081054688e-01 -2.704358398914337158e-01 -8.441118001937866211e-01 3.518127501010894775e-01
7.859159946441650391e+00 2.860541915893554688e+01 -1.513610482215881348e+00 -3.002315759658813477e-01 -2.721998989582061768e-01 -8.419271707534790039e-01 3.562679886817932129e-01
7.975961685180664062e+00 2.822487258911132812e+01 -1.433441162109375000e+00 -2.992728948593139648e-01 -2.745089530944824219e-01 -8.390318155288696289e-01 3.620856702327728271e-01
8.036071777343750000e+00 2.783856391906738281e+01 -1.351735234260559082e+00 -2.979975640773773193e-01 -2.774027884006500244e-01 -8.353486657142639160e-01 3.693747818470001221e-01
8.084486961364746094e+00 2.745258712768554688e+01 -1.305326819419860840e+00 -2.967914640903472900e-01 -2.798670530319213867e-01 -8.311471343040466309e-01 3.778671324253082275e-01
8.144304275512695312e+00 2.707440376281738281e+01 -1.304180264472961426e+00 -2.985996305942535400e-01 -2.754795253276824951e-01 -8.285258412361145020e-01 3.853493332862854004e-01
8.211584091186523438e+00 2.670634269714355469e+01 -1.330851435661315918e+00 -2.992820441722869873e-01 -2.698538303375244141e-01 -8.260347247123718262e-01 3.940503299236297607e-01
8.281752586364746094e+00 2.634811019897460938e+01 -1.371792554855346680e+00 -3.002988696098327637e-01 -2.634664177894592285e-01 -8.229479193687438965e-01 4.039341509342193604e-01
8.351445198059082031e+00 2.599822235107421875e+01 -1.416971683502197266e+00 -3.017161488533020020e-01 -2.564268410205841064e-01 -8.191922307014465332e-01 4.148935973644256592e-01
8.405387878417968750e+00 2.565201568603515625e+01 -1.449411034584045410e+00 -3.035940229892730713e-01 -2.488611042499542236e-01 -8.146992921829223633e-01 4.268066585063934326e-01
8.414247512817382812e+00 2.530804061889648438e+01 -1.469341397285461426e+00 -3.059810101985931396e-01 -2.409115731716156006e-01 -8.094115257263183594e-01 4.395339488983154297e-01
8.407389640808105469e+00 2.497199249267578125e+01 -1.494937658309936523e+00 -3.089080154895782471e-01 -2.327362298965454102e-01 -8.032880425453186035e-01 4.529215693473815918e-01
8.389144897460937500e+00 2.464466285705566406e+01 -1.526910066604614258e+00 -3.123830556869506836e-01 -2.245050519704818726e-01 -7.963088154792785645e-01 4.668045043945312500e-01
8.359619140625000000e+00 2.432667350769042969e+01 -1.565468430519104004e+00 -3.163876533508300781e-01 -2.163942158222198486e-01 -7.884792685508728027e-01 4.810121357440948486e-01
8.317461013793945312e+00 2.401884651184082031e+01 -1.610309123992919922e+00 -3.208752572536468506e-01 -2.085786610841751099e-01 -7.798325419425964355e-01 4.953737258911132812e-01
8.262685775756835938e+00 2.372160148620605469e+01 -1.659132957458496094e+00 -3.244627714157104492e-01 -2.003345191478729248e-01 -7.709566950798034668e-01 5.101134181022644043e-01
8.196899414062500000e+00 2.343495559692382812e+01 -1.709971547126770020e+00 -3.267044425010681152e-01 -1.913468241691589355e-01 -7.620089054107666016e-01 5.253503322601318359e-01
8.123249053955078125e+00 2.315841674804687500e+01 -1.761247873306274414e+00 -3.287012279033660889e-01 -1.824201494455337524e-01 -7.525429725646972656e-01 5.407009124755859375e-01
8.043219566345214844e+00 2.289180564880371094e+01 -1.812215209007263184e+00 -3.304162621498107910e-01 -1.736422181129455566e-01 -7.425968647003173828e-01 5.560785531997680664e-01
7.959899902343750000e+00 2.263435554504394531e+01 -1.862414240837097168e+00 -3.318158984184265137e-01 -1.651028394699096680e-01 -7.322156429290771484e-01 5.714012980461120605e-01
7.875270843505859375e+00 2.238558006286621094e+01 -1.912152051925659180e+00 -3.328696787357330322e-01 -1.568931937217712402e-01 -7.214512825012207031e-01 5.865922570228576660e-01
7.790519714355468750e+00 2.214522933959960938e+01 -1.961661338806152344e+00 -3.335506319999694824e-01 -1.491044461727142334e-01 -7.103621959686279297e-01 6.015791893005371094e-01
7.706396102905273438e+00 2.191311454772949219e+01 -2.011147975921630859e+00 -3.338345289230346680e-01 -1.418293416500091553e-01 -6.990129947662353516e-01 6.162952184677124023e-01
7.623339653015136719e+00 2.168920326232910156e+01 -2.060905694961547852e+00 -3.337005972862243652e-01 -1.351602375507354736e-01 -6.874732375144958496e-01 6.306791901588439941e-01
7.541608810424804688e+00 2.147358322143554688e+01 -2.111528873443603516e+00 -3.331300020217895508e-01 -1.291903406381607056e-01 -6.758171319961547852e-01 6.446745991706848145e-01
7.461657524108886719e+00 2.126620101928710938e+01 -2.163206815719604492e+00 -3.321070373058319092e-01 -1.240122914314270020e-01 -6.641227602958679199e-01 6.582299470901489258e-01
7.383127212524414062e+00 2.106600952148437500e+01 -2.218065738677978516e+00 -3.252378702163696289e-01 -1.249156519770622253e-01 -6.514902114868164062e-01 6.739265322685241699e-01
7.306843280792236328e+00 2.087482452392578125e+01 -2.275364398956298828e+00 -3.187583684921264648e-01 -1.254844516515731812e-01 -6.391814947128295898e-01 6.885446310043334961e-01
7.233703613281250000e+00 2.069264602661132812e+01 -2.335895299911499023e+00 -3.126912713050842285e-01 -1.257983744144439697e-01 -6.272462010383605957e-01 7.021118998527526855e-01
7.165617465972900391e+00 2.051903724670410156e+01 -2.400024890899658203e+00 -3.070512413978576660e-01 -1.259258687496185303e-01 -6.157367229461669922e-01 7.146540880203247070e-01
7.105453968048095703e+00 2.035323143005371094e+01 -2.467965126037597656e+00 -3.018461465835571289e-01 -1.259231269359588623e-01 -6.047097444534301758e-01 7.261944413185119629e-01
7.060136795043945312e+00 2.019397354125976562e+01 -2.540593862533569336e+00 -2.970784008502960205e-01 -1.258346587419509888e-01 -5.942254662513732910e-01 7.367537021636962891e-01
7.035798072814941406e+00 2.004033660888671875e+01 -2.615446090698242188e+00 -2.927462756633758545e-01 -1.256943941116333008e-01 -5.843465924263000488e-01 7.463508248329162598e-01
7.044306278228759766e+00 1.989318275451660156e+01 -2.687978506088256836e+00 -2.888444364070892334e-01 -1.255249232053756714e-01 -5.751389265060424805e-01 7.550016641616821289e-01
7.083007812500000000e+00 1.975575065612792969e+01 -2.751967191696166992e+00 -2.853651642799377441e-01 -1.253389716148376465e-01 -5.666701197624206543e-01 7.627199292182922363e-01
7.146242618560791016e+00 1.961982345581054688e+01 -2.807822227478027344e+00 -2.822991013526916504e-01 -1.251399517059326172e-01 -5.590090155601501465e-01 7.695168256759643555e-01
7.221799373626708984e+00 1.948313903808593750e+01 -2.855964899063110352e+00 -2.796353101730346680e-01 -1.249219924211502075e-01 -5.522254705429077148e-01 7.754002213478088379e-01
7.302526473999023438e+00 1.934292030334472656e+01 -2.896498918533325195e+00 -2.773623466491699219e-01 -1.246709376573562622e-01 -5.463897585868835449e-01 7.803752422332763672e-01
7.382553577423095703e+00 1.919660186767578125e+01 -2.930093288421630859e+00 -2.754681110382080078e-01 -1.243649125099182129e-01 -5.415712594985961914e-01 7.844432592391967773e-01
7.458144187927246094e+00 1.904311943054199219e+01 -2.958267688751220703e+00 -2.739403843879699707e-01 -1.239749640226364136e-01 -5.378385782241821289e-01 7.876017689704895020e-01
7.528525352478027344e+00 1.888272857666015625e+01 -2.981495857238769531e+00 -2.727664411067962646e-01 -1.234655454754829407e-01 -5.352584123611450195e-01 7.898437380790710449e-01
7.594951152801513672e+00 1.871651840209960938e+01 -2.999907732009887695e+00 -2.719335854053497314e-01 -1.227960661053657532e-01 -5.338947772979736328e-01 7.911570668220520020e-01
7.658266544342041016e+00 1.854516983032226562e+01 -3.013335466384887695e+00 -2.714284062385559082e-01 -1.219202578067779541e-01 -5.338088870048522949e-01 7.915238738059997559e-01
7.719040393829345703e+00 1.836915969848632812e+01 -3.021342754364013672e+00 -2.712368071079254150e-01 -1.207879558205604553e-01 -5.350584387779235840e-01 7.909193038940429688e-01
7.776176452636718750e+00 1.819343757629394531e+01 -3.023153543472290039e+00 -2.713432610034942627e-01 -1.193454787135124207e-01 -5.376955866813659668e-01 7.893116474151611328e-01
7.829975605010986328e+00 1.801843643188476562e+01 -3.017666578292846680e+00 -2.717306911945343018e-01 -1.175367683172225952e-01 -5.417678952217102051e-01 7.866606116294860840e-01
7.880761623382568359e+00 1.784428596496582031e+01 -3.004700183868408203e+00 -2.699661850929260254e-01 -1.170060262084007263e-01 -5.469371676445007324e-01 7.837650179862976074e-01
7.928666591644287109e+00 1.767202186584472656e+01 -2.982203245162963867e+00 -2.685220539569854736e-01 -1.160940006375312805e-01 -5.535101890563964844e-01 7.797721624374389648e-01
7.973310470581054688e+00 1.750227546691894531e+01 -2.949321269989013672e+00 -2.673577666282653809e-01 -1.148702427744865417e-01 -5.613903403282165527e-01 7.747036218643188477e-01
8.014333724975585938e+00 1.733579063415527344e+01 -2.905407667160034180e+00 -2.664316296577453613e-01 -1.134027391672134399e-01 -5.704786181449890137e-01 7.685754299163818359e-01
8.051408767700195312e+00 1.717342758178710938e+01 -2.850111007690429688e+00 -2.657003998756408691e-01 -1.117597594857215881e-01 -5.806710124015808105e-01 7.614027857780456543e-01
8.083945274353027344e+00 1.701645469665527344e+01 -2.782464027404785156e+00 -2.651201486587524414e-01 -1.100086495280265808e-01 -5.918625593185424805e-01 7.531985640525817871e-01
8.111911773681640625e+00 1.686569786071777344e+01 -2.703279972076416016e+00 -2.646475434303283691e-01 -1.082174703478813171e-01 -6.039459705352783203e-01 7.439756989479064941e-01
8.135659217834472656e+00 1.672144508361816406e+01 -2.614249229431152344e+00 -2.642377018928527832e-01 -1.064539104700088501e-01 -6.168125271797180176e-01 7.337495088577270508e-01
8.154531478881835938e+00 1.658066940307617188e+01 -2.521140098571777344e+00 -2.638475596904754639e-01 -1.047857999801635742e-01 -6.303535103797912598e-01 7.225364446640014648e-01
8.167607307434082031e+00 1.643734741210937500e+01 -2.433909177780151367e+00 -2.634342312812805176e-01 -1.032818108797073364e-01 -6.444603800773620605e-01 7.103563547134399414e-01
8.175107002258300781e+00 1.628874015808105469e+01 -2.358779907226562500e+00 -2.629556655883789062e-01 -1.020094454288482666e-01 -6.590245366096496582e-01 6.972338557243347168e-01
8.178092956542968750e+00 1.613542938232421875e+01 -2.297491312026977539e+00 -2.623713016510009766e-01 -1.010377481579780579e-01 -6.739392876625061035e-01 6.831972599029541016e-01
8.177947044372558594e+00 1.597928714752197266e+01 -2.248091936111450195e+00 -2.616420686244964600e-01 -1.004342660307884216e-01 -6.890997290611267090e-01 6.682797074317932129e-01
8.174978256225585938e+00 1.582096195220947266e+01 -2.211118221282958984e+00 -2.607304453849792480e-01 -1.002675816416740417e-01 -7.044029831886291504e-01 6.525201797485351562e-01
8.170244216918945312e+00 1.567051696777343750e+01 -2.186832189559936523e+00 -2.596006393432617188e-01 -1.006053984165191650e-01 -7.197488546371459961e-01 6.359620094299316406e-01
8.165256500244140625e+00 1.552917480468750000e+01 -2.168239116668701172e+00 -2.582189738750457764e-01 -1.015150621533393860e-01 -7.350408434867858887e-01 6.186538934707641602e-01
8.159619331359863281e+00 1.539701175689697266e+01 -2.158256769180297852e+00 -2.565537095069885254e-01 -1.030625775456428528e-01 -7.501854896545410156e-01 6.006497144699096680e-01
8.154057502746582031e+00 1.527434062957763672e+01 -2.152966976165771484e+00 -2.545753419399261475e-01 -1.053147614002227783e-01 -7.650926709175109863e-01 5.820081233978271484e-01
8.149276733398437500e+00 1.516147422790527344e+01 -2.148485660552978516e+00 -2.522556781768798828e-01 -1.083358451724052429e-01 -7.796770334243774414e-01 5.627913475036621094e-01
8.144523620605468750e+00 1.505829048156738281e+01 -2.149684906005859375e+00 -2.495692521333694458e-01 -1.121895015239715576e-01 -7.938563227653503418e-01 5.430660843849182129e-01
8.140277862548828125e+00 1.496479988098144531e+01 -2.153384447097778320e+00 -2.465030103921890259e-01 -1.169050708413124084e-01 -8.075520396232604980e-01 5.229045152664184570e-01
8.136916160583496094e+00 1.488100528717041016e+01 -2.157217979431152344e+00 -2.430885732173919678e-01 -1.223803982138633728e-01 -8.206872940063476562e-01 5.023976564407348633e-01
8.134421348571777344e+00 1.480687999725341797e+01 -2.161143064498901367e+00 -2.393708974123001099e-01 -1.284801065921783447e-01 -8.331930041313171387e-01 4.816471040248870850e-01
8.132781028747558594e+00 1.474239253997802734e+01 -2.165115833282470703e+00 -2.353990375995635986e-01 -1.350698769092559814e-01 -8.450109362602233887e-01 4.607600867748260498e-01
8.131831169128417969e+00 1.468755340576171875e+01 -2.170101881027221680e+00 -2.312244921922683716e-01 -1.420170664787292480e-01 -8.560943007469177246e-01 4.398511052131652832e-01
8.131552696228027344e+00 1.464234352111816406e+01 -2.176048040390014648e+00 -2.269028872251510620e-01 -1.491904705762863159e-01 -8.664086461067199707e-01 4.190386831760406494e-01
8.132109642028808594e+00 1.460669422149658203e+01 -2.181497812271118164e+00 -2.224918454885482788e-01 -1.564611345529556274e-01 -8.759319186210632324e-01 3.984476923942565918e-01
8.133459091186523438e+00 1.458059978485107422e+01 -2.186405658721923828e+00 -2.180521786212921143e-01 -1.637030243873596191e-01 -8.846545815467834473e-01 3.782075047492980957e-01
8.135568618774414062e+00 1.456406211853027344e+01 -2.190728187561035156e+00 -2.136470526456832886e-01 -1.707930564880371094e-01 -8.925792574882507324e-01 3.584506511688232422e-01
8.138385772705078125e+00 1.455707931518554688e+01 -2.194423198699951172e+00 -2.093423604965209961e-01 -1.776113808155059814e-01 -8.997204899787902832e-01 3.393124639987945557e-01
8.140617370605468750e+00 1.454150390625000000e+01 -2.198326349258422852e+00 -2.052043676376342773e-01 -1.840412914752960205e-01 -9.061034917831420898e-01 3.209305703639984131e-01
8.142209053039550781e+00 1.451735305786132812e+01 -2.202401161193847656e+00 -2.013016492128372192e-01 -1.899694204330444336e-01 -9.117628335952758789e-01 3.034429550170898438e-01
8.143119812011718750e+00 1.448463344573974609e+01 -2.206611871719360352e+00 -1.977038979530334473e-01 -1.952853500843048096e-01 -9.167414903640747070e-01 2.869876623153686523e-01
8.143293380737304688e+00 1.444338321685791016e+01 -2.210926532745361328e+00 -1.944799721240997314e-01 -1.998813301324844360e-01 -9.210876226425170898e-01 2.717032432556152344e-01
8.142683029174804688e+00 1.439362239837646484e+01 -2.215315580368041992e+00 -1.916999220848083496e-01 -2.036513686180114746e-01 -9.248539209365844727e-01 2.577255368232727051e-01
8.141249656677246094e+00 1.433537101745605469e+01 -2.219749689102172852e+00 -1.894327998161315918e-01 -2.064911723136901855e-01 -9.280939698219299316e-01 2.451898008584976196e-01
8.138945579528808594e+00 1.426866149902343750e+01 -2.224200963973999023e+00 -1.877472847700119019e-01 -2.082962691783905029e-01 -9.308604598045349121e-01 2.342272996902465820e-01
8.135581016540527344e+00 1.419360828399658203e+01 -2.229953527450561523e+00 -1.867104768753051758e-01 -2.089616358280181885e-01 -9.332011342048645020e-01 2.249661833047866821e-01
8.131216049194335938e+00 1.411031246185302734e+01 -2.236470937728881836e+00 -1.865664273500442505e-01 -2.076105177402496338e-01 -9.353275299072265625e-01 2.173778116703033447e-01
8.125732421875000000e+00 1.401844215393066406e+01 -2.243490457534790039e+00 -1.868420541286468506e-01 -2.064418941736221313e-01 -9.367548823356628418e-01 2.120420932769775391e-01
8.119284629821777344e+00 1.391830062866210938e+01 -2.250473022460937500e+00 -1.881085187196731567e-01 -2.030737400054931641e-01 -9.380174279212951660e-01 2.085653543472290039e-01
8.111843109130859375e+00 1.380980396270751953e+01 -2.257622718811035156e+00 -1.901184320449829102e-01 -1.983665227890014648e-01 -9.389725327491760254e-01 2.069697082042694092e-01
8.103434562683105469e+00 1.369296836853027344e+01 -2.265173196792602539e+00 -1.927737295627593994e-01 -1.924496442079544067e-01 -9.396395087242126465e-01 2.070723176002502441e-01
8.093976974487304688e+00 1.356796360015869141e+01 -2.275116443634033203e+00 -1.959746032953262329e-01 -1.854503154754638672e-01 -9.400274157524108887e-01 2.086880654096603394e-01
8.083649635314941406e+00 1.343460941314697266e+01 -2.285507678985595703e+00 -1.996198445558547974e-01 -1.774947643280029297e-01 -9.401383996009826660e-01 2.116298526525497437e-01
8.072504997253417969e+00 1.329289054870605469e+01 -2.296389102935791016e+00 -2.036077082157135010e-01 -1.687094569206237793e-01 -9.399734735488891602e-01 2.157101184129714966e-01
8.060581207275390625e+00 1.314280700683593750e+01 -2.307802677154541016e+00 -2.078362703323364258e-01 -1.592213958501815796e-01 -9.395350813865661621e-01 2.207411080598831177e-01
8.047951698303222656e+00 1.298454093933105469e+01 -2.321702718734741211e+00 -2.122047096490859985e-01 -1.491593420505523682e-01 -9.388301372528076172e-01 2.265361696481704712e-01
8.034638404846191406e+00 1.281791973114013672e+01 -2.336424589157104492e+00 -2.166134715080261230e-01 -1.386536508798599243e-01 -9.378735423088073730e-01 2.329095005989074707e-01
8.020683288574218750e+00 1.264293384552001953e+01 -2.351922035217285156e+00 -2.209650427103042603e-01 -1.278369128704071045e-01 -9.366892576217651367e-01 2.396777272224426270e-01
8.006257057189941406e+00 1.245966815948486328e+01 -2.369015455245971680e+00 -2.251642644405364990e-01 -1.168437227606773376e-01 -9.353113770484924316e-01 2.466598302125930786e-01
7.991394042968750000e+00 1.226812458038330078e+01 -2.387771606445312500e+00 -2.291184961795806885e-01 -1.058105826377868652e-01 -9.337860345840454102e-01 2.536779344081878662e-01
7.976003170013427734e+00 1.206825637817382812e+01 -2.407523632049560547e+00 -2.327379137277603149e-01 -9.487555921077728271e-02 -9.321704506874084473e-01 2.605571150779724121e-01
7.960434436798095703e+00 1.186012172698974609e+01 -2.428814649581909180e+00 -2.359358072280883789e-01 -8.417801558971405029e-02 -9.305331110954284668e-01 2.671261429786682129e-01
7.944670200347900391e+00 1.164373493194580078e+01 -2.451630830764770508e+00 -2.386284172534942627e-01 -7.385835796594619751e-02 -9.289530515670776367e-01 2.732171118259429932e-01
7.928466796875000000e+00 1.141909122467041016e+01 -2.475634813308715820e+00 -2.407336235046386719e-01 -6.405710428953170776e-02 -9.275180101394653320e-01 2.786653637886047363e-01
7.912912368774414062e+00 1.118616199493408203e+01 -2.500946044921875000e+00 -2.421723306179046631e-01 -5.491513758897781372e-02 -9.263222217559814453e-01 2.833090722560882568e-01
7.897004127502441406e+00 1.094505310058593750e+01 -2.527549266815185547e+00 -2.428660839796066284e-01 -4.657304286956787109e-02 -9.254646301269531250e-01 2.869881093502044678e-01
7.882177352905273438e+00 1.069560050964355469e+01 -2.554622650146484375e+00 -2.427369356155395508e-01 -3.916996717453002930e-02 -9.250455498695373535e-01 2.895430922508239746e-01
7.867465496063232422e+00 1.043797302246093750e+01 -2.582804441452026367e+00 -2.417061924934387207e-01 -3.284517303109169006e-02 -9.251627326011657715e-01 2.908149063587188721e-01
7.854377269744873047e+00 1.017201614379882812e+01 -2.611249446868896484e+00 -2.397175431251525879e-01 -2.770316600799560547e-02 -9.258893132209777832e-01 2.906836569309234619e-01
7.841926097869873047e+00 9.897871017456054688e+00 -2.640531539916992188e+00 -2.368054836988449097e-01 -2.371702343225479126e-02 -9.272149801254272461e-01 2.891937494277954102e-01
7.830815315246582031e+00 9.615448951721191406e+00 -2.670212984085083008e+00 -2.330251336097717285e-01 -2.082683145999908447e-02 -9.290986657142639160e-01 2.864280045032501221e-01
7.821555137634277344e+00 9.324711799621582031e+00 -2.700012683868408203e+00 -2.284293174743652344e-01 -1.897189766168594360e-02 -9.314896464347839355e-01 2.824660241603851318e-01
7.813764572143554688e+00 9.025697708129882812e+00 -2.730153083801269531e+00 -2.230687886476516724e-01 -1.809172332286834717e-02 -9.343290328979492188e-01 2.773846983909606934e-01
7.807543754577636719e+00 8.718388557434082031e+00 -2.760607242584228516e+00 -2.169935256242752075e-01 -1.812535524368286133e-02 -9.375516772270202637e-01 2.712603211402893066e-01
7.802709579467773438e+00 8.402802467346191406e+00 -2.791533231735229492e+00 -2.102519571781158447e-01 -1.901135221123695374e-02 -9.410889148712158203e-01 2.641673684120178223e-01
7.798761844635009766e+00 8.078969955444335938e+00 -2.823287248611450195e+00 -2.028929144144058228e-01 -2.068850770592689514e-02 -9.448691010475158691e-01 2.561807632446289062e-01
7.794933795928955078e+00 7.746933460235595703e+00 -2.856370210647583008e+00 -1.949659883975982666e-01 -2.309484593570232391e-02 -9.488202929496765137e-01 2.473756521940231323e-01
7.790771484375000000e+00 7.406728267669677734e+00 -2.891268253326416016e+00 -1.865211427211761475e-01 -2.616827189922332764e-02 -9.528709053993225098e-01 2.378279268741607666e-01
7.786213397979736328e+00 7.058388710021972656e+00 -2.928426504135131836e+00 -1.776087135076522827e-01 -2.984675765037536621e-02 -9.569511413574218750e-01 2.276152521371841431e-01
7.781186580657958984e+00 6.701943397521972656e+00 -2.968329429626464844e+00 -1.682813912630081177e-01 -3.406745940446853638e-02 -9.609950184822082520e-01 2.168164551258087158e-01
7.775612831115722656e+00 6.337455749511718750e+00 -3.011502504348754883e+00 -1.585931181907653809e-01 -3.876755386590957642e-02 -9.649403691291809082e-01 2.055122703313827515e-01
7.769379615783691406e+00 5.965009689331054688e+00 -3.058660268783569336e+00 -1.485988944768905640e-01 -4.388432204723358154e-02 -9.687308669090270996e-01 1.937856823205947876e-01
7.762362957000732422e+00 5.584726333618164062e+00 -3.110648155212402344e+00 -1.383560299873352051e-01 -4.935482144355773926e-02 -9.723163843154907227e-01 1.817209869623184204e-01
7.754484653472900391e+00 5.196703910827636719e+00 -3.167982816696166992e+00 -1.279229223728179932e-01 -5.511635541915893555e-02 -9.756535291671752930e-01 1.694051772356033325e-01
7.745817661285400391e+00 4.800995826721191406e+00 -3.230730533599853516e+00 -1.173601374030113220e-01 -6.110657751560211182e-02 -9.787065982818603516e-01 1.569265425205230713e-01
7.736725807189941406e+00 4.397431373596191406e+00 -3.297750711441040039e+00 -1.067287772893905640e-01 -6.726349890232086182e-02 -9.814481139183044434e-01 1.443752199411392212e-01
7.728105068206787109e+00 4.000414848327636719e+00 -3.365430831909179688e+00 -9.609200060367584229e-02 -7.352593541145324707e-02 -9.838585853576660156e-01 1.318431347608566284e-01
7.720524787902832031e+00 3.609643459320068359e+00 -3.432076930999755859e+00 -8.551333099603652954e-02 -7.983336597681045532e-02 -9.859271645545959473e-01 1.194229349493980408e-01
7.714477539062500000e+00 3.224848508834838867e+00 -3.496000289916992188e+00 -7.504749298095703125e-02 -8.613269031047821045e-02 -9.876526594161987305e-01 1.071961820125579834e-01
7.710646629333496094e+00 2.845732450485229492e+00 -3.555343627929687500e+00 -6.470660865306854248e-02 -9.239684045314788818e-02 -9.890470504760742188e-01 9.519436210393905640e-02
7.710419654846191406e+00 2.471889495849609375e+00 -3.606777906417846680e+00 -5.449291318655014038e-02 -9.860540926456451416e-02 -9.901241064071655273e-01 8.343726396560668945e-02
7.713010311126708984e+00 2.103622913360595703e+00 -3.651582479476928711e+00 -4.440812766551971436e-02 -1.047382429242134094e-01 -9.908994436264038086e-01 7.194373011589050293e-02
7.718388557434082031e+00 1.741030216217041016e+00 -3.689385890960693359e+00 -3.445423766970634460e-02 -1.107754856348037720e-01 -9.913895130157470703e-01 6.073227524757385254e-02
7.725351333618164062e+00 1.384365200996398926e+00 -3.721912860870361328e+00 -2.463190630078315735e-02 -1.166974306106567383e-01 -9.916111826896667480e-01 4.982139170169830322e-02
7.731276512145996094e+00 1.033935546875000000e+00 -3.752432107925415039e+00 -1.494250446557998657e-02 -1.224847212433815002e-01 -9.915820956230163574e-01 3.922883421182632446e-02
7.734364986419677734e+00 6.901293992996215820e-01 -3.785476684570312500e+00 -5.387233570218086243e-03 -1.281183958053588867e-01 -9.913210272789001465e-01 2.897251769900321960e-02
7.745397567749023438e+00 3.531347513198852539e-01 -3.820983886718750000e+00 4.033889155834913254e-03 -1.335794627666473389e-01 -9.908463954925537109e-01 1.906926743686199188e-02
7.770317077636718750e+00 2.295410074293613434e-02 -3.853814601898193359e+00 1.332018524408340454e-02 -1.388496160507202148e-01 -9.901780486106872559e-01 9.536053985357284546e-03
7.803188323974609375e+00 -3.004760742187500000e-01 -3.882830142974853516e+00 2.247183024883270264e-02 -1.439106166362762451e-01 -9.893354177474975586e-01 3.893992397934198380e-04
7.831811428070068359e+00 -6.181469559669494629e-01 -3.907314300537109375e+00 -3.148882463574409485e-02 1.487444937229156494e-01 9.883388876914978027e-01 8.354850113391876221e-03
7.843029499053955078e+00 -9.306640625000000000e-01 -3.925605297088623047e+00 -4.037183523178100586e-02 1.533336043357849121e-01 9.872085452079772949e-01 1.668046973645687103e-02
7.831157207489013672e+00 -1.236770033836364746e+00 -3.937098979949951172e+00 -4.912133514881134033e-02 1.576605439186096191e-01 9.859646558761596680e-01 2.457251027226448059e-02
7.797980785369873047e+00 -1.534880280494689941e+00 -3.943791389465332031e+00 -5.773842707276344299e-02 1.617081463336944580e-01 9.846277236938476562e-01 3.201606497168540955e-02
7.758002758026123047e+00 -1.825559020042419434e+00 -3.953177928924560547e+00 -6.622438132762908936e-02 1.654593795537948608e-01 9.832175970077514648e-01 3.899632394313812256e-02
7.723068714141845703e+00 -2.109973192214965820e+00 -3.971518516540527344e+00 -7.458057999610900879e-02 1.688973605632781982e-01 9.817542433738708496e-01 4.549851268529891968e-02
7.704426288604736328e+00 -2.388034582138061523e+00 -4.005388736724853516e+00 -8.280867338180541992e-02 1.720054596662521362e-01 9.802569150924682617e-01 5.150872096419334412e-02
7.709384441375732422e+00 -2.657265663146972656e+00 -4.057736873626708984e+00 -9.091065824031829834e-02 1.747670620679855347e-01 9.787446856498718262e-01 5.701296776533126831e-02
7.735073089599609375e+00 -2.915786027908325195e+00 -4.123624801635742188e+00 -9.888867288827896118e-02 1.771655678749084473e-01 9.772357940673828125e-01 6.199753284454345703e-02
7.778300762176513672e+00 -3.162753820419311523e+00 -4.197675704956054688e+00 -1.068486869335174561e-01 1.776827126741409302e-01 9.760212302207946777e-01 6.629277765750885010e-02
7.839011192321777344e+00 -3.397712230682373047e+00 -4.276117324829101562e+00 -1.146845519542694092e-01 1.781778782606124878e-01 9.747741222381591797e-01 7.010872662067413330e-02
7.917680263519287109e+00 -3.620495557785034180e+00 -4.353387355804443359e+00 -1.224022880196571350e-01 1.786454319953918457e-01 9.735002517700195312e-01 7.348917424678802490e-02
8.015088081359863281e+00 -3.830107450485229492e+00 -4.425798416137695312e+00 -1.300088167190551758e-01 1.790812462568283081e-01 9.722030758857727051e-01 7.647760957479476929e-02
8.142941474914550781e+00 -4.016823768615722656e+00 -4.489556312561035156e+00 -1.375121772289276123e-01 1.794825196266174316e-01 9.708847403526306152e-01 7.911498099565505981e-02
8.226386070251464844e+00 -4.125510215759277344e+00 -4.526414871215820312e+00 -1.449213325977325439e-01 1.798480749130249023e-01 9.695459604263305664e-01 8.144289255142211914e-02
