-1.142512226104736328e+01 -3.113715934753417969e+01 -3.118517994880676270e-01 -0.000000000000000000e+00 -0.000000000000000000e+00 -9.911951422691345215e-01 1.324095726013183594e-01
-1.162321281433105469e+01 -3.125059509277343750e+01 -4.008151292800903320e-01 -8.966649882495403290e-03 6.104930769652128220e-03 -9.894471168518066406e-01 1.444873809814453125e-01
-1.181756782531738281e+01 -3.136257553100585938e+01 -4.808923304080963135e-01 -1.845057308673858643e-02 1.253976020961999893e-02 -9.872525930404663086e-01 1.575902551412582397e-01
-1.200835895538330078e+01 -3.147339820861816406e+01 -5.504992604255676270e-01 -2.835642173886299133e-02 1.924367994070053101e-02 -9.845848679542541504e-01 1.715171486139297485e-01
-1.219503402709960938e+01 -3.158265495300292969e+01 -6.107012629508972168e-01 -3.858825564384460449e-02 2.615517936646938324e-02 -9.814303517341613770e-01 1.860681176185607910e-01
-1.237705039978027344e+01 -3.168993186950683594e+01 -6.628326177597045898e-01 -4.904938861727714539e-02 3.321255743503570557e-02 -9.777896404266357422e-01 2.010435163974761963e-01
-1.255393981933593750e+01 -3.179479408264160156e+01 -7.085308432579040527e-01 -5.964289978146553040e-02 4.035364091396331787e-02 -9.736794233322143555e-01 2.162464261054992676e-01
-1.272532176971435547e+01 -3.189688873291015625e+01 -7.493575811386108398e-01 -7.027277350425720215e-02 4.751707240939140320e-02 -9.691333770751953125e-01 2.314826101064682007e-01
-1.289095687866210938e+01 -3.199596405029296875e+01 -7.864950299263000488e-01 -8.084346354007720947e-02 5.464158207178115845e-02 -9.642023444175720215e-01 2.465610504150390625e-01
-1.305095195770263672e+01 -3.209176254272460938e+01 -8.197003006935119629e-01 -9.126076847314834595e-02 6.166712939739227295e-02 -9.589542150497436523e-01 2.612956166267395020e-01
-1.320490169525146484e+01 -3.218404388427734375e+01 -8.511037826538085938e-01 -1.014321595430374146e-01 6.853443384170532227e-02 -9.534734487533569336e-01 2.755044996738433838e-01
-1.335301685333251953e+01 -3.227264785766601562e+01 -8.798916339874267578e-01 -1.112666577100753784e-01 7.518559694290161133e-02 -9.478603005409240723e-01 2.890115678310394287e-01
-1.349500465393066406e+01 -3.235758972167968750e+01 -9.072164893150329590e-01 -1.206761300563812256e-01 8.156417310237884521e-02 -9.422283172607421875e-01 3.016458749771118164e-01
-1.363111305236816406e+01 -3.243858718872070312e+01 -9.325191974639892578e-01 -1.295740604400634766e-01 8.761543035507202148e-02 -9.367032647132873535e-01 3.132427930831909180e-01
-1.377055168151855469e+01 -3.252152633666992188e+01 -9.586455821990966797e-01 -1.378772258758544922e-01 9.328609704971313477e-02 -9.314204454421997070e-01 3.236410021781921387e-01
-1.391385746002197266e+01 -3.260572052001953125e+01 -9.849132895469665527e-01 -1.455036997795104980e-01 9.852416068315505981e-02 -9.265218377113342285e-01 3.326842784881591797e-01
-1.406048297882080078e+01 -3.269176483154296875e+01 -1.012084603309631348e+00 -1.523728966712951660e-01 1.032788157463073730e-01 -9.221534132957458496e-01 3.402188718318939209e-01
-1.421117115020751953e+01 -3.277849960327148438e+01 -1.039633154869079590e+00 -1.584067344665527344e-01 1.075004935264587402e-01 -9.184612035751342773e-01 3.460924923419952393e-01
-1.436532688140869141e+01 -3.286673355102539062e+01 -1.068094730377197266e+00 -1.635265350341796875e-01 1.111392751336097717e-01 -9.155873060226440430e-01 3.501526415348052979e-01
-1.452369117736816406e+01 -3.295516204833984375e+01 -1.097248554229736328e+00 -1.676538437604904175e-01 1.141458451747894287e-01 -9.136664867401123047e-01 3.522449731826782227e-01
-1.468603992462158203e+01 -3.304400634765625000e+01 -1.127383708953857422e+00 -1.707089692354202271e-01 1.164695024490356445e-01 -9.128206372261047363e-01 3.522097766399383545e-01
-1.485275363922119141e+01 -3.313285446166992188e+01 -1.158989191055297852e+00 -1.719073355197906494e-01 1.161600649356842041e-01 -9.133649468421936035e-01 3.503129184246063232e-01
-1.502483844757080078e+01 -3.321907806396484375e+01 -1.191619277000427246e+00 -1.725497692823410034e-01 1.164077222347259521e-01 -9.148021936416625977e-01 3.461397588253021240e-01
-1.520236778259277344e+01 -3.330268096923828125e+01 -1.224440574645996094e+00 -1.726873070001602173e-01 1.171542629599571228e-01 -9.169988036155700684e-01 3.399513661861419678e-01
-1.538635730743408203e+01 -3.338177108764648438e+01 -1.256191730499267578e+00 -1.723567098379135132e-01 1.183403879404067993e-01 -9.198136329650878906e-01 3.320114612579345703e-01
-1.557795333862304688e+01 -3.345432662963867188e+01 -1.284881234169006348e+00 -1.709719449281692505e-01 1.181498020887374878e-01 -9.233286976814270020e-01 3.229134976863861084e-01
-1.577817344665527344e+01 -3.351766204833984375e+01 -1.305082678794860840e+00 -1.687258332967758179e-01 1.168196052312850952e-01 -9.273634552955627441e-01 3.128608167171478271e-01
-1.598540496826171875e+01 -3.357433700561523438e+01 -1.313841819763183594e+00 -1.659579277038574219e-01 1.150456964969635010e-01 -9.316825866699218750e-01 3.019769191741943359e-01
-1.619775390625000000e+01 -3.362826538085937500e+01 -1.310183405876159668e+00 -1.627757847309112549e-01 1.128781735897064209e-01 -9.361443519592285156e-01 2.905102670192718506e-01
-1.641367721557617188e+01 -3.368306732177734375e+01 -1.295476913452148438e+00 -1.592888385057449341e-01 1.103693544864654541e-01 -9.406192898750305176e-01 2.787131369113922119e-01
-1.663357353210449219e+01 -3.373713684082031250e+01 -1.274251103401184082e+00 -1.556098163127899170e-01 1.075721234083175659e-01 -9.449911117553710938e-01 2.668440043926239014e-01
-1.685791969299316406e+01 -3.378890609741210938e+01 -1.248242497444152832e+00 -1.518533974885940552e-01 1.045415550470352173e-01 -9.491589069366455078e-01 2.551643550395965576e-01
-1.708713340759277344e+01 -3.383692932128906250e+01 -1.218673110008239746e+00 -1.481363177299499512e-01 1.013353765010833740e-01 -9.530371427536010742e-01 2.439408004283905029e-01
-1.732154273986816406e+01 -3.387974548339843750e+01 -1.186489582061767578e+00 -1.445779800415039062e-01 9.801089763641357422e-02 -9.565538167953491211e-01 2.334436625242233276e-01
-1.755301284790039062e+01 -3.391447067260742188e+01 -1.153734087944030762e+00 -1.412988603115081787e-01 9.462803602218627930e-02 -9.596503376960754395e-01 2.239450067281723022e-01
-1.778158187866210938e+01 -3.394015121459960938e+01 -1.121197819709777832e+00 -1.384208053350448608e-01 9.124687314033508301e-02 -9.622777700424194336e-01 2.157194465398788452e-01
-1.800715255737304688e+01 -3.395576477050781250e+01 -1.089561700820922852e+00 -1.360663622617721558e-01 8.792746067047119141e-02 -9.643942117691040039e-01 2.090416997671127319e-01
-1.822937965393066406e+01 -3.396184921264648438e+01 -1.058903813362121582e+00 -1.343575268983840942e-01 8.473010361194610596e-02 -9.659587740898132324e-01 2.041870504617691040e-01
-1.844789505004882812e+01 -3.395922470092773438e+01 -1.029106140136718750e+00 -1.334158778190612793e-01 8.171389997005462646e-02 -9.669278264045715332e-01 2.014286071062088013e-01
-1.866239738464355469e+01 -3.394834136962890625e+01 -1.000061631202697754e+00 -1.333621740341186523e-01 7.893674075603485107e-02 -9.672473073005676270e-01 2.010378837585449219e-01
-1.887259674072265625e+01 -3.392932510375976562e+01 -9.716677665710449219e-01 -1.343138366937637329e-01 7.645472884178161621e-02 -9.668458104133605957e-01 2.032819092273712158e-01
-1.907809066772460938e+01 -3.390189743041992188e+01 -9.438320994377136230e-01 -1.363546401262283325e-01 7.430341094732284546e-02 -9.656528830528259277e-01 2.083285450935363770e-01
-1.927823257446289062e+01 -3.386522674560546875e+01 -9.164950251579284668e-01 -1.394394338130950928e-01 7.244715839624404907e-02 -9.636750221252441406e-01 2.159598767757415771e-01
-1.947196197509765625e+01 -3.381766891479492188e+01 -8.896048069000244141e-01 -1.434877216815948486e-01 7.083065807819366455e-02 -9.609274864196777344e-01 2.258597463369369507e-01
-1.965694808959960938e+01 -3.375518798828125000e+01 -8.630944490432739258e-01 -1.484192162752151489e-01 6.939937174320220947e-02 -9.574185013771057129e-01 2.377083748579025269e-01
-1.982996559143066406e+01 -3.367483520507812500e+01 -8.364514112472534180e-01 -1.541510373353958130e-01 6.809748709201812744e-02 -9.531559944152832031e-01 2.511848807334899902e-01
-1.998980331420898438e+01 -3.357969284057617188e+01 -8.088140487670898438e-01 -1.606015712022781372e-01 6.687080860137939453e-02 -9.481545686721801758e-01 2.659665942192077637e-01
-2.013550186157226562e+01 -3.347243499755859375e+01 -7.783734202384948730e-01 -1.676890552043914795e-01 6.566570699214935303e-02 -9.424409866333007812e-01 2.817329168319702148e-01
-2.027252960205078125e+01 -3.336280059814453125e+01 -7.434090971946716309e-01 -1.753338277339935303e-01 6.442970037460327148e-02 -9.360578060150146484e-01 2.981651425361633301e-01
-2.040705490112304688e+01 -3.325912094116210938e+01 -7.031072974205017090e-01 -1.834581196308135986e-01 6.311191618442535400e-02 -9.290679097175598145e-01 3.149489164352416992e-01
-2.053955078125000000e+01 -3.316323852539062500e+01 -6.558691263198852539e-01 -1.919872611761093140e-01 6.166366115212440491e-02 -9.215549826622009277e-01 3.317752480506896973e-01
-2.066710853576660156e+01 -3.307159423828125000e+01 -6.028192043304443359e-01 -2.008501142263412476e-01 6.003820896148681641e-02 -9.136262536048889160e-01 3.483413755893707275e-01
-2.078693771362304688e+01 -3.298223876953125000e+01 -5.423592925071716309e-01 -2.099800705909729004e-01 5.819039791822433472e-02 -9.054105281829833984e-01 3.643542528152465820e-01
-2.089822196960449219e+01 -3.289387512207031250e+01 -4.764349162578582764e-01 -2.193145602941513062e-01 5.607719719409942627e-02 -8.970587253570556641e-01 3.795288503170013428e-01
-2.099997520446777344e+01 -3.280580520629882812e+01 -4.056313931941986084e-01 -2.287960648536682129e-01 5.365737527608871460e-02 -8.887407183647155762e-01 3.935901522636413574e-01
-2.109157752990722656e+01 -3.271770477294921875e+01 -3.307696580886840820e-01 -2.383715659379959106e-01 5.089120566844940186e-02 -8.806432485580444336e-01 4.062713980674743652e-01
-2.117373085021972656e+01 -3.262921905517578125e+01 -2.541729807853698730e-01 -2.479929327964782715e-01 4.773963987827301025e-02 -8.729656338691711426e-01 4.173146486282348633e-01
-2.124746513366699219e+01 -3.254009628295898438e+01 -1.779830902814865112e-01 -2.576159238815307617e-01 4.416435211896896362e-02 -8.659146428108215332e-01 4.264684617519378662e-01
-2.131374549865722656e+01 -3.245026016235351562e+01 -1.037380993366241455e-01 -2.671989500522613525e-01 4.012594372034072876e-02 -8.597003221511840820e-01 4.334858059883117676e-01
-2.137345123291015625e+01 -3.235980606079101562e+01 -3.248748555779457092e-02 -2.767027616500854492e-01 3.558488935232162476e-02 -8.545289039611816406e-01 4.381204843521118164e-01
-2.142739295959472656e+01 -3.226900482177734375e+01 3.513244539499282837e-02 -2.860876023769378662e-01 3.050013631582260132e-02 -8.505972623825073242e-01 4.401226043701171875e-01
-2.147638702392578125e+01 -3.217830276489257812e+01 9.867339581251144409e-02 -2.949433922767639160e-01 2.413107454776763916e-02 -8.480628728866577148e-01 4.395628571510314941e-01
-2.152055168151855469e+01 -3.208784484863281250e+01 1.584286391735076904e-01 -3.041982948780059814e-01 1.839493215084075928e-02 -8.468201756477355957e-01 4.359135627746582031e-01
-2.155954551696777344e+01 -3.199706649780273438e+01 2.130172699689865112e-01 -3.131040334701538086e-01 1.200708746910095215e-02 -8.468015789985656738e-01 4.298242330551147461e-01
-2.159530258178710938e+01 -3.190787506103515625e+01 2.636700272560119629e-01 -3.215640485286712646e-01 4.942223429679870605e-03 -8.478771448135375977e-01 4.215168654918670654e-01
-2.162725448608398438e+01 -3.181977462768554688e+01 3.098477125167846680e-01 -3.296562433242797852e-01 -2.474561333656311035e-03 -8.499042987823486328e-01 4.110757112503051758e-01
-2.165551757812500000e+01 -3.173325538635253906e+01 3.518417179584503174e-01 -3.373192548751831055e-01 -1.018381118774414062e-02 -8.527403473854064941e-01 3.986802697181701660e-01
-2.168100547790527344e+01 -3.164916992187500000e+01 3.905084133148193359e-01 -3.444909751415252686e-01 -1.812550425529479980e-02 -8.562411069869995117e-01 3.845109343528747559e-01
-2.170297813415527344e+01 -3.156720542907714844e+01 4.253036379814147949e-01 -3.511105775833129883e-01 -2.623857557773590088e-02 -8.602647781372070312e-01 3.687512278556823730e-01
-2.172247505187988281e+01 -3.148818969726562500e+01 4.571459889411926270e-01 -3.571187555789947510e-01 -3.446133434772491455e-02 -8.646752834320068359e-01 3.515897095203399658e-01
-2.173968124389648438e+01 -3.141240692138671875e+01 4.862504601478576660e-01 -3.624604940414428711e-01 -4.273170977830886841e-02 -8.693445920944213867e-01 3.332211673259735107e-01
-2.175383186340332031e+01 -3.133943367004394531e+01 5.120176672935485840e-01 -3.670849502086639404e-01 -5.098701268434524536e-02 -8.741561174392700195e-01 3.138472437858581543e-01
-2.176680183410644531e+01 -3.127048683166503906e+01 5.359834432601928711e-01 -3.709467351436614990e-01 -5.916517227888107300e-02 -8.790064454078674316e-01 2.936761677265167236e-01
-2.177845191955566406e+01 -3.120015716552734375e+01 5.591535568237304688e-01 -3.740072846412658691e-01 -6.720358878374099731e-02 -8.838072419166564941e-01 2.729229032993316650e-01
-2.178897476196289062e+01 -3.112856864929199219e+01 5.816898941993713379e-01 -3.762348592281341553e-01 -7.504093647003173828e-02 -8.884865045547485352e-01 2.518087923526763916e-01
-2.179957389831542969e+01 -3.105637168884277344e+01 6.045327782630920410e-01 -3.742037117481231689e-01 -8.168077468872070312e-02 -8.943921327590942383e-01 2.310031950473785400e-01
-2.180892944335937500e+01 -3.098296737670898438e+01 6.267297267913818359e-01 -3.723066151142120361e-01 -8.852951973676681519e-02 -8.997042179107666016e-01 2.099586278200149536e-01
-2.181721115112304688e+01 -3.090843772888183594e+01 6.484299898147583008e-01 -3.710789978504180908e-01 -9.549206495285034180e-02 -9.041379690170288086e-01 1.889867931604385376e-01
-2.182565879821777344e+01 -3.083331680297851562e+01 6.705586314201354980e-01 -3.705286681652069092e-01 -1.023093461990356445e-01 -9.076628088951110840e-01 1.684914976358413696e-01
-2.183340835571289062e+01 -3.075724792480468750e+01 6.925469636917114258e-01 -3.706055283546447754e-01 -1.087333410978317261e-01 -9.103113412857055664e-01 1.488674879074096680e-01
-2.184002876281738281e+01 -3.068002128601074219e+01 7.141370773315429688e-01 -3.712098896503448486e-01 -1.145488992333412170e-01 -9.121714830398559570e-01 1.304798275232315063e-01
-2.184684944152832031e+01 -3.060211372375488281e+01 7.361668348312377930e-01 -3.673026263713836670e-01 -1.193820387125015259e-01 -9.154230952262878418e-01 1.133019030094146729e-01
-2.185358428955078125e+01 -3.052339744567871094e+01 7.584928870201110840e-01 -3.626088798046112061e-01 -1.236613765358924866e-01 -9.185579419136047363e-01 9.733524918556213379e-02
-2.185865211486816406e+01 -3.044333648681640625e+01 7.800883054733276367e-01 -3.572088778018951416e-01 -1.274243742227554321e-01 -9.216057062149047852e-01 8.250923454761505127e-02
-2.186396026611328125e+01 -3.036251449584960938e+01 8.021807670593261719e-01 -3.511788249015808105e-01 -1.307079344987869263e-01 -9.245875477790832520e-01 6.875073164701461792e-02
-2.186949729919433594e+01 -3.028090095520019531e+01 8.247585892677307129e-01 -3.445923030376434326e-01 -1.335482299327850342e-01 -9.275164008140563965e-01 5.598459392786026001e-02
-2.187355422973632812e+01 -3.019802665710449219e+01 8.467625379562377930e-01 3.375192880630493164e-01 1.359808146953582764e-01 9.303988814353942871e-01 -4.413389787077903748e-02
-2.187732887268066406e+01 -3.011419296264648438e+01 8.689216375350952148e-01 3.300284743309020996e-01 1.380404978990554810e-01 9.332358241081237793e-01 -3.312039375305175781e-02
-2.188127899169921875e+01 -3.002951812744140625e+01 8.915114998817443848e-01 3.221853673458099365e-01 1.397618353366851807e-01 9.360236525535583496e-01 -2.286567166447639465e-02
-2.188497543334960938e+01 -2.994387817382812500e+01 9.142300486564636230e-01 3.140543997287750244e-01 1.411787271499633789e-01 9.387553930282592773e-01 -1.328992471098899841e-02
-2.188762664794921875e+01 -2.985707855224609375e+01 9.365488886833190918e-01 3.056989908218383789e-01 1.423246860504150391e-01 9.414207935333251953e-01 -4.313442856073379517e-03
-2.189040565490722656e+01 -2.976940917968750000e+01 9.592424035072326660e-01 2.971810102462768555e-01 1.432330459356307983e-01 9.440076947212219238e-01 4.144016653299331665e-03
-2.189331436157226562e+01 -2.968085861206054688e+01 9.822953343391418457e-01 2.885619401931762695e-01 1.439367681741714478e-01 9.465021491050720215e-01 1.216260343790054321e-02
-2.189545822143554688e+01 -2.959122085571289062e+01 1.005044817924499512e+00 2.799025177955627441e-01 1.444686949253082275e-01 9.488889575004577637e-01 1.982252299785614014e-02
-2.189721107482910156e+01 -2.950333976745605469e+01 1.027139306068420410e+00 2.712628245353698730e-01 1.448614299297332764e-01 9.511526823043823242e-01 2.720421925187110901e-02
-2.189892578125000000e+01 -2.941731452941894531e+01 1.048833608627319336e+00 2.627027332782745361e-01 1.451475769281387329e-01 9.532769918441772461e-01 3.438743576407432556e-02
-2.190056037902832031e+01 -2.933313369750976562e+01 1.070106506347656250e+00 2.542819678783416748e-01 1.453593075275421143e-01 9.552450180053710938e-01 4.145239293575286865e-02
-2.190131759643554688e+01 -2.925060462951660156e+01 1.090234041213989258e+00 2.460594177246093750e-01 1.455291807651519775e-01 9.570401310920715332e-01 4.847858101129531860e-02
-2.190201187133789062e+01 -2.916994094848632812e+01 1.109935402870178223e+00 2.380941510200500488e-01 1.456890255212783813e-01 9.586451649665832520e-01 5.554563552141189575e-02
-2.190262222290039062e+01 -2.909114456176757812e+01 1.129197478294372559e+00 2.304446995258331299e-01 1.458708792924880981e-01 9.600424766540527344e-01 6.273302435874938965e-02
-2.190313911437988281e+01 -2.901422309875488281e+01 1.148006558418273926e+00 2.231688946485519409e-01 1.461065262556076050e-01 9.612136483192443848e-01 7.011933624744415283e-02
-2.190297317504882812e+01 -2.893899345397949219e+01 1.165886521339416504e+00 2.162674665451049805e-01 1.458830684423446655e-01 9.622272253036499023e-01 7.788035273551940918e-02
-2.190271949768066406e+01 -2.886564445495605469e+01 1.183335065841674805e+00 2.097568809986114502e-01 1.456248760223388672e-01 9.630272984504699707e-01 8.586995303630828857e-02
-2.190239143371582031e+01 -2.879417991638183594e+01 1.200361251831054688e+00 2.036152184009552002e-01 1.453498452901840210e-01 9.636262059211730957e-01 9.401461482048034668e-02
-2.190201568603515625e+01 -2.872459411621093750e+01 1.216963529586791992e+00 1.978212296962738037e-01 1.450730562210083008e-01 9.640367627143859863e-01 1.022429093718528748e-01
-2.190142059326171875e+01 -2.865680694580078125e+01 1.232815623283386230e+00 1.923558115959167480e-01 1.448068171739578247e-01 9.642735719680786133e-01 1.104849204421043396e-01
-2.190071296691894531e+01 -2.859085083007812500e+01 1.248061895370483398e+00 1.871995776891708374e-01 1.445619016885757446e-01 9.643520712852478027e-01 1.186718121170997620e-01
-2.190000534057617188e+01 -2.852677154541015625e+01 1.262894272804260254e+00 1.823351234197616577e-01 1.443469524383544922e-01 9.642903804779052734e-01 1.267360448837280273e-01
-2.189932632446289062e+01 -2.846456527709960938e+01 1.277311325073242188e+00 1.777454018592834473e-01 1.441691815853118896e-01 9.641066193580627441e-01 1.346109807491302490e-01
-2.189868164062500000e+01 -2.840421867370605469e+01 1.291312217712402344e+00 1.734151840209960938e-01 1.440345793962478638e-01 9.638214111328125000e-01 1.422304958105087280e-01
-2.189801788330078125e+01 -2.834562873840332031e+01 1.304456710815429688e+00 1.693283319473266602e-01 1.439482718706130981e-01 9.634560942649841309e-01 1.495294570922851562e-01
-2.189741706848144531e+01 -2.828888320922851562e+01 1.317174196243286133e+00 1.654710769653320312e-01 1.439141482114791870e-01 9.630334377288818359e-01 1.564437150955200195e-01
-2.189690399169921875e+01 -2.823398208618164062e+01 1.329487442970275879e+00 1.618287712335586548e-01 1.439357995986938477e-01 9.625770449638366699e-01 1.629088521003723145e-01
-2.189647865295410156e+01 -2.818091201782226562e+01 1.341395378112792969e+00 1.583876013755798340e-01 1.440162956714630127e-01 9.621114134788513184e-01 1.688613146543502808e-01
-2.189616584777832031e+01 -2.812966728210449219e+01 1.352897644042968750e+00 1.551332771778106689e-01 1.441583633422851562e-01 9.616615772247314453e-01 1.742382347583770752e-01
-2.189607810974121094e+01 -2.808014678955078125e+01 1.363584756851196289e+00 1.520515382289886475e-01 1.443647444248199463e-01 9.612526297569274902e-01 1.789764463901519775e-01
-2.189613151550292969e+01 -2.803242301940917969e+01 1.373847365379333496e+00 1.491271853446960449e-01 1.446381658315658569e-01 9.609094858169555664e-01 1.830132156610488892e-01
-2.189633750915527344e+01 -2.798650169372558594e+01 1.383718729019165039e+00 1.463446021080017090e-01 1.449815928936004639e-01 9.606565237045288086e-01 1.862861514091491699e-01
-2.189669418334960938e+01 -2.794236183166503906e+01 1.393198013305664062e+00 1.436866074800491333e-01 1.453984081745147705e-01 9.605172276496887207e-01 1.887324303388595581e-01
-2.189722633361816406e+01 -2.790000343322753906e+01 1.402285218238830566e+00 1.411345303058624268e-01 1.458925902843475342e-01 9.605135917663574219e-01 1.902891695499420166e-01
-2.189809036254882812e+01 -2.785937500000000000e+01 1.410747647285461426e+00 1.386676281690597534e-01 1.464686244726181030e-01 9.606652855873107910e-01 1.908935606479644775e-01
-2.189911651611328125e+01 -2.782034683227539062e+01 1.419102549552917480e+00 1.358473747968673706e-01 1.450612992048263550e-01 9.612972736358642578e-01 1.908142268657684326e-01
-2.190026283264160156e+01 -2.778309059143066406e+01 1.427145361900329590e+00 1.329902410507202148e-01 1.434776782989501953e-01 9.621123075485229492e-01 1.899143457412719727e-01
-2.190150833129882812e+01 -2.774761962890625000e+01 1.434857249259948730e+00 1.300619840621948242e-01 1.417787671089172363e-01 9.630710482597351074e-01 1.883529275655746460e-01
-2.190280723571777344e+01 -2.771396446228027344e+01 1.442220926284790039e+00 1.270282417535781860e-01 1.400253176689147949e-01 9.641334414482116699e-01 1.862889677286148071e-01
-2.190413093566894531e+01 -2.768213844299316406e+01 1.449218273162841797e+00 1.238552629947662354e-01 1.382782012224197388e-01 9.652600884437561035e-01 1.838808953762054443e-01
-2.190559005737304688e+01 -2.765212059020996094e+01 1.455602526664733887e+00 1.205087751150131226e-01 1.365985721349716187e-01 9.664124846458435059e-01 1.812883317470550537e-01
-2.190711402893066406e+01 -2.762394905090332031e+01 1.461424827575683594e+00 1.169553175568580627e-01 1.350476294755935669e-01 9.675538539886474609e-01 1.786706149578094482e-01
-2.190852928161621094e+01 -2.759766769409179688e+01 1.466854333877563477e+00 1.131611317396163940e-01 1.336870193481445312e-01 9.686487913131713867e-01 1.761870831251144409e-01
-2.190980339050292969e+01 -2.757329750061035156e+01 1.471873998641967773e+00 1.090928986668586731e-01 1.325783133506774902e-01 9.696630835533142090e-01 1.739978194236755371e-01
-2.191089820861816406e+01 -2.755085182189941406e+01 1.476467370986938477e+00 1.047175601124763489e-01 1.317832171916961670e-01 9.705632328987121582e-01 1.722628474235534668e-01
-2.191178131103515625e+01 -2.753035163879394531e+01 1.480619072914123535e+00 1.000021249055862427e-01 1.313632875680923462e-01 9.713155031204223633e-01 1.711418628692626953e-01
-2.191241073608398438e+01 -2.751180648803710938e+01 1.484313726425170898e+00 9.491267800331115723e-02 1.313801109790802002e-01 9.718847274780273438e-01 1.707945764064788818e-01
-2.191274452209472656e+01 -2.749523544311523438e+01 1.487539291381835938e+00 8.941566199064254761e-02 1.318945586681365967e-01 9.722332954406738281e-01 1.713798046112060547e-01
-2.191286087036132812e+01 -2.748063468933105469e+01 1.490107893943786621e+00 8.347676694393157959e-02 1.329669803380966187e-01 9.723184704780578613e-01 1.730554401874542236e-01
-2.191264152526855469e+01 -2.746804618835449219e+01 1.492142438888549805e+00 7.706094533205032349e-02 1.346564888954162598e-01 9.720910787582397461e-01 1.759778857231140137e-01
-2.191198730468750000e+01 -2.745749855041503906e+01 1.493713855743408203e+00 7.013236731290817261e-02 1.370208263397216797e-01 9.714926481246948242e-01 1.803018450736999512e-01
-2.191087341308593750e+01 -2.744902801513671875e+01 1.494820833206176758e+00 6.265349686145782471e-02 1.401159018278121948e-01 9.704532027244567871e-01 1.861790269613265991e-01
-2.190914535522460938e+01 -2.744469642639160156e+01 1.495119333267211914e+00 5.458632484078407288e-02 1.439948529005050659e-01 9.688879251480102539e-01 1.937579512596130371e-01
-2.190679168701171875e+01 -2.744454574584960938e+01 1.494617462158203125e+00 4.589142277836799622e-02 1.487076580524444580e-01 9.666938781738281250e-01 2.031817138195037842e-01
-2.190424728393554688e+01 -2.743913078308105469e+01 1.494952917098999023e+00 3.652762621641159058e-02 1.543000340461730957e-01 9.637473821640014648e-01 2.145881950855255127e-01
-2.190152740478515625e+01 -2.742850494384765625e+01 1.496155619621276855e+00 2.647634223103523254e-02 1.607753634452819824e-01 9.599221944808959961e-01 2.280344963073730469e-01
-2.189868164062500000e+01 -2.741267585754394531e+01 1.498288869857788086e+00 1.581359654664993286e-02 1.679835617542266846e-01 9.551666975021362305e-01 2.432855814695358276e-01
-2.189580535888671875e+01 -2.739163589477539062e+01 1.501420736312866211e+00 4.641082137823104858e-03 1.757371574640274048e-01 9.494617581367492676e-01 2.600331306457519531e-01
-2.189294433593750000e+01 -2.736521911621093750e+01 1.505998492240905762e+00 -7.395092397928237915e-03 1.822964251041412354e-01 9.431082010269165039e-01 2.779573202133178711e-01
-2.189058113098144531e+01 -2.733327293395996094e+01 1.511599183082580566e+00 -2.041943743824958801e-02 1.870792210102081299e-01 9.362499713897705078e-01 2.966819703578948975e-01
-2.188863754272460938e+01 -2.729602432250976562e+01 1.517964720726013184e+00 -3.359346091747283936e-02 1.924743205308914185e-01 9.284523129463195801e-01 3.159137070178985596e-01
-2.188710975646972656e+01 -2.725346565246582031e+01 1.525230407714843750e+00 -4.672141373157501221e-02 1.984510123729705811e-01 9.197546243667602539e-01 3.353888392448425293e-01
-2.188671302795410156e+01 -2.720546722412109375e+01 1.532399415969848633e+00 -5.959981679916381836e-02 2.049521803855895996e-01 9.102280735969543457e-01 3.548623621463775635e-01
-2.188707923889160156e+01 -2.715204238891601562e+01 1.540124893188476562e+00 -7.202365249395370483e-02 2.118939310312271118e-01 8.999766111373901367e-01 3.741062879562377930e-01
-2.188952636718750000e+01 -2.709302711486816406e+01 1.546239018440246582e+00 -8.379334211349487305e-02 2.191664129495620728e-01 8.891395926475524902e-01 3.929063975811004639e-01
-2.189427757263183594e+01 -2.702849006652832031e+01 1.550263524055480957e+00 -9.472135454416275024e-02 2.266354262828826904e-01 8.778905272483825684e-01 4.110627174377441406e-01
-2.190286064147949219e+01 -2.695870018005371094e+01 1.549280166625976562e+00 -1.046393439173698425e-01 2.341441512107849121e-01 8.664381504058837891e-01 4.283830225467681885e-01
-2.191713333129882812e+01 -2.688482284545898438e+01 1.539202690124511719e+00 -1.134046092629432678e-01 2.415165305137634277e-01 8.550248742103576660e-01 4.446813762187957764e-01
-2.193706512451171875e+01 -2.680856895446777344e+01 1.516839385032653809e+00 -1.215250715613365173e-01 2.474219501018524170e-01 8.442593812942504883e-01 4.596084952354431152e-01
-2.195938491821289062e+01 -2.672960090637207031e+01 1.484213113784790039e+00 -1.306080818176269531e-01 2.488175779581069946e-01 8.353286981582641602e-01 4.725011289119720459e-01
-2.198138618469238281e+01 -2.664613723754882812e+01 1.445672631263732910e+00 -1.388881802558898926e-01 2.488212883472442627e-01 8.276038765907287598e-01 4.836008548736572266e-01
-2.200245094299316406e+01 -2.655726432800292969e+01 1.402991414070129395e+00 -1.462830901145935059e-01 2.473223209381103516e-01 8.213720321655273438e-01 4.927279651165008545e-01
-2.202293014526367188e+01 -2.646294212341308594e+01 1.356413364410400391e+00 -1.527118384838104248e-01 2.442060112953186035e-01 8.169099688529968262e-01 4.997003972530364990e-01
-2.204317855834960938e+01 -2.636308097839355469e+01 1.306189417839050293e+00 -1.580938398838043213e-01 2.393505275249481201e-01 8.144755959510803223e-01 5.043284296989440918e-01
-2.206352043151855469e+01 -2.625760269165039062e+01 1.252526521682739258e+00 -1.623461246490478516e-01 2.326224297285079956e-01 8.142981529235839844e-01 5.064079761505126953e-01
-2.208363723754882812e+01 -2.614654731750488281e+01 1.195208072662353516e+00 -1.654007732868194580e-01 2.239262759685516357e-01 8.165042996406555176e-01 5.057868361473083496e-01
-2.210370635986328125e+01 -2.602954483032226562e+01 1.135154843330383301e+00 -1.672577261924743652e-01 2.133632153272628784e-01 8.209234476089477539e-01 5.025790333747863770e-01
-2.212386703491210938e+01 -2.590670013427734375e+01 1.072428703308105469e+00 -1.679289340972900391e-01 2.010790705680847168e-01 8.272879123687744141e-01 4.969525933265686035e-01
-2.214092254638671875e+01 -2.578726005554199219e+01 1.012821435928344727e+00 -1.674223840236663818e-01 1.872158348560333252e-01 8.353065252304077148e-01 4.890633821487426758e-01
-2.215660667419433594e+01 -2.567171859741210938e+01 9.561822414398193359e-01 -1.657443195581436157e-01 1.719157993793487549e-01 8.446729779243469238e-01 4.790630340576171875e-01
-2.216991615295410156e+01 -2.555989265441894531e+01 9.028710722923278809e-01 -1.629017144441604614e-01 1.553238332271575928e-01 8.550742268562316895e-01 4.671032130718231201e-01
-2.218163490295410156e+01 -2.545211410522460938e+01 8.527849912643432617e-01 -1.589036583900451660e-01 1.375900804996490479e-01 8.661980032920837402e-01 4.533424675464630127e-01
-2.219105911254882812e+01 -2.534829330444335938e+01 8.062338232994079590e-01 -1.537639796733856201e-01 1.188713908195495605e-01 8.777395486831665039e-01 4.379489719867706299e-01
-2.219965744018554688e+01 -2.524900627136230469e+01 7.626707553863525391e-01 -1.475019454956054688e-01 9.933247417211532593e-02 8.894081711769104004e-01 4.211047291755676270e-01
-2.220499038696289062e+01 -2.515370559692382812e+01 7.232559323310852051e-01 -1.401436775922775269e-01 7.914605736732482910e-02 9.009330272674560547e-01 4.030077755451202393e-01
-2.221057128906250000e+01 -2.506345367431640625e+01 6.862820386886596680e-01 -1.317225992679595947e-01 5.849256739020347595e-02 9.120683073997497559e-01 3.838737607002258301e-01
-2.221275901794433594e+01 -2.497752952575683594e+01 6.536568999290466309e-01 -1.222800761461257935e-01 3.755897283554077148e-02 9.225991964340209961e-01 3.639336228370666504e-01
-2.221412467956542969e+01 -2.489660835266113281e+01 6.239427328109741211e-01 -1.118649169802665710e-01 1.653773896396160126e-02 9.323434829711914062e-01 3.434363305568695068e-01
-2.221583366394042969e+01 -2.482103729248046875e+01 5.964559912681579590e-01 -1.005328893661499023e-01 -4.375254735350608826e-03 9.411556720733642578e-01 3.226452171802520752e-01
-2.221301651000976562e+01 -2.475009918212890625e+01 5.739626884460449219e-01 -8.834564685821533203e-02 -2.498213388025760651e-02 9.489281773567199707e-01 3.018379807472229004e-01
-2.221040916442871094e+01 -2.468459129333496094e+01 5.535896420478820801e-01 -7.536985725164413452e-02 -4.508562013506889343e-02 9.555921554565429688e-01 2.813007831573486328e-01
-2.220824241638183594e+01 -2.462456703186035156e+01 5.350974798202514648e-01 -6.167531758546829224e-02 -6.449119746685028076e-02 9.611161351203918457e-01 2.613288760185241699e-01
-2.220352935791015625e+01 -2.456985282897949219e+01 5.202925205230712891e-01 -4.733332619071006775e-02 -8.300709724426269531e-02 9.655038118362426758e-01 2.422226071357727051e-01
-2.219726562500000000e+01 -2.452047729492187500e+01 5.084306001663208008e-01 -3.241499513387680054e-02 -1.004481837153434753e-01 9.687907099723815918e-01 2.242852151393890381e-01
-2.219164085388183594e+01 -2.447655296325683594e+01 4.979629516601562500e-01 -1.698894053697586060e-02 -1.166347563266754150e-01 9.710400104522705078e-01 2.078194618225097656e-01
-2.218660545349121094e+01 -2.443800735473632812e+01 4.888360500335693359e-01 -1.132505014538764954e-03 -1.314236670732498169e-01 9.723430275917053223e-01 1.930688172578811646e-01
-2.218215370178222656e+01 -2.440479278564453125e+01 4.810278117656707764e-01 1.503236405551433563e-02 -1.447951197624206543e-01 9.728277921676635742e-01 1.800397634506225586e-01
-2.217634773254394531e+01 -2.437696075439453125e+01 4.758071899414062500e-01 3.137453645467758179e-02 -1.567606478929519653e-01 9.726201891899108887e-01 1.686756610870361328e-01
-2.217116165161132812e+01 -2.435432624816894531e+01 4.718846082687377930e-01 4.776472598314285278e-02 -1.673344820737838745e-01 9.718354344367980957e-01 1.589134335517883301e-01
-2.216707038879394531e+01 -2.433680915832519531e+01 4.689639210700988770e-01 6.407641619443893433e-02 -1.765309870243072510e-01 9.705795645713806152e-01 1.506858170032501221e-01
-2.216409683227539062e+01 -2.432436752319335938e+01 4.670374989509582520e-01 8.018481731414794922e-02 -1.843664497137069702e-01 9.689508080482482910e-01 1.439224034547805786e-01
-2.215836334228515625e+01 -2.430269432067871094e+01 4.612447917461395264e-01 9.675655514001846313e-02 -1.853374838829040527e-01 9.681136012077331543e-01 1.380004137754440308e-01
-2.214974594116210938e+01 -2.427239608764648438e+01 4.531283378601074219e-01 1.127004697918891907e-01 -1.859530061483383179e-01 9.669249653816223145e-01 1.333268582820892334e-01
-2.213826179504394531e+01 -2.423348617553710938e+01 4.427319169044494629e-01 1.278992742300033569e-01 -1.864447444677352905e-01 9.654033780097961426e-01 1.299097836017608643e-01
-2.212207031250000000e+01 -2.418630409240722656e+01 4.312298595905303955e-01 1.422514170408248901e-01 -1.868830472230911255e-01 9.635977149009704590e-01 1.277445107698440552e-01
-2.210094261169433594e+01 -2.413088798522949219e+01 4.187774658203125000e-01 1.556484401226043701e-01 -1.873354911804199219e-01 9.615583419799804688e-01 1.268242746591567993e-01
-2.207634162902832031e+01 -2.406697654724121094e+01 4.044515788555145264e-01 1.679731309413909912e-01 -1.878651082515716553e-01 9.593368172645568848e-01 1.271391212940216064e-01
-2.204625892639160156e+01 -2.399516868591308594e+01 3.893752992153167725e-01 1.791007816791534424e-01 -1.885281205177307129e-01 9.569865465164184570e-01 1.286729723215103149e-01
-2.201058959960937500e+01 -2.391549301147460938e+01 3.736065626144409180e-01 1.888992786407470703e-01 -1.893711090087890625e-01 9.545624852180480957e-01 1.314005404710769653e-01
-2.196990203857421875e+01 -2.382792854309082031e+01 3.565444946289062500e-01 1.972281634807586670e-01 -1.904272884130477905e-01 9.521223902702331543e-01 1.352826058864593506e-01
-2.192347526550292969e+01 -2.373274803161621094e+01 3.383322060108184814e-01 2.039897888898849487e-01 -1.913899779319763184e-01 9.497913718223571777e-01 1.401943266391754150e-01
-2.187286567687988281e+01 -2.362905693054199219e+01 3.160351514816284180e-01 2.101110219955444336e-01 -1.852660477161407471e-01 9.490243196487426758e-01 1.445077061653137207e-01
-2.181816291809082031e+01 -2.351735305786132812e+01 2.905874550342559814e-01 2.146369963884353638e-01 -1.779391914606094360e-01 9.486625194549560547e-01 1.493590772151947021e-01
-2.176697731018066406e+01 -2.341080093383789062e+01 2.627038657665252686e-01 2.174501419067382812e-01 -1.694124191999435425e-01 9.487321972846984863e-01 1.546678394079208374e-01
-2.172088813781738281e+01 -2.330914688110351562e+01 2.314385920763015747e-01 2.184316813945770264e-01 -1.596862226724624634e-01 9.492498040199279785e-01 1.603515446186065674e-01
-2.167896842956542969e+01 -2.321246528625488281e+01 1.986010670661926270e-01 2.175116837024688721e-01 -1.487813889980316162e-01 9.502042531967163086e-01 1.663267910480499268e-01
-2.164452552795410156e+01 -2.312093162536621094e+01 1.604861468076705933e-01 2.148263752460479736e-01 -1.368086338043212891e-01 9.515106678009033203e-01 1.725118309259414673e-01
-2.161370468139648438e+01 -2.303468704223632812e+01 1.220022588968276978e-01 2.105633914470672607e-01 -1.239019930362701416e-01 9.530649185180664062e-01 1.788251250982284546e-01
-2.158707427978515625e+01 -2.295384788513183594e+01 8.247253298759460449e-02 2.049117684364318848e-01 -1.101968958973884583e-01 9.547640681266784668e-01 1.851845234632492065e-01
-2.156326675415039062e+01 -2.287835884094238281e+01 4.354156553745269775e-02 1.980626136064529419e-01 -9.583079814910888672e-02 9.565103054046630859e-01 1.915090829133987427e-01
-2.154213905334472656e+01 -2.280820274353027344e+01 5.389404017478227615e-03 1.902097463607788086e-01 -8.094364404678344727e-02 9.582147598266601562e-01 1.977192014455795288e-01
-2.152272415161132812e+01 -2.274317359924316406e+01 -3.081817552447319031e-02 1.815505176782608032e-01 -6.567716598510742188e-02 9.598007202148437500e-01 2.037366181612014771e-01
-2.150529670715332031e+01 -2.268342781066894531e+01 -6.552001833915710449e-02 1.722856611013412476e-01 -5.017590522766113281e-02 9.612052440643310547e-01 2.094864547252655029e-01
-2.148925209045410156e+01 -2.262861824035644531e+01 -9.766906499862670898e-02 1.626188308000564575e-01 -3.458621725440025330e-02 9.623814821243286133e-01 2.148971259593963623e-01
-2.147439002990722656e+01 -2.257888221740722656e+01 -1.273831129074096680e-01 1.527568399906158447e-01 -1.905523799359798431e-02 9.632995724678039551e-01 2.199003845453262329e-01
-2.146084976196289062e+01 -2.253411483764648438e+01 -1.545410156250000000e-01 1.429088115692138672e-01 -3.731347620487213135e-03 9.639467000961303711e-01 2.244322896003723145e-01
-2.144875526428222656e+01 -2.249423789978027344e+01 -1.790444850921630859e-01 1.332862079143524170e-01 1.123701222240924835e-02 9.643272161483764648e-01 2.284327149391174316e-01
-2.143798828125000000e+01 -2.245922851562500000e+01 -2.008001655340194702e-01 1.241013705730438232e-01 2.570189535617828369e-02 9.644615054130554199e-01 2.318456172943115234e-01
-2.142800331115722656e+01 -2.242908096313476562e+01 -2.194897383451461792e-01 1.155669093132019043e-01 3.951651602983474731e-02 9.643841385841369629e-01 2.346182912588119507e-01
-2.141964721679687500e+01 -2.240374755859375000e+01 -2.355288714170455933e-01 1.078960448503494263e-01 5.253536999225616455e-02 9.641424417495727539e-01 2.367018312215805054e-01
-2.141293334960937500e+01 -2.238320350646972656e+01 -2.488998323678970337e-01 1.013015657663345337e-01 6.461474299430847168e-02 9.637922644615173340e-01 2.380490750074386597e-01
-2.140789413452148438e+01 -2.236742210388183594e+01 -2.595843374729156494e-01 9.599552303552627563e-02 7.561277598142623901e-02 9.633953571319580078e-01 2.386144697666168213e-01
-2.140454101562500000e+01 -2.235636138916015625e+01 -2.675659060478210449e-01 9.218920767307281494e-02 8.538943529129028320e-02 9.630149006843566895e-01 2.383529096841812134e-01
-2.140290069580078125e+01 -2.235000419616699219e+01 -2.728256285190582275e-01 9.009222686290740967e-02 9.380638599395751953e-02 9.627103805541992188e-01 2.372181117534637451e-01
-2.140299797058105469e+01 -2.234832000732421875e+01 -2.753445506095886230e-01 8.991424739360809326e-02 1.007262021303176880e-01 9.625325798988342285e-01 2.351608276367187500e-01
-2.140128326416015625e+01 -2.233998489379882812e+01 -2.809130847454071045e-01 9.179571270942687988e-02 1.060553044080734253e-01 9.625097513198852539e-01 2.321654111146926880e-01
-2.139774894714355469e+01 -2.232500839233398438e+01 -2.895397841930389404e-01 9.560539573431015015e-02 1.098715215921401978e-01 9.626214504241943359e-01 2.283584624528884888e-01
-2.139162063598632812e+01 -2.230339813232421875e+01 -3.007122874259948730e-01 1.011436432600021362e-01 1.122940331697463989e-01 9.628236293792724609e-01 2.238989621400833130e-01
-2.138769531250000000e+01 -2.228815460205078125e+01 -3.083233535289764404e-01 1.082087606191635132e-01 1.134409159421920776e-01 9.630604982376098633e-01 2.189439535140991211e-01
-2.138619613647460938e+01 -2.227930068969726562e+01 -3.125945925712585449e-01 1.165986433625221252e-01 1.134298294782638550e-01 9.632716178894042969e-01 2.136497050523757935e-01
-2.138709449768066406e+01 -2.227687454223632812e+01 -3.135394155979156494e-01 1.261100769042968750e-01 1.123786121606826782e-01 9.633960127830505371e-01 2.081717550754547119e-01
-2.138718223571777344e+01 -2.227215194702148438e+01 -3.153546154499053955e-01 1.365404725074768066e-01 1.104055047035217285e-01 9.633759260177612305e-01 2.026675045490264893e-01
-2.138641548156738281e+01 -2.226516723632812500e+01 -3.180599808692932129e-01 1.476868391036987305e-01 1.076299250125885010e-01 9.631608128547668457e-01 1.972952187061309814e-01
-2.138474655151367188e+01 -2.225594711303710938e+01 -3.216787576675415039e-01 1.593472510576248169e-01 1.041724383831024170e-01 9.627094864845275879e-01 1.922158151865005493e-01
-2.138212776184082031e+01 -2.224450683593750000e+01 -3.262386918067932129e-01 1.713207513093948364e-01 1.001549512147903442e-01 9.619912505149841309e-01 1.875921189785003662e-01
-2.137851524353027344e+01 -2.223087310791015625e+01 -3.317715525627136230e-01 1.834086328744888306e-01 9.570042788982391357e-02 9.609878063201904297e-01 1.835894286632537842e-01
-2.137386703491210938e+01 -2.221506309509277344e+01 -3.383126854896545410e-01 1.954138725996017456e-01 9.093299508094787598e-02 9.596924185752868652e-01 1.803747862577438354e-01
-2.136813354492187500e+01 -2.219709968566894531e+01 -3.459005653858184814e-01 2.071413248777389526e-01 8.597773313522338867e-02 9.581099152565002441e-01 1.781175434589385986e-01
-2.136129760742187500e+01 -2.217699623107910156e+01 -3.545773327350616455e-01 2.183990329504013062e-01 8.095997571945190430e-02 9.562543034553527832e-01 1.769883930683135986e-01
-2.135249900817871094e+01 -2.215478515625000000e+01 -3.637005388736724854e-01 2.289970964193344116e-01 7.600529491901397705e-02 9.541479349136352539e-01 1.771591603755950928e-01
-2.134166526794433594e+01 -2.213048362731933594e+01 -3.732766509056091309e-01 2.387469261884689331e-01 7.123909890651702881e-02 9.518164992332458496e-01 1.788025200366973877e-01
-2.132946205139160156e+01 -2.210410690307617188e+01 -3.839392066001892090e-01 2.474618703126907349e-01 6.678631901741027832e-02 9.492866992950439453e-01 1.820906251668930054e-01
-2.131586456298828125e+01 -2.207567787170410156e+01 -3.957290649414062500e-01 2.549551129341125488e-01 6.277084350585937500e-02 9.465809464454650879e-01 1.871957778930664062e-01
-2.130084419250488281e+01 -2.204523468017578125e+01 -4.086813330650329590e-01 2.610388100147247314e-01 5.931537598371505737e-02 9.437119960784912109e-01 1.942889839410781860e-01
-2.128331947326660156e+01 -2.201292419433593750e+01 -4.217880070209503174e-01 2.655230760574340820e-01 5.654120072722434998e-02 9.406768679618835449e-01 2.035378962755203247e-01
-2.126233291625976562e+01 -2.197888183593750000e+01 -4.341506958007812500e-01 2.682715058326721191e-01 5.453683435916900635e-02 9.374515414237976074e-01 2.150362581014633179e-01
-2.123975944519042969e+01 -2.194293594360351562e+01 -4.475033581256866455e-01 2.693757414817810059e-01 5.326569825410842896e-02 9.339948892593383789e-01 2.285890579223632812e-01
-2.121567916870117188e+01 -2.190509033203125000e+01 -4.618035852909088135e-01 2.689812481403350830e-01 5.265974998474121094e-02 9.302556514739990234e-01 2.439270466566085815e-01
-2.118795776367187500e+01 -2.186610221862792969e+01 -4.753854274749755859e-01 2.672348618507385254e-01 5.265022814273834229e-02 9.261795282363891602e-01 2.607775330543518066e-01
-2.115727043151855469e+01 -2.182575798034667969e+01 -4.886517226696014404e-01 2.642839252948760986e-01 5.316842347383499146e-02 9.217160940170288086e-01 2.788663506507873535e-01
-2.112510299682617188e+01 -2.178357696533203125e+01 -5.025902986526489258e-01 2.602798044681549072e-01 5.414560437202453613e-02 9.168241620063781738e-01 2.979197204113006592e-01
-2.108974075317382812e+01 -2.174051475524902344e+01 -5.163311362266540527e-01 2.553778588771820068e-01 5.551385134458541870e-02 9.114763140678405762e-01 3.176652193069458008e-01
-2.105068778991699219e+01 -2.169687271118164062e+01 -5.295705795288085938e-01 2.497398406267166138e-01 5.720563232898712158e-02 9.056634902954101562e-01 3.378329575061798096e-01
-2.101016998291015625e+01 -2.165140914916992188e+01 -5.432897806167602539e-01 2.435325682163238525e-01 5.915468186140060425e-02 8.993965983390808105e-01 3.581597506999969482e-01
-2.096581459045410156e+01 -2.160593414306640625e+01 -5.570480227470397949e-01 2.369295507669448853e-01 6.129585206508636475e-02 8.927088975906372070e-01 3.783885836601257324e-01
-2.091834831237792969e+01 -2.155987739562988281e+01 -5.709451436996459961e-01 2.301098853349685669e-01 6.356591731309890747e-02 8.856576085090637207e-01 3.982704877853393555e-01
-2.086941337585449219e+01 -2.151196289062500000e+01 -5.852447152137756348e-01 2.232580482959747314e-01 6.590338796377182007e-02 8.783226609230041504e-01 4.175665378570556641e-01
-2.081544303894042969e+01 -2.146567916870117188e+01 -6.005337238311767578e-01 2.165627181529998779e-01 6.824885308742523193e-02 8.708062767982482910e-01 4.360494017601013184e-01
-2.075967788696289062e+01 -2.141779708862304688e+01 -6.162966489791870117e-01 2.102168202400207520e-01 7.054500281810760498e-02 8.632310032844543457e-01 4.535025656223297119e-01
-2.070120620727539062e+01 -2.136948204040527344e+01 -6.331670880317687988e-01 2.044161856174468994e-01 7.273638993501663208e-02 8.557373285293579102e-01 4.697200059890747070e-01
-2.063894081115722656e+01 -2.132207489013671875e+01 -6.517889499664306641e-01 1.993581205606460571e-01 7.477014511823654175e-02 8.484805822372436523e-01 4.845064878463745117e-01
-2.057507705688476562e+01 -2.127270889282226562e+01 -6.709582209587097168e-01 1.952411681413650513e-01 7.659457623958587646e-02 8.416253924369812012e-01 4.976753592491149902e-01
-2.050739288330078125e+01 -2.122509002685546875e+01 -6.931341290473937988e-01 1.922644972801208496e-01 7.815933227539062500e-02 8.353429436683654785e-01 5.090457797050476074e-01
-2.043746566772460938e+01 -2.117645263671875000e+01 -7.166149616241455078e-01 1.906264126300811768e-01 7.941476255655288696e-02 8.298035264015197754e-01 5.184408426284790039e-01
-2.036539459228515625e+01 -2.112690925598144531e+01 -7.417205572128295898e-01 1.905243098735809326e-01 8.031092584133148193e-02 8.251719474792480469e-01 5.256822705268859863e-01
-2.028983879089355469e+01 -2.107917976379394531e+01 -7.701635360717773438e-01 1.909902691841125488e-01 7.910631597042083740e-02 8.217324614524841309e-01 5.310561060905456543e-01
-2.021246528625488281e+01 -2.102952575683593750e+01 -7.993646264076232910e-01 1.927867829799652100e-01 7.721082121133804321e-02 8.193133473396301270e-01 5.344132184982299805e-01
-2.013245010375976562e+01 -2.098112678527832031e+01 -8.321582078933715820e-01 1.957661658525466919e-01 7.468631118535995483e-02 8.178182840347290039e-01 5.359764695167541504e-01
-2.005003929138183594e+01 -2.093293952941894531e+01 -8.675420880317687988e-01 1.997887492179870605e-01 7.160738110542297363e-02 8.171344399452209473e-01 5.359552502632141113e-01
-1.997071647644042969e+01 -2.088607215881347656e+01 -9.016369581222534180e-01 2.047189176082611084e-01 6.805847585201263428e-02 8.171396851539611816e-01 5.345473289489746094e-01
-1.989411544799804688e+01 -2.084310531616210938e+01 -9.368322491645812988e-01 2.104224264621734619e-01 6.413006037473678589e-02 8.177077174186706543e-01 5.319433212280273438e-01
-1.982052612304687500e+01 -2.080187034606933594e+01 -9.710171222686767578e-01 2.167623639106750488e-01 5.991736799478530884e-02 8.187142610549926758e-01 5.283283591270446777e-01
-1.974999046325683594e+01 -2.076201438903808594e+01 -1.003811597824096680e+00 2.235977947711944580e-01 5.551761388778686523e-02 8.200405240058898926e-01 5.238847136497497559e-01
-1.968248939514160156e+01 -2.072440910339355469e+01 -1.036162137985229492e+00 2.307827323675155640e-01 5.102806538343429565e-02 8.215770125389099121e-01 5.187933444976806641e-01
-1.961800765991210938e+01 -2.068877792358398438e+01 -1.067691326141357422e+00 2.381639331579208374e-01 4.654493182897567749e-02 8.232251405715942383e-01 5.132366418838500977e-01
-1.955650329589843750e+01 -2.065463829040527344e+01 -1.097774624824523926e+00 2.455828934907913208e-01 4.216048121452331543e-02 8.248984217643737793e-01 5.073994398117065430e-01
-1.949795913696289062e+01 -2.062203598022460938e+01 -1.126419663429260254e+00 2.528747320175170898e-01 3.796256333589553833e-02 8.265229463577270508e-01 5.014708638191223145e-01
-1.944251441955566406e+01 -2.059119033813476562e+01 -1.154144883155822754e+00 2.598700523376464844e-01 3.403257578611373901e-02 8.280366063117980957e-01 4.956457912921905518e-01
-1.939003944396972656e+01 -2.056204986572265625e+01 -1.180680513381958008e+00 2.663962543010711670e-01 3.044450283050537109e-02 8.293871879577636719e-01 4.901254773139953613e-01
-1.934041976928710938e+01 -2.053458023071289062e+01 -1.205765962600708008e+00 2.722790837287902832e-01 2.726391702890396118e-02 8.305300474166870117e-01 4.851190447807312012e-01
-1.929362297058105469e+01 -2.050882720947265625e+01 -1.229412555694580078e+00 2.773448526859283447e-01 2.454762905836105347e-02 8.314241766929626465e-01 4.808439612388610840e-01
-1.924959373474121094e+01 -2.048484420776367188e+01 -1.251631498336791992e+00 2.814223766326904297e-01 2.234457433223724365e-02 8.320291042327880859e-01 4.775244593620300293e-01
-1.920853424072265625e+01 -2.046240615844726562e+01 -1.272591471672058105e+00 2.843455374240875244e-01 2.069623023271560669e-02 8.322983980178833008e-01 4.753929376602172852e-01
-1.917028808593750000e+01 -2.044169807434082031e+01 -1.292226791381835938e+00 2.859565019607543945e-01 1.963837444782257080e-02 8.321750164031982422e-01 4.746870994567871094e-01
-1.913468742370605469e+01 -2.042294311523437500e+01 -1.310447335243225098e+00 2.861090600490570068e-01 1.920402795076370239e-02 8.315840959548950195e-01 4.756474494934082031e-01
-1.910070800781250000e+01 -2.040668296813964844e+01 -1.325551152229309082e+00 2.808088064193725586e-01 1.265858858823776245e-02 8.305744528770446777e-01 4.807619452476501465e-01
-1.906928253173828125e+01 -2.039249992370605469e+01 -1.339000463485717773e+00 2.734392881393432617e-01 5.909062922000885010e-03 8.289433717727661133e-01 4.879024326801300049e-01
-1.904047775268554688e+01 -2.038037109375000000e+01 -1.350797414779663086e+00 2.641155719757080078e-01 -9.529441595077514648e-04 8.266483545303344727e-01 4.968848824501037598e-01
-1.900926208496093750e+01 -2.036754608154296875e+01 -1.363560795783996582e+00 2.529515326023101807e-01 -7.834956049919128418e-03 8.236385583877563477e-01 5.075170993804931641e-01
-1.897582054138183594e+01 -2.035381507873535156e+01 -1.377276301383972168e+00 2.400620877742767334e-01 -1.464391499757766724e-02 8.198591470718383789e-01 5.196025371551513672e-01
-1.894048690795898438e+01 -2.033860969543457031e+01 -1.391907334327697754e+00 2.255644053220748901e-01 -2.128569781780242920e-02 8.152552247047424316e-01 5.329413414001464844e-01
-1.890299224853515625e+01 -2.032256126403808594e+01 -1.407496333122253418e+00 2.095808088779449463e-01 -2.766609191894531250e-02 8.097763657569885254e-01 5.473322868347167969e-01
-1.886340713500976562e+01 -2.030563545227050781e+01 -1.424044132232666016e+00 1.922382861375808716e-01 -3.369006514549255371e-02 8.033797740936279297e-01 5.625748038291931152e-01
-1.882179641723632812e+01 -2.028778457641601562e+01 -1.441557288169860840e+00 1.736703515052795410e-01 -3.926298394799232483e-02 7.960327267646789551e-01 5.784713029861450195e-01
-1.877821159362792969e+01 -2.026896286010742188e+01 -1.460045456886291504e+00 1.540169864892959595e-01 -4.429050534963607788e-02 7.877159118652343750e-01 5.948284268379211426e-01
-1.873293876647949219e+01 -2.024863815307617188e+01 -1.479406952857971191e+00 1.334249377250671387e-01 -4.867959395051002502e-02 7.784248590469360352e-01 6.114596724510192871e-01
-1.868661499023437500e+01 -2.022546386718750000e+01 -1.499348402023315430e+00 1.120472475886344910e-01 -5.233878269791603088e-02 7.681713700294494629e-01 6.281868815422058105e-01
-1.863849639892578125e+01 -2.020104408264160156e+01 -1.520297169685363770e+00 9.004219621419906616e-02 -5.517841503024101257e-02 7.569851875305175781e-01 6.448420286178588867e-01
-1.858859252929687500e+01 -2.017532348632812500e+01 -1.542281150817871094e+00 6.757339090108871460e-02 -5.711189284920692444e-02 7.449129223823547363e-01 6.612691283226013184e-01
-1.853691864013671875e+01 -2.014824104309082031e+01 -1.565332651138305664e+00 4.480743780732154846e-02 -5.805515125393867493e-02 7.320199608802795410e-01 6.773246526718139648e-01
-1.848554229736328125e+01 -2.011565589904785156e+01 -1.588061809539794922e+00 2.191336452960968018e-02 -5.792757868766784668e-02 7.183877229690551758e-01 6.928803920745849609e-01
-1.843257713317871094e+01 -2.008118820190429688e+01 -1.611790180206298828e+00 -9.390898048877716064e-04 -5.665147304534912109e-02 7.041144371032714844e-01 7.078223824501037598e-01
-1.837788963317871094e+01 -2.004502677917480469e+01 -1.636641144752502441e+00 -2.358075976371765137e-02 -5.415299907326698303e-02 6.893129944801330566e-01 7.220519781112670898e-01
-1.832463264465332031e+01 -2.000192451477050781e+01 -1.660265445709228516e+00 -4.584428295493125916e-02 -5.036132410168647766e-02 6.741083860397338867e-01 7.354860901832580566e-01
-1.827120018005371094e+01 -1.995441818237304688e+01 -1.683889150619506836e+00 -6.756584346294403076e-02 -4.520767182111740112e-02 6.586372256278991699e-01 7.480561733245849609e-01
-1.821734809875488281e+01 -1.990330886840820312e+01 -1.707759380340576172e+00 -8.859584480524063110e-02 -3.866497427225112915e-02 6.430319547653198242e-01 7.597143054008483887e-01
-1.816784667968750000e+01 -1.984281349182128906e+01 -1.728595495223999023e+00 -1.088297963142395020e-01 -3.086146712303161621e-02 6.273845434188842773e-01 7.704493403434753418e-01
-1.811844253540039062e+01 -1.977855873107910156e+01 -1.749351739883422852e+00 -1.281766593456268311e-01 -2.196560427546501160e-02 6.117789745330810547e-01 7.802657485008239746e-01
-1.807608413696289062e+01 -1.970455551147460938e+01 -1.765609979629516602e+00 -1.465496718883514404e-01 -1.214718446135520935e-02 5.963032841682434082e-01 7.891756296157836914e-01
-1.803829956054687500e+01 -1.962456703186035156e+01 -1.779173493385314941e+00 -1.638661772012710571e-01 -1.575954258441925049e-03 5.810487866401672363e-01 7.971999645233154297e-01
-1.800596237182617188e+01 -1.953807830810546875e+01 -1.789506793022155762e+00 -1.800471991300582886e-01 9.579114615917205811e-03 5.661107301712036133e-01 8.043691515922546387e-01
-1.798565864562988281e+01 -1.944422721862792969e+01 -1.793272614479064941e+00 -1.950191706418991089e-01 2.114971727132797241e-02 5.515879988670349121e-01 8.107223510742187500e-01
-1.797234344482421875e+01 -1.934612083435058594e+01 -1.793584227561950684e+00 -2.087127715349197388e-01 3.296947479248046875e-02 5.375819802284240723e-01 8.163073658943176270e-01
-1.796621513366699219e+01 -1.924416923522949219e+01 -1.790581345558166504e+00 -2.210625708103179932e-01 4.487445950508117676e-02 5.241968631744384766e-01 8.211792111396789551e-01
-1.796651268005371094e+01 -1.913915634155273438e+01 -1.785265445709228516e+00 -2.309634685516357422e-01 5.735002458095550537e-02 5.114663839340209961e-01 8.256930112838745117e-01
-1.797176742553710938e+01 -1.903190803527832031e+01 -1.779583096504211426e+00 -2.356400191783905029e-01 7.181780040264129639e-02 4.992200732231140137e-01 8.307197093963623047e-01
-1.797941398620605469e+01 -1.892179679870605469e+01 -1.774454951286315918e+00 -2.395709306001663208e-01 8.529055863618850708e-02 4.878530502319335938e-01 8.350632786750793457e-01
-1.799108314514160156e+01 -1.880899620056152344e+01 -1.769769549369812012e+00 -2.428254783153533936e-01 9.760439395904541016e-02 4.775317311286926270e-01 8.387327790260314941e-01
-1.800644493103027344e+01 -1.869358062744140625e+01 -1.765304803848266602e+00 -2.454779744148254395e-01 1.085947006940841675e-01 4.684244394302368164e-01 8.417400121688842773e-01
-1.802435493469238281e+01 -1.857543182373046875e+01 -1.760901808738708496e+00 -2.476024329662322998e-01 1.180953308939933777e-01 4.606969356536865234e-01 8.440999388694763184e-01
-1.804626846313476562e+01 -1.845483779907226562e+01 -1.756535291671752930e+00 -2.492663562297821045e-01 1.259372681379318237e-01 4.545074999332427979e-01 8.458303213119506836e-01
-1.806861305236816406e+01 -1.833121871948242188e+01 -1.752020835876464844e+00 -2.505232691764831543e-01 1.319470703601837158e-01 4.500005841255187988e-01 8.469518423080444336e-01
-1.809395027160644531e+01 -1.820504379272460938e+01 -1.747382521629333496e+00 -2.514044046401977539e-01 1.359457224607467651e-01 4.472993910312652588e-01 8.474891185760498047e-01
-1.812067794799804688e+01 -1.807053375244140625e+01 -1.742374181747436523e+00 -2.519097924232482910e-01 1.377478539943695068e-01 4.464982151985168457e-01 8.474705219268798828e-01
-1.814996528625488281e+01 -1.792793083190917969e+01 -1.736962199211120605e+00 -2.519990205764770508e-01 1.371621638536453247e-01 4.476537406444549561e-01 8.469292521476745605e-01
-1.818156242370605469e+01 -1.777844238281250000e+01 -1.733081340789794922e+00 -2.437915056943893433e-01 1.382102668285369873e-01 4.494727253913879395e-01 8.481968641281127930e-01
-1.821470642089843750e+01 -1.762086677551269531e+01 -1.729178786277770996e+00 -2.337223142385482788e-01 1.376748979091644287e-01 4.527783393859863281e-01 8.493593931198120117e-01
-1.825069808959960938e+01 -1.745548820495605469e+01 -1.725136399269104004e+00 -2.220012843608856201e-01 1.356992721557617188e-01 4.573332071304321289e-01 8.503807187080383301e-01
-1.828853988647460938e+01 -1.728207397460937500e+01 -1.720977187156677246e+00 -2.088380157947540283e-01 1.324267387390136719e-01 4.628967344760894775e-01 8.512205481529235840e-01
-1.832807159423828125e+01 -1.710058593750000000e+01 -1.716670513153076172e+00 -1.944446116685867310e-01 1.280016005039215088e-01 4.692283868789672852e-01 8.518401384353637695e-01
-1.837023353576660156e+01 -1.691123199462890625e+01 -1.712072372436523438e+00 -1.790368854999542236e-01 1.225703507661819458e-01 4.760913252830505371e-01 8.522085547447204590e-01
-1.841434478759765625e+01 -1.671386528015136719e+01 -1.707213997840881348e+00 -1.628353297710418701e-01 1.162823289632797241e-01 4.832544624805450439e-01 8.523076176643371582e-01
-1.845845222473144531e+01 -1.651646995544433594e+01 -1.702384352684020996e+00 -1.460660696029663086e-01 1.092899441719055176e-01 4.904956519603729248e-01 8.521352410316467285e-01
-1.850287628173828125e+01 -1.631914520263671875e+01 -1.697487711906433105e+00 -1.289601922035217285e-01 1.017488688230514526e-01 4.976029396057128906e-01 8.517087697982788086e-01
-1.854773330688476562e+01 -1.612194633483886719e+01 -1.692467331886291504e+00 -1.117534041404724121e-01 9.381809085607528687e-02 5.043766498565673828e-01 8.510661125183105469e-01
-1.859264183044433594e+01 -1.592480659484863281e+01 -1.687352538108825684e+00 -9.468570351600646973e-02 8.565851300954818726e-02 5.106302499771118164e-01 8.502669334411621094e-01
-1.863760185241699219e+01 -1.572777271270751953e+01 -1.682108402252197266e+00 -7.799878716468811035e-02 7.743369042873382568e-02 5.161908864974975586e-01 8.493923544883728027e-01
-1.868320846557617188e+01 -1.553102493286132812e+01 -1.676770329475402832e+00 -6.193689256906509399e-02 6.930820643901824951e-02 5.208983421325683594e-01 8.485429286956787109e-01
-1.873037147521972656e+01 -1.533483600616455078e+01 -1.671418666839599609e+00 -4.674452543258666992e-02 6.144694611430168152e-02 5.246049761772155762e-01 8.478376865386962891e-01
-1.877764129638671875e+01 -1.513890838623046875e+01 -1.665854096412658691e+00 -3.266525641083717346e-02 5.401494726538658142e-02 5.271732211112976074e-01 8.474100232124328613e-01
-1.882502365112304688e+01 -1.494330978393554688e+01 -1.660056114196777344e+00 -1.994119212031364441e-02 4.717627912759780884e-02 5.284727811813354492e-01 8.474038839340209961e-01
-1.887254333496093750e+01 -1.474809741973876953e+01 -1.654004216194152832e+00 -8.812700398266315460e-03 4.109404236078262329e-02 5.283775925636291504e-01 8.479686379432678223e-01
-1.892155265808105469e+01 -1.455365943908691406e+01 -1.647896409034729004e+00 4.826020449399948120e-04 3.592950850725173950e-02 5.267608761787414551e-01 8.492535948753356934e-01
-1.897240257263183594e+01 -1.436013126373291016e+01 -1.641762375831604004e+00 7.709627971053123474e-03 3.184230253100395203e-02 5.234909057617187500e-01 8.514011502265930176e-01
-1.902344131469726562e+01 -1.416716289520263672e+01 -1.635306358337402344e+00 1.263592950999736786e-02 2.899021282792091370e-02 5.184246897697448730e-01 8.545382618904113770e-01
-1.907472610473632812e+01 -1.397478199005126953e+01 -1.628505468368530273e+00 1.510240230709314346e-02 2.748623117804527283e-02 5.114598870277404785e-01 8.587346673011779785e-01
-1.912624549865722656e+01 -1.378294849395751953e+01 -1.621369242668151855e+00 1.523391995579004288e-02 2.727082371711730957e-02 5.027071833610534668e-01 8.638920783996582031e-01
-1.917829132080078125e+01 -1.359167480468750000e+01 -1.613962411880493164e+00 1.322635915130376816e-02 2.824039757251739502e-02 4.923215508460998535e-01 8.698545694351196289e-01
-1.923415565490722656e+01 -1.340176200866699219e+01 -1.606889247894287109e+00 9.275921620428562164e-03 3.029068186879158020e-02 4.804500341415405273e-01 8.764498233795166016e-01
-1.929025840759277344e+01 -1.321219730377197266e+01 -1.599512934684753418e+00 3.579849377274513245e-03 3.331641852855682373e-02 4.672370553016662598e-01 8.834968209266662598e-01
-1.934658622741699219e+01 -1.302290248870849609e+01 -1.591842889785766602e+00 -3.663282841444015503e-03 3.721163049340248108e-02 4.528282284736633301e-01 8.908132910728454590e-01
-1.940312957763671875e+01 -1.283380317687988281e+01 -1.583892226219177246e+00 -1.225321833044290543e-02 4.186957329511642456e-02 4.373742640018463135e-01 8.982207775115966797e-01
-1.945988273620605469e+01 -1.264482879638671875e+01 -1.575676560401916504e+00 -2.198797650635242462e-02 4.718312993645668030e-02 4.210331439971923828e-01 9.055503010749816895e-01
-1.951812362670898438e+01 -1.245629119873046875e+01 -1.567469716072082520e+00 -3.266450017690658569e-02 5.304469913244247437e-02 4.039734005928039551e-01 9.126471281051635742e-01
-1.957996559143066406e+01 -1.226873779296875000e+01 -1.559706091880798340e+00 -4.407820850610733032e-02 5.934699252247810364e-02 3.863748311996459961e-01 9.193745255470275879e-01
-1.964190292358398438e+01 -1.208112049102783203e+01 -1.551760196685791016e+00 -5.602496862411499023e-02 6.598332524299621582e-02 3.684274554252624512e-01 9.256179928779602051e-01
-1.970391082763671875e+01 -1.189338874816894531e+01 -1.543670892715454102e+00 -6.830050051212310791e-02 7.284842431545257568e-02 3.503342866897583008e-01 9.312862753868103027e-01
-1.976591682434082031e+01 -1.170550537109375000e+01 -1.535483002662658691e+00 -8.070279657840728760e-02 7.983851432800292969e-02 3.323087394237518311e-01 9.363138675689697266e-01
-1.982788467407226562e+01 -1.151744556427001953e+01 -1.527244567871093750e+00 -9.303225576877593994e-02 8.685224503278732300e-02 3.145748376846313477e-01 9.406616091728210449e-01
-1.989078521728515625e+01 -1.132952594757080078e+01 -1.519214391708374023e+00 -1.050926595926284790e-01 9.379106760025024414e-02 2.973646521568298340e-01 9.443161487579345703e-01
-1.995928573608398438e+01 -1.114004611968994141e+01 -1.512118458747863770e+00 -1.166919171810150146e-01 1.005597710609436035e-01 2.809171974658966064e-01 9.472888708114624023e-01
-2.002855491638183594e+01 -1.094747734069824219e+01 -1.505070447921752930e+00 -1.276427060365676880e-01 1.070662885904312134e-01 2.654774487018585205e-01 9.496135711669921875e-01
-2.009852981567382812e+01 -1.075184535980224609e+01 -1.498128056526184082e+00 -1.377624273300170898e-01 1.132219880819320679e-01 2.512938380241394043e-01 9.513430595397949219e-01
-2.016915512084960938e+01 -1.055317115783691406e+01 -1.491348862648010254e+00 -1.468728482723236084e-01 1.189415603876113892e-01 2.386169880628585815e-01 9.525456428527832031e-01
-2.024037551879882812e+01 -1.035147666931152344e+01 -1.484788179397583008e+00 -1.547998040914535522e-01 1.241420283913612366e-01 2.276978492736816406e-01 9.532992243766784668e-01
-2.031191444396972656e+01 -1.015209674835205078e+01 -1.478884220123291016e+00 -1.614170819520950317e-01 1.287597566843032837e-01 2.187219262123107910e-01 9.536907672882080078e-01
-2.038842773437500000e+01 -9.956748008728027344e+00 -1.474578499794006348e+00 -1.667819321155548096e-01 1.327999979257583618e-01 2.116135507822036743e-01 9.538173675537109375e-01
-2.046382713317871094e+01 -9.763266563415527344e+00 -1.470601439476013184e+00 -1.709946990013122559e-01 1.362830102443695068e-01 2.062267214059829712e-01 9.537600874900817871e-01
-2.053815460205078125e+01 -9.571681976318359375e+00 -1.466929912567138672e+00 -1.741530448198318481e-01 1.392268240451812744e-01 2.024104595184326172e-01 9.535809159278869629e-01
-2.061143493652343750e+01 -9.382014274597167969e+00 -1.463539958000183105e+00 -1.763520538806915283e-01 1.416475474834442139e-01 2.000101059675216675e-01 9.533268213272094727e-01
-2.068371009826660156e+01 -9.194279670715332031e+00 -1.460405826568603516e+00 -1.776847690343856812e-01 1.435596793889999390e-01 1.988682150840759277e-01 9.530321359634399414e-01
-2.075538063049316406e+01 -9.008645057678222656e+00 -1.457579970359802246e+00 -1.782429665327072144e-01 1.449764221906661987e-01 1.988254189491271973e-01 9.527222514152526855e-01
-2.083426666259765625e+01 -8.828292846679687500e+00 -1.456668972969055176e+00 -1.781164258718490601e-01 1.459100842475891113e-01 1.997209191322326660e-01 9.524160623550415039e-01
-2.091215324401855469e+01 -8.649865150451660156e+00 -1.455915212631225586e+00 -1.773950308561325073e-01 1.463721841573715210e-01 2.013930082321166992e-01 9.521276354789733887e-01
-2.098907089233398438e+01 -8.473368644714355469e+00 -1.455290794372558594e+00 -1.761673688888549805e-01 1.463739424943923950e-01 2.036794126033782959e-01 9.518688917160034180e-01
-2.106506729125976562e+01 -8.298806190490722656e+00 -1.454768896102905273e+00 -1.745222061872482300e-01 1.459264755249023438e-01 2.064177095890045166e-01 9.516507387161254883e-01
-2.114016151428222656e+01 -8.126183509826660156e+00 -1.454320669174194336e+00 -1.725486963987350464e-01 1.450407207012176514e-01 2.094455212354660034e-01 9.514844417572021484e-01
-2.121440315246582031e+01 -7.955510139465332031e+00 -1.453918099403381348e+00 -1.703357696533203125e-01 1.437280178070068359e-01 2.126006931066513062e-01 9.513826370239257812e-01
-2.129309082031250000e+01 -7.789301395416259766e+00 -1.454677104949951172e+00 -1.679729074239730835e-01 1.419998556375503540e-01 2.157213985919952393e-01 9.513598084449768066e-01
-2.137536621093750000e+01 -7.627138614654541016e+00 -1.456375360488891602e+00 -1.655497997999191284e-01 1.398682594299316406e-01 2.186463773250579834e-01 9.514325857162475586e-01
-2.145675659179687500e+01 -7.466899394989013672e+00 -1.458011388778686523e+00 -1.631568372249603271e-01 1.373451799154281616e-01 2.212147861719131470e-01 9.516196846961975098e-01
-2.153731918334960938e+01 -7.308596134185791016e+00 -1.459558367729187012e+00 -1.608845740556716919e-01 1.344431191682815552e-01 2.232660800218582153e-01 9.519419074058532715e-01
-2.162228965759277344e+01 -7.142006874084472656e+00 -1.461061716079711914e+00 -1.588238775730133057e-01 1.311746537685394287e-01 2.246401309967041016e-01 9.524205327033996582e-01
-2.171171379089355469e+01 -6.967141151428222656e+00 -1.462496280670166016e+00 -1.570653468370437622e-01 1.275523155927658081e-01 2.251767218112945557e-01 9.530773758888244629e-01
-2.180657196044921875e+01 -6.784528732299804688e+00 -1.464043498039245605e+00 -1.556993126869201660e-01 1.235886663198471069e-01 2.247152775526046753e-01 9.539322257041931152e-01
-2.191497993469238281e+01 -6.598613262176513672e+00 -1.467450261116027832e+00 -1.547946035861968994e-01 1.193015724420547485e-01 2.231385111808776855e-01 9.549946784973144531e-01
-2.202832984924316406e+01 -6.404670238494873047e+00 -1.470854759216308594e+00 -1.543335318565368652e-01 1.147319823503494263e-01 2.205035984516143799e-01 9.562405347824096680e-01
-2.214659690856933594e+01 -6.202695369720458984e+00 -1.474277257919311523e+00 -1.542769223451614380e-01 1.099264398217201233e-01 2.169110178947448730e-01 9.576347470283508301e-01
-2.226976013183593750e+01 -5.992668151855468750e+00 -1.477737426757812500e+00 -1.545852124691009521e-01 1.049315333366394043e-01 2.124612778425216675e-01 9.591418504714965820e-01
-2.239867210388183594e+01 -5.775122165679931641e+00 -1.481444001197814941e+00 -1.552190184593200684e-01 9.979370981454849243e-02 2.072547823190689087e-01 9.607256650924682617e-01
-2.254213333129882812e+01 -5.555478572845458984e+00 -1.487325072288513184e+00 -1.561384052038192749e-01 9.456007182598114014e-02 2.013924270868301392e-01 9.623514413833618164e-01
-2.269080924987792969e+01 -5.327978610992431641e+00 -1.493381619453430176e+00 -1.573046892881393433e-01 8.927755057811737061e-02 1.949757337570190430e-01 9.639861583709716797e-01
-2.284466743469238281e+01 -5.092612266540527344e+00 -1.499629735946655273e+00 -1.586787700653076172e-01 8.399360626935958862e-02 1.881068199872970581e-01 9.655992388725280762e-01
-2.300384140014648438e+01 -4.849470138549804688e+00 -1.506117224693298340e+00 -1.602223962545394897e-01 7.875612378120422363e-02 1.808886229991912842e-01 9.671636819839477539e-01
-2.317846107482910156e+01 -4.605461120605468750e+00 -1.515010356903076172e+00 -1.618980020284652710e-01 7.361339032649993896e-02 1.734248846769332886e-01 9.686557054519653320e-01
-2.335851097106933594e+01 -4.353781700134277344e+00 -1.524210214614868164e+00 -1.636683344841003418e-01 6.861400604248046875e-02 1.658202409744262695e-01 9.700558185577392578e-01
-2.354398918151855469e+01 -4.094419002532958984e+00 -1.533729553222656250e+00 -1.654973477125167847e-01 6.380675733089447021e-02 1.581799834966659546e-01 9.713488221168518066e-01
-2.374057006835937500e+01 -3.831623554229736328e+00 -1.544731736183166504e+00 -1.673493087291717529e-01 5.924111604690551758e-02 1.506100744009017944e-01 9.725231528282165527e-01
-2.394689941406250000e+01 -3.564399242401123047e+00 -1.556958556175231934e+00 -1.691891700029373169e-01 5.496653541922569275e-02 1.432170420885086060e-01 9.735720157623291016e-01
-2.415883255004882812e+01 -3.289689779281616211e+00 -1.569592833518981934e+00 -1.709831953048706055e-01 5.103271454572677612e-02 1.361080557107925415e-01 9.744921326637268066e-01
-2.438211822509765625e+01 -3.012101888656616211e+00 -1.583686470985412598e+00 -1.726977229118347168e-01 4.748953878879547119e-02 1.293902844190597534e-01 9.752837419509887695e-01
-2.461452674865722656e+01 -2.729880332946777344e+00 -1.598850011825561523e+00 -1.742996275424957275e-01 4.438695684075355530e-02 1.231713518500328064e-01 9.759498834609985352e-01
-2.485341835021972656e+01 -2.440979003906250000e+00 -1.614591002464294434e+00 -1.757570654153823853e-01 4.177503287792205811e-02 1.175589337944984436e-01 9.764959216117858887e-01
-2.510552215576171875e+01 -2.151147365570068359e+00 -1.631880164146423340e+00 -1.770372837781906128e-01 3.970375657081604004e-02 1.126605644822120667e-01 9.769283533096313477e-01
-2.536353874206542969e+01 -1.854199171066284180e+00 -1.649686217308044434e+00 -1.781088411808013916e-01 3.822322934865951538e-02 1.085837855935096741e-01 9.772542715072631836e-01
-2.563375854492187500e+01 -1.555849552154541016e+00 -1.668673992156982422e+00 -1.778778284788131714e-01 3.748320788145065308e-02 1.053676083683967590e-01 9.776769280433654785e-01
-2.591097068786621094e+01 -1.251357436180114746e+00 -1.688112735748291016e+00 -1.777415424585342407e-01 3.730227798223495483e-02 1.030367910861968994e-01 9.779569506645202637e-01
-2.619927215576171875e+01 -9.444701671600341797e-01 -1.707366943359375000e+00 -1.776891350746154785e-01 3.764460608363151550e-02 1.015322878956794739e-01 9.781106710433959961e-01
-2.649680519104003906e+01 -6.335864067077636719e-01 -1.726583838462829590e+00 -1.777123361825942993e-01 3.847184777259826660e-02 1.007959097623825073e-01 9.781505465507507324e-01
-2.680499458312988281e+01 -3.200878798961639404e-01 -1.745474457740783691e+00 -1.778049319982528687e-01 3.974384069442749023e-02 1.007702201604843140e-01 9.780853986740112305e-01
-2.712555694580078125e+01 -5.795898381620645523e-03 -1.763479590415954590e+00 -1.779623329639434814e-01 4.141887277364730835e-02 1.013983488082885742e-01 9.779223799705505371e-01
-2.745989227294921875e+01 3.076269328594207764e-01 -1.779586434364318848e+00 -1.781811714172363281e-01 4.345409572124481201e-02 1.026239395141601562e-01 9.776663780212402344e-01
-2.780888175964355469e+01 6.190112233161926270e-01 -1.789917230606079102e+00 -1.784587949514389038e-01 4.580557346343994141e-02 1.043908968567848206e-01 9.773212671279907227e-01
-2.767801284790039062e+01 6.183276176452636719e-01 -1.702111124992370605e+00 -1.779147982597351074e-01 4.852457344532012939e-02 1.065998896956443787e-01 9.770507812500000000e-01
-2.729456901550292969e+01 3.472534120082855225e-01 -1.572181701660156250e+00 -1.769199222326278687e-01 5.153182148933410645e-02 1.092069596052169800e-01 9.767894744873046875e-01
-2.692379760742187500e+01 5.469970405101776123e-02 -1.418473839759826660e+00 -1.757532954216003418e-01 5.475527793169021606e-02 1.121667027473449707e-01 9.764893054962158203e-01
-2.657350540161132812e+01 -2.484936416149139404e-01 -1.261843204498291016e+00 -1.744212955236434937e-01 5.815224349498748779e-02 1.154210045933723450e-01 9.761524200439453125e-01
-2.624203491210937500e+01 -5.636157393455505371e-01 -1.111623525619506836e+00 -1.729304045438766479e-01 6.168019026517868042e-02 1.189118698239326477e-01 9.757820367813110352e-01
-2.593418312072753906e+01 -8.973534703254699707e-01 -9.766479134559631348e-01 -1.712868958711624146e-01 6.529648602008819580e-02 1.225812733173370361e-01 9.753824472427368164e-01
-2.565564918518066406e+01 -1.253747582435607910e+00 -8.658700585365295410e-01 -1.694977879524230957e-01 6.895838677883148193e-02 1.263714134693145752e-01 9.749593138694763184e-01
-2.541897964477539062e+01 -1.638764619827270508e+00 -7.911748886108398438e-01 -1.675703674554824829e-01 7.262353599071502686e-02 1.302247047424316406e-01 9.745190739631652832e-01
-2.523392105102539062e+01 -2.047893047332763672e+00 -7.550445199012756348e-01 -1.655118465423583984e-01 7.624936103820800781e-02 1.340836137533187866e-01 9.740705490112304688e-01
-2.508704948425292969e+01 -2.465517520904541016e+00 -7.423489093780517578e-01 -1.633301377296447754e-01 7.979378104209899902e-02 1.378909051418304443e-01 9.736233949661254883e-01
-2.496645927429199219e+01 -2.883876800537109375e+00 -7.422491312026977539e-01 -1.610328406095504761e-01 8.321435749530792236e-02 1.415895372629165649e-01 9.731886386871337891e-01
-2.485977554321289062e+01 -3.298117637634277344e+00 -7.459054589271545410e-01 -1.586284339427947998e-01 8.646902441978454590e-02 1.451227068901062012e-01 9.727792739868164062e-01
-2.476060485839843750e+01 -3.706376791000366211e+00 -7.490456700325012207e-01 -1.561290919780731201e-01 8.952293545007705688e-02 1.484420001506805420e-01 9.724064469337463379e-01
-2.466705513000488281e+01 -4.108124732971191406e+00 -7.514193654060363770e-01 -1.535633057355880737e-01 9.236886352300643921e-02 1.515323817729949951e-01 9.720721244812011719e-01
-2.457859230041503906e+01 -4.503205299377441406e+00 -7.533590793609619141e-01 -1.509636491537094116e-01 9.500697255134582520e-02 1.543869972229003906e-01 9.717758297920227051e-01
-2.449500846862792969e+01 -4.891530513763427734e+00 -7.550662159919738770e-01 -1.483630686998367310e-01 9.743708372116088867e-02 1.569992005825042725e-01 9.715171456336975098e-01
-2.441631317138671875e+01 -5.273078441619873047e+00 -7.566799521446228027e-01 -1.457933336496353149e-01 9.965935349464416504e-02 1.593621671199798584e-01 9.712960720062255859e-01
-2.434269905090332031e+01 -5.647858619689941406e+00 -7.583157420158386230e-01 -1.432876884937286377e-01 1.016738265752792358e-01 1.614693254232406616e-01 9.711121320724487305e-01
-2.427464294433593750e+01 -6.015920162200927734e+00 -7.600878477096557617e-01 -1.408786028623580933e-01 1.034804582595825195e-01 1.633139401674270630e-01 9.709653258323669434e-01
-2.421302223205566406e+01 -6.377356052398681641e+00 -7.621456980705261230e-01 -1.385982334613800049e-01 1.050794869661331177e-01 1.648894250392913818e-01 9.708554148674011230e-01
-2.415946197509765625e+01 -6.732336044311523438e+00 -7.647192478179931641e-01 -1.364793479442596436e-01 1.064709275960922241e-01 1.661890894174575806e-01 9.707823991775512695e-01
-2.411565780639648438e+01 -7.080949783325195312e+00 -7.680114507675170898e-01 -1.345542520284652710e-01 1.076549366116523743e-01 1.672063469886779785e-01 9.707458615303039551e-01
-2.408200073242187500e+01 -7.423015117645263672e+00 -7.720361351966857910e-01 -1.328555643558502197e-01 1.086314916610717773e-01 1.679345071315765381e-01 9.707454442977905273e-01
-2.405829620361328125e+01 -7.758256435394287109e+00 -7.767422199249267578e-01 -1.314155757427215576e-01 1.094007641077041626e-01 1.683668196201324463e-01 9.707800745964050293e-01
-2.404343223571777344e+01 -8.086369514465332031e+00 -7.819790244102478027e-01 -1.302666366100311279e-01 1.099626421928405762e-01 1.684965342283248901e-01 9.708489775657653809e-01
-2.403205108642578125e+01 -8.419301986694335938e+00 -7.874502539634704590e-01 -1.294410526752471924e-01 1.103171259164810181e-01 1.683167815208435059e-01 9.709504246711730957e-01
-2.401901245117187500e+01 -8.756853103637695312e+00 -7.926247715950012207e-01 -1.289707124233245850e-01 1.104640737175941467e-01 1.678205728530883789e-01 9.710820913314819336e-01
-2.400102043151855469e+01 -9.098859786987304688e+00 -7.971279621124267578e-01 -1.288879811763763428e-01 1.104034632444381714e-01 1.670008301734924316e-01 9.712412953376770020e-01
-2.397917938232421875e+01 -9.445329666137695312e+00 -8.008263707160949707e-01 -1.292247921228408813e-01 1.101349145174026489e-01 1.658503562211990356e-01 9.714241623878479004e-01
-2.395470619201660156e+01 -9.796310424804687500e+00 -8.035540580749511719e-01 -1.300127804279327393e-01 1.096579506993293762e-01 1.643616855144500732e-01 9.716259241104125977e-01
-2.392891502380371094e+01 -1.015187740325927734e+01 -8.051159381866455078e-01 -1.312837153673171997e-01 1.089722439646720886e-01 1.625271588563919067e-01 9.718407988548278809e-01
-2.390321731567382812e+01 -1.051213073730468750e+01 -8.050009012222290039e-01 -1.330692768096923828e-01 1.080770492553710938e-01 1.603389978408813477e-01 9.720614552497863770e-01
-2.388026809692382812e+01 -1.087723350524902344e+01 -8.027142286300659180e-01 -1.353821009397506714e-01 1.069804430007934570e-01 1.577955931425094604e-01 9.722794890403747559e-01
-2.386544799804687500e+01 -1.124741649627685547e+01 -8.008846640586853027e-01 -1.381624937057495117e-01 1.057252660393714905e-01 1.549212634563446045e-01 9.724879264831542969e-01
-2.387024307250976562e+01 -1.162239265441894531e+01 -8.068685531616210938e-01 -1.413316130638122559e-01 1.043635085225105286e-01 1.517466902732849121e-01 9.726800918579101562e-01
-2.391250991821289062e+01 -1.199850559234619141e+01 -8.343111872673034668e-01 -1.448118239641189575e-01 1.029468029737472534e-01 1.483029276132583618e-01 9.728503823280334473e-01
-2.398271369934082031e+01 -1.237198448181152344e+01 -8.922103643417358398e-01 -1.485246419906616211e-01 1.015274375677108765e-01 1.446211040019989014e-01 9.729939699172973633e-01
-2.400594139099121094e+01 -1.275120353698730469e+01 -9.701461791992187500e-01 -1.523922085762023926e-01 1.001574397087097168e-01 1.407327353954315186e-01 9.731080532073974609e-01
-2.390874481201171875e+01 -1.312326908111572266e+01 -1.046202063560485840e+00 -1.563366353511810303e-01 9.888929128646850586e-02 1.366694718599319458e-01 9.731912612915039062e-01
-2.375138092041015625e+01 -1.348216533660888672e+01 -1.115111351013183594e+00 -1.602807641029357910e-01 9.777540713548660278e-02 1.324633657932281494e-01 9.732437133789062500e-01
-2.360361289978027344e+01 -1.385029506683349609e+01 -1.182919025421142578e+00 -1.641473621129989624e-01 9.686863422393798828e-02 1.281467974185943604e-01 9.732679724693298340e-01
-2.348687362670898438e+01 -1.423199653625488281e+01 -1.263633370399475098e+00 -1.678593307733535767e-01 9.622179716825485229e-02 1.237522289156913757e-01 9.732676744461059570e-01
-2.337715339660644531e+01 -1.460947704315185547e+01 -1.385567903518676758e+00 -1.713405549526214600e-01 9.588782489299774170e-02 1.193124279379844666e-01 9.732484221458435059e-01
-2.326258277893066406e+01 -1.495828056335449219e+01 -1.580965876579284668e+00 -1.745141446590423584e-01 9.591978043317794800e-02 1.148602664470672607e-01 9.732170104980468750e-01
-2.319371032714843750e+01 -1.529684066772460938e+01 -1.821242332458496094e+00 -1.773047596216201782e-01 9.637094289064407349e-02 1.104287579655647278e-01 9.731810092926025391e-01
-2.317721176147460938e+01 -1.564191818237304688e+01 -2.070367574691772461e+00 -1.796358227729797363e-01 9.729431569576263428e-02 1.060508340597152710e-01 9.731484651565551758e-01
-2.319105911254882812e+01 -1.599501228332519531e+01 -2.317142248153686523e+00 -1.813820898532867432e-01 9.874835610389709473e-02 1.017543599009513855e-01 9.731368422508239746e-01
-2.321562004089355469e+01 -1.635376930236816406e+01 -2.559956550598144531e+00 -1.809958815574645996e-01 1.009328663349151611e-01 9.741922467947006226e-02 9.734282493591308594e-01
-2.324101066589355469e+01 -1.671918106079101562e+01 -2.796936035156250000e+00 -1.806366592645645142e-01 1.036671176552772522e-01 9.330305457115173340e-02 9.736107587814331055e-01
-2.325674247741699219e+01 -1.709385681152343750e+01 -3.024341344833374023e+00 -1.803036928176879883e-01 1.070063635706901550e-01 8.945045620203018188e-02 9.736728072166442871e-01
-2.324797248840332031e+01 -1.748198890686035156e+01 -3.232982158660888672e+00 -1.799962222576141357e-01 1.110058128833770752e-01 8.590960502624511719e-02 9.736008048057556152e-01
-2.321729469299316406e+01 -1.788975715637207031e+01 -3.403272628784179688e+00 -1.797139644622802734e-01 1.157195121049880981e-01 8.273322135210037231e-02 9.733791947364807129e-01
-2.320965766906738281e+01 -1.832077789306640625e+01 -3.514037370681762695e+00 -1.767139881849288940e-01 1.214027255773544312e-01 7.964493334293365479e-02 9.734938144683837891e-01
-2.329121017456054688e+01 -1.875893783569335938e+01 -3.539255380630493164e+00 -1.727787256240844727e-01 1.278303563594818115e-01 7.692418247461318970e-02 9.735962152481079102e-01
-2.341934967041015625e+01 -1.917939186096191406e+01 -3.444851636886596680e+00 -1.679700911045074463e-01 1.349067091941833496e-01 7.466168701648712158e-02 9.736589193344116211e-01
-2.354841804504394531e+01 -1.958173370361328125e+01 -3.283207893371582031e+00 -1.623498499393463135e-01 1.425362825393676758e-01 7.294823229312896729e-02 9.736551642417907715e-01
-2.366955947875976562e+01 -1.997157478332519531e+01 -3.082915067672729492e+00 -1.559811383485794067e-01 1.506228595972061157e-01 7.187458127737045288e-02 9.735588431358337402e-01
-2.378185462951660156e+01 -2.035671424865722656e+01 -2.864181995391845703e+00 -1.489270478487014771e-01 1.590704023838043213e-01 7.153142243623733521e-02 9.733451008796691895e-01
-2.388173294067382812e+01 -2.074174499511718750e+01 -2.634879112243652344e+00 -1.412515044212341309e-01 1.677830219268798828e-01 7.200938463211059570e-02 9.729910492897033691e-01
-2.396625900268554688e+01 -2.112918472290039062e+01 -2.399147272109985352e+00 -1.330183744430541992e-01 1.766647547483444214e-01 7.339884340763092041e-02 9.724754095077514648e-01
-2.403234863281250000e+01 -2.152051162719726562e+01 -2.159691095352172852e+00 -1.242928653955459595e-01 1.856196522712707520e-01 7.578994333744049072e-02 9.717779755592346191e-01
-2.407620620727539062e+01 -2.191660881042480469e+01 -1.918749094009399414e+00 -1.151397228240966797e-01 1.945519000291824341e-01 7.927230000495910645e-02 9.708802103996276855e-01
-2.409291458129882812e+01 -2.231783103942871094e+01 -1.678676366806030273e+00 -1.056246757507324219e-01 2.033658176660537720e-01 8.393511921167373657e-02 9.697632193565368652e-01
-2.407589721679687500e+01 -2.272386169433593750e+01 -1.442476511001586914e+00 -9.581316262483596802e-02 2.119656056165695190e-01 8.986683189868927002e-02 9.684081077575683594e-01
-2.401644897460937500e+01 -2.313309478759765625e+01 -1.214470505714416504e+00 -8.577026426792144775e-02 2.202554941177368164e-01 9.715484082698822021e-02 9.667946696281433105e-01
-2.390945243835449219e+01 -2.354238700866699219e+01 -9.987823367118835449e-01 -7.556134462356567383e-02 2.281392961740493774e-01 1.058855429291725159e-01 9.648995399475097656e-01
-2.376072120666503906e+01 -2.394841766357421875e+01 -7.962936162948608398e-01 -6.525085121393203735e-02 2.355206906795501709e-01 1.161437109112739563e-01 9.626957178115844727e-01
-2.357620048522949219e+01 -2.434922790527343750e+01 -6.071331501007080078e-01 -5.490276962518692017e-02 2.423022389411926270e-01 1.280122995376586914e-01 9.601500630378723145e-01
-2.336157608032226562e+01 -2.474405288696289062e+01 -4.309463500976562500e-01 -4.457978531718254089e-02 2.483860254287719727e-01 1.415717899799346924e-01 9.572221636772155762e-01
-2.312236785888671875e+01 -2.513321304321289062e+01 -2.671014368534088135e-01 -3.434360027313232422e-02 2.536728680133819580e-01 1.568995118141174316e-01 9.538623094558715820e-01
-2.286328506469726562e+01 -2.551807594299316406e+01 -1.162191778421401978e-01 -2.425488270819187164e-02 2.580620050430297852e-01 1.740690767765045166e-01 9.500082135200500488e-01
-2.259607887268066406e+01 -2.590517044067382812e+01 2.215240336954593658e-02 -1.437246054410934448e-02 2.614509463310241699e-01 1.931490749120712280e-01 9.455845952033996582e-01
-2.233404159545898438e+01 -2.630801773071289062e+01 1.289480626583099365e-01 -4.749700427055358887e-03 2.637568414211273193e-01 2.141469419002532959e-01 9.405056238174438477e-01
-2.209429168701171875e+01 -2.673997497558593750e+01 1.519186347723007202e-01 4.576191306114196777e-03 2.649827599525451660e-01 2.368444800376892090e-01 9.347020983695983887e-01
