2.161274433135986328e+00 -3.265170812606811523e+00 -2.798284769058227539e+00 -0.000000000000000000e+00 -0.000000000000000000e+00 -9.982777833938598633e-01 5.866444110870361328e-02
2.181853055953979492e+00 -3.503425121307373047e+00 -2.767002582550048828e+00 -9.176890598610043526e-04 -8.870373480021953583e-03 -9.984471797943115234e-01 5.498667806386947632e-02
2.202026367187500000e+00 -3.733278751373291016e+00 -2.736860275268554688e+00 -2.719534328207373619e-03 -1.799384877085685730e-02 -9.984988570213317871e-01 5.166122317314147949e-02
2.221975088119506836e+00 -3.954716682434082031e+00 -2.707808732986450195e+00 -5.249156150966882706e-03 -2.732463367283344269e-02 -9.984294772148132324e-01 4.862462729215621948e-02
2.241696834564208984e+00 -4.167734146118164062e+00 -2.679840564727783203e+00 -8.350147865712642670e-03 -3.681682795286178589e-02 -9.982363581657409668e-01 4.581364989280700684e-02
2.261420965194702148e+00 -4.372297286987304688e+00 -2.652895450592041016e+00 -1.186610385775566101e-02 -4.642444849014282227e-02 -9.979181885719299316e-01 4.316552355885505676e-02
2.281118154525756836e+00 -4.568415641784667969e+00 -2.626971960067749023e+00 -1.564037427306175232e-02 -5.610148981213569641e-02 -9.974759221076965332e-01 4.061714932322502136e-02
2.300317287445068359e+00 -4.756145000457763672e+00 -2.602183103561401367e+00 -1.951628923416137695e-02 -6.580199301242828369e-02 -9.969138503074645996e-01 3.810552135109901428e-02
2.319709539413452148e+00 -4.935385704040527344e+00 -2.578348875045776367e+00 -2.333726361393928528e-02 -7.548009604215621948e-02 -9.962393641471862793e-01 3.556832298636436462e-02
2.338312864303588867e+00 -5.106276512145996094e+00 -2.555707454681396484e+00 -2.694777958095073700e-02 -8.509019017219543457e-02 -9.954637885093688965e-01 3.294311091303825378e-02
2.358434915542602539e+00 -5.282502174377441406e+00 -2.532023191452026367e+00 -3.019123151898384094e-02 -9.458689391613006592e-02 -9.946011900901794434e-01 3.016798384487628937e-02
2.379421234130859375e+00 -5.464162349700927734e+00 -2.507449865341186523e+00 -3.291243314743041992e-02 -1.039251536130905151e-01 -9.936687946319580078e-01 2.718088217079639435e-02
2.401752948760986328e+00 -5.651171684265136719e+00 -2.481865167617797852e+00 -3.495664894580841064e-02 -1.130601838231086731e-01 -9.926847815513610840e-01 2.391999028623104095e-02
2.425305128097534180e+00 -5.843556880950927734e+00 -2.455298900604248047e+00 -3.616827353835105896e-02 -1.219475567340850830e-01 -9.916691780090332031e-01 2.032372541725635529e-02
2.449919462203979492e+00 -6.041332721710205078e+00 -2.427780628204345703e+00 -3.639352321624755859e-02 -1.305430978536605835e-01 -9.906398653984069824e-01 1.633075624704360962e-02
2.476184129714965820e+00 -6.244411468505859375e+00 -2.399164438247680664e+00 -3.547831252217292786e-02 -1.388027220964431763e-01 -9.896129965782165527e-01 1.187900267541408539e-02
2.503303050994873047e+00 -6.452914714813232422e+00 -2.369636058807373047e+00 -3.326852619647979736e-02 -1.466824561357498169e-01 -9.885998964309692383e-01 6.906858179718255997e-03
2.531860351562500000e+00 -6.666769981384277344e+00 -2.339176654815673828e+00 2.961043268442153931e-02 1.541380137205123901e-01 9.876046180725097656e-01 -1.352581195533275604e-03
2.561435461044311523e+00 -6.886032581329345703e+00 -2.307769775390625000e+00 2.435144223272800446e-02 1.611247658729553223e-01 9.866216182708740234e-01 4.846678115427494049e-03
2.592080116271972656e+00 -7.110705375671386719e+00 -2.275499820709228516e+00 1.733770966529846191e-02 1.675973981618881226e-01 9.856328964233398438e-01 1.175294257700443268e-02
2.623852491378784180e+00 -7.340798377990722656e+00 -2.242377281188964844e+00 8.417058736085891724e-03 1.735094934701919556e-01 9.846044778823852539e-01 1.942886225879192352e-02
2.656628370285034180e+00 -7.575864315032958984e+00 -2.207066059112548828e+00 -2.634444274008274078e-03 1.737778484821319580e-01 9.843864440917968750e-01 2.788495272397994995e-02
2.690200090408325195e+00 -7.816489219665527344e+00 -2.171390295028686523e+00 -1.553703099489212036e-02 1.742283105850219727e-01 9.838916659355163574e-01 3.688259050250053406e-02
2.724626302719116211e+00 -8.062590599060058594e+00 -2.134866952896118164e+00 -3.000145219266414642e-02 1.748792082071304321e-01 9.830448627471923828e-01 4.625926911830902100e-02
2.759445667266845703e+00 -8.314315795898437500e+00 -2.098134756088256836e+00 -4.573227837681770325e-02 1.757387071847915649e-01 9.817858338356018066e-01 5.586485564708709717e-02
2.794894933700561523e+00 -8.571572303771972656e+00 -2.060738563537597656e+00 -6.243008375167846680e-02 1.768046319484710693e-01 9.800738692283630371e-01 6.555753201246261597e-02
2.830383300781250000e+00 -8.834502220153808594e+00 -2.023295164108276367e+00 -7.979454100131988525e-02 1.780646890401840210e-01 9.778908491134643555e-01 7.520096004009246826e-02
2.866127967834472656e+00 -9.103014945983886719e+00 -1.985482692718505859e+00 -9.752671420574188232e-02 1.794967502355575562e-01 9.752444624900817871e-01 8.466215431690216064e-02
2.901308536529541016e+00 -9.377304077148437500e+00 -1.948105454444885254e+00 -1.153319701552391052e-01 1.810690909624099731e-01 9.721688628196716309e-01 9.380887448787689209e-02
2.936411142349243164e+00 -9.657211303710937500e+00 -1.910584330558776855e+00 -1.329229325056076050e-01 1.827402412891387939e-01 9.687258601188659668e-01 1.025059521198272705e-01
2.969448089599609375e+00 -9.943166732788085938e+00 -1.874887704849243164e+00 -1.500216424465179443e-01 1.844588965177536011e-01 9.650042057037353516e-01 1.106130480766296387e-01
3.000903367996215820e+00 -1.023497009277343750e+01 -1.840431809425354004e+00 -1.663615256547927856e-01 1.861639618873596191e-01 9.611175060272216797e-01 1.179826483130455017e-01
3.029330968856811523e+00 -1.053289508819580078e+01 -1.808743000030517578e+00 -1.816886514425277710e-01 1.877846121788024902e-01 9.572024345397949219e-01 1.244573220610618591e-01
3.054484844207763672e+00 -1.083702373504638672e+01 -1.781910657882690430e+00 -1.957617104053497314e-01 1.892416030168533325e-01 9.534142613410949707e-01 1.298696100711822510e-01
3.078351974487304688e+00 -1.114711380004882812e+01 -1.760878920555114746e+00 -2.083517313003540039e-01 1.904480606317520142e-01 9.499223828315734863e-01 1.340392380952835083e-01
3.104772806167602539e+00 -1.146275615692138672e+01 -1.746542930603027344e+00 -2.192385345697402954e-01 1.913137733936309814e-01 9.469031691551208496e-01 1.367762833833694458e-01
3.138596057891845703e+00 -1.178322696685791016e+01 -1.737259149551391602e+00 -2.282074838876724243e-01 1.917491257190704346e-01 9.445328116416931152e-01 1.378820240497589111e-01
3.183022499084472656e+00 -1.210777759552001953e+01 -1.730298995971679688e+00 -2.350430786609649658e-01 1.916723698377609253e-01 9.429769515991210938e-01 1.371528953313827515e-01
3.238451957702636719e+00 -1.243589115142822266e+01 -1.723208904266357422e+00 -2.379929423332214355e-01 1.909463107585906982e-01 9.428154826164245605e-01 1.341557204723358154e-01
3.303557157516479492e+00 -1.276748466491699219e+01 -1.714413762092590332e+00 -2.390287220478057861e-01 1.896481215953826904e-01 9.435317516326904297e-01 1.290221214294433594e-01
3.376372098922729492e+00 -1.310280513763427734e+01 -1.703413605690002441e+00 -2.404405176639556885e-01 1.878549754619598389e-01 9.444702863693237305e-01 1.219612360000610352e-01
3.457563400268554688e+00 -1.344133281707763672e+01 -1.690234303474426270e+00 -2.364286482334136963e-01 1.854067295789718628e-01 9.471928477287292480e-01 1.120336055755615234e-01
3.544912099838256836e+00 -1.378361988067626953e+01 -1.675493121147155762e+00 -2.295328676700592041e-01 1.825795024633407593e-01 9.507938027381896973e-01 9.985202550888061523e-02
3.637492656707763672e+00 -1.412997245788574219e+01 -1.659448862075805664e+00 -2.200074642896652222e-01 1.795804798603057861e-01 9.549837112426757812e-01 8.575357496738433838e-02
3.737565755844116211e+00 -1.447974300384521484e+01 -1.641524910926818848e+00 -2.081206738948822021e-01 1.766080111265182495e-01 9.594715237617492676e-01 7.006870955228805542e-02
3.844601869583129883e+00 -1.483301448822021484e+01 -1.621887445449829102e+00 -1.941629648208618164e-01 1.738389134407043457e-01 9.639810919761657715e-01 5.311476811766624451e-02
3.956518411636352539e+00 -1.519053173065185547e+01 -1.601064085960388184e+00 -1.784491389989852905e-01 1.714204698801040649e-01 9.682624340057373047e-01 3.519483655691146851e-02
4.078474044799804688e+00 -1.555044174194335938e+01 -1.577770709991455078e+00 1.613182425498962402e-01 -1.694655418395996094e-01 -9.721018671989440918e-01 -1.659604534506797791e-02
4.206521034240722656e+00 -1.591406440734863281e+01 -1.553006291389465332e+00 1.431291252374649048e-01 -1.680513471364974976e-01 -9.753291010856628418e-01 2.406580373644828796e-03
4.342048168182373047e+00 -1.628090476989746094e+01 -1.526429057121276855e+00 1.242549642920494080e-01 -1.672196239233016968e-01 -9.778209924697875977e-01 2.154675312340259552e-02
4.488134860992431641e+00 -1.664931106567382812e+01 -1.496830463409423828e+00 1.049959063529968262e-01 -1.650514900684356689e-01 -9.798325300216674805e-01 4.076964780688285828e-02
4.640344142913818359e+00 -1.702124214172363281e+01 -1.465572476387023926e+00 8.568665385246276855e-02 -1.625926196575164795e-01 -9.811567068099975586e-01 5.960693955421447754e-02
4.805632114410400391e+00 -1.739346122741699219e+01 -1.431098580360412598e+00 6.668855994939804077e-02 -1.602027863264083862e-01 -9.817572832107543945e-01 7.771915197372436523e-02
4.978090763092041016e+00 -1.776853561401367188e+01 -1.394939541816711426e+00 4.835774749517440796e-02 -1.579320281744003296e-01 -9.816973209381103516e-01 9.481250494718551636e-02
5.152883052825927734e+00 -1.813505554199218750e+01 -1.358114957809448242e+00 3.104891255497932434e-02 -1.558368206024169922e-01 -9.810804724693298340e-01 1.105981543660163879e-01
5.330834865570068359e+00 -1.849245262145996094e+01 -1.320605397224426270e+00 1.511382125318050385e-02 -1.539789736270904541e-01 -9.800450205802917480e-01 1.247943341732025146e-01
5.508112907409667969e+00 -1.884271240234375000e+01 -1.283346176147460938e+00 8.999425917863845825e-04 -1.524243354797363281e-01 -9.787555336952209473e-01 1.371262520551681519e-01
5.686972618103027344e+00 -1.918456649780273438e+01 -1.246043682098388672e+00 -1.124956645071506500e-02 -1.512406766414642334e-01 -9.773920774459838867e-01 1.473239660263061523e-01
5.864645957946777344e+00 -1.951950073242187500e+01 -1.209400296211242676e+00 -2.099648118019104004e-02 -1.504966765642166138e-01 -9.761388897895812988e-01 1.551216840744018555e-01
6.041376590728759766e+00 -1.984737205505371094e+01 -1.173465251922607422e+00 -2.800526283681392670e-02 -1.502592712640762329e-01 -9.751698970794677734e-01 1.602542996406555176e-01
6.216506004333496094e+00 -2.016856193542480469e+01 -1.138706088066101074e+00 -3.194229304790496826e-02 -1.505917012691497803e-01 -9.746335148811340332e-01 1.624540090560913086e-01
6.389152526855468750e+00 -2.048356819152832031e+01 -1.105212688446044922e+00 -3.257442265748977661e-02 -1.515314728021621704e-01 -9.746190309524536133e-01 1.615387052297592163e-01
6.558530330657958984e+00 -2.079286003112792969e+01 -1.073438644409179688e+00 -3.006805665791034698e-02 -1.530297547578811646e-01 -9.750968217849731445e-01 1.576838642358779907e-01
6.722499847412109375e+00 -2.109764289855957031e+01 -1.044083476066589355e+00 -2.468923106789588928e-02 -1.550103276968002319e-01 -9.759694337844848633e-01 1.511483341455459595e-01
6.879487037658691406e+00 -2.139871025085449219e+01 -1.017594218254089355e+00 -1.670376770198345184e-02 -1.573912203311920166e-01 -9.771039485931396484e-01 1.421858966350555420e-01
7.025109767913818359e+00 -2.169824981689453125e+01 -9.962581992149353027e-01 -6.378186866641044617e-03 -1.600864976644515991e-01 -9.783444404602050781e-01 1.310489177703857422e-01
7.152390003204345703e+00 -2.199901771545410156e+01 -9.848220348358154297e-01 6.018524058163166046e-03 -1.630080789327621460e-01 -9.795254468917846680e-01 1.179910078644752502e-01
7.255129337310791016e+00 -2.230180168151855469e+01 -9.879418611526489258e-01 2.021390572190284729e-02 -1.660679727792739868e-01 -9.804837107658386230e-01 1.032686084508895874e-01
7.333256721496582031e+00 -2.260412597656250000e+01 -1.006345510482788086e+00 3.593211248517036438e-02 -1.691790670156478882e-01 -9.810673594474792480e-01 8.714385330677032471e-02
7.393097877502441406e+00 -2.290246772766113281e+01 -1.035668253898620605e+00 5.272602289915084839e-02 -1.699083894491195679e-01 -9.815546870231628418e-01 7.001165300607681274e-02
7.442033290863037109e+00 -2.319498443603515625e+01 -1.071243882179260254e+00 7.049518823623657227e-02 -1.691793054342269897e-01 -9.816739559173583984e-01 5.220203474164009094e-02
7.483215332031250000e+00 -2.348107910156250000e+01 -1.111864328384399414e+00 8.910322189331054688e-02 -1.688991039991378784e-01 -9.810120463371276855e-01 3.389779478311538696e-02
7.522360801696777344e+00 -2.376051139831542969e+01 -1.153011798858642578e+00 1.082341745495796204e-01 -1.691157966852188110e-01 -9.795150160789489746e-01 1.533897034823894501e-02
7.559421062469482422e+00 -2.403329467773437500e+01 -1.194659352302551270e+00 1.275623589754104614e-01 -1.698526591062545776e-01 -9.771730303764343262e-01 -3.241581842303276062e-03
7.595758914947509766e+00 -2.429940414428710938e+01 -1.235781550407409668e+00 1.467582881450653076e-01 -1.711071282625198364e-01 -9.740211367607116699e-01 -2.161546051502227783e-02
7.631296157836914062e+00 -2.455883216857910156e+01 -1.276340007781982422e+00 -1.654960811138153076e-01 1.728496700525283813e-01 9.701387286186218262e-01 3.955516591668128967e-02
7.665834903717041016e+00 -2.481166458129882812e+01 -1.315769910812377930e+00 -1.834600865840911865e-01 1.750231683254241943e-01 9.656499624252319336e-01 5.682943761348724365e-02
7.698862075805664062e+00 -2.505788612365722656e+01 -1.354326725006103516e+00 -2.003516852855682373e-01 1.775418221950531006e-01 9.607184529304504395e-01 7.319850474596023560e-02
7.730732440948486328e+00 -2.529743766784667969e+01 -1.391806960105895996e+00 -2.158944606781005859e-01 1.802915185689926147e-01 9.555458426475524902e-01 8.841089904308319092e-02
7.761396408081054688e+00 -2.553026771545410156e+01 -1.428222298622131348e+00 -2.298382222652435303e-01 1.831305623054504395e-01 9.503647089004516602e-01 1.021983996033668518e-01
7.790058612823486328e+00 -2.575642585754394531e+01 -1.463391423225402832e+00 -2.419607937335968018e-01 1.858925968408584595e-01 9.454313516616821289e-01 1.142732352018356323e-01
7.815864086151123047e+00 -2.597516632080078125e+01 -1.497149348258972168e+00 -2.408507764339447021e-01 1.838684231042861938e-01 9.452047944068908691e-01 1.215360909700393677e-01
7.840534687042236328e+00 -2.618699645996093750e+01 -1.529779672622680664e+00 -2.401120364665985107e-01 1.812248826026916504e-01 9.451543092727661133e-01 1.272291839122772217e-01
7.864055156707763672e+00 -2.639192390441894531e+01 -1.561283588409423828e+00 -2.397145181894302368e-01 1.780594438314437866e-01 9.452820420265197754e-01 1.314289867877960205e-01
7.885297775268554688e+00 -2.659016990661621094e+01 -1.591104388236999512e+00 -2.396255135536193848e-01 1.744449436664581299e-01 9.455869197845458984e-01 1.342155337333679199e-01
7.905512332916259766e+00 -2.678151321411132812e+01 -1.619853138923645020e+00 -2.398114055395126343e-01 1.704312264919281006e-01 9.460634589195251465e-01 1.356743574142456055e-01
7.924714088439941406e+00 -2.696596145629882812e+01 -1.647531032562255859e+00 -2.402386814355850220e-01 1.660478562116622925e-01 9.467023015022277832e-01 1.358972787857055664e-01
7.942926883697509766e+00 -2.714352416992187500e+01 -1.674135446548461914e+00 -2.408742606639862061e-01 1.613072305917739868e-01 9.474908113479614258e-01 1.349834501743316650e-01
7.959379673004150391e+00 -2.731436157226562500e+01 -1.699200987815856934e+00 -2.416861653327941895e-01 1.562078446149826050e-01 9.484133124351501465e-01 1.330375969409942627e-01
7.974252700805664062e+00 -2.747845840454101562e+01 -1.722810268402099609e+00 -2.426439672708511353e-01 1.507373154163360596e-01 9.494515061378479004e-01 1.301689147949218750e-01
7.989147663116455078e+00 -2.764497566223144531e+01 -1.746746778488159180e+00 -2.437177449464797974e-01 1.448761969804763794e-01 9.505854845046997070e-01 1.264902651309967041e-01
8.004091262817382812e+00 -2.781392288208007812e+01 -1.770998239517211914e+00 -2.448793947696685791e-01 1.386007517576217651e-01 9.517939090728759766e-01 1.221153214573860168e-01
8.019104003906250000e+00 -2.798531723022460938e+01 -1.795552372932434082e+00 -2.461017370223999023e-01 1.318859457969665527e-01 9.530550241470336914e-01 1.171578541398048401e-01
8.032971382141113281e+00 -2.815940093994140625e+01 -1.819622159004211426e+00 -2.473590523004531860e-01 1.247078478336334229e-01 9.543467760086059570e-01 1.117306724190711975e-01
8.046027183532714844e+00 -2.833612060546875000e+01 -1.843397498130798340e+00 -2.486271411180496216e-01 1.170453652739524841e-01 9.556466937065124512e-01 1.059439927339553833e-01
8.059196472167968750e+00 -2.851533317565917969e+01 -1.867420554161071777e+00 -2.498836368322372437e-01 1.088821068406105042e-01 9.569333791732788086e-01 9.990607947111129761e-02
8.072204589843750000e+00 -2.869701194763183594e+01 -1.891848683357238770e+00 -2.433444410562515259e-01 9.979756176471710205e-02 9.602778553962707520e-01 9.322229027748107910e-02
8.085017204284667969e+00 -2.888125991821289062e+01 -1.916296362876892090e+00 -2.345722466707229614e-01 9.011007100343704224e-02 9.640422463417053223e-01 8.647863566875457764e-02
8.095089912414550781e+00 -2.906853866577148438e+01 -1.938993453979492188e+00 -2.251618653535842896e-01 7.990340888500213623e-02 9.677449464797973633e-01 7.992173731327056885e-02
8.105404853820800781e+00 -2.925837516784667969e+01 -1.961830973625183105e+00 -2.151850759983062744e-01 6.917946785688400269e-02 9.713286161422729492e-01 7.369069010019302368e-02
8.116001129150390625e+00 -2.945078849792480469e+01 -1.984800100326538086e+00 -2.047154754400253296e-01 5.794165655970573425e-02 9.747413396835327148e-01 6.792508810758590698e-02
8.125927925109863281e+00 -2.964590835571289062e+01 -2.007241487503051758e+00 -1.938269883394241333e-01 4.620593786239624023e-02 9.779374003410339355e-01 6.272561103105545044e-02
8.131814002990722656e+00 -2.984418869018554688e+01 -2.026935100555419922e+00 -1.825889796018600464e-01 3.403499722480773926e-02 9.808845520019531250e-01 5.803811177611351013e-02
8.137939453125000000e+00 -3.004506683349609375e+01 -2.046760797500610352e+00 -1.710709929466247559e-01 2.150362730026245117e-02 9.835552573204040527e-01 5.376955866813659668e-02
8.144291877746582031e+00 -3.024854469299316406e+01 -2.066743612289428711e+00 -1.593433916568756104e-01 8.687282912433147430e-03 9.859265685081481934e-01 4.982749745249748230e-02
8.142353057861328125e+00 -3.045530891418457031e+01 -2.081148862838745117e+00 -1.474776864051818848e-01 -4.338286817073822021e-03 9.879800081253051758e-01 4.611938074231147766e-02
8.139604568481445312e+00 -3.066475296020507812e+01 -2.095081329345703125e+00 -1.355464905500411987e-01 -1.749676465988159180e-02 9.897021055221557617e-01 4.255348071455955505e-02
8.132775306701660156e+00 -3.087681388854980469e+01 -2.106421470642089844e+00 -1.236231401562690735e-01 -3.071191348135471344e-02 9.910853505134582520e-01 3.903772681951522827e-02
8.116987228393554688e+00 -3.109149742126464844e+01 -2.111968755722045898e+00 -1.117817685008049011e-01 -4.390773549675941467e-02 9.921280145645141602e-01 3.548122197389602661e-02
8.095949172973632812e+00 -3.130826759338378906e+01 -2.114288806915283203e+00 -1.000970974564552307e-01 -5.700830370187759399e-02 9.928340911865234375e-01 3.179325535893440247e-02
8.061823844909667969e+00 -3.152633285522460938e+01 -2.108317136764526367e+00 -8.864400535821914673e-02 -6.993839144706726074e-02 9.932135343551635742e-01 2.788395993411540985e-02
8.010951995849609375e+00 -3.174304580688476562e+01 -2.091907024383544922e+00 -7.749761641025543213e-02 -8.262348175048828125e-02 9.932812452316284180e-01 2.366387285292148590e-02
7.939911842346191406e+00 -3.195537757873535156e+01 -2.063076734542846680e+00 -6.673292070627212524e-02 -9.498915821313858032e-02 9.930562973022460938e-01 1.904455386102199554e-02
7.839882850646972656e+00 -3.215557861328125000e+01 -2.016713857650756836e+00 -5.642446503043174744e-02 -1.069633886218070984e-01 9.925628304481506348e-01 1.393768377602100372e-02
7.708522796630859375e+00 -3.233518218994140625e+01 -1.952472448348999023e+00 -4.664626717567443848e-02 -1.184739246964454651e-01 9.918264746665954590e-01 8.255807682871818542e-03
7.553608417510986328e+00 -3.249483871459960938e+01 -1.877297282218933105e+00 -3.747161105275154114e-02 -1.294503211975097656e-01 9.908758401870727539e-01 1.911609433591365814e-03
7.387321472167968750e+00 -3.264759445190429688e+01 -1.803302884101867676e+00 2.897275984287261963e-02 1.398232728242874146e-01 -9.897388815879821777e-01 5.181808955967426300e-03
7.210822582244873047e+00 -3.279571151733398438e+01 -1.735556960105895996e+00 2.122095227241516113e-02 1.495237201452255249e-01 -9.884433150291442871e-01 1.311086583882570267e-02
7.027475357055664062e+00 -3.292800140380859375e+01 -1.683984041213989258e+00 1.428629457950592041e-02 1.584845632314682007e-01 -9.870137572288513184e-01 2.196241728961467743e-02
6.831452369689941406e+00 -3.303292465209960938e+01 -1.663161635398864746e+00 8.237121626734733582e-03 1.666386574506759644e-01 -9.854698777198791504e-01 3.182347863912582397e-02
6.636125564575195312e+00 -3.304941558837890625e+01 -1.729080796241760254e+00 3.140987362712621689e-03 1.739196330308914185e-01 -9.838252067565917969e-01 4.278070479631423950e-02
6.529106140136718750e+00 -3.295162200927734375e+01 -1.871649742126464844e+00 -6.014108657836914062e-04 1.738638430833816528e-01 -9.832383394241333008e-01 5.489149317145347595e-02
6.483139514923095703e+00 -3.282434463500976562e+01 -2.015050411224365234e+00 -3.287286497652530670e-03 1.738174259662628174e-01 -9.824151396751403809e-01 6.809698790311813354e-02
6.463139533996582031e+00 -3.269292831420898438e+01 -2.149121761322021484e+00 -5.008525215089321136e-03 1.738139986991882324e-01 -9.813249707221984863e-01 8.224868029356002808e-02
6.459453105926513672e+00 -3.256208419799804688e+01 -2.273203611373901367e+00 -5.864039063453674316e-03 1.738857924938201904e-01 -9.799390435218811035e-01 9.720534831285476685e-02
6.467109203338623047e+00 -3.243378448486328125e+01 -2.387328386306762695e+00 -5.958577618002891541e-03 1.740615963935852051e-01 -9.782312512397766113e-01 1.128299012780189514e-01
6.483476638793945312e+00 -3.230900573730468750e+01 -2.491495847702026367e+00 -5.400225520133972168e-03 1.743652671575546265e-01 -9.761808514595031738e-01 1.289903223514556885e-01
6.507228851318359375e+00 -3.218826293945312500e+01 -2.585469245910644531e+00 -4.299337044358253479e-03 1.748144477605819702e-01 -9.737730622291564941e-01 1.455588638782501221e-01
6.541689395904541016e+00 -3.205892944335937500e+01 -2.678462505340576172e+00 -2.766158431768417358e-03 1.754199415445327759e-01 -9.710009098052978516e-01 1.624114066362380981e-01
6.589455604553222656e+00 -3.192119598388671875e+01 -2.768032789230346680e+00 -9.092167019844055176e-04 1.761851608753204346e-01 -9.678657054901123047e-01 1.794263422489166260e-01
6.653962135314941406e+00 -3.177575683593750000e+01 -2.850494861602783203e+00 1.166895031929016113e-03 1.771061569452285767e-01 -9.643785953521728516e-01 1.964839547872543335e-01
6.744423866271972656e+00 -3.162543296813964844e+01 -2.914989471435546875e+00 3.362823277711868286e-03 1.781716346740722656e-01 -9.605599641799926758e-01 2.134667634963989258e-01
6.859321117401123047e+00 -3.148542976379394531e+01 -2.948102951049804688e+00 5.586329847574234009e-03 1.793636381626129150e-01 -9.564403891563415527e-01 2.302587777376174927e-01
7.004885196685791016e+00 -3.138226890563964844e+01 -2.918565034866333008e+00 7.753573358058929443e-03 1.806579977273941040e-01 -9.520607590675354004e-01 2.467447668313980103e-01
7.152795314788818359e+00 -3.132566833496093750e+01 -2.832107543945312500e+00 9.790085256099700928e-03 1.820252537727355957e-01 -9.474710822105407715e-01 2.628106474876403809e-01
7.289523601531982422e+00 -3.128260612487792969e+01 -2.723704099655151367e+00 1.163187623023986816e-02 1.834317296743392944e-01 -9.427316188812255859e-01 2.783422470092773438e-01
7.415602684020996094e+00 -3.123116683959960938e+01 -2.609080791473388672e+00 1.322528347373008728e-02 1.848406493663787842e-01 -9.379106760025024414e-01 2.932276725769042969e-01
7.533740043640136719e+00 -3.116354942321777344e+01 -2.497503519058227539e+00 1.452727615833282471e-02 1.862130314111709595e-01 -9.330846071243286133e-01 3.073543310165405273e-01
7.646035194396972656e+00 -3.108397674560546875e+01 -2.390441179275512695e+00 1.550482958555221558e-02 1.875092238187789917e-01 -9.283360838890075684e-01 3.206121027469635010e-01
7.747018814086914062e+00 -3.098140525817871094e+01 -2.297925472259521484e+00 1.613374426960945129e-02 1.886894702911376953e-01 -9.237529635429382324e-01 3.328910768032073975e-01
7.840480804443359375e+00 -3.086455726623535156e+01 -2.215623617172241211e+00 1.639774441719055176e-02 1.897153854370117188e-01 -9.194268584251403809e-01 3.440832495689392090e-01
7.932380199432373047e+00 -3.074782180786132812e+01 -2.135403394699096680e+00 1.718502119183540344e-02 1.882594078779220581e-01 -9.159140586853027344e-01 3.540686666965484619e-01
8.007724761962890625e+00 -3.061393165588378906e+01 -2.069057941436767578e+00 1.756033301353454590e-02 1.869757622480392456e-01 -9.126932621002197266e-01 3.629361689090728760e-01
8.079812049865722656e+00 -3.047936248779296875e+01 -2.004775047302246094e+00 1.755937933921813965e-02 1.858619898557662964e-01 -9.097729325294494629e-01 3.707559704780578613e-01
8.149071693420410156e+00 -3.034446716308593750e+01 -1.942318081855773926e+00 1.721766591072082520e-02 1.849146485328674316e-01 -9.071549177169799805e-01 3.775978684425354004e-01
8.208593368530273438e+00 -3.020456314086914062e+01 -1.885466575622558594e+00 1.657086238265037537e-02 1.841287016868591309e-01 -9.048356413841247559e-01 3.835290074348449707e-01
8.263715744018554688e+00 -3.006402778625488281e+01 -1.830968022346496582e+00 1.565431058406829834e-02 1.834982335567474365e-01 -9.028074741363525391e-01 3.886153697967529297e-01
8.312089920043945312e+00 -2.992156410217285156e+01 -1.779893398284912109e+00 1.450318098068237305e-02 1.830170154571533203e-01 -9.010587334632873535e-01 3.929218053817749023e-01
8.352150917053222656e+00 -2.977732849121093750e+01 -1.732477068901062012e+00 1.315305382013320923e-02 1.826778948307037354e-01 -8.995750546455383301e-01 3.965104222297668457e-01
8.388332366943359375e+00 -2.963324165344238281e+01 -1.686966776847839355e+00 1.163896918296813965e-02 1.824726909399032593e-01 -8.983387351036071777e-01 3.994442820549011230e-01
8.411745071411132812e+00 -2.948699951171875000e+01 -1.646387338638305664e+00 9.996108710765838623e-03 1.823935806751251221e-01 -8.973304629325866699e-01 4.017845690250396729e-01
8.431213378906250000e+00 -2.934826660156250000e+01 -1.608942270278930664e+00 8.259564638137817383e-03 1.824319362640380859e-01 -8.965289592742919922e-01 4.035916030406951904e-01
8.437919616699218750e+00 -2.921546745300292969e+01 -1.577566504478454590e+00 6.464168429374694824e-03 1.825791597366333008e-01 -8.959119915962219238e-01 4.049257934093475342e-01
8.442600250244140625e+00 -2.909081268310546875e+01 -1.548748731613159180e+00 4.645206034183502197e-03 1.828260272741317749e-01 -8.954559564590454102e-01 4.058468043804168701e-01
8.437953948974609375e+00 -2.897367668151855469e+01 -1.525254130363464355e+00 2.837583422660827637e-03 1.831638664007186890e-01 -8.951372504234313965e-01 4.064136445522308350e-01
8.433693885803222656e+00 -2.886492156982421875e+01 -1.503412127494812012e+00 1.076370477676391602e-03 1.835832744836807251e-01 -8.949316740036010742e-01 4.066857695579528809e-01
8.423178672790527344e+00 -2.876456069946289062e+01 -1.486060738563537598e+00 -6.034374237060546875e-04 1.840752214193344116e-01 -8.948144912719726562e-01 4.067222177982330322e-01
8.412450790405273438e+00 -2.867260169982910156e+01 -1.470618844032287598e+00 -2.166830003261566162e-03 1.846305727958679199e-01 -8.947612643241882324e-01 4.065821766853332520e-01
8.402606964111328125e+00 -2.858906745910644531e+01 -1.456632018089294434e+00 -3.578655421733856201e-03 1.852399706840515137e-01 -8.947478532791137695e-01 4.063245058059692383e-01
8.388922691345214844e+00 -2.851433563232421875e+01 -1.446392536163330078e+00 -4.804044961929321289e-03 1.858944892883300781e-01 -8.947499394416809082e-01 4.060086011886596680e-01
8.376784324645996094e+00 -2.844799804687500000e+01 -1.437286972999572754e+00 -5.807720124721527100e-03 1.865848004817962646e-01 -8.947430253028869629e-01 4.056936502456665039e-01
8.366129875183105469e+00 -2.838997650146484375e+01 -1.429550409317016602e+00 -6.165497004985809326e-03 1.864171773195266724e-01 -8.948910832405090332e-01 4.054386317729949951e-01
8.357007026672363281e+00 -2.834036636352539062e+01 -1.422935724258422852e+00 -6.332546472549438477e-03 1.863346099853515625e-01 -8.949861526489257812e-01 4.052641987800598145e-01
8.347351074218750000e+00 -2.829947471618652344e+01 -1.418601989746093750e+00 -6.342135369777679443e-03 1.863247901201248169e-01 -8.950216770172119141e-01 4.051899313926696777e-01
8.339477539062500000e+00 -2.826696205139160156e+01 -1.415243148803710938e+00 -6.227500736713409424e-03 1.863756179809570312e-01 -8.949912786483764648e-01 4.052357077598571777e-01
8.333586692810058594e+00 -2.824280166625976562e+01 -1.412745594978332520e+00 -6.022199988365173340e-03 1.864748597145080566e-01 -8.948877453804016113e-01 4.054216146469116211e-01
8.329674720764160156e+00 -2.822699737548828125e+01 -1.411108970642089844e+00 -5.759477615356445312e-03 1.866105198860168457e-01 -8.947046399116516113e-01 4.057669639587402344e-01
8.323596000671386719e+00 -2.820240211486816406e+01 -1.408560752868652344e+00 -5.473002791404724121e-03 1.867706328630447388e-01 -8.944344520568847656e-01 4.062926769256591797e-01
8.315351486206054688e+00 -2.816901779174804688e+01 -1.405100703239440918e+00 -5.196362733840942383e-03 1.869431883096694946e-01 -8.940700888633728027e-01 4.070182740688323975e-01
8.304936408996582031e+00 -2.812685394287109375e+01 -1.400729298591613770e+00 -4.963397979736328125e-03 1.871161758899688721e-01 -8.936039805412292480e-01 4.079642295837402344e-01
8.291745185852050781e+00 -2.807603454589843750e+01 -1.395851373672485352e+00 -4.807919263839721680e-03 1.872773766517639160e-01 -8.930284380912780762e-01 4.091503918170928955e-01
8.274293899536132812e+00 -2.801686477661132812e+01 -1.391462326049804688e+00 -4.763990640640258789e-03 1.874143928289413452e-01 -8.923358917236328125e-01 4.105967283248901367e-01
8.254277229309082031e+00 -2.794900321960449219e+01 -1.386425733566284180e+00 -4.865653812885284424e-03 1.875144094228744507e-01 -8.915179967880249023e-01 4.123230278491973877e-01
8.231686592102050781e+00 -2.787244987487792969e+01 -1.380741596221923828e+00 -5.146980285644531250e-03 1.875640451908111572e-01 -8.905665278434753418e-01 4.143483638763427734e-01
8.204279899597167969e+00 -2.778779029846191406e+01 -1.376312494277954102e+00 -5.642287433147430420e-03 1.875492185354232788e-01 -8.894723653793334961e-01 4.166918992996215820e-01
8.173214912414550781e+00 -2.769472503662109375e+01 -1.372154235839843750e+00 -6.385654211044311523e-03 1.874550580978393555e-01 -8.882266283035278320e-01 4.193722307682037354e-01
8.138518333435058594e+00 -2.759329795837402344e+01 -1.368492960929870605e+00 -7.411226630210876465e-03 1.872655153274536133e-01 -8.868194818496704102e-01 4.224071502685546875e-01
8.098815917968750000e+00 -2.748392486572265625e+01 -1.366937875747680664e+00 -8.752942085266113281e-03 1.869632005691528320e-01 -8.852406144142150879e-01 4.258134663105010986e-01
8.055365562438964844e+00 -2.736626243591308594e+01 -1.366534709930419922e+00 -1.044443249702453613e-02 1.865293085575103760e-01 -8.834788799285888672e-01 4.296076595783233643e-01
8.007390022277832031e+00 -2.724060821533203125e+01 -1.368823170661926270e+00 -1.251896470785140991e-02 1.859431266784667969e-01 -8.815224766731262207e-01 4.338046014308929443e-01
7.954863071441650391e+00 -2.710707855224609375e+01 -1.374119877815246582e+00 -1.500941067934036255e-02 1.851819455623626709e-01 -8.793585896492004395e-01 4.384188055992126465e-01
7.897902488708496094e+00 -2.696555328369140625e+01 -1.382488369941711426e+00 -1.738007739186286926e-02 1.831292361021041870e-01 -8.772075772285461426e-01 4.434730410575866699e-01
7.836400985717773438e+00 -2.681628036499023438e+01 -1.394375920295715332e+00 -2.010449767112731934e-02 1.808241903781890869e-01 -8.748591542243957520e-01 4.489097297191619873e-01
7.770563602447509766e+00 -2.665926742553710938e+01 -1.410028100013732910e+00 -2.315048128366470337e-02 1.783097386360168457e-01 -8.723195791244506836e-01 4.546735882759094238e-01
7.701074123382568359e+00 -2.649425697326660156e+01 -1.429041981697082520e+00 -2.648521214723587036e-02 1.756289750337600708e-01 -8.695970773696899414e-01 4.607101380825042725e-01
7.629321098327636719e+00 -2.632054138183593750e+01 -1.450078725814819336e+00 -3.007660433650016785e-02 1.728261113166809082e-01 -8.667005896568298340e-01 4.669654667377471924e-01
7.557755947113037109e+00 -2.613687515258789062e+01 -1.470401525497436523e+00 -3.389173373579978943e-02 1.699446141719818115e-01 -8.636409044265747070e-01 4.733861982822418213e-01
7.493854999542236328e+00 -2.594023895263671875e+01 -1.482485651969909668e+00 -3.789829090237617493e-02 1.670290082693099976e-01 -8.604310750961303711e-01 4.799201786518096924e-01
7.444638729095458984e+00 -2.572991371154785156e+01 -1.483131647109985352e+00 -4.206367209553718567e-02 1.641243845224380493e-01 -8.570858240127563477e-01 4.865160286426544189e-01
7.414814472198486328e+00 -2.550703811645507812e+01 -1.474299311637878418e+00 -4.635562747716903687e-02 1.612758487462997437e-01 -8.536217808723449707e-01 4.931238591670989990e-01
7.397402286529541016e+00 -2.527371788024902344e+01 -1.465166330337524414e+00 -5.074144899845123291e-02 1.585288792848587036e-01 -8.500584959983825684e-01 4.996941983699798584e-01
7.382302284240722656e+00 -2.503101539611816406e+01 -1.458448410034179688e+00 -5.518902465701103210e-02 1.559296399354934692e-01 -8.464174270629882812e-01 5.061795115470886230e-01
7.361383914947509766e+00 -2.477968215942382812e+01 -1.448917508125305176e+00 -5.966595932841300964e-02 1.535242944955825806e-01 -8.427215814590454102e-01 5.125334858894348145e-01
7.325571060180664062e+00 -2.452131843566894531e+01 -1.430567622184753418e+00 -6.414069235324859619e-02 1.513597667217254639e-01 -8.389967083930969238e-01 5.187106728553771973e-01
7.261869907379150391e+00 -2.426872444152832031e+01 -1.394243717193603516e+00 -6.858102977275848389e-02 1.494828313589096069e-01 -8.352699875831604004e-01 5.246670842170715332e-01
7.171440124511718750e+00 -2.402660179138183594e+01 -1.336252450942993164e+00 -7.295541465282440186e-02 1.479407697916030884e-01 -8.315706253051757812e-01 5.303597450256347656e-01
7.067519187927246094e+00 -2.379307556152343750e+01 -1.259927392005920410e+00 -7.723242789506912231e-02 1.467807292938232422e-01 -8.279284238815307617e-01 5.357471108436584473e-01
6.963281154632568359e+00 -2.356146430969238281e+01 -1.172944903373718262e+00 -8.138066530227661133e-02 1.460503488779067993e-01 -8.243755698204040527e-01 5.407876968383789062e-01
6.861117839813232422e+00 -2.332732772827148438e+01 -1.085180640220642090e+00 -8.536930382251739502e-02 1.457972526550292969e-01 -8.209438920021057129e-01 5.454413890838623047e-01
6.761933326721191406e+00 -2.308716201782226562e+01 -1.005826711654663086e+00 -8.916725963354110718e-02 1.460690647363662720e-01 -8.176659345626831055e-01 5.496683716773986816e-01
6.668342113494873047e+00 -2.283766555786132812e+01 -9.455981254577636719e-01 -9.274369478225708008e-02 1.469131112098693848e-01 -8.145745396614074707e-01 5.534287691116333008e-01
6.592819690704345703e+00 -2.257660293579101562e+01 -9.048473834991455078e-01 -9.435479342937469482e-02 1.458450108766555786e-01 -8.121520280838012695e-01 5.569876432418823242e-01
6.545964241027832031e+00 -2.230659675598144531e+01 -8.688546419143676758e-01 -9.552946686744689941e-02 1.450581401586532593e-01 -8.100057840347290039e-01 5.601094961166381836e-01
6.528828144073486328e+00 -2.203211402893066406e+01 -8.274676203727722168e-01 -9.632695466279983521e-02 1.445208191871643066e-01 -8.081341981887817383e-01 5.628089904785156250e-01
6.530060768127441406e+00 -2.175551795959472656e+01 -7.847372293472290039e-01 -9.680632501840591431e-02 1.441982686519622803e-01 -8.065339922904968262e-01 5.651002526283264160e-01
6.540246486663818359e+00 -2.147662544250488281e+01 -7.471792697906494141e-01 -9.702709317207336426e-02 1.440530419349670410e-01 -8.052008152008056641e-01 5.669973492622375488e-01
6.554286956787109375e+00 -2.119510650634765625e+01 -7.188595533370971680e-01 -9.704799950122833252e-02 1.440462321043014526e-01 -8.041291832923889160e-01 5.685143470764160156e-01
6.568800926208496094e+00 -2.091114616394042969e+01 -6.996834874153137207e-01 -9.692755341529846191e-02 1.441377401351928711e-01 -8.033121824264526367e-01 5.696657299995422363e-01
6.581694126129150391e+00 -2.062487030029296875e+01 -6.912374496459960938e-01 -9.672359377145767212e-02 1.442868560552597046e-01 -8.027415275573730469e-01 5.704662799835205078e-01
6.591267108917236328e+00 -2.033328247070312500e+01 -6.886327862739562988e-01 -9.649328887462615967e-02 1.444529443979263306e-01 -8.024082183837890625e-01 5.709320306777954102e-01
6.595607757568359375e+00 -2.003648948669433594e+01 -6.897143125534057617e-01 -9.629284590482711792e-02 1.445958763360977173e-01 -8.023021817207336426e-01 5.710788369178771973e-01
6.591132640838623047e+00 -1.973465728759765625e+01 -6.926659941673278809e-01 -9.617776423692703247e-02 1.446761041879653931e-01 -8.024125099182128906e-01 5.709227323532104492e-01
6.575492858886718750e+00 -1.942815208435058594e+01 -6.952130198478698730e-01 -9.620217978954315186e-02 1.446554809808731079e-01 -8.027280569076538086e-01 5.704800486564636230e-01
6.545158386230468750e+00 -1.911767578125000000e+01 -6.952731013298034668e-01 -9.641928970813751221e-02 1.444970667362213135e-01 -8.032374382019042969e-01 5.697661638259887695e-01
6.491943359375000000e+00 -1.880524635314941406e+01 -6.892172098159790039e-01 -9.688086062669754028e-02 1.441655158996582031e-01 -8.039293289184570312e-01 5.687952041625976562e-01
6.425432205200195312e+00 -1.849031257629394531e+01 -6.778088212013244629e-01 -9.763733297586441040e-02 1.436271816492080688e-01 -8.047932386398315430e-01 5.675789713859558105e-01
6.358364105224609375e+00 -1.817057800292968750e+01 -6.610226035118103027e-01 -9.873769432306289673e-02 1.428501307964324951e-01 -8.058195710182189941e-01 5.661268234252929688e-01
6.310854434967041016e+00 -1.784260177612304688e+01 -6.411337256431579590e-01 -1.002293080091476440e-01 1.418042480945587158e-01 -8.069998025894165039e-01 5.644439458847045898e-01
6.306940555572509766e+00 -1.750659179687500000e+01 -6.206542849540710449e-01 -1.021574735641479492e-01 1.404616087675094604e-01 -8.083276152610778809e-01 5.625306963920593262e-01
6.357968807220458984e+00 -1.716876220703125000e+01 -6.025533676147460938e-01 -1.045660004019737244e-01 1.387961208820343018e-01 -8.097990155220031738e-01 5.603812932968139648e-01
6.436166763305664062e+00 -1.683053207397460938e+01 -5.879992246627807617e-01 -1.074957549571990967e-01 1.367845088243484497e-01 -8.114122748374938965e-01 5.579826831817626953e-01
6.510473251342773438e+00 -1.648608589172363281e+01 -5.794375538825988770e-01 -1.051220968365669250e-01 1.258670985698699951e-01 -8.145341277122497559e-01 5.564539432525634766e-01
6.562944412231445312e+00 -1.613253211975097656e+01 -5.745944380760192871e-01 -1.024334430694580078e-01 1.133735030889511108e-01 -8.178095817565917969e-01 5.548344850540161133e-01
6.571206092834472656e+00 -1.577024650573730469e+01 -5.739770531654357910e-01 -9.944543242454528809e-02 9.949208796024322510e-02 -8.211418390274047852e-01 5.531166791915893555e-01
6.540802955627441406e+00 -1.540398406982421875e+01 -5.764803886413574219e-01 -9.617412090301513672e-02 8.441429585218429565e-02 -8.244376778602600098e-01 5.512958765029907227e-01
6.475844383239746094e+00 -1.503712654113769531e+01 -5.818600058555603027e-01 -9.263716638088226318e-02 6.833337992429733276e-02 -8.276106119155883789e-01 5.493718981742858887e-01
6.387931823730468750e+00 -1.467002391815185547e+01 -5.892645120620727539e-01 -8.885344862937927246e-02 5.144515633583068848e-02 -8.305819034576416016e-01 5.473502278327941895e-01
6.282067775726318359e+00 -1.430262184143066406e+01 -5.983178615570068359e-01 -8.484308421611785889e-02 3.394773602485656738e-02 -8.332822918891906738e-01 5.452429652214050293e-01
6.160243988037109375e+00 -1.393511962890625000e+01 -6.088943481445312500e-01 -8.062809705734252930e-02 1.604048907756805420e-02 -8.356538414955139160e-01 5.430694818496704102e-01
6.026201248168945312e+00 -1.356679439544677734e+01 -6.207092404365539551e-01 -7.623158395290374756e-02 -2.074927091598510742e-03 -8.376505970954895020e-01 5.408567786216735840e-01
5.882404804229736328e+00 -1.319704818725585938e+01 -6.335409283638000488e-01 -7.167850434780120850e-02 -2.019767276942729950e-02 -8.392384052276611328e-01 5.386402010917663574e-01
5.729198932647705078e+00 -1.282595443725585938e+01 -6.473351716995239258e-01 -6.699456274509429932e-02 -3.812557458877563477e-02 -8.403965830802917480e-01 5.364623665809631348e-01
5.566821098327636719e+00 -1.245359134674072266e+01 -6.620669364929199219e-01 -6.220706552267074585e-02 -5.565818026661872864e-02 -8.411159515380859375e-01 5.343747138977050781e-01
5.395246505737304688e+00 -1.208014583587646484e+01 -6.777801513671875000e-01 -5.734390020370483398e-02 -7.259577512741088867e-02 -8.414001464843750000e-01 5.324352383613586426e-01
5.211745262145996094e+00 -1.170714092254638672e+01 -6.950191855430603027e-01 -5.243411287665367126e-02 -8.874103426933288574e-02 -8.412633538246154785e-01 5.307086110115051270e-01
5.019970417022705078e+00 -1.133950138092041016e+01 -7.200411558151245117e-01 -4.750645533204078674e-02 -1.038984358310699463e-01 -8.407294154167175293e-01 5.292658209800720215e-01
4.877785682678222656e+00 -1.095258808135986328e+01 -7.633303403854370117e-01 -4.259042814373970032e-02 -1.178751960396766663e-01 -8.398302197456359863e-01 5.281823873519897461e-01
4.773190975189208984e+00 -1.055423545837402344e+01 -8.082949519157409668e-01 -3.771464899182319641e-02 -1.304805427789688110e-01 -8.386040925979614258e-01 5.275373458862304688e-01
4.690131664276123047e+00 -1.015133476257324219e+01 -8.516744971275329590e-01 -3.290821239352226257e-02 -1.415264904499053955e-01 -8.370921015739440918e-01 5.274125933647155762e-01
4.632192134857177734e+00 -9.744519233703613281e+00 -8.926647901535034180e-01 -2.819899469614028931e-02 -1.508264541625976562e-01 -8.353369235992431641e-01 5.278906226158142090e-01
4.612804889678955078e+00 -9.334547996520996094e+00 -9.296386241912841797e-01 -2.361381053924560547e-02 -1.581946015357971191e-01 -8.333787322044372559e-01 5.290525555610656738e-01
4.652568340301513672e+00 -8.926281929016113281e+00 -9.604122638702392578e-01 -1.918345689773559570e-02 -1.635095626115798950e-01 -8.312577605247497559e-01 5.309492349624633789e-01
4.747026443481445312e+00 -8.527038574218750000e+00 -9.861410260200500488e-01 -1.495911180973052979e-02 -1.669047623872756958e-01 -8.290258049964904785e-01 5.335121154785156250e-01
4.867502212524414062e+00 -8.135163307189941406e+00 -1.010466575622558594e+00 -1.099515706300735474e-02 -1.685750782489776611e-01 -8.267295360565185547e-01 5.366376042366027832e-01
4.991638183593750000e+00 -7.745075702667236328e+00 -1.035880684852600098e+00 -7.346786558628082275e-03 -1.687145531177520752e-01 -8.244066834449768066e-01 5.402176380157470703e-01
5.112865924835205078e+00 -7.354643344879150391e+00 -1.061455965042114258e+00 -4.068464040756225586e-03 -1.675159037113189697e-01 -8.220912814140319824e-01 5.441396236419677734e-01
5.231709003448486328e+00 -6.963913440704345703e+00 -1.085246205329895020e+00 -1.214817166328430176e-03 -1.651714742183685303e-01 -8.198136091232299805e-01 5.482907295227050781e-01
5.348486423492431641e+00 -6.572926998138427734e+00 -1.106178522109985352e+00 1.159586012363433838e-03 -1.618736535310745239e-01 -8.176040053367614746e-01 5.525570511817932129e-01
5.462963581085205078e+00 -6.181547641754150391e+00 -1.122709274291992188e+00 3.000222146511077881e-03 -1.578148901462554932e-01 -8.154940605163574219e-01 5.568256378173828125e-01
5.575253963470458984e+00 -5.789834022521972656e+00 -1.134166240692138672e+00 4.252865910530090332e-03 -1.531881093978881836e-01 -8.135173916816711426e-01 5.609853863716125488e-01
5.685268402099609375e+00 -5.397795200347900391e+00 -1.139650225639343262e+00 4.862323403358459473e-03 -1.481870561838150024e-01 -8.117112517356872559e-01 5.649263858795166016e-01
5.793390750885009766e+00 -5.005610466003417969e+00 -1.139379501342773438e+00 4.774533212184906006e-03 -1.430054903030395508e-01 -8.101152181625366211e-01 5.685418844223022461e-01
5.900590896606445312e+00 -4.613601207733154297e+00 -1.134493708610534668e+00 3.934733569622039795e-03 -1.378380507230758667e-01 -8.087728023529052734e-01 5.717267394065856934e-01
6.008124828338623047e+00 -4.222121715545654297e+00 -1.126218199729919434e+00 2.288419753313064575e-03 -1.328795105218887329e-01 -8.077299594879150391e-01 5.743778944015502930e-01
6.117448806762695312e+00 -3.831545352935791016e+00 -1.116264343261718750e+00 -2.194270491600036621e-04 -1.283250749111175537e-01 -8.070337176322937012e-01 5.763933062553405762e-01
6.231918811798095703e+00 -3.442795276641845703e+00 -1.106683969497680664e+00 -3.643162548542022705e-03 -1.243692114949226379e-01 -8.067312836647033691e-01 5.776707530021667480e-01
6.359079360961914062e+00 -3.058337450027465820e+00 -1.102656483650207520e+00 -8.038397878408432007e-03 -1.212069019675254822e-01 -8.068683147430419922e-01 5.781071186065673828e-01
6.518757343292236328e+00 -2.687419414520263672e+00 -1.119444608688354492e+00 -1.345939561724662781e-02 -1.190312206745147705e-01 -8.074858188629150391e-01 5.775959491729736328e-01
6.728222370147705078e+00 -2.348020076751708984e+00 -1.181871056556701660e+00 -1.996169239282608032e-02 -1.180351227521896362e-01 -8.086180090904235840e-01 5.760260820388793945e-01
6.954262733459472656e+00 -2.025644540786743164e+00 -1.272216200828552246e+00 -2.759996801614761353e-02 -1.184093654155731201e-01 -8.102886676788330078e-01 5.732797384262084961e-01
7.176757812500000000e+00 -1.700329542160034180e+00 -1.359959125518798828e+00 -3.642878681421279907e-02 -1.203426420688629150e-01 -8.125078678131103516e-01 5.692288279533386230e-01
7.385173320770263672e+00 -1.361027836799621582e+00 -1.424730777740478516e+00 -4.647209867835044861e-02 -1.239589154720306396e-01 -8.152482509613037109e-01 5.637773275375366211e-01
7.569005966186523438e+00 -1.002622008323669434e+00 -1.445173263549804688e+00 -5.763125047087669373e-02 -1.291305720806121826e-01 -8.183920979499816895e-01 5.569904446601867676e-01
7.745194911956787109e+00 -6.397851705551147461e-01 -1.441496253013610840e+00 -6.977680325508117676e-02 -1.356671452522277832e-01 -8.217982053756713867e-01 5.489749908447265625e-01
7.925768852233886719e+00 -2.794824242591857910e-01 -1.435236454010009766e+00 -8.277702331542968750e-02 -1.433765590190887451e-01 -8.253268599510192871e-01 5.398395061492919922e-01
8.111308097839355469e+00 7.793457061052322388e-02 -1.431667804718017578e+00 -9.649911522865295410e-02 -1.520666331052780151e-01 -8.288435935974121094e-01 5.296998023986816406e-01
8.300292968750000000e+00 4.331274330615997314e-01 -1.430609107017517090e+00 -1.108089685440063477e-01 -1.615451276302337646e-01 -8.322244286537170410e-01 5.186781287193298340e-01
8.491581916809082031e+00 7.865990996360778809e-01 -1.431320190429687500e+00 -1.255723237991333008e-01 -1.716211587190628052e-01 -8.353573083877563477e-01 5.069082379341125488e-01
8.684387207031250000e+00 1.138701200485229492e+00 -1.433283329010009766e+00 -1.406553387641906738e-01 -1.821055412292480469e-01 -8.381465673446655273e-01 4.945341944694519043e-01
8.878483772277832031e+00 1.489501953125000000e+00 -1.436341524124145508e+00 -1.559252738952636719e-01 -1.928122639656066895e-01 -8.405140042304992676e-01 4.817125201225280762e-01
9.073757171630859375e+00 1.839003920555114746e+00 -1.440405249595642090e+00 -1.712510883808135986e-01 -2.035588026046752930e-01 -8.424011468887329102e-01 4.686119854450225830e-01
9.270080566406250000e+00 2.187231302261352539e+00 -1.445378422737121582e+00 -1.865055561065673828e-01 -2.141676247119903564e-01 -8.437697887420654297e-01 4.554122388362884521e-01
9.467458724975585938e+00 2.534135580062866211e+00 -1.451242089271545410e+00 -2.015643715858459473e-01 -2.244664132595062256e-01 -8.446024656295776367e-01 4.423045814037322998e-01
9.665964126586914062e+00 2.879628896713256836e+00 -1.458029150962829590e+00 -2.163085192441940308e-01 -2.342888414859771729e-01 -8.449012637138366699e-01 4.294894933700561523e-01
9.865387916564941406e+00 3.223803520202636719e+00 -1.465681433677673340e+00 -2.306237518787384033e-01 -2.434751838445663452e-01 -8.446869850158691406e-01 4.171767234802246094e-01
1.006536388397216797e+01 3.566840648651123047e+00 -1.474095463752746582e+00 -2.444006055593490601e-01 -2.518716156482696533e-01 -8.439974784851074219e-01 4.055825173854827881e-01
1.026545429229736328e+01 3.908964872360229492e+00 -1.483158826828002930e+00 -2.575361132621765137e-01 -2.593300342559814453e-01 -8.428851962089538574e-01 3.949273228645324707e-01
1.046514606475830078e+01 4.250468730926513672e+00 -1.492746829986572266e+00 -2.699312865734100342e-01 -2.657079398632049561e-01 -8.414125442504882812e-01 3.854365348815917969e-01
1.066378879547119141e+01 4.591723442077636719e+00 -1.502718448638916016e+00 -2.814924120903015137e-01 -2.708658576011657715e-01 -8.396499156951904297e-01 3.773351311683654785e-01
1.086042690277099609e+01 4.933261394500732422e+00 -1.512923598289489746e+00 -2.921285629272460938e-01 -2.746670842170715332e-01 -8.376694321632385254e-01 3.708488345146179199e-01
1.105344009399414062e+01 5.275986194610595703e+00 -1.523153066635131836e+00 -3.017506003379821777e-01 -2.769747972488403320e-01 -8.355407118797302246e-01 3.662009835243225098e-01
1.124110317230224609e+01 5.621337890625000000e+00 -1.533537268638610840e+00 -3.027926385402679443e-01 -2.756783366203308105e-01 -8.368427753448486328e-01 3.633348047733306885e-01
1.141615486145019531e+01 5.972299575805664062e+00 -1.542730093002319336e+00 -3.038666844367980957e-01 -2.731882929801940918e-01 -8.376492261886596680e-01 3.624592125415802002e-01
1.156562709808349609e+01 6.325004577636718750e+00 -1.549308776855468750e+00 -3.049935698509216309e-01 -2.695583105087280273e-01 -8.379803299903869629e-01 3.634639084339141846e-01
1.166944313049316406e+01 6.684072017669677734e+00 -1.550736069679260254e+00 -3.062097430229187012e-01 -2.648790478706359863e-01 -8.378359079360961914e-01 3.662042617797851562e-01
1.169370841979980469e+01 7.047109127044677734e+00 -1.543046593666076660e+00 -3.075608611106872559e-01 -2.592755854129791260e-01 -8.372039794921875000e-01 3.705024123191833496e-01
1.161551284790039062e+01 7.393237113952636719e+00 -1.527534484863281250e+00 -3.090932071208953857e-01 -2.529042959213256836e-01 -8.360690474510192871e-01 3.761505782604217529e-01
1.146862506866455078e+01 7.707705020904541016e+00 -1.510794043540954590e+00 -3.108453154563903809e-01 -2.459471672773361206e-01 -8.344221711158752441e-01 3.829161822795867920e-01
1.129617118835449219e+01 7.999262332916259766e+00 -1.495661616325378418e+00 -3.128394484519958496e-01 -2.386049926280975342e-01 -8.322679400444030762e-01 3.905498981475830078e-01
1.111386680603027344e+01 8.274423599243164062e+00 -1.482850313186645508e+00 -3.150762021541595459e-01 -2.310869991779327393e-01 -8.296318054199218750e-01 3.987940847873687744e-01
1.093111038208007812e+01 8.538632392883300781e+00 -1.471769690513610840e+00 -3.175314962863922119e-01 -2.236006557941436768e-01 -8.265632390975952148e-01 4.073937237262725830e-01
1.074972343444824219e+01 8.793022155761718750e+00 -1.461932063102722168e+00 -3.201568126678466797e-01 -2.163413614034652710e-01 -8.231348991394042969e-01 4.161068499088287354e-01
1.057025337219238281e+01 9.037885665893554688e+00 -1.453221082687377930e+00 -3.228826522827148438e-01 -2.094835489988327026e-01 -8.194405436515808105e-01 4.247123599052429199e-01
1.039319515228271484e+01 9.273534774780273438e+00 -1.445529699325561523e+00 -3.256240189075469971e-01 -2.031745761632919312e-01 -8.155894279479980469e-01 4.330160319805145264e-01
1.021912288665771484e+01 9.500375747680664062e+00 -1.438747167587280273e+00 -3.282866477966308594e-01 -1.975329816341400146e-01 -8.116996288299560547e-01 4.408539533615112305e-01
1.004818534851074219e+01 9.718515396118164062e+00 -1.432868599891662598e+00 -3.307736515998840332e-01 -1.926481574773788452e-01 -8.078929781913757324e-01 4.480896294116973877e-01
9.880178451538085938e+00 9.927773475646972656e+00 -1.427969336509704590e+00 -3.329904079437255859e-01 -1.885845214128494263e-01 -8.042894005775451660e-01 4.546117186546325684e-01
9.713908195495605469e+00 1.012714290618896484e+01 -1.424332857131958008e+00 -3.348483443260192871e-01 -1.853867769241333008e-01 -8.010032773017883301e-01 4.603280425071716309e-01
9.549814224243164062e+00 1.031686973571777344e+01 -1.421876788139343262e+00 -3.362673521041870117e-01 -1.830863356590270996e-01 -7.981421351432800293e-01 4.651587605476379395e-01
9.377346038818359375e+00 1.050582981109619141e+01 -1.420906901359558105e+00 -3.362100720405578613e-01 -1.811183691024780273e-01 -7.961953878402709961e-01 4.692886471748352051e-01
9.193156242370605469e+00 1.069050312042236328e+01 -1.421943068504333496e+00 -3.340212404727935791e-01 -1.791210174560546875e-01 -7.954823374748229980e-01 4.728142023086547852e-01
8.992946624755859375e+00 1.086534690856933594e+01 -1.425039649009704590e+00 -3.318648338317871094e-01 -1.784698814153671265e-01 -7.951817512512207031e-01 4.750791490077972412e-01
8.765642166137695312e+00 1.101186943054199219e+01 -1.429219365119934082e+00 -3.297513425350189209e-01 -1.790957450866699219e-01 -7.952758073806762695e-01 4.761567115783691406e-01
8.502175331115722656e+00 1.108440399169921875e+01 -1.426658868789672852e+00 -3.276770710945129395e-01 -1.808832436800003052e-01 -7.957252860069274902e-01 4.761621057987213135e-01
8.234736442565917969e+00 1.101909160614013672e+01 -1.399249792098999023e+00 -3.256354629993438721e-01 -1.837156265974044800e-01 -7.964848875999450684e-01 4.752072989940643311e-01
8.007585525512695312e+00 1.084974098205566406e+01 -1.369700551033020020e+00 -3.236188590526580811e-01 -1.874741017818450928e-01 -7.975060939788818359e-01 4.734007418155670166e-01
7.800190448760986328e+00 1.064730930328369141e+01 -1.350338101387023926e+00 -3.216186761856079102e-01 -1.920412331819534302e-01 -7.987371683120727539e-01 4.708508849143981934e-01
7.597375392913818359e+00 1.043282699584960938e+01 -1.338334918022155762e+00 -3.196254372596740723e-01 -1.972975283861160278e-01 -8.001264333724975586e-01 4.676654636859893799e-01
7.394328594207763672e+00 1.021160125732421875e+01 -1.331793785095214844e+00 -3.176313042640686035e-01 -2.031243443489074707e-01 -8.016229867935180664e-01 4.639518558979034424e-01
7.189614295959472656e+00 9.985151290893554688e+00 -1.328717947006225586e+00 -3.156280219554901123e-01 -2.094034999608993530e-01 -8.031774759292602539e-01 4.598206877708435059e-01
6.982829570770263672e+00 9.753920555114746094e+00 -1.327740430831909180e+00 -3.136091530323028564e-01 -2.160167992115020752e-01 -8.047439455986022949e-01 4.553825855255126953e-01
6.773810863494873047e+00 9.518046379089355469e+00 -1.328189969062805176e+00 -3.115697503089904785e-01 -2.228474766016006470e-01 -8.062794208526611328e-01 4.507513046264648438e-01
6.562529087066650391e+00 9.277553558349609375e+00 -1.329674363136291504e+00 -3.095065653324127197e-01 -2.297795414924621582e-01 -8.077455163002014160e-01 4.460426568984985352e-01
6.349054813385009766e+00 9.032367706298828125e+00 -1.331915259361267090e+00 -3.074181079864501953e-01 -2.366979718208312988e-01 -8.091084957122802734e-01 4.413747787475585938e-01
6.133789062500000000e+00 8.782148361206054688e+00 -1.334686279296875000e+00 -3.050436675548553467e-01 -2.433729320764541626e-01 -8.104560375213623047e-01 4.368969202041625977e-01
5.916894435882568359e+00 8.526742935180664062e+00 -1.337586998939514160e+00 -3.024268448352813721e-01 -2.497234046459197998e-01 -8.117468357086181641e-01 4.327160716056823730e-01
5.699118614196777344e+00 8.265502929687500000e+00 -1.340215682983398438e+00 -2.999968826770782471e-01 -2.558229565620422363e-01 -8.127666115760803223e-01 4.289136230945587158e-01
5.483588695526123047e+00 7.995927333831787109e+00 -1.341664433479309082e+00 -2.977651953697204590e-01 -2.615534067153930664e-01 -8.134911656379699707e-01 4.256263673305511475e-01
5.277660846710205078e+00 7.712714672088623047e+00 -1.341915845870971680e+00 -2.957367002964019775e-01 -2.667961418628692627e-01 -8.139030933380126953e-01 4.229910075664520264e-01
5.100483417510986328e+00 7.404911994934082031e+00 -1.341932058334350586e+00 -2.939116954803466797e-01 -2.714338898658752441e-01 -8.139889836311340332e-01 4.211428761482238770e-01
4.956679344177246094e+00 7.071298599243164062e+00 -1.343931198120117188e+00 -2.922887504100799561e-01 -2.753526568412780762e-01 -8.137369751930236816e-01 4.202144742012023926e-01
4.830085277557373047e+00 6.722216606140136719e+00 -1.348640680313110352e+00 -2.901128530502319336e-01 -2.781935930252075195e-01 -8.134938478469848633e-01 4.203220903873443604e-01
4.706745624542236328e+00 6.363525390625000000e+00 -1.354728698730468750e+00 -2.879521250724792480e-01 -2.802029550075531006e-01 -8.130165934562683105e-01 4.213953316211700439e-01
4.584433555603027344e+00 5.996088504791259766e+00 -1.361535310745239258e+00 -2.858139872550964355e-01 -2.814431786537170410e-01 -8.123259544372558594e-01 4.233516752719879150e-01
4.461657524108886719e+00 5.620429515838623047e+00 -1.368606567382812500e+00 -2.837039828300476074e-01 -2.819751799106597900e-01 -8.114399313926696777e-01 4.261069893836975098e-01
4.337638854980468750e+00 5.236816406250000000e+00 -1.375654578208923340e+00 -2.816274166107177734e-01 -2.818590998649597168e-01 -8.103740215301513672e-01 4.295757710933685303e-01
4.211833477020263672e+00 4.845439434051513672e+00 -1.382309794425964355e+00 -2.795886993408203125e-01 -2.811546921730041504e-01 -8.091420531272888184e-01 4.336719214916229248e-01
4.083208084106445312e+00 4.446620941162109375e+00 -1.387679100036621094e+00 -2.775919735431671143e-01 -2.799214422702789307e-01 -8.077574968338012695e-01 4.383087456226348877e-01
3.955546855926513672e+00 4.039638519287109375e+00 -1.404936432838439941e+00 -2.756419181823730469e-01 -2.782189249992370605e-01 -8.062337040901184082e-01 4.433994293212890625e-01
3.836059570312500000e+00 3.624321222305297852e+00 -1.452036738395690918e+00 -2.737428843975067139e-01 -2.761067450046539307e-01 -8.045850396156311035e-01 4.488573670387268066e-01
3.722036123275756836e+00 3.201938390731811523e+00 -1.519298672676086426e+00 -2.719000577926635742e-01 -2.736454010009765625e-01 -8.028264045715332031e-01 4.545969069004058838e-01
3.609321117401123047e+00 2.772480487823486328e+00 -1.595599651336669922e+00 -2.701191604137420654e-01 -2.708957195281982422e-01 -8.009747266769409180e-01 4.605330526828765869e-01
3.496418476104736328e+00 2.335786104202270508e+00 -1.677185654640197754e+00 -2.684060633182525635e-01 -2.679190337657928467e-01 -7.990490198135375977e-01 4.665814340114593506e-01
3.382504701614379883e+00 1.891747951507568359e+00 -1.762152671813964844e+00 -2.667678594589233398e-01 -2.647776007652282715e-01 -7.970699667930603027e-01 4.726596474647521973e-01
3.267231464385986328e+00 1.440317392349243164e+00 -1.849732875823974609e+00 -2.652126550674438477e-01 -2.615345418453216553e-01 -7.950609326362609863e-01 4.786857366561889648e-01
3.150612831115722656e+00 9.815136790275573730e-01 -1.939944744110107422e+00 -2.637485563755035400e-01 -2.582534551620483398e-01 -7.930474281311035156e-01 4.845798611640930176e-01
3.035402774810791016e+00 5.272143483161926270e-01 -2.029845237731933594e+00 -2.623852491378784180e-01 -2.549987435340881348e-01 -7.910572886466979980e-01 4.902629256248474121e-01
2.921513557434082031e+00 7.741454988718032837e-02 -2.119229316711425781e+00 -2.611330449581146240e-01 -2.518355548381805420e-01 -7.891211509704589844e-01 4.956574440002441406e-01
2.809047698974609375e+00 -3.678466677665710449e-01 -2.208343505859375000e+00 -2.600026428699493408e-01 -2.488296329975128174e-01 -7.872700691223144531e-01 5.006876587867736816e-01
2.697790384292602539e+00 -8.086010813713073730e-01 -2.296711921691894531e+00 -2.590052783489227295e-01 -2.460468858480453491e-01 -7.855387330055236816e-01 5.052781701087951660e-01
2.587863683700561523e+00 -1.244812011718750000e+00 -2.384613513946533203e+00 -2.581527829170227051e-01 -2.435538917779922485e-01 -7.839615345001220703e-01 5.093553662300109863e-01
2.479128360748291016e+00 -1.676494121551513672e+00 -2.471755981445312500e+00 -2.574539482593536377e-01 -2.414020448923110962e-01 -7.825672626495361328e-01 5.128654241561889648e-01
2.371655225753784180e+00 -2.103635311126708984e+00 -2.558284759521484375e+00 -2.569020390510559082e-01 -2.395814508199691772e-01 -7.813546657562255859e-01 5.158361792564392090e-01
2.265349149703979492e+00 -2.526257276535034180e+00 -2.644011259078979492e+00 -2.564869821071624756e-01 -2.380669713020324707e-01 -7.803133726119995117e-01 5.183143019676208496e-01
2.160241603851318359e+00 -2.944357872009277344e+00 -2.729007005691528320e+00 -2.561978101730346680e-01 -2.368324398994445801e-01 -7.794319391250610352e-01 5.203450322151184082e-01
2.059204101562500000e+00 -3.346333026885986328e+00 -2.810789823532104492e+00 -2.560233175754547119e-01 -2.358518838882446289e-01 -7.786969542503356934e-01 5.219739675521850586e-01
