6.467885494232177734e+00 -3.022650337219238281e+01 -3.015620708465576172e+00 -1.730110943317413330e-01 1.250168830156326294e-01 2.839994058012962341e-02 9.765404462814331055e-01
6.426331043243408203e+00 -3.021883392333984375e+01 -3.019962072372436523e+00 -1.715636700391769409e-01 1.275340765714645386e-01 1.739984005689620972e-02 9.767282605171203613e-01
6.388543128967285156e+00 -3.021184349060058594e+01 -3.023914813995361328e+00 -1.701119691133499146e-01 1.305917352437973022e-01 6.926517933607101440e-03 9.767085313796997070e-01
6.356502056121826172e+00 -3.020592498779296875e+01 -3.027264356613159180e+00 -1.686510890722274780e-01 1.342320740222930908e-01 -2.895293757319450378e-03 9.764886498451232910e-01
6.330240726470947266e+00 -3.020109558105468750e+01 -3.030014038085937500e+00 -1.671767383813858032e-01 1.384964734315872192e-01 -1.194174215197563171e-02 9.760778546333312988e-01
6.309792518615722656e+00 -3.019737052917480469e+01 -3.032164812088012695e+00 -1.656864285469055176e-01 1.434259861707687378e-01 -2.008919231593608856e-02 9.754861593246459961e-01
6.295186519622802734e+00 -3.019475555419921875e+01 -3.033720731735229492e+00 -1.641807407140731812e-01 1.490602493286132812e-01 -2.721296995878219604e-02 9.747231006622314453e-01
6.286457538604736328e+00 -3.019326591491699219e+01 -3.034684896469116211e+00 -1.626644432544708252e-01 1.554383933544158936e-01 -3.318830952048301697e-02 9.737955331802368164e-01
6.283634662628173828e+00 -3.019291496276855469e+01 -3.035060882568359375e+00 -1.611481159925460815e-01 1.625984013080596924e-01 -3.788929060101509094e-02 9.727061390876770020e-01
6.274260044097900391e+00 -3.019127655029296875e+01 -3.036482572555541992e+00 -1.585395038127899170e-01 1.704981625080108643e-01 -4.143174365162849426e-02 9.716373682022094727e-01
6.258378028869628906e+00 -3.018827629089355469e+01 -3.038712024688720703e+00 -1.558725535869598389e-01 1.790509223937988281e-01 -4.377364367246627808e-02 9.704269170761108398e-01
6.235943317413330078e+00 -3.018390464782714844e+01 -3.041742563247680664e+00 -1.531779170036315918e-01 1.881034672260284424e-01 -4.508164152503013611e-02 9.690826535224914551e-01
6.206909179687500000e+00 -3.017816734313964844e+01 -3.045565843582153320e+00 -1.504862606525421143e-01 1.975021213293075562e-01 -4.552247375249862671e-02 9.676128029823303223e-01
6.171227455139160156e+00 -3.017105102539062500e+01 -3.050172090530395508e+00 -1.478295624256134033e-01 2.070939242839813232e-01 -4.526302963495254517e-02 9.660278558731079102e-01
6.128986835479736328e+00 -3.016188812255859375e+01 -3.055459022521972656e+00 -1.452387273311614990e-01 2.167267203330993652e-01 -4.447118192911148071e-02 9.643430113792419434e-01
6.080117225646972656e+00 -3.015080833435058594e+01 -3.061429977416992188e+00 -1.427476108074188232e-01 2.262494266033172607e-01 -4.331387206912040710e-02 9.625789523124694824e-01
6.024501323699951172e+00 -3.013816833496093750e+01 -3.068122386932373047e+00 -1.403891742229461670e-01 2.355122268199920654e-01 -4.195897653698921204e-02 9.607624411582946777e-01
5.962095737457275391e+00 -3.012395858764648438e+01 -3.075521230697631836e+00 -1.381982266902923584e-01 2.443670928478240967e-01 -4.057415574789047241e-02 9.589262604713439941e-01
5.892859935760498047e+00 -3.010818290710449219e+01 -3.083606004714965820e+00 -1.362102627754211426e-01 2.526676058769226074e-01 -3.932769596576690674e-02 9.571098685264587402e-01
5.816751956939697266e+00 -3.009083175659179688e+01 -3.092355251312255859e+00 -1.344615072011947632e-01 2.602687478065490723e-01 -3.838673606514930725e-02 9.553568363189697266e-01
5.733904838562011719e+00 -3.007106781005859375e+01 -3.101521015167236328e+00 -1.329884529113769531e-01 2.670268714427947998e-01 -3.791977837681770325e-02 9.537152647972106934e-01
5.643806457519531250e+00 -3.004931831359863281e+01 -3.110995531082153320e+00 -1.324984580278396606e-01 2.675979733467102051e-01 -3.905998542904853821e-02 9.535773396492004395e-01
5.546794891357421875e+00 -3.002589988708496094e+01 -3.121073007583618164e+00 -1.322746723890304565e-01 2.678734660148620605e-01 -4.086502641439437866e-02 9.534554481506347656e-01
5.442869186401367188e+00 -3.000080680847167969e+01 -3.131760835647583008e+00 -1.322809159755706787e-01 2.682900428771972656e-01 -4.339971393346786499e-02 9.532254338264465332e-01
5.332046508789062500e+00 -2.997370338439941406e+01 -3.142715454101562500e+00 -1.325242668390274048e-01 2.688751220703125000e-01 -4.679853096604347229e-02 9.528658390045166016e-01
5.214268684387207031e+00 -2.994478988647460938e+01 -3.154142379760742188e+00 -1.329982429742813110e-01 2.696558833122253418e-01 -5.118649080395698547e-02 9.523534774780273438e-01
5.089495182037353516e+00 -2.991415786743164062e+01 -3.166132211685180664e+00 -1.336763054132461548e-01 2.706590592861175537e-01 -5.667616054415702820e-02 9.516628980636596680e-01
4.957606315612792969e+00 -2.988207435607910156e+01 -3.178403139114379883e+00 -1.345079392194747925e-01 2.719103097915649414e-01 -6.336612254381179810e-02 9.507666230201721191e-01
4.818575859069824219e+00 -2.984854125976562500e+01 -3.190957069396972656e+00 -1.354127675294876099e-01 2.734310328960418701e-01 -7.133837044239044189e-02 9.496365785598754883e-01
4.671229362487792969e+00 -2.981331443786621094e+01 -3.204501867294311523e+00 -1.340729594230651855e-01 2.657301425933837891e-01 -8.368546515703201294e-02 9.510040283203125000e-01
4.516299724578857422e+00 -2.977752685546875000e+01 -3.218117713928222656e+00 -1.330160498619079590e-01 2.558777332305908203e-01 -9.776462614536285400e-02 9.525099992752075195e-01
4.354040622711181641e+00 -2.974054145812988281e+01 -3.232072114944458008e+00 -1.323767900466918945e-01 2.440488636493682861e-01 -1.132707893848419189e-01 9.539843797683715820e-01
4.184535980224609375e+00 -2.970240211486816406e+01 -3.246438026428222656e+00 -1.322704702615737915e-01 2.304368466138839722e-01 -1.299144923686981201e-01 9.552621245384216309e-01
4.007315635681152344e+00 -2.966536331176757812e+01 -3.260620594024658203e+00 -1.327862739562988281e-01 2.152542173862457275e-01 -1.474270969629287720e-01 9.561896324157714844e-01
3.823120117187500000e+00 -2.962665748596191406e+01 -3.275397300720214844e+00 -1.339848637580871582e-01 1.987324357032775879e-01 -1.655600816011428833e-01 9.566311836242675781e-01
3.630884885787963867e+00 -2.959166717529296875e+01 -3.289592742919921875e+00 -1.358968615531921387e-01 1.811195760965347290e-01 -1.840879768133163452e-01 9.564723372459411621e-01
3.431697845458984375e+00 -2.955550765991210938e+01 -3.304313182830810547e+00 -1.385243982076644897e-01 1.626770645380020142e-01 -2.028039097785949707e-01 9.556242227554321289e-01
3.224682569503784180e+00 -2.952349281311035156e+01 -3.318404436111450195e+00 -1.418427526950836182e-01 1.436760872602462769e-01 -2.215198278427124023e-01 9.540265202522277832e-01
3.010673761367797852e+00 -2.949137878417968750e+01 -3.332823991775512695e+00 -1.458033025264739990e-01 1.243926584720611572e-01 -2.400621175765991211e-01 9.516501426696777344e-01
2.789107561111450195e+00 -2.946341514587402344e+01 -3.346654653549194336e+00 -1.503359079360961914e-01 1.051034629344940186e-01 -2.582692801952362061e-01 9.484984874725341797e-01
2.560431957244873047e+00 -2.943749618530273438e+01 -3.360379457473754883e+00 -1.553515344858169556e-01 8.608141541481018066e-02 -2.759892642498016357e-01 9.446087479591369629e-01
2.324642181396484375e+00 -2.941403579711914062e+01 -3.373914003372192383e+00 -1.607446372509002686e-01 6.759095191955566406e-02 -2.930766046047210693e-01 9.400525093078613281e-01
2.081600189208984375e+00 -2.939618301391601562e+01 -3.386607646942138672e+00 -1.663950979709625244e-01 4.988381266593933105e-02 -3.093899190425872803e-01 9.349342584609985352e-01
1.831622242927551270e+00 -2.938200378417968750e+01 -3.398889780044555664e+00 -1.721700727939605713e-01 3.319600224494934082e-02 -3.247889578342437744e-01 9.293910264968872070e-01
1.574753403663635254e+00 -2.937257194519042969e+01 -3.410552263259887695e+00 -1.779262125492095947e-01 1.774343475699424744e-02 -3.391329348087310791e-01 9.235888123512268066e-01
1.311101078987121582e+00 -2.936902427673339844e+01 -3.421388387680053711e+00 -1.835108548402786255e-01 3.722276538610458374e-03 -3.522773683071136475e-01 9.177203178405761719e-01
1.051684498786926270e+00 -2.937211036682128906e+01 -3.430849552154541016e+00 -1.887647956609725952e-01 -8.692707866430282593e-03 -3.640736937522888184e-01 9.119992852210998535e-01
7.967260479927062988e-01 -2.938230705261230469e+01 -3.438881158828735352e+00 -1.935250759124755859e-01 -1.934740692377090454e-02 -3.743666112422943115e-01 9.066550135612487793e-01
5.464306473731994629e-01 -2.939941978454589844e+01 -3.445410013198852539e+00 -1.976278424263000488e-01 -2.810296416282653809e-02 -3.829949498176574707e-01 9.019247293472290039e-01
3.008581399917602539e-01 -2.942314910888671875e+01 -3.451209068298339844e+00 -1.978346705436706543e-01 -3.622977435588836670e-02 -3.897189795970916748e-01 8.987035155296325684e-01
6.008300557732582092e-02 -2.945183944702148438e+01 -3.455444812774658203e+00 -1.976071447134017944e-01 -4.238978028297424316e-02 -3.947196900844573975e-01 8.962983489036560059e-01
-1.761035174131393433e-01 -2.948351287841796875e+01 -3.458271980285644531e+00 -1.969781070947647095e-01 -4.672174155712127686e-02 -3.981476724147796631e-01 8.947039842605590820e-01
-4.081506133079528809e-01 -2.951486778259277344e+01 -3.459869861602783203e+00 -1.959758400917053223e-01 -4.936482757329940796e-02 -4.001440703868865967e-01 8.938910365104675293e-01
-6.366747617721557617e-01 -2.954113769531250000e+01 -3.460846424102783203e+00 -1.946238428354263306e-01 -5.045668408274650574e-02 -4.008420407772064209e-01 8.938127756118774414e-01
-8.618627786636352539e-01 -2.955930519104003906e+01 -3.461532592773437500e+00 -1.929428279399871826e-01 -5.013520270586013794e-02 -4.003688991069793701e-01 8.944071531295776367e-01
-1.083409428596496582e+00 -2.957060241699218750e+01 -3.461969614028930664e+00 -1.909509450197219849e-01 -4.853707551956176758e-02 -3.988461196422576904e-01 8.956024050712585449e-01
-1.301102280616760254e+00 -2.957575798034667969e+01 -3.462193489074707031e+00 -1.886644959449768066e-01 -4.579881578683853149e-02 -3.963930010795593262e-01 8.973187208175659180e-01
-1.514791250228881836e+00 -2.957770347595214844e+01 -3.462285757064819336e+00 -1.860997229814529419e-01 -4.205665737390518188e-02 -3.931258916854858398e-01 8.994721174240112305e-01
-1.724459171295166016e+00 -2.957873916625976562e+01 -3.462316274642944336e+00 -1.832715570926666260e-01 -3.744730725884437561e-02 -3.891616463661193848e-01 9.019769430160522461e-01
-1.930126905441284180e+00 -2.957989883422851562e+01 -3.462328910827636719e+00 -1.801957637071609497e-01 -3.210689499974250793e-02 -3.846170604228973389e-01 9.047476649284362793e-01
-2.131822347640991211e+00 -2.958115196228027344e+01 -3.462342977523803711e+00 -1.768890470266342163e-01 -2.617275714874267578e-02 -3.796100914478302002e-01 9.077011942863464355e-01
-2.329566717147827148e+00 -2.958246803283691406e+01 -3.462376594543457031e+00 -1.733680665493011475e-01 -1.978176832199096680e-02 -3.742605149745941162e-01 9.107586741447448730e-01
-2.523393392562866211e+00 -2.958382034301757812e+01 -3.462445497512817383e+00 -1.696517020463943481e-01 -1.307186484336853027e-02 -3.686904907226562500e-01 9.138461351394653320e-01
-2.713328838348388672e+00 -2.958518218994140625e+01 -3.462564706802368164e+00 -1.657595336437225342e-01 -6.181173026561737061e-03 -3.630250692367553711e-01 9.168961644172668457e-01
-2.899404287338256836e+00 -2.958653068542480469e+01 -3.462744712829589844e+00 -1.617128551006317139e-01 7.527209818363189697e-04 -3.573918938636779785e-01 9.198474884033203125e-01
-3.081651449203491211e+00 -2.958783340454101562e+01 -3.462994813919067383e+00 -1.575347632169723511e-01 7.591288536787033081e-03 -3.519214987754821777e-01 9.226464033126831055e-01
-3.260107278823852539e+00 -2.958906936645507812e+01 -3.463320732116699219e+00 -1.532489359378814697e-01 1.419669017195701599e-02 -3.467468023300170898e-01 9.252458810806274414e-01
-3.434800863265991211e+00 -2.959021568298339844e+01 -3.463727235794067383e+00 -1.488804519176483154e-01 2.043131552636623383e-02 -3.420032858848571777e-01 9.276049733161926270e-01
-3.604952335357666016e+00 -2.958108329772949219e+01 -3.457857608795166016e+00 -1.444557160139083862e-01 2.615731954574584961e-02 -3.378280103206634521e-01 9.296883344650268555e-01
-3.766181468963623047e+00 -2.954430580139160156e+01 -3.434857606887817383e+00 -1.400011330842971802e-01 3.126754611730575562e-02 -3.343276977539062500e-01 9.314756989479064941e-01
-3.922842979431152344e+00 -2.950510406494140625e+01 -3.410558462142944336e+00 -1.355435997247695923e-01 3.577297180891036987e-02 -3.314833939075469971e-01 9.329882264137268066e-01
-4.075492858886718750e+00 -2.946525001525878906e+01 -3.386426925659179688e+00 -1.311094611883163452e-01 3.971543908119201660e-02 -3.292430043220520020e-01 9.342548251152038574e-01
-4.223865985870361328e+00 -2.942403793334960938e+01 -3.362231969833374023e+00 -1.267241984605789185e-01 4.313511028885841370e-02 -3.275533616542816162e-01 9.353016614913940430e-01
-4.367646217346191406e+00 -2.938074684143066406e+01 -3.337731838226318359e+00 -1.224134936928749084e-01 4.607369750738143921e-02 -3.263604044914245605e-01 9.361522793769836426e-01
-4.506282806396484375e+00 -2.933423805236816406e+01 -3.312566518783569336e+00 -1.182022392749786377e-01 4.857213422656059265e-02 -3.256097137928009033e-01 9.368282556533813477e-01
-4.638985633850097656e+00 -2.928318214416503906e+01 -3.286326885223388672e+00 -1.141150742769241333e-01 5.067145824432373047e-02 -3.252459466457366943e-01 9.373500943183898926e-01
-4.763803482055664062e+00 -2.922462844848632812e+01 -3.258139610290527344e+00 -1.101764813065528870e-01 5.241253599524497986e-02 -3.252131044864654541e-01 9.377369284629821777e-01
-4.874382019042968750e+00 -2.915168952941894531e+01 -3.224754571914672852e+00 -1.064110100269317627e-01 5.383660644292831421e-02 -3.254559338092803955e-01 9.380068182945251465e-01
-4.954143047332763672e+00 -2.905574417114257812e+01 -3.180298328399658203e+00 -1.028429791331291199e-01 5.498443916440010071e-02 -3.259177803993225098e-01 9.381778836250305176e-01
-5.005145072937011719e+00 -2.894918632507324219e+01 -3.129107713699340820e+00 -9.949652105569839478e-02 5.589703470468521118e-02 -3.265429437160491943e-01 9.382672905921936035e-01
-5.035961627960205078e+00 -2.884055900573730469e+01 -3.075108051300048828e+00 -9.639613330364227295e-02 5.661530047655105591e-02 -3.272748887538909912e-01 9.382928609848022461e-01
-5.055840969085693359e+00 -2.873384666442871094e+01 -3.020709753036499023e+00 -9.356559813022613525e-02 5.718007683753967285e-02 -3.280574381351470947e-01 9.382719397544860840e-01
-5.070335388183593750e+00 -2.863017463684082031e+01 -2.967026948928833008e+00 -9.102967381477355957e-02 5.763246119022369385e-02 -3.288346827030181885e-01 9.382216334342956543e-01
-5.080276966094970703e+00 -2.852984237670898438e+01 -2.914169788360595703e+00 -8.881201595067977905e-02 5.801315605640411377e-02 -3.295505344867706299e-01 9.381595253944396973e-01
-5.088371276855468750e+00 -2.843301391601562500e+01 -2.862630605697631836e+00 -8.693711459636688232e-02 5.836313590407371521e-02 -3.301485180854797363e-01 9.381031990051269531e-01
-5.094598293304443359e+00 -2.833969116210937500e+01 -2.812397480010986328e+00 -8.542918413877487183e-02 5.872328951954841614e-02 -3.305725455284118652e-01 9.380699396133422852e-01
-5.100240230560302734e+00 -2.824979019165039062e+01 -2.763856649398803711e+00 -8.431247621774673462e-02 5.913438647985458374e-02 -3.307665884494781494e-01 9.380767345428466797e-01
-5.104108810424804688e+00 -2.816335296630859375e+01 -2.716813802719116211e+00 -8.361111581325531006e-02 5.963749438524246216e-02 -3.306742012500762939e-01 9.381402730941772461e-01
-5.107740402221679688e+00 -2.808034324645996094e+01 -2.671507596969604492e+00 -8.334862440824508667e-02 6.027310341596603394e-02 -3.302387595176696777e-01 9.382762908935546875e-01
-5.110823631286621094e+00 -2.800075340270996094e+01 -2.627933263778686523e+00 -8.353227376937866211e-02 6.107765063643455505e-02 -3.294156491756439209e-01 9.384972453117370605e-01
-5.112825870513916016e+00 -2.792456817626953125e+01 -2.586104631423950195e+00 -8.409930020570755005e-02 6.206880882382392883e-02 -3.282096982002258301e-01 9.388040900230407715e-01
-5.114635944366455078e+00 -2.785181617736816406e+01 -2.546040058135986328e+00 -8.496975153684616089e-02 6.325962394475936890e-02 -3.266390264034271240e-01 9.391939640045166016e-01
-5.116261959075927734e+00 -2.778249740600585938e+01 -2.507758140563964844e+00 -8.606379479169845581e-02 6.466329097747802734e-02 -3.247203230857849121e-01 9.396640062332153320e-01
-5.117222785949707031e+00 -2.771654701232910156e+01 -2.471376895904541016e+00 -8.730104565620422363e-02 6.629244238138198853e-02 -3.224711120128631592e-01 9.402107000350952148e-01
-5.117746353149414062e+00 -2.765399360656738281e+01 -2.436869382858276367e+00 -8.860201388597488403e-02 6.816055625677108765e-02 -3.199084103107452393e-01 9.408307075500488281e-01
-5.118136882781982422e+00 -2.759487915039062500e+01 -2.404190063476562500e+00 -8.988616615533828735e-02 7.028029859066009521e-02 -3.170492053031921387e-01 9.415205717086791992e-01
-5.118567943572998047e+00 -2.752986526489257812e+01 -2.368298292160034180e+00 -9.107384830713272095e-02 7.266467809677124023e-02 -3.139110803604125977e-01 9.422765374183654785e-01
-5.118814468383789062e+00 -2.745889091491699219e+01 -2.329322576522827148e+00 -9.208505600690841675e-02 7.532674074172973633e-02 -3.105109632015228271e-01 9.430956244468688965e-01
-5.118553161621093750e+00 -2.738186454772949219e+01 -2.287435770034790039e+00 -9.283951669931411743e-02 7.827933132648468018e-02 -3.068661987781524658e-01 9.439736604690551758e-01
-5.118287086486816406e+00 -2.729891967773437500e+01 -2.242423772811889648e+00 -9.325730055570602417e-02 8.153527975082397461e-02 -3.029936552047729492e-01 9.449073076248168945e-01
-5.118021011352539062e+00 -2.721005821228027344e+01 -2.194304227828979492e+00 -9.325870871543884277e-02 8.510747551918029785e-02 -2.989107072353363037e-01 9.458920359611511230e-01
-5.116950511932373047e+00 -2.711494064331054688e+01 -2.143736600875854492e+00 -9.276340901851654053e-02 8.900842070579528809e-02 -2.946340441703796387e-01 9.469230175018310547e-01
-5.115743160247802734e+00 -2.701383972167968750e+01 -2.090220212936401367e+00 -9.169143438339233398e-02 9.325078129768371582e-02 -2.901801764965057373e-01 9.479938745498657227e-01
-5.114350318908691406e+00 -2.690671348571777344e+01 -2.033869266510009766e+00 -8.996279537677764893e-02 9.784701466560363770e-02 -2.855650484561920166e-01 9.490970969200134277e-01
-5.111980915069580078e+00 -2.679309082031250000e+01 -1.975612998008728027e+00 -8.749721944332122803e-02 1.028090342879295349e-01 -2.808040678501129150e-01 9.502228498458862305e-01
-5.109532356262207031e+00 -2.667348480224609375e+01 -1.914460062980651855e+00 -8.421425521373748779e-02 1.081487089395523071e-01 -2.759120464324951172e-01 9.513591527938842773e-01
-5.105861663818359375e+00 -2.654705429077148438e+01 -1.852151393890380859e+00 -8.003398776054382324e-02 1.138772815465927124e-01 -2.709027230739593506e-01 9.524905085563659668e-01
-5.101859092712402344e+00 -2.641443824768066406e+01 -1.787392854690551758e+00 -7.487633824348449707e-02 1.200059279799461365e-01 -2.657884657382965088e-01 9.535977840423583984e-01
-5.096011638641357422e+00 -2.627431297302246094e+01 -1.723072171211242676e+00 -6.866028904914855957e-02 1.265444159507751465e-01 -2.605806887149810791e-01 9.546570181846618652e-01
-5.089161396026611328e+00 -2.612716293334960938e+01 -1.658273935317993164e+00 -6.134186685085296631e-02 1.334832012653350830e-01 -2.552917897701263428e-01 9.556388258934020996e-01
-5.080823898315429688e+00 -2.597232437133789062e+01 -1.594532489776611328e+00 -5.301774665713310242e-02 1.407356113195419312e-01 -2.499457597732543945e-01 9.565092325210571289e-01
-5.070606708526611328e+00 -2.580858039855957031e+01 -1.535292029380798340e+00 -4.382125288248062134e-02 1.481958478689193726e-01 -2.445702105760574341e-01 9.572371840476989746e-01
-5.059138298034667969e+00 -2.563593482971191406e+01 -1.481433987617492676e+00 -3.388656303286552429e-02 1.557587534189224243e-01 -2.391946911811828613e-01 9.577978849411010742e-01
-5.046997070312500000e+00 -2.545425796508789062e+01 -1.434388995170593262e+00 -2.334817498922348022e-02 1.633199602365493774e-01 -2.338507771492004395e-01 9.581729173660278320e-01
-5.035024166107177734e+00 -2.526375961303710938e+01 -1.394710302352905273e+00 -1.234222576022148132e-02 1.707762181758880615e-01 -2.285715639591217041e-01 9.583518505096435547e-01
-5.024065017700195312e+00 -2.506492042541503906e+01 -1.361600279808044434e+00 -1.004908233880996704e-03 1.780256330966949463e-01 -2.233928143978118896e-01 9.583325982093811035e-01
-5.014698505401611328e+00 -2.485826110839843750e+01 -1.333368182182312012e+00 1.052745804190635681e-02 1.849679946899414062e-01 -2.183521836996078491e-01 9.581222534179687500e-01
-5.007154464721679688e+00 -2.464418411254882812e+01 -1.308166742324829102e+00 2.211874909698963165e-02 1.915046572685241699e-01 -2.134897261857986450e-01 9.577363133430480957e-01
-5.001155853271484375e+00 -2.442291641235351562e+01 -1.284804701805114746e+00 3.363211452960968018e-02 1.975391358137130737e-01 -2.088470309972763062e-01 9.571990966796875000e-01
-4.996302604675292969e+00 -2.419455528259277344e+01 -1.262836933135986328e+00 4.493233188986778259e-02 2.029765844345092773e-01 -2.044672816991806030e-01 9.565431475639343262e-01
-4.992660999298095703e+00 -2.396817588806152344e+01 -1.243498802185058594e+00 5.588443577289581299e-02 2.077243030071258545e-01 -2.003956884145736694e-01 9.558080434799194336e-01
-4.989534854888916016e+00 -2.374393081665039062e+01 -1.225545644760131836e+00 6.635440886020660400e-02 2.116911560297012329e-01 -1.966779679059982300e-01 9.550400972366333008e-01
-4.986819744110107422e+00 -2.352185821533203125e+01 -1.208690404891967773e+00 7.620933651924133301e-02 2.147872298955917358e-01 -1.933614462614059448e-01 9.542902708053588867e-01
-4.984519004821777344e+00 -2.330191421508789062e+01 -1.193646788597106934e+00 8.531717956066131592e-02 2.169238179922103882e-01 -1.904931366443634033e-01 9.536128640174865723e-01
-4.982327938079833984e+00 -2.308420753479003906e+01 -1.179355740547180176e+00 9.354701638221740723e-02 2.180126607418060303e-01 -1.881211102008819580e-01 9.530633687973022461e-01
-4.980248928070068359e+00 -2.286874771118164062e+01 -1.165965199470520020e+00 1.007684618234634399e-01 2.179652601480484009e-01 -1.862923353910446167e-01 9.526972174644470215e-01
-4.978104114532470703e+00 -2.265553092956542969e+01 -1.153721332550048828e+00 1.068516373634338379e-01 2.166923731565475464e-01 -1.850533485412597656e-01 9.525662064552307129e-01
-4.975982666015625000e+00 -2.244463348388671875e+01 -1.141775846481323242e+00 1.116668060421943665e-01 2.141030728816986084e-01 -1.844495236873626709e-01 9.527165889739990234e-01
-4.973526477813720703e+00 -2.223600006103515625e+01 -1.131201148033142090e+00 1.150838807225227356e-01 2.101040929555892944e-01 -1.845239996910095215e-01 9.531856179237365723e-01
-4.970997333526611328e+00 -2.202972412109375000e+01 -1.120828509330749512e+00 1.170079708099365234e-01 2.046348750591278076e-01 -1.853031069040298462e-01 9.539898037910461426e-01
-4.968056678771972656e+00 -2.182576179504394531e+01 -1.111468195915222168e+00 1.174864321947097778e-01 1.977754533290863037e-01 -1.867504119873046875e-01 9.550948143005371094e-01
-4.964941501617431641e+00 -2.162414741516113281e+01 -1.102544784545898438e+00 1.166012361645698547e-01 1.896398663520812988e-01 -1.888119578361511230e-01 9.564470648765563965e-01
-4.961580753326416016e+00 -2.142487335205078125e+01 -1.094245553016662598e+00 1.144339442253112793e-01 1.803409904241561890e-01 -1.914332509040832520e-01 9.579850435256958008e-01
-4.957991600036621094e+00 -2.122794342041015625e+01 -1.086509943008422852e+00 1.110656335949897766e-01 1.699916124343872070e-01 -1.945576667785644531e-01 9.596429467201232910e-01
-4.954287052154541016e+00 -2.103335952758789062e+01 -1.079120516777038574e+00 1.065777912735939026e-01 1.587045490741729736e-01 -1.981285661458969116e-01 9.613527059555053711e-01
-4.950343132019042969e+00 -2.084110832214355469e+01 -1.072315096855163574e+00 1.010524034500122070e-01 1.465938538312911987e-01 -2.020885050296783447e-01 9.630466699600219727e-01
-4.946374416351318359e+00 -2.065119171142578125e+01 -1.065685749053955078e+00 9.457255899906158447e-02 1.337747871875762939e-01 -2.063806056976318359e-01 9.646592736244201660e-01
-4.942193508148193359e+00 -2.046359634399414062e+01 -1.059573650360107422e+00 8.722247183322906494e-02 1.203645914793014526e-01 -2.109486013650894165e-01 9.661290645599365234e-01
-4.938036918640136719e+00 -2.027832031250000000e+01 -1.053558349609375000e+00 7.908771187067031860e-02 1.064819991588592529e-01 -2.157367169857025146e-01 9.674009084701538086e-01
-4.933722972869873047e+00 -2.009535789489746094e+01 -1.047937035560607910e+00 7.025519758462905884e-02 9.224787354469299316e-02 -2.206902205944061279e-01 9.684267640113830566e-01
-4.929448127746582031e+00 -1.991469955444335938e+01 -1.042398929595947266e+00 6.081332266330718994e-02 7.778465747833251953e-02 -2.257570922374725342e-01 9.691672325134277344e-01
-4.925085544586181641e+00 -1.973634529113769531e+01 -1.037108778953552246e+00 5.085162073373794556e-02 6.321658939123153687e-02 -2.308859229087829590e-01 9.695924520492553711e-01
-4.920746803283691406e+00 -1.956028556823730469e+01 -1.031922578811645508e+00 4.046076908707618713e-02 4.866914451122283936e-02 -2.360284179449081421e-01 9.696828722953796387e-01
-4.916395187377929688e+00 -1.938652229309082031e+01 -1.026853919029235840e+00 2.973218075931072235e-02 3.426881879568099976e-02 -2.411381006240844727e-01 9.694298505783081055e-01
-4.912034988403320312e+00 -1.921505355834960938e+01 -1.021905779838562012e+00 1.875782385468482971e-02 2.014274522662162781e-02 -2.461714446544647217e-01 9.688354134559631348e-01
-4.907728195190429688e+00 -1.904588127136230469e+01 -1.016997933387756348e+00 7.629836443811655045e-03 6.418290548026561737e-03 -2.510879039764404297e-01 9.679129123687744141e-01
-4.903368949890136719e+00 -1.887901115417480469e+01 -1.012185335159301758e+00 -3.559689037501811981e-03 -6.777194794267416000e-03 -2.558496892452239990e-01 9.666863083839416504e-01
-4.899091720581054688e+00 -1.871444511413574219e+01 -1.007417559623718262e+00 -1.471982896327972412e-02 -1.931737735867500305e-02 -2.604213058948516846e-01 9.651895761489868164e-01
-4.894755840301513672e+00 -1.855219268798828125e+01 -1.002750277519226074e+00 -2.575906552374362946e-02 -3.107583150267601013e-02 -2.647710442543029785e-01 9.634661674499511719e-01
-4.890453815460205078e+00 -1.839225959777832031e+01 -9.981545805931091309e-01 -3.659975156188011169e-02 -4.195404797792434692e-02 -2.688743472099304199e-01 9.615647792816162109e-01
-4.886167049407958984e+00 -1.823465347290039062e+01 -9.936352372169494629e-01 -4.720906913280487061e-02 -5.196022242307662964e-02 -2.727302908897399902e-01 9.595257043838500977e-01
-4.881849288940429688e+00 -1.807937812805175781e+01 -9.892034530639648438e-01 -5.756694078445434570e-02 -6.112962588667869568e-02 -2.763436436653137207e-01 9.573835730552673340e-01
-4.877574443817138672e+00 -1.792643547058105469e+01 -9.848458766937255859e-01 -6.765325367450714111e-02 -6.949872523546218872e-02 -2.797180712223052979e-01 9.551705718040466309e-01
-4.873272418975830078e+00 -1.777583885192871094e+01 -9.805663824081420898e-01 -7.744818925857543945e-02 -7.710353285074234009e-02 -2.828565835952758789e-01 9.529160857200622559e-01
-4.868572711944580078e+00 -1.761577033996582031e+01 -9.761642217636108398e-01 -8.693267405033111572e-02 -8.398126065731048584e-02 -2.857622504234313965e-01 9.506470561027526855e-01
-4.863471508026123047e+00 -1.744623565673828125e+01 -9.716351032257080078e-01 -9.608830511569976807e-02 -9.016904234886169434e-02 -2.884379327297210693e-01 9.483881592750549316e-01
-4.857927322387695312e+00 -1.726724243164062500e+01 -9.669692516326904297e-01 -1.048958748579025269e-01 -9.570414572954177856e-02 -2.908849120140075684e-01 9.461625218391418457e-01
-4.851982116699218750e+00 -1.707879829406738281e+01 -9.621779918670654297e-01 -1.133376359939575195e-01 -1.006243526935577393e-01 -2.931052446365356445e-01 9.439908266067504883e-01
-4.845592021942138672e+00 -1.688090705871582031e+01 -9.572198390960693359e-01 -1.213948726654052734e-01 -1.049667745828628540e-01 -2.951001524925231934e-01 9.418923258781433105e-01
-4.838789939880371094e+00 -1.667357826232910156e+01 -9.521093368530273438e-01 -1.290501803159713745e-01 -1.087687462568283081e-01 -2.968706488609313965e-01 9.398846626281738281e-01
-4.831561088562011719e+00 -1.645681762695312500e+01 -9.468106031417846680e-01 -1.362852752208709717e-01 -1.120681762695312500e-01 -2.984166443347930908e-01 9.379842877388000488e-01
-4.823923110961914062e+00 -1.623062896728515625e+01 -9.412533640861511230e-01 -1.430828720331192017e-01 -1.149024069309234619e-01 -2.997390627861022949e-01 9.362058043479919434e-01
-4.815893650054931641e+00 -1.599502563476562500e+01 -9.354196190834045410e-01 -1.494249850511550903e-01 -1.173081696033477783e-01 -3.008372485637664795e-01 9.345629215240478516e-01
-4.807499885559082031e+00 -1.575000953674316406e+01 -9.291869997978210449e-01 -1.552941352128982544e-01 -1.193234324455261230e-01 -3.017109632492065430e-01 9.330680966377258301e-01
-4.798787593841552734e+00 -1.549559211730957031e+01 -9.223699569702148438e-01 -1.606726199388504028e-01 -1.209845989942550659e-01 -3.023594021797180176e-01 9.317327141761779785e-01
-4.789813041687011719e+00 -1.523178100585937500e+01 -9.147723317146301270e-01 -1.655425727367401123e-01 -1.223286837339401245e-01 -3.027815222740173340e-01 9.305669069290161133e-01
-4.780635833740234375e+00 -1.495858764648437500e+01 -9.062594175338745117e-01 -1.698861867189407349e-01 -1.233926936984062195e-01 -3.029754757881164551e-01 9.295799732208251953e-01
-4.771281719207763672e+00 -1.467601776123046875e+01 -8.968087434768676758e-01 -1.736859828233718872e-01 -1.242130845785140991e-01 -3.029395937919616699e-01 9.287797212600708008e-01
-4.761750221252441406e+00 -1.438407802581787109e+01 -8.865032792091369629e-01 -1.769235879182815552e-01 -1.248262077569961548e-01 -3.026719391345977783e-01 9.281736016273498535e-01
-4.752021312713623047e+00 -1.408276367187500000e+01 -8.754833936691284180e-01 -1.795946210622787476e-01 -1.252666711807250977e-01 -3.021831810474395752e-01 9.277603626251220703e-01
-4.742076396942138672e+00 -1.377206134796142578e+01 -8.638821244239807129e-01 -1.817502677440643311e-01 -1.255610734224319458e-01 -3.015394806861877441e-01 9.275102019309997559e-01
-4.731906414031982422e+00 -1.345195388793945312e+01 -8.518005013465881348e-01 -1.834543198347091675e-01 -1.257338970899581909e-01 -3.008195757865905762e-01 9.273850917816162109e-01
-4.721549034118652344e+00 -1.312242031097412109e+01 -8.392400741577148438e-01 -1.847711801528930664e-01 -1.258101761341094971e-01 -3.001018464565277100e-01 9.273457527160644531e-01
-4.711016654968261719e+00 -1.278344249725341797e+01 -8.262487649917602539e-01 -1.857647299766540527e-01 -1.258140504360198975e-01 -2.994647622108459473e-01 9.273527264595031738e-01
-4.700329303741455078e+00 -1.243500614166259766e+01 -8.128374814987182617e-01 -1.864991188049316406e-01 -1.257696449756622314e-01 -2.989869415760040283e-01 9.273656010627746582e-01
-4.689521312713623047e+00 -1.207708930969238281e+01 -7.989959716796875000e-01 -1.870380342006683350e-01 -1.257018744945526123e-01 -2.987461090087890625e-01 9.273439049720764160e-01
-4.678642272949218750e+00 -1.170967864990234375e+01 -7.847064137458801270e-01 -1.874452233314514160e-01 -1.256343424320220947e-01 -2.988201379776000977e-01 9.272468686103820801e-01
-4.667803764343261719e+00 -1.133275127410888672e+01 -7.699130177497863770e-01 -1.877847313880920410e-01 -1.255918741226196289e-01 -2.992875277996063232e-01 9.270333051681518555e-01
-4.657048225402832031e+00 -1.094629096984863281e+01 -7.546130418777465820e-01 -1.881198883056640625e-01 -1.255979239940643311e-01 -3.002255558967590332e-01 9.266610145568847656e-01
-4.646513462066650391e+00 -1.055027770996093750e+01 -7.387463450431823730e-01 -1.885139942169189453e-01 -1.256774067878723145e-01 -3.017116785049438477e-01 9.260872602462768555e-01
-4.636436462402343750e+00 -1.014469242095947266e+01 -7.222058176994323730e-01 -1.890304982662200928e-01 -1.258533895015716553e-01 -3.038225471973419189e-01 9.252676367759704590e-01
-4.627073764801025391e+00 -9.729453086853027344e+00 -7.064129710197448730e-01 -1.897315979003906250e-01 -1.261494010686874390e-01 -3.066341876983642578e-01 9.241556525230407715e-01
-4.618327617645263672e+00 -9.304471969604492188e+00 -6.936474442481994629e-01 -1.906798779964447021e-01 -1.265889704227447510e-01 -3.102222681045532227e-01 9.227017760276794434e-01
-4.609826564788818359e+00 -8.869752883911132812e+00 -6.843557357788085938e-01 -1.919364333152770996e-01 -1.271944791078567505e-01 -3.146604597568511963e-01 9.208532571792602539e-01
-4.601342678070068359e+00 -8.425312042236328125e+00 -6.780080795288085938e-01 -1.935616582632064819e-01 -1.279881000518798828e-01 -3.200210630893707275e-01 9.185528755187988281e-01
-4.592778205871582031e+00 -7.971156597137451172e+00 -6.737338304519653320e-01 -1.956152021884918213e-01 -1.289906501770019531e-01 -3.263742029666900635e-01 9.157378673553466797e-01
-4.584083080291748047e+00 -7.507272243499755859e+00 -6.711849570274353027e-01 -1.981544792652130127e-01 -1.302228868007659912e-01 -3.337875008583068848e-01 9.123391509056091309e-01
-4.575232982635498047e+00 -7.033638000488281250e+00 -6.698910593986511230e-01 -2.012359648942947388e-01 -1.317033171653747559e-01 -3.423253893852233887e-01 9.082795381546020508e-01
-4.566320896148681641e+00 -6.550223827362060547e+00 -6.690570116043090820e-01 -2.049130797386169434e-01 -1.334498822689056396e-01 -3.520479798316955566e-01 9.034732580184936523e-01
-4.557210445404052734e+00 -6.057005405426025391e+00 -6.693273782730102539e-01 -2.092159390449523926e-01 -1.354677379131317139e-01 -3.629727661609649658e-01 8.978464007377624512e-01
-4.548301696777343750e+00 -5.565324783325195312e+00 -6.696758866310119629e-01 -2.140900492668151855e-01 -1.377196162939071655e-01 -3.749590814113616943e-01 8.914058804512023926e-01
-4.539505481719970703e+00 -5.075203418731689453e+00 -6.706966757774353027e-01 -2.194595187902450562e-01 -1.401576995849609375e-01 -3.878283500671386719e-01 8.841847181320190430e-01
-4.530814170837402344e+00 -4.586662769317626953e+00 -6.717364192008972168e-01 -2.252494096755981445e-01 -1.427350938320159912e-01 -4.014027118682861328e-01 8.762221932411193848e-01
-4.522225379943847656e+00 -4.099730014801025391e+00 -6.731948852539062500e-01 -2.313862740993499756e-01 -1.454057544469833374e-01 -4.155071675777435303e-01 8.675663471221923828e-01
-4.513656139373779297e+00 -3.614436626434326172e+00 -6.747732162475585938e-01 -2.377982735633850098e-01 -1.481251567602157593e-01 -4.299691915512084961e-01 8.582758307456970215e-01
-4.505098819732666016e+00 -3.130815267562866211e+00 -6.764870882034301758e-01 -2.444164007902145386e-01 -1.508498787879943848e-01 -4.446210861206054688e-01 8.484203219413757324e-01
-4.496567249298095703e+00 -2.648908138275146484e+00 -6.784573197364807129e-01 -2.511734068393707275e-01 -1.535389125347137451e-01 -4.592989087104797363e-01 8.380824327468872070e-01
-4.487936973571777344e+00 -2.168756723403930664e+00 -6.804705858230590820e-01 -2.580061256885528564e-01 -1.561534404754638672e-01 -4.738460481166839600e-01 8.273565173149108887e-01
-4.479316234588623047e+00 -1.690407395362854004e+00 -6.826428174972534180e-01 -2.648546695709228516e-01 -1.586561501026153564e-01 -4.881117939949035645e-01 8.163498640060424805e-01
-4.470629692077636719e+00 -1.213909983634948730e+00 -6.849178671836853027e-01 -2.716628313064575195e-01 -1.610132455825805664e-01 -5.019524693489074707e-01 8.051818013191223145e-01
-4.461784362792968750e+00 -7.393177151679992676e-01 -6.872140169143676758e-01 -2.783784866333007812e-01 -1.631924211978912354e-01 -5.152326822280883789e-01 7.939829230308532715e-01
-4.453033447265625000e+00 -2.666778564453125000e-01 -6.896063089370727539e-01 -2.849531173706054688e-01 -1.651645600795745850e-01 -5.278235077857971191e-01 7.828950881958007812e-01
-4.444157600402832031e+00 2.039514183998107910e-01 -6.920052766799926758e-01 -2.913424074649810791e-01 -1.669017970561981201e-01 -5.396045446395874023e-01 7.720688581466674805e-01
-4.435147762298583984e+00 6.725164651870727539e-01 -6.943792700767517090e-01 -2.975062727928161621e-01 -1.683797240257263184e-01 -5.504617691040039062e-01 7.616627812385559082e-01
-4.426370620727539062e+00 1.138971805572509766e+00 -6.967288255691528320e-01 -3.034067153930664062e-01 -1.695747375488281250e-01 -5.602875351905822754e-01 7.518422007560729980e-01
-4.417447566986083984e+00 1.603257656097412109e+00 -6.990093588829040527e-01 -3.090100884437561035e-01 -1.704647541046142578e-01 -5.689800381660461426e-01 7.427760362625122070e-01
-4.408600807189941406e+00 2.065327405929565430e+00 -7.011773586273193359e-01 -3.142839670181274414e-01 -1.710289865732192993e-01 -5.764406323432922363e-01 7.346365451812744141e-01
-4.400016784667968750e+00 2.525134801864624023e+00 -7.031921148300170898e-01 -3.191978633403778076e-01 -1.712472885847091675e-01 -5.825728774070739746e-01 7.275959253311157227e-01
-4.391331672668457031e+00 2.982625007629394531e+00 -7.050686478614807129e-01 -3.237215876579284668e-01 -1.710982322692871094e-01 -5.872808098793029785e-01 7.218247056007385254e-01
-4.383305549621582031e+00 3.437330245971679688e+00 -7.071465849876403809e-01 -3.259198367595672607e-01 -1.721462756395339966e-01 -5.900565385818481445e-01 7.183141112327575684e-01
-4.375429630279541016e+00 3.889630079269409180e+00 -7.091342210769653320e-01 -3.273518681526184082e-01 -1.731795072555541992e-01 -5.913990736007690430e-01 7.163076996803283691e-01
-4.367949008941650391e+00 4.339589118957519531e+00 -7.110183835029602051e-01 -3.280885517597198486e-01 -1.741871833801269531e-01 -5.914981365203857422e-01 7.156442403793334961e-01
-4.361011981964111328e+00 4.787277221679687500e+00 -7.127844095230102539e-01 -3.282056152820587158e-01 -1.751459836959838867e-01 -5.905389785766601562e-01 7.161484956741333008e-01
-4.354398250579833984e+00 5.232757568359375000e+00 -7.144885063171386719e-01 -3.277838230133056641e-01 -1.760262250900268555e-01 -5.887044668197631836e-01 7.176346778869628906e-01
-4.348572731018066406e+00 5.676105976104736328e+00 -7.161074876785278320e-01 -3.269085586071014404e-01 -1.767970323562622070e-01 -5.861749649047851562e-01 7.199113965034484863e-01
-4.343232154846191406e+00 6.117386817932128906e+00 -7.176989316940307617e-01 -3.256689906120300293e-01 -1.774297952651977539e-01 -5.831298232078552246e-01 7.227848172187805176e-01
-4.338708400726318359e+00 6.556673526763916016e+00 -7.192705869674682617e-01 -3.241567015647888184e-01 -1.779012084007263184e-01 -5.797461271286010742e-01 7.260633707046508789e-01
-4.335177898406982422e+00 6.994032382965087891e+00 -7.209005355834960938e-01 -3.224653899669647217e-01 -1.781955361366271973e-01 -5.762012004852294922e-01 7.295577526092529297e-01
-4.332366943359375000e+00 7.429528236389160156e+00 -7.225835919380187988e-01 -3.206893205642700195e-01 -1.783050000667572021e-01 -5.726715326309204102e-01 7.330845594406127930e-01
-4.331190109252929688e+00 7.863225936889648438e+00 -7.245053052902221680e-01 -3.189221620559692383e-01 -1.782298088073730469e-01 -5.693328976631164551e-01 7.364664673805236816e-01
-4.331507682800292969e+00 8.295181274414062500e+00 -7.267599105834960938e-01 -3.172566890716552734e-01 -1.779774725437164307e-01 -5.663615465164184570e-01 7.395315170288085938e-01
-4.333586215972900391e+00 8.725450515747070312e+00 -7.295028567314147949e-01 -3.157830238342285156e-01 -1.775591969490051270e-01 -5.639333724975585938e-01 7.421137690544128418e-01
-4.337951660156250000e+00 9.154079437255859375e+00 -7.330352663993835449e-01 -3.145886957645416260e-01 -1.769876629114151001e-01 -5.622251033782958984e-01 7.440511584281921387e-01
-4.345165729522705078e+00 9.581103324890136719e+00 -7.374526858329772949e-01 -3.137581348419189453e-01 -1.762732267379760742e-01 -5.614140033721923828e-01 7.451830506324768066e-01
-4.355728626251220703e+00 1.000656223297119141e+01 -7.420840263366699219e-01 -3.133720457553863525e-01 -1.754179596900939941e-01 -5.616788864135742188e-01 7.453477382659912109e-01
-4.369921684265136719e+00 1.043049335479736328e+01 -7.457250952720642090e-01 -3.135069310665130615e-01 -1.744120866060256958e-01 -5.631977915763854980e-01 7.443802356719970703e-01
-4.388155460357666016e+00 1.085291957855224609e+01 -7.456423640251159668e-01 -3.142344951629638672e-01 -1.732254028320312500e-01 -5.661510825157165527e-01 7.421067953109741211e-01
-4.408816814422607422e+00 1.127389240264892578e+01 -7.397259473800659180e-01 -3.156194388866424561e-01 -1.718018949031829834e-01 -5.707172155380249023e-01 7.383430004119873047e-01
-4.429964542388916016e+00 1.169338226318359375e+01 -7.246896028518676758e-01 -3.177180886268615723e-01 -1.700516939163208008e-01 -5.770738124847412109e-01 7.328869104385375977e-01
-4.450513839721679688e+00 1.210946464538574219e+01 -7.045727372169494629e-01 -3.119316399097442627e-01 -1.747716218233108521e-01 -5.833046436309814453e-01 7.293210625648498535e-01
-4.470224380493164062e+00 1.252377986907958984e+01 -6.796200275421142578e-01 -3.056021928787231445e-01 -1.802257597446441650e-01 -5.909520387649536133e-01 7.245008945465087891e-01
-4.489218711853027344e+00 1.293516063690185547e+01 -6.524267196655273438e-01 -2.987877428531646729e-01 -1.863145232200622559e-01 -5.998310446739196777e-01 7.184812426567077637e-01
-4.507557392120361328e+00 1.334370326995849609e+01 -6.248480081558227539e-01 -2.915471792221069336e-01 -1.929373741149902344e-01 -6.097552776336669922e-01 7.113184332847595215e-01
-4.525238037109375000e+00 1.374953556060791016e+01 -5.990042090415954590e-01 -2.839409112930297852e-01 -1.999929994344711304e-01 -6.205394864082336426e-01 7.030725479125976562e-01
-4.542153358459472656e+00 1.415282058715820312e+01 -5.779110789299011230e-01 -2.760331034660339355e-01 -2.073818743228912354e-01 -6.320015192031860352e-01 6.938102245330810547e-01
-4.556741714477539062e+00 1.455367565155029297e+01 -5.644201636314392090e-01 -2.678901851177215576e-01 -2.150047570466995239e-01 -6.439639925956726074e-01 6.836068034172058105e-01
-4.566475868225097656e+00 1.495203590393066406e+01 -5.606988668441772461e-01 -2.595846056938171387e-01 -2.227644622325897217e-01 -6.562567353248596191e-01 6.725466251373291016e-01
-4.569375991821289062e+00 1.534760475158691406e+01 -5.670114159584045410e-01 -2.511919140815734863e-01 -2.305667698383331299e-01 -6.687170863151550293e-01 6.607261896133422852e-01
-4.565550327301025391e+00 1.574004364013671875e+01 -5.809152126312255859e-01 -2.427927404642105103e-01 -2.383198738098144531e-01 -6.811923384666442871e-01 6.482532620429992676e-01
-4.557185173034667969e+00 1.612924003601074219e+01 -5.992663502693176270e-01 -2.344721853733062744e-01 -2.459362745285034180e-01 -6.935406923294067383e-01 6.352475285530090332e-01
-4.546188831329345703e+00 1.651516723632812500e+01 -6.206811666488647461e-01 -2.263199985027313232e-01 -2.533322274684906006e-01 -7.056323885917663574e-01 6.218400001525878906e-01
-4.534530162811279297e+00 1.689788246154785156e+01 -6.435238718986511230e-01 -2.184293866157531738e-01 -2.604285180568695068e-01 -7.173492908477783203e-01 6.081740260124206543e-01
-4.523901462554931641e+00 1.727740859985351562e+01 -6.672759652137756348e-01 -2.108978778123855591e-01 -2.671508193016052246e-01 -7.285867333412170410e-01 5.944023132324218750e-01
-4.517318248748779297e+00 1.765380477905273438e+01 -6.908898949623107910e-01 -2.038253843784332275e-01 -2.734289765357971191e-01 -7.392523884773254395e-01 5.806872844696044922e-01
-4.522666931152343750e+00 1.802708244323730469e+01 -7.108889818191528320e-01 -1.973151564598083496e-01 -2.791982889175415039e-01 -7.492657303810119629e-01 5.671999454498291016e-01
-4.548151969909667969e+00 1.839642333984375000e+01 -7.101299762725830078e-01 -1.914720237255096436e-01 -2.843978703022003174e-01 -7.585580348968505859e-01 5.541173219680786133e-01
-4.575664043426513672e+00 1.876124382019042969e+01 -6.835674643516540527e-01 -1.864034831523895264e-01 -2.889710962772369385e-01 -7.670701146125793457e-01 5.416206121444702148e-01
-4.591088771820068359e+00 1.912207794189453125e+01 -6.427853107452392578e-01 -1.822165250778198242e-01 -2.928639650344848633e-01 -7.747506499290466309e-01 5.298954248428344727e-01
-4.538212776184082031e+00 1.942997741699218750e+01 -5.534606575965881348e-01 -1.790200471878051758e-01 -2.960250973701477051e-01 -7.815545201301574707e-01 5.191276073455810547e-01
-4.391860485076904297e+00 1.911963081359863281e+01 -4.898635745048522949e-01 -1.808314025402069092e-01 -2.923154532909393311e-01 -7.897561192512512207e-01 5.080717206001281738e-01
-4.275777339935302734e+00 1.879172515869140625e+01 -4.553152322769165039e-01 -1.826118826866149902e-01 -2.892320156097412109e-01 -7.966268658638000488e-01 4.983808100223541260e-01
-4.161408424377441406e+00 1.846578025817871094e+01 -4.243383705615997314e-01 -1.844477206468582153e-01 -2.867121696472167969e-01 -8.023526668548583984e-01 4.899033904075622559e-01
-4.041497707366943359e+00 1.814495468139648438e+01 -3.918582201004028320e-01 -1.863919198513031006e-01 -2.846886813640594482e-01 -8.071029782295227051e-01 4.824885427951812744e-01
-3.926019191741943359e+00 1.782532882690429688e+01 -3.623422086238861084e-01 -1.884728670120239258e-01 -2.830923795700073242e-01 -8.110331892967224121e-01 4.759849905967712402e-01
-3.828317880630493164e+00 1.750233650207519531e+01 -3.415908813476562500e-01 -1.906984448432922363e-01 -2.818530797958374023e-01 -8.142875432968139648e-01 4.702433347702026367e-01
-3.754274845123291016e+00 1.717572402954101562e+01 -3.316848576068878174e-01 -1.930629163980484009e-01 -2.808999419212341309e-01 -8.170018196105957031e-01 4.651128649711608887e-01
-3.698356866836547852e+00 1.684839248657226562e+01 -3.293606638908386230e-01 -1.955495476722717285e-01 -2.801617383956909180e-01 -8.193058371543884277e-01 4.604429602622985840e-01
-3.653493642807006836e+00 1.652240180969238281e+01 -3.306967020034790039e-01 -1.981347799301147461e-01 -2.795664668083190918e-01 -8.213253617286682129e-01 4.560807943344116211e-01
-3.616011857986450195e+00 1.619859123229980469e+01 -3.334173560142517090e-01 -2.007911652326583862e-01 -2.790421247482299805e-01 -8.231824636459350586e-01 4.518728256225585938e-01
-3.583405733108520508e+00 1.587738895416259766e+01 -3.359896838665008545e-01 -2.034883201122283936e-01 -2.785156369209289551e-01 -8.249968886375427246e-01 4.476624131202697754e-01
-3.554057598114013672e+00 1.555903816223144531e+01 -3.371328711509704590e-01 -2.061942815780639648e-01 -2.779130935668945312e-01 -8.268872499465942383e-01 4.432896375656127930e-01
-3.528006553649902344e+00 1.524361991882324219e+01 -3.358019888401031494e-01 -2.088764607906341553e-01 -2.771603465080261230e-01 -8.289691209793090820e-01 4.385918974876403809e-01
-3.508641242980957031e+00 1.493099975585937500e+01 -3.335086107254028320e-01 -2.115000039339065552e-01 -2.761830091476440430e-01 -8.313553929328918457e-01 4.334038197994232178e-01
-3.502835512161254883e+00 1.462117671966552734e+01 -3.319454789161682129e-01 -2.140270620584487915e-01 -2.749062776565551758e-01 -8.341551423072814941e-01 4.275559782981872559e-01
-3.511949300765991211e+00 1.431482791900634766e+01 -3.325039744377136230e-01 -2.164155840873718262e-01 -2.732573151588439941e-01 -8.374708890914916992e-01 4.208766222000122070e-01
-3.541667461395263672e+00 1.401332473754882812e+01 -3.369998037815093994e-01 -2.186152040958404541e-01 -2.711645662784576416e-01 -8.413974642753601074e-01 4.131917059421539307e-01
-3.591598987579345703e+00 1.371817016601562500e+01 -3.460629284381866455e-01 -2.205733507871627808e-01 -2.685444951057434082e-01 -8.460236787796020508e-01 4.043206870555877686e-01
-3.658410549163818359e+00 1.342987632751464844e+01 -3.591604530811309814e-01 -2.223484218120574951e-01 -2.650445401668548584e-01 -8.515083193778991699e-01 3.940127789974212646e-01
-3.738254308700561523e+00 1.314832592010498047e+01 -3.756207227706909180e-01 -2.233999967575073242e-01 -2.615804374217987061e-01 -8.576014041900634766e-01 3.823453187942504883e-01
-3.826829671859741211e+00 1.287304782867431641e+01 -3.942379653453826904e-01 -2.240921556949615479e-01 -2.571361958980560303e-01 -8.646037578582763672e-01 3.689500093460083008e-01
-3.917164325714111328e+00 1.260172080993652344e+01 -4.131466448307037354e-01 -2.242179363965988159e-01 -2.521526515483856201e-01 -8.722267150878906250e-01 3.540703356266021729e-01
-3.996791839599609375e+00 1.233008670806884766e+01 -4.285195767879486084e-01 -2.237521559000015259e-01 -2.467621564865112305e-01 -8.802530169486999512e-01 3.379318416118621826e-01
-4.064384460449218750e+00 1.205791378021240234e+01 -4.400973320007324219e-01 -2.226859629154205322e-01 -2.410961985588073730e-01 -8.884788155555725098e-01 3.207628130912780762e-01
-4.097974777221679688e+00 1.178330516815185547e+01 -4.411523342132568359e-01 -2.210320532321929932e-01 -2.352821081876754761e-01 -8.967180848121643066e-01 3.027932941913604736e-01
-4.103474140167236328e+00 1.150770950317382812e+01 -4.335998296737670898e-01 -2.188262492418289185e-01 -2.294397950172424316e-01 -9.048050045967102051e-01 2.842540144920349121e-01
-4.103236198425292969e+00 1.123473358154296875e+01 -4.244525134563446045e-01 -2.161279618740081787e-01 -2.236783653497695923e-01 -9.125969409942626953e-01 2.653742432594299316e-01
-4.094111442565917969e+00 1.096447753906250000e+01 -4.127193987369537354e-01 -2.130189687013626099e-01 -2.180937230587005615e-01 -9.199752211570739746e-01 2.463811039924621582e-01
-4.080474853515625000e+00 1.069700145721435547e+01 -3.997277617454528809e-01 -2.096002101898193359e-01 -2.127669453620910645e-01 -9.268453121185302734e-01 2.274990975856781006e-01
-4.066504001617431641e+00 1.043211364746093750e+01 -3.867315649986267090e-01 -2.059887796640396118e-01 -2.077634334564208984e-01 -9.331361055374145508e-01 2.089496552944183350e-01
-4.052083492279052734e+00 1.016979217529296875e+01 -3.741674721240997314e-01 -2.023141980171203613e-01 -2.031331360340118408e-01 -9.387988448143005371e-01 1.909519135951995850e-01
-4.036269664764404297e+00 9.910046577453613281e+00 -3.625387549400329590e-01 -1.987137943506240845e-01 -1.989109963178634644e-01 -9.438049197196960449e-01 1.737220883369445801e-01
-4.016359806060791016e+00 9.652999877929687500e+00 -3.532366752624511719e-01 -1.953286975622177124e-01 -1.951191425323486328e-01 -9.481437802314758301e-01 1.574754565954208374e-01
-3.991771221160888672e+00 9.398827552795410156e+00 -3.465948402881622314e-01 -1.923007965087890625e-01 -1.917687207460403442e-01 -9.518191814422607422e-01 1.424261182546615601e-01
-3.960660219192504883e+00 9.147883415222167969e+00 -3.435897827148437500e-01 -1.897696554660797119e-01 -1.888630390167236328e-01 -9.548465013504028320e-01 1.287886351346969604e-01
-3.920374631881713867e+00 8.900801658630371094e+00 -3.451507389545440674e-01 -1.878685951232910156e-01 -1.864005327224731445e-01 -9.572476744651794434e-01 1.167773976922035217e-01
-3.869168519973754883e+00 8.658373832702636719e+00 -3.508932292461395264e-01 -1.867247968912124634e-01 -1.843787282705307007e-01 -9.590477943420410156e-01 1.066090762615203857e-01
-3.804656982421875000e+00 8.421963691711425781e+00 -3.602273464202880859e-01 -1.864549517631530762e-01 -1.827984154224395752e-01 -9.602689146995544434e-01 9.850272536277770996e-02
-3.731610059738159180e+00 8.191078186035156250e+00 -3.709533512592315674e-01 -1.871657967567443848e-01 -1.816682219505310059e-01 -9.609243869781494141e-01 9.268164634704589844e-02
-3.654012441635131836e+00 7.964696884155273438e+00 -3.821038603782653809e-01 -1.889505684375762939e-01 -1.810094714164733887e-01 -9.610127806663513184e-01 8.937375247478485107e-02
-3.571313381195068359e+00 7.743482112884521484e+00 -3.923321366310119629e-01 -1.922687292098999023e-01 -1.763096600770950317e-01 -9.613704085350036621e-01 8.783183991909027100e-02
-3.485020637512207031e+00 7.526854515075683594e+00 -4.024947881698608398e-01 -1.966449171304702759e-01 -1.716207414865493774e-01 -9.612547159194946289e-01 8.869147300720214844e-02
-3.397192239761352539e+00 7.313982486724853516e+00 -4.125121831893920898e-01 -2.019521296024322510e-01 -1.669678837060928345e-01 -9.606886506080627441e-01 9.173040837049484253e-02
-3.306992053985595703e+00 7.105333805084228516e+00 -4.224255383014678955e-01 -2.080612927675247192e-01 -1.623738408088684082e-01 -9.596818685531616211e-01 9.672565013170242310e-02
-3.215388059616088867e+00 6.900454998016357422e+00 -4.322009086608886719e-01 -2.148404270410537720e-01 -1.578606218099594116e-01 -9.582386016845703125e-01 1.034522950649261475e-01
-3.124890089035034180e+00 6.698230266571044922e+00 -4.417392015457153320e-01 -2.221578657627105713e-01 -1.534496992826461792e-01 -9.563605785369873047e-01 1.116851121187210083e-01
-3.030765295028686523e+00 6.500867366790771484e+00 -4.512460231781005859e-01 -2.298814207315444946e-01 -1.491636037826538086e-01 -9.540521502494812012e-01 1.211985573172569275e-01
-2.938112735748291016e+00 6.305913448333740234e+00 -4.605224430561065674e-01 -2.378799617290496826e-01 -1.450256705284118652e-01 -9.513243436813354492e-01 1.317661255598068237e-01
-2.846755266189575195e+00 6.113428115844726562e+00 -4.695910513401031494e-01 -2.460235059261322021e-01 -1.410610973834991455e-01 -9.481975436210632324e-01 1.431622952222824097e-01
-2.752552509307861328e+00 5.925474643707275391e+00 -4.786373674869537354e-01 -2.541854679584503174e-01 -1.372971236705780029e-01 -9.447030425071716309e-01 1.551625877618789673e-01
-2.659703254699707031e+00 5.739910602569580078e+00 -4.875146448612213135e-01 -2.622412741184234619e-01 -1.337629109621047974e-01 -9.408857226371765137e-01 1.675435900688171387e-01
-2.568152904510498047e+00 5.556747913360595703e+00 -4.962518215179443359e-01 -2.700704038143157959e-01 -1.304901540279388428e-01 -9.368051290512084961e-01 1.800844222307205200e-01
-2.478277444839477539e+00 5.375783443450927734e+00 -5.048699975013732910e-01 -2.775559723377227783e-01 -1.275124549865722656e-01 -9.325349926948547363e-01 1.925663799047470093e-01
-2.390701770782470703e+00 5.196699142456054688e+00 -5.133880376815795898e-01 -2.845861911773681641e-01 -1.248658448457717896e-01 -9.281629920005798340e-01 2.047742456197738647e-01
-2.304266214370727539e+00 5.020091533660888672e+00 -5.218716263771057129e-01 -2.910522818565368652e-01 -1.225882843136787415e-01 -9.237910509109497070e-01 2.164966613054275513e-01
-2.218936681747436523e+00 4.845994949340820312e+00 -5.303604006767272949e-01 -2.968502938747406006e-01 -1.207192689180374146e-01 -9.195319414138793945e-01 2.275248914957046509e-01
-2.134676456451416016e+00 4.674441337585449219e+00 -5.388961434364318848e-01 -3.018793463706970215e-01 -1.192999258637428284e-01 -9.155089259147644043e-01 2.376543879508972168e-01
-2.055034160614013672e+00 4.503714561462402344e+00 -5.474017262458801270e-01 -3.060414791107177734e-01 -1.183723062276840210e-01 -9.118520617485046387e-01 2.466828674077987671e-01
-1.977714776992797852e+00 4.334963321685791016e+00 -5.559957623481750488e-01 -3.092405498027801514e-01 -1.179793700575828552e-01 -9.086948037147521973e-01 2.544109225273132324e-01
-1.901304841041564941e+00 4.168907165527343750e+00 -5.647677779197692871e-01 -3.113802969455718994e-01 -1.181640028953552246e-01 -9.061713218688964844e-01 2.606395184993743896e-01
-1.825783610343933105e+00 4.005577087402343750e+00 -5.737478733062744141e-01 -3.124004304409027100e-01 -1.189528107643127441e-01 -9.043845534324645996e-01 2.652254402637481689e-01
-1.751173019409179688e+00 3.844975471496582031e+00 -5.829201936721801758e-01 -3.123833537101745605e-01 -1.203070655465126038e-01 -9.033197760581970215e-01 2.682468295097351074e-01
-1.678819537162780762e+00 3.686506986618041992e+00 -5.922073125839233398e-01 -3.114431500434875488e-01 -1.221702471375465393e-01 -9.029213190078735352e-01 2.698343396186828613e-01
-1.609612941741943359e+00 3.520194530487060547e+00 -6.018642783164978027e-01 -3.096914589405059814e-01 -1.244845241308212280e-01 -9.031238555908203125e-01 2.701150476932525635e-01
-1.537900328636169434e+00 3.348556518554687500e+00 -6.120620369911193848e-01 -3.072357773780822754e-01 -1.271910071372985840e-01 -9.038540720939636230e-01 2.692145109176635742e-01
-1.463699936866760254e+00 3.171575784683227539e+00 -6.227670311927795410e-01 -3.041833341121673584e-01 -1.302301585674285889e-01 -9.050340652465820312e-01 2.672562599182128906e-01
-1.387031197547912598e+00 2.989235401153564453e+00 -6.339443922042846680e-01 -3.006400763988494873e-01 -1.335420608520507812e-01 -9.065836668014526367e-01 2.643634974956512451e-01
-1.307910084724426270e+00 2.801518440246582031e+00 -6.455593705177307129e-01 -2.967117130756378174e-01 -1.370667219161987305e-01 -9.084225296974182129e-01 2.606597244739532471e-01
-1.230842232704162598e+00 2.606666803359985352e+00 -6.574053764343261719e-01 -2.925052046775817871e-01 -1.407443583011627197e-01 -9.104713797569274902e-01 2.562686502933502197e-01
-1.157832026481628418e+00 2.403892993927001953e+00 -6.693728566169738770e-01 -2.881278395652770996e-01 -1.445153951644897461e-01 -9.126545786857604980e-01 2.513152360916137695e-01
-1.082731962203979492e+00 2.195576190948486328e+00 -6.816635131835937500e-01 -2.836891114711761475e-01 -1.483208388090133667e-01 -9.149001240730285645e-01 2.459252476692199707e-01
-1.005566358566284180e+00 1.981701254844665527e+00 -6.942446827888488770e-01 -2.792996168136596680e-01 -1.521024703979492188e-01 -9.171411395072937012e-01 2.402263730764389038e-01
-9.263622760772705078e-01 1.762255191802978516e+00 -7.070840001106262207e-01 -2.750720679759979248e-01 -1.558027863502502441e-01 -9.193159937858581543e-01 2.343475967645645142e-01
-8.451476693153381348e-01 1.537226557731628418e+00 -7.201516628265380859e-01 -2.711204886436462402e-01 -1.593652367591857910e-01 -9.213690757751464844e-01 2.284193634986877441e-01
-7.762792706489562988e-01 1.301983952522277832e+00 -7.328344583511352539e-01 -2.675602734088897705e-01 -1.627340167760848999e-01 -9.232497811317443848e-01 2.225733548402786255e-01
-7.059606909751892090e-01 1.060979843139648438e+00 -7.456668019294738770e-01 -2.645094096660614014e-01 -1.658543795347213745e-01 -9.249125719070434570e-01 2.169422656297683716e-01
-6.340759396553039551e-01 8.142562508583068848e-01 -7.586269974708557129e-01 -2.620851397514343262e-01 -1.686720699071884155e-01 -9.263160824775695801e-01 2.116596847772598267e-01
-5.606603622436523438e-01 5.618072152137756348e-01 -7.716885209083557129e-01 -2.604072093963623047e-01 -1.711336225271224976e-01 -9.274214506149291992e-01 2.068596482276916504e-01
-4.857458472251892090e-01 3.036291301250457764e-01 -7.848251461982727051e-01 -2.595944106578826904e-01 -1.731856763362884521e-01 -9.281916618347167969e-01 2.026760876178741455e-01
-4.230529665946960449e-01 3.626052662730216980e-02 -7.974206209182739258e-01 -2.597658932209014893e-01 -1.747749000787734985e-01 -9.285890460014343262e-01 1.992428749799728394e-01
-3.635058403015136719e-01 -2.380001842975616455e-01 -8.098474144935607910e-01 -2.610051035881042480e-01 -1.758590340614318848e-01 -9.285866022109985352e-01 1.966642737388610840e-01
-3.029028177261352539e-01 -5.180873274803161621e-01 -8.222921490669250488e-01 -2.632534801959991455e-01 -1.764393746852874756e-01 -9.282081723213195801e-01 1.949263811111450195e-01
-2.412304580211639404e-01 -8.039948344230651855e-01 -8.347665071487426758e-01 -2.664153873920440674e-01 -1.765276789665222168e-01 -9.274860024452209473e-01 1.939854770898818970e-01
-1.784765571355819702e-01 -1.095718264579772949e+00 -8.472811579704284668e-01 -2.703950703144073486e-01 -1.761350333690643311e-01 -9.264479279518127441e-01 1.937970370054244995e-01
-1.283471584320068359e-01 -1.395734429359436035e+00 -8.592208623886108398e-01 -2.750945091247558594e-01 -1.752716153860092163e-01 -9.251185059547424316e-01 1.943155974149703979e-01
-8.479003608226776123e-02 -1.702949762344360352e+00 -8.708693981170654297e-01 -2.804157733917236328e-01 -1.739474684000015259e-01 -9.235208630561828613e-01 1.954953670501708984e-01
-4.051147401332855225e-02 -2.016047716140747070e+00 -8.825674057006835938e-01 -2.862608432769775391e-01 -1.721726059913635254e-01 -9.216766953468322754e-01 1.972904205322265625e-01
3.192138625308871269e-03 -2.325837850570678711e+00 -8.939538598060607910e-01 -2.925305366516113281e-01 -1.699567884206771851e-01 -9.196078181266784668e-01 1.996543109416961670e-01
4.633789137005805969e-02 -2.632320404052734375e+00 -9.050384163856506348e-01 -2.991265654563903809e-01 -1.673102378845214844e-01 -9.173371791839599609e-01 2.025409936904907227e-01
7.887817174196243286e-02 -2.936587095260620117e+00 -9.153481721878051758e-01 -3.059507310390472412e-01 -1.642435044050216675e-01 -9.148887395858764648e-01 2.059048116207122803e-01
9.951293468475341797e-02 -3.238781929016113281e+00 -9.248296618461608887e-01 -3.129054307937622070e-01 -1.607674509286880493e-01 -9.122882485389709473e-01 2.096997052431106567e-01
1.198767051100730896e-01 -3.537643909454345703e+00 -9.340521097183227539e-01 -3.198933601379394531e-01 -1.568937301635742188e-01 -9.095644950866699219e-01 2.138810306787490845e-01
1.399829089641571045e-01 -3.833174705505371094e+00 -9.430270195007324219e-01 -3.268183767795562744e-01 -1.526343375444412231e-01 -9.067481160163879395e-01 2.184038162231445312e-01
1.598449647426605225e-01 -4.125373840332031250e+00 -9.517672657966613770e-01 -3.335851132869720459e-01 -1.480019837617874146e-01 -9.038735032081604004e-01 2.232240885496139526e-01
1.794763207435607910e-01 -4.414244174957275391e+00 -9.602862596511840820e-01 -3.400992453098297119e-01 -1.430099010467529297e-01 -9.009774923324584961e-01 2.282983064651489258e-01
1.915185451507568359e-01 -4.700131893157958984e+00 -9.682040214538574219e-01 -3.462679684162139893e-01 -1.376720964908599854e-01 -8.980998992919921875e-01 2.335840314626693726e-01
1.963940411806106567e-01 -4.983018398284912109e+00 -9.755566120147705078e-01 -3.519989550113677979e-01 -1.320027112960815430e-01 -8.952833414077758789e-01 2.390389144420623779e-01
2.012377828359603882e-01 -5.262568473815917969e+00 -9.827423095703125000e-01 -3.572011291980743408e-01 -1.260166466236114502e-01 -8.925733566284179688e-01 2.446221113204956055e-01
2.060534656047821045e-01 -5.538780212402343750e+00 -9.897763133049011230e-01 -3.617851138114929199e-01 -1.197289675474166870e-01 -8.900168538093566895e-01 2.502926588058471680e-01
2.108459472656250000e-01 -5.811654090881347656e+00 -9.966747760772705078e-01 -3.656617999076843262e-01 -1.131549626588821411e-01 -8.876631259918212891e-01 2.560107409954071045e-01
2.156164497137069702e-01 -6.081191062927246094e+00 -1.003452181816101074e+00 -3.677199780941009521e-01 -1.060030534863471985e-01 -8.859829902648925781e-01 2.618768811225891113e-01
2.203527837991714478e-01 -6.347397804260253906e+00 -1.010113835334777832e+00 -3.699457943439483643e-01 -9.887862950563430786e-02 -8.841490149497985840e-01 2.676633894443511963e-01
2.182788103818893433e-01 -6.610293865203857422e+00 -1.016272306442260742e+00 -3.723135888576507568e-01 -9.185668081045150757e-02 -8.821746110916137695e-01 2.733366489410400391e-01
2.132727056741714478e-01 -6.869874954223632812e+00 -1.022165179252624512e+00 -3.737761378288269043e-01 -8.464276790618896484e-02 -8.804856538772583008e-01 2.790552675724029541e-01
2.083325088024139404e-01 -7.126139163970947266e+00 -1.027974486351013184e+00 -3.741697072982788086e-01 -7.719112187623977661e-02 -8.791365027427673340e-01 2.848815321922302246e-01
2.034496963024139404e-01 -7.379089355468750000e+00 -1.033713698387145996e+00 -3.740032315254211426e-01 -6.970410794019699097e-02 -8.779124021530151367e-01 2.907451391220092773e-01
1.986193805932998657e-01 -7.628726482391357422e+00 -1.039389967918395996e+00 -3.733230233192443848e-01 -6.222871690988540649e-02 -8.767868280410766602e-01 2.966518104076385498e-01
1.938330084085464478e-01 -7.875054359436035156e+00 -1.045010924339294434e+00 -3.721767961978912354e-01 -5.481161922216415405e-02 -8.757335543632507324e-01 3.026068210601806641e-01
1.890820264816284180e-01 -8.118073463439941406e+00 -1.050584435462951660e+00 -3.706116676330566406e-01 -4.749999940395355225e-02 -8.747267723083496094e-01 3.086158335208892822e-01
1.843640059232711792e-01 -8.357786178588867188e+00 -1.056117892265319824e+00 -3.686752319335937500e-01 -4.034071415662765503e-02 -8.737416863441467285e-01 3.146850764751434326e-01
1.733386218547821045e-01 -8.594008445739746094e+00 -1.061169385910034180e+00 -3.664157986640930176e-01 -3.338102996349334717e-02 -8.727535009384155273e-01 3.208214342594146729e-01
1.621813923120498657e-01 -8.826918601989746094e+00 -1.066183805465698242e+00 -3.638817071914672852e-01 -2.666734904050827026e-02 -8.717397451400756836e-01 3.270302116870880127e-01
1.511340290307998657e-01 -9.056527137756347656e+00 -1.071185588836669922e+00 -3.611215949058532715e-01 -2.024678885936737061e-02 -8.706775307655334473e-01 3.333192467689514160e-01
1.401892006397247314e-01 -9.282830238342285156e+00 -1.076181054115295410e+00 -3.581847846508026123e-01 -1.416646689176559448e-02 -8.695458173751831055e-01 3.396954536437988281e-01
1.293444782495498657e-01 -9.505830764770507812e+00 -1.081176161766052246e+00 -3.551205396652221680e-01 -8.472487330436706543e-03 -8.683239221572875977e-01 3.461664617061614990e-01
1.185974106192588806e-01 -9.725523948669433594e+00 -1.086177706718444824e+00 -3.519782423973083496e-01 -3.211945295333862305e-03 -8.669924139976501465e-01 3.527398109436035156e-01
1.079443320631980896e-01 -9.941910743713378906e+00 -1.091190457344055176e+00 -3.488075733184814453e-01 1.569107174873352051e-03 -8.655318617820739746e-01 3.594234585762023926e-01
9.738281369209289551e-02 -1.015499019622802734e+01 -1.096219420433044434e+00 -3.456587791442871094e-01 5.823880434036254883e-03 -8.639239668846130371e-01 3.662258982658386230e-01
8.600951731204986572e-02 -1.036471366882324219e+01 -1.101190447807312012e+00 -3.425813913345336914e-01 9.506553411483764648e-03 -8.621501922607421875e-01 3.731549978256225586e-01
7.133544981479644775e-02 -1.057094669342041016e+01 -1.105889558792114258e+00 -3.396247923374176025e-01 1.257103681564331055e-02 -8.601918220520019531e-01 3.802193403244018555e-01
5.636474490165710449e-02 -1.077406024932861328e+01 -1.111226797103881836e+00 -3.356163501739501953e-01 1.230007410049438477e-02 -8.580777049064636230e-01 3.884752094745635986e-01
4.164672642946243286e-02 -1.097383403778076172e+01 -1.116493821144104004e+00 -3.319427371025085449e-01 1.187390089035034180e-02 -8.557654023170471191e-01 3.966589272022247314e-01
2.718627825379371643e-02 -1.117026996612548828e+01 -1.121689677238464355e+00 -3.285984694957733154e-01 1.128593087196350098e-02 -8.532600402832031250e-01 4.047751426696777344e-01
1.297729462385177612e-02 -1.136336612701416016e+01 -1.126813292503356934e+00 -3.255767226219177246e-01 1.053059101104736328e-02 -8.505661487579345703e-01 4.128270149230957031e-01
-9.753417689353227615e-04 -1.155312347412109375e+01 -1.131864309310913086e+00 -3.228704035282135010e-01 9.603440761566162109e-03 -8.476894497871398926e-01 4.208146929740905762e-01
-1.532836910337209702e-02 -1.174940872192382812e+01 -1.137114524841308594e+00 -3.204715847969055176e-01 8.500888943672180176e-03 -8.446359038352966309e-01 4.287374317646026611e-01
-3.008056618273258209e-02 -1.195222282409667969e+01 -1.142563462257385254e+00 -3.183712363243103027e-01 7.220566272735595703e-03 -8.414121866226196289e-01 4.365926384925842285e-01
-4.523193091154098511e-02 -1.216156387329101562e+01 -1.148210406303405762e+00 -3.165595531463623047e-01 5.760982632637023926e-03 -8.380250930786132812e-01 4.443768262863159180e-01
-6.281127780675888062e-02 -1.237728404998779297e+01 -1.153811335563659668e+00 -3.150262832641601562e-01 4.121214151382446289e-03 -8.344818353652954102e-01 4.520856440067291260e-01
-8.212280273437500000e-02 -1.259943294525146484e+01 -1.159449100494384766e+00 -3.137603700160980225e-01 2.301484346389770508e-03 -8.307904005050659180e-01 4.597133994102478027e-01
-1.019299328327178955e-01 -1.282809638977050781e+01 -1.165270924568176270e+00 -3.127498626708984375e-01 3.030151128768920898e-04 -8.269588351249694824e-01 4.672541320323944092e-01
-1.222314462065696716e-01 -1.306327438354492188e+01 -1.171276211738586426e+00 -3.119824826717376709e-01 -1.872494816780090332e-03 -8.229956626892089844e-01 4.747014343738555908e-01
-1.430273354053497314e-01 -1.330495929718017578e+01 -1.177464008331298828e+00 -3.114452362060546875e-01 -4.222005605697631836e-03 -8.189100027084350586e-01 4.820481836795806885e-01
-1.643176227807998657e-01 -1.355315399169921875e+01 -1.183833241462707520e+00 -3.111245334148406982e-01 -6.741791963577270508e-03 -8.147107362747192383e-01 4.892877340316772461e-01
-1.860986351966857910e-01 -1.380785465240478516e+01 -1.190384745597839355e+00 -3.110063672065734863e-01 -9.426951408386230469e-03 -8.104078173637390137e-01 4.964124262332916260e-01
-2.083728015422821045e-01 -1.406905841827392578e+01 -1.197116971015930176e+00 -3.110759556293487549e-01 -1.227147877216339111e-02 -8.060110807418823242e-01 5.034155249595642090e-01
-2.337744086980819702e-01 -1.433654594421386719e+01 -1.203514099121093750e+00 -3.113186359405517578e-01 -1.526866853237152100e-02 -8.015307784080505371e-01 5.102900862693786621e-01
-2.597827017307281494e-01 -1.461052322387695312e+01 -1.210068941116333008e+00 -3.117195963859558105e-01 -1.841077208518981934e-02 -7.969774007797241211e-01 5.170288681983947754e-01
-2.863476574420928955e-01 -1.489099216461181641e+01 -1.216790080070495605e+00 -3.122631013393402100e-01 -2.168858051300048828e-02 -7.923618555068969727e-01 5.236257314682006836e-01
-3.134704530239105225e-01 -1.517794609069824219e+01 -1.223676681518554688e+00 -3.129338026046752930e-01 -2.509231865406036377e-02 -7.876950502395629883e-01 5.300747752189636230e-01
-3.412939310073852539e-01 -1.547151088714599609e+01 -1.230978369712829590e+00 -3.130384981632232666e-01 -2.958969771862030029e-02 -7.829455137252807617e-01 5.367751717567443848e-01
-3.697155714035034180e-01 -1.577157592773437500e+01 -1.238402366638183594e+00 -3.132291436195373535e-01 -3.410717844963073730e-02 -7.781196236610412598e-01 5.433729290962219238e-01
-4.000353813171386719e-01 -1.607805061340332031e+01 -1.245267868041992188e+00 -3.134646713733673096e-01 -3.860883414745330811e-02 -7.731882929801940918e-01 5.499355196952819824e-01
-4.309509098529815674e-01 -1.639105987548828125e+01 -1.252247571945190430e+00 -3.137028217315673828e-01 -4.305908083915710449e-02 -7.681214213371276855e-01 5.565302371978759766e-01
-4.624633789062500000e-01 -1.671062278747558594e+01 -1.259335041046142578e+00 -3.139018714427947998e-01 -4.742193222045898438e-02 -7.628871202468872070e-01 5.632228255271911621e-01
-4.945776164531707764e-01 -1.703675651550292969e+01 -1.266523122787475586e+00 -3.140181303024291992e-01 -5.166136473417282104e-02 -7.574524879455566406e-01 5.700786113739013672e-01
-5.269628763198852539e-01 -1.736952018737792969e+01 -1.273455500602722168e+00 -3.140087723731994629e-01 -5.574167519807815552e-02 -7.517825365066528320e-01 5.771605968475341797e-01
-5.592749118804931641e-01 -1.770896911621093750e+01 -1.279750943183898926e+00 -3.138290643692016602e-01 -5.962688475847244263e-02 -7.458410263061523438e-01 5.845314264297485352e-01
-5.921655297279357910e-01 -1.805504989624023438e+01 -1.286112070083618164e+00 -3.134342133998870850e-01 -6.328051537275314331e-02 -7.395899891853332520e-01 5.922510027885437012e-01
-6.256371736526489258e-01 -1.840777587890625000e+01 -1.292535662651062012e+00 -3.127781450748443604e-01 -6.666646897792816162e-02 -7.329884767532348633e-01 6.003777384757995605e-01
-6.587170362472534180e-01 -1.876727294921875000e+01 -1.298081278800964355e+00 -3.118141591548919678e-01 -6.974842399358749390e-02 -7.259931564331054688e-01 6.089671254158020020e-01
-6.919360160827636719e-01 -1.913350296020507812e+01 -1.303267836570739746e+00 -3.104935288429260254e-01 -7.249031960964202881e-02 -7.185577750205993652e-01 6.180726289749145508e-01
-7.256860136985778809e-01 -1.950644302368164062e+01 -1.308489322662353516e+00 -3.087672293186187744e-01 -7.485512644052505493e-02 -7.106326222419738770e-01 6.277425885200500488e-01
-7.583471536636352539e-01 -1.988627052307128906e+01 -1.312352299690246582e+00 -3.065838217735290527e-01 -7.680632174015045166e-02 -7.021641135215759277e-01 6.380225419998168945e-01
-7.912365794181823730e-01 -2.027287292480468750e+01 -1.316013455390930176e+00 -3.038906455039978027e-01 -7.830698043107986450e-02 -6.930938363075256348e-01 6.489524245262145996e-01
-8.230285644531250000e-01 -2.066638565063476562e+01 -1.318527460098266602e+00 -3.006331026554107666e-01 -7.932037860155105591e-02 -6.833586692810058594e-01 6.605670452117919922e-01
-8.543212413787841797e-01 -2.106676673889160156e+01 -1.320364356040954590e+00 -2.967544198036193848e-01 -7.981014251708984375e-02 -6.728898882865905762e-01 6.728940606117248535e-01
-8.832727074623107910e-01 -2.147416877746582031e+01 -1.320530056953430176e+00 -2.921957373619079590e-01 -7.973861694335937500e-02 -6.616126298904418945e-01 6.859534978866577148e-01
-9.104138016700744629e-01 -2.188854980468750000e+01 -1.319662094116210938e+00 -2.868955731391906738e-01 -7.906959205865859985e-02 -6.494457125663757324e-01 6.997565627098083496e-01
-9.345592856407165527e-01 -2.230997467041015625e+01 -1.317600369453430176e+00 -2.807909548282623291e-01 -7.776653021574020386e-02 -6.363006234169006348e-01 7.143040299415588379e-01
-9.543530344963073730e-01 -2.272231101989746094e+01 -1.315247178077697754e+00 -2.738221287727355957e-01 -7.581783086061477661e-02 -6.221057176589965820e-01 7.295598387718200684e-01
-9.708642363548278809e-01 -2.312542724609375000e+01 -1.314408183097839355e+00 -2.660820782184600830e-01 -7.319780439138412476e-02 -6.068979501724243164e-01 7.453302145004272461e-01
-9.811291098594665527e-01 -2.351930427551269531e+01 -1.316752552986145020e+00 -2.575944066047668457e-01 -6.997509300708770752e-02 -5.907387137413024902e-01 7.614305615425109863e-01
-9.744884967803955078e-01 -2.390368080139160156e+01 -1.323418498039245605e+00 -2.484514713287353516e-01 -6.616566330194473267e-02 -5.737066268920898438e-01 7.776597738265991211e-01
-9.391015172004699707e-01 -2.427672767639160156e+01 -1.335699081420898438e+00 -2.387360334396362305e-01 -6.180109828710556030e-02 -5.558906793594360352e-01 7.938331961631774902e-01
-8.622289896011352539e-01 -2.463340568542480469e+01 -1.354914188385009766e+00 -2.285360395908355713e-01 -5.691539496183395386e-02 -5.373926758766174316e-01 8.097783327102661133e-01
-7.271032333374023438e-01 -2.496106147766113281e+01 -1.382731914520263672e+00 -2.179450690746307373e-01 -5.154477804899215698e-02 -5.183258652687072754e-01 8.253371715545654297e-01
-5.350988507270812988e-01 -2.524606704711914062e+01 -1.417979717254638672e+00 -2.070620954036712646e-01 -4.572719335556030273e-02 -4.988171756267547607e-01 8.403664231300354004e-01
-2.993285953998565674e-01 -2.548138809204101562e+01 -1.458145976066589355e+00 -1.959914863109588623e-01 -3.950267285108566284e-02 -4.790040254592895508e-01 8.547408580780029297e-01
-3.594116121530532837e-02 -2.567191886901855469e+01 -1.500994563102722168e+00 -1.848411262035369873e-01 -3.291265666484832764e-02 -4.590353071689605713e-01 8.683530688285827637e-01
2.392614632844924927e-01 -2.582901382446289062e+01 -1.545190691947937012e+00 -1.737232208251953125e-01 -2.599910646677017212e-02 -4.390690922737121582e-01 8.811144232749938965e-01
5.186328291893005371e-01 -2.595946311950683594e+01 -1.590453147888183594e+00 -1.627528667449951172e-01 -1.880574598908424377e-02 -4.192717671394348145e-01 8.929551839828491211e-01
7.954797148704528809e-01 -2.607492828369140625e+01 -1.636091232299804688e+00 -1.520469188690185547e-01 -1.137559115886688232e-02 -3.998176753520965576e-01 9.038241505622863770e-01
1.068149447441101074e+00 -2.617880058288574219e+01 -1.681822180747985840e+00 -1.417236626148223877e-01 -3.751885145902633667e-03 -3.808857202529907227e-01 9.136883616447448730e-01
1.336390376091003418e+00 -2.626999473571777344e+01 -1.728512883186340332e+00 -1.319029480218887329e-01 4.022963345050811768e-03 -3.626601099967956543e-01 9.225308299064636230e-01
1.597952842712402344e+00 -2.635449218750000000e+01 -1.775645375251770020e+00 -1.227040588855743408e-01 1.190792396664619446e-02 -3.453256189823150635e-01 9.303506016731262207e-01
1.852487802505493164e+00 -2.643352890014648438e+01 -1.822613120079040527e+00 -1.142457649111747742e-01 1.986305229365825653e-02 -3.290702104568481445e-01 9.371585845947265625e-01
2.099384784698486328e+00 -2.650718688964843750e+01 -1.871758341789245605e+00 -1.066461801528930664e-01 2.785030007362365723e-02 -3.140814900398254395e-01 9.429759979248046875e-01
2.338010311126708984e+00 -2.657854461669921875e+01 -1.921125173568725586e+00 -1.000227555632591248e-01 3.583396971225738525e-02 -3.005448877811431885e-01 9.478312730789184570e-01
2.568004131317138672e+00 -2.664786720275878906e+01 -1.971753239631652832e+00 -9.449096024036407471e-02 4.378040507435798645e-02 -2.886444926261901855e-01 9.517559409141540527e-01
2.787695169448852539e+00 -2.671857833862304688e+01 -2.025635957717895508e+00 -9.012871980667114258e-02 5.164660140872001648e-02 -2.785155475139617920e-01 9.547976255416870117e-01
2.997918605804443359e+00 -2.678914260864257812e+01 -2.080811977386474609e+00 -8.686763048171997070e-02 5.934339016675949097e-02 -2.701095938682556152e-01 9.570648074150085449e-01
3.197966337203979492e+00 -2.686051940917968750e+01 -2.138530254364013672e+00 -8.460006862878799438e-02 6.676986813545227051e-02 -2.633268833160400391e-01 9.586675763130187988e-01
3.386976242065429688e+00 -2.693338775634765625e+01 -2.199838161468505859e+00 -8.321775496006011963e-02 7.382504642009735107e-02 -2.580624520778656006e-01 9.597021937370300293e-01
3.565834999084472656e+00 -2.700634384155273438e+01 -2.262934446334838867e+00 -8.261016756296157837e-02 8.040776848793029785e-02 -2.542083859443664551e-01 9.602543115615844727e-01
3.734410285949707031e+00 -2.707935714721679688e+01 -2.327869176864624023e+00 -8.266688883304595947e-02 8.641680330038070679e-02 -2.516532540321350098e-01 9.604005217552185059e-01
3.892674446105957031e+00 -2.715222358703613281e+01 -2.394485950469970703e+00 -8.327608555555343628e-02 9.175074845552444458e-02 -2.502844631671905518e-01 9.602106809616088867e-01
4.040065765380859375e+00 -2.722504997253417969e+01 -2.463287353515625000e+00 -8.432635664939880371e-02 9.630782157182693481e-02 -2.499874830245971680e-01 9.597499370574951172e-01
4.178148269653320312e+00 -2.729627227783203125e+01 -2.532115936279296875e+00 -8.570547401905059814e-02 9.998625516891479492e-02 -2.506471276283264160e-01 9.590794444084167480e-01
4.307670593261718750e+00 -2.736519622802734375e+01 -2.600101947784423828e+00 -8.730102330446243286e-02 1.026838645339012146e-01 -2.521475255489349365e-01 9.582568407058715820e-01
4.429449558258056641e+00 -2.743117141723632812e+01 -2.666340827941894531e+00 -8.900085091590881348e-02 1.042984053492546082e-01 -2.543721199035644531e-01 9.573377966880798340e-01
4.544174671173095703e+00 -2.749371337890625000e+01 -2.730087757110595703e+00 -9.069222211837768555e-02 1.047269850969314575e-01 -2.572036981582641602e-01 9.563751816749572754e-01
4.651879787445068359e+00 -2.755282402038574219e+01 -2.791340351104736328e+00 -9.226244688034057617e-02 1.038665771484375000e-01 -2.605244815349578857e-01 9.554194808006286621e-01
4.752924919128417969e+00 -2.760847282409667969e+01 -2.849570751190185547e+00 -9.359805285930633545e-02 1.016137748956680298e-01 -2.642158567905426025e-01 9.545176625251770020e-01
4.847441196441650391e+00 -2.766066741943359375e+01 -2.904640436172485352e+00 -9.458522498607635498e-02 9.786430746316909790e-02 -2.681578397750854492e-01 9.537125229835510254e-01
4.935480117797851562e+00 -2.770942497253417969e+01 -2.956541061401367188e+00 -9.510944038629531860e-02 9.251385927200317383e-02 -2.722285985946655273e-01 9.530408978462219238e-01
5.022685050964355469e+00 -2.775160408020019531e+01 -2.996647834777832031e+00 -9.505578130483627319e-02 8.545707911252975464e-02 -2.763041257858276367e-01 9.525321722030639648e-01
5.106929302215576172e+00 -2.778846359252929688e+01 -3.028321504592895508e+00 -9.430746734142303467e-02 7.658838480710983276e-02 -2.802569568157196045e-01 9.522060155868530273e-01
5.185096263885498047e+00 -2.782169914245605469e+01 -3.056067466735839844e+00 -9.274716675281524658e-02 6.580168753862380981e-02 -2.839559018611907959e-01 9.520699381828308105e-01
5.256340026855468750e+00 -2.785197257995605469e+01 -3.081672191619873047e+00 -9.025563299655914307e-02 5.299106240272521973e-02 -2.872650325298309326e-01 9.521158337593078613e-01
5.322034358978271484e+00 -2.787819290161132812e+01 -3.102258205413818359e+00 -8.675386756658554077e-02 3.811250999569892883e-02 -2.900712490081787109e-01 9.523024559020996094e-01
5.380691528320312500e+00 -2.790160751342773438e+01 -3.121073484420776367e+00 -8.232672512531280518e-02 2.136977016925811768e-02 -2.923757135868072510e-01 9.525135159492492676e-01
5.432990074157714844e+00 -2.792152023315429688e+01 -3.136354207992553711e+00 -7.710105180740356445e-02 3.030424937605857849e-03 -2.942096292972564697e-01 9.526211023330688477e-01
5.478802204132080078e+00 -2.793806266784667969e+01 -3.148436307907104492e+00 -7.120679318904876709e-02 -1.663355343043804169e-02 -2.956064939498901367e-01 9.525070786476135254e-01
5.517367839813232422e+00 -2.795202636718750000e+01 -3.159268140792846680e+00 -6.477519124746322632e-02 -3.734844550490379333e-02 -2.966056168079376221e-01 9.520684480667114258e-01
5.565165996551513672e+00 -2.796903419494628906e+01 -3.171622276306152344e+00 -5.794017761945724487e-02 -5.883640423417091370e-02 -2.972512543201446533e-01 9.512218832969665527e-01
5.623541355133056641e+00 -2.798709678649902344e+01 -3.180797576904296875e+00 -5.083759874105453491e-02 -8.081910014152526855e-02 -2.975952923297882080e-01 9.499056339263916016e-01
5.691276550292968750e+00 -2.800797843933105469e+01 -3.190934419631958008e+00 -4.360622912645339966e-02 -1.030182093381881714e-01 -2.976970672607421875e-01 9.480834603309631348e-01
5.769041061401367188e+00 -2.803003120422363281e+01 -3.198452711105346680e+00 -3.638466447591781616e-02 -1.251556724309921265e-01 -2.976226508617401123e-01 9.457447528839111328e-01
5.854963302612304688e+00 -2.805299568176269531e+01 -3.203724861145019531e+00 -2.931367978453636169e-02 -1.469569355249404907e-01 -2.974472343921661377e-01 9.429048299789428711e-01
5.948997497558593750e+00 -2.807608032226562500e+01 -3.205359458923339844e+00 -2.253381349146366119e-02 -1.681516915559768677e-01 -2.972524464130401611e-01 9.396053552627563477e-01
6.050951480865478516e+00 -2.809993362426757812e+01 -3.204591512680053711e+00 -1.618542522192001343e-02 -1.884747743606567383e-01 -2.971272766590118408e-01 9.359116554260253906e-01
6.160862922668457031e+00 -2.812267494201660156e+01 -3.198216438293457031e+00 -1.040827482938766479e-02 -2.076671123504638672e-01 -2.971673607826232910e-01 9.319106340408325195e-01
6.278438568115234375e+00 -2.814544296264648438e+01 -3.188541173934936523e+00 -5.340941250324249268e-03 -2.254765778779983521e-01 -2.974724173545837402e-01 9.277079105377197266e-01
6.403616905212402344e+00 -2.816764068603515625e+01 -3.174803972244262695e+00 -1.121208071708679199e-03 -2.416574209928512573e-01 -2.981473505496978760e-01 9.234221577644348145e-01
