1.899902725219726562e+01 -2.736377906799316406e+01 -1.987971186637878418e+00 -2.260151505470275879e-01 -7.903680205345153809e-02 -4.567537605762481689e-01 8.567649722099304199e-01
1.939941406250000000e+01 -2.735321235656738281e+01 -1.931810259819030762e+00 -2.251625210046768188e-01 -8.566790819168090820e-02 -4.552313387393951416e-01 8.571623563766479492e-01
1.980351829528808594e+01 -2.733901596069335938e+01 -1.882084965705871582e+00 -2.244720757007598877e-01 -9.216517210006713867e-02 -4.537951052188873291e-01 8.574310541152954102e-01
2.021118164062500000e+01 -2.732256507873535156e+01 -1.838240265846252441e+00 -2.239389121532440186e-01 -9.855828434228897095e-02 -4.524845182895660400e-01 8.575518727302551270e-01
2.062234115600585938e+01 -2.730476570129394531e+01 -1.800452828407287598e+00 -2.235587388277053833e-01 -1.048761159181594849e-01 -4.513385593891143799e-01 8.575057983398437500e-01
2.103698158264160156e+01 -2.728634452819824219e+01 -1.769572377204895020e+00 -2.233262807130813599e-01 -1.111486181616783142e-01 -4.503952860832214355e-01 8.572721481323242188e-01
2.145510292053222656e+01 -2.726807403564453125e+01 -1.747328758239746094e+00 -2.232363522052764893e-01 -1.174044013023376465e-01 -4.496931731700897217e-01 8.568300604820251465e-01
2.187666511535644531e+01 -2.725108909606933594e+01 -1.737673640251159668e+00 -2.232840359210968018e-01 -1.236732155084609985e-01 -4.492695331573486328e-01 8.561577796936035156e-01
2.230105209350585938e+01 -2.723828125000000000e+01 -1.752264976501464844e+00 -2.234633564949035645e-01 -1.299837529659271240e-01 -4.491616487503051758e-01 8.552322983741760254e-01
2.272550201416015625e+01 -2.723217010498046875e+01 -1.804034948348999023e+00 -2.237686514854431152e-01 -1.363649368286132812e-01 -4.494051933288574219e-01 8.540299534797668457e-01
2.315411376953125000e+01 -2.722625160217285156e+01 -1.889804363250732422e+00 -2.241933941841125488e-01 -1.428457200527191162e-01 -4.500364959239959717e-01 8.525254726409912109e-01
2.358897399902343750e+01 -2.717171287536621094e+01 -1.863730430603027344e+00 -2.247310280799865723e-01 -1.494540572166442871e-01 -4.510898590087890625e-01 8.506923317909240723e-01
2.397620964050292969e+01 -2.705110740661621094e+01 -1.659602284431457520e+00 -2.253744006156921387e-01 -1.562185734510421753e-01 -4.525993764400482178e-01 8.485022187232971191e-01
2.431821250915527344e+01 -2.684126472473144531e+01 -1.433435320854187012e+00 -2.261156141757965088e-01 -1.631667017936706543e-01 -4.545974135398864746e-01 8.459252119064331055e-01
2.449375915527343750e+01 -2.647402954101562500e+01 -1.576631188392639160e+00 -2.269468307495117188e-01 -1.703262031078338623e-01 -4.571155607700347900e-01 8.429290652275085449e-01
2.478146362304687500e+01 -2.622249603271484375e+01 -1.874455213546752930e+00 -2.278589308261871338e-01 -1.777236461639404297e-01 -4.601837694644927979e-01 8.394792675971984863e-01
2.508550453186035156e+01 -2.594349288940429688e+01 -2.145316123962402344e+00 -2.288420498371124268e-01 -1.853851824998855591e-01 -4.638299942016601562e-01 8.355390429496765137e-01
2.540431022644042969e+01 -2.562938880920410156e+01 -2.358069419860839844e+00 -2.298859059810638428e-01 -1.933367848396301270e-01 -4.680805206298828125e-01 8.310679793357849121e-01
2.572519493103027344e+01 -2.527818870544433594e+01 -2.480911731719970703e+00 -2.309784889221191406e-01 -2.016028463840484619e-01 -4.729595482349395752e-01 8.260232210159301758e-01
2.601608276367187500e+01 -2.488877296447753906e+01 -2.511278629302978516e+00 -2.321076989173889160e-01 -2.102069556713104248e-01 -4.784883856773376465e-01 8.203583359718322754e-01
2.622214698791503906e+01 -2.445880126953125000e+01 -2.445227622985839844e+00 -2.332590818405151367e-01 -2.191720902919769287e-01 -4.846855401992797852e-01 8.140231370925903320e-01
2.628191757202148438e+01 -2.401542854309082031e+01 -2.277064085006713867e+00 -2.344145774841308594e-01 -2.284931242465972900e-01 -4.915429651737213135e-01 8.069858551025390625e-01
2.626692008972167969e+01 -2.359641456604003906e+01 -2.052365303039550781e+00 -2.355408072471618652e-01 -2.380613833665847778e-01 -4.989568293094635010e-01 7.993055582046508789e-01
2.626224517822265625e+01 -2.318755149841308594e+01 -1.817246675491333008e+00 -2.366031408309936523e-01 -2.477440834045410156e-01 -5.068024396896362305e-01 7.910708189010620117e-01
2.624831962585449219e+01 -2.275877952575683594e+01 -1.632069110870361328e+00 -2.375691086053848267e-01 -2.574102580547332764e-01 -5.149604678153991699e-01 7.823787331581115723e-01
2.620204734802246094e+01 -2.231015014648437500e+01 -1.524354815483093262e+00 -2.384089827537536621e-01 -2.669312357902526855e-01 -5.233165621757507324e-01 7.733360528945922852e-01
2.613883781433105469e+01 -2.185657119750976562e+01 -1.476007103919982910e+00 -2.390962988138198853e-01 -2.761813104152679443e-01 -5.317627191543579102e-01 7.640584707260131836e-01
2.608336067199707031e+01 -2.140372467041015625e+01 -1.457952857017517090e+00 -2.396068125963211060e-01 -2.850385606288909912e-01 -5.401964187622070312e-01 7.546716928482055664e-01
2.604681587219238281e+01 -2.095269966125488281e+01 -1.457718729972839355e+00 -2.399197965860366821e-01 -2.933845818042755127e-01 -5.485224127769470215e-01 7.453101277351379395e-01
2.603894424438476562e+01 -2.050461387634277344e+01 -1.468775033950805664e+00 -2.386942952871322632e-01 -2.993144989013671875e-01 -5.571824908256530762e-01 7.368742227554321289e-01
2.605639076232910156e+01 -2.006121063232421875e+01 -1.486516714096069336e+00 -2.351186275482177734e-01 -3.019375205039978027e-01 -5.664939284324645996e-01 7.298201918601989746e-01
2.609135627746582031e+01 -1.962324333190917969e+01 -1.509523868560791016e+00 -2.317562997341156006e-01 -3.046655952930450439e-01 -5.753490924835205078e-01 7.228010296821594238e-01
2.613751983642578125e+01 -1.919080162048339844e+01 -1.536666870117187500e+00 -2.287030369043350220e-01 -3.073883652687072754e-01 -5.835862159729003906e-01 7.159849405288696289e-01
2.618950080871582031e+01 -1.876352691650390625e+01 -1.566767573356628418e+00 -2.260467708110809326e-01 -3.099785149097442627e-01 -5.910519361495971680e-01 7.095588445663452148e-01
2.624342918395996094e+01 -1.834100723266601562e+01 -1.598862886428833008e+00 -2.238640785217285156e-01 -3.122988641262054443e-01 -5.976054072380065918e-01 7.037201523780822754e-01
2.629649353027343750e+01 -1.792292785644531250e+01 -1.632597327232360840e+00 -2.222172319889068604e-01 -3.142119348049163818e-01 -6.031203269958496094e-01 6.986674666404724121e-01
2.634646415710449219e+01 -1.750902366638183594e+01 -1.667385816574096680e+00 -2.211534678936004639e-01 -3.155902028083801270e-01 -6.074846982955932617e-01 6.945906877517700195e-01
2.639184570312500000e+01 -1.709915351867675781e+01 -1.702847003936767578e+00 -2.207061499357223511e-01 -3.163260221481323242e-01 -6.105999350547790527e-01 6.916606426239013672e-01
2.643135643005371094e+01 -1.669325447082519531e+01 -1.738737463951110840e+00 -2.208959758281707764e-01 -3.163411617279052734e-01 -6.123767495155334473e-01 6.900202035903930664e-01
2.646393013000488281e+01 -1.629132461547851562e+01 -1.774847388267517090e+00 -2.217339575290679932e-01 -3.155944049358367920e-01 -6.127352118492126465e-01 6.897751092910766602e-01
2.648867607116699219e+01 -1.589342975616455078e+01 -1.811000347137451172e+00 -2.232208251953125000e-01 -3.140879571437835693e-01 -6.116000413894653320e-01 6.909895539283752441e-01
2.650486183166503906e+01 -1.549953079223632812e+01 -1.847204566001892090e+00 -2.196977734565734863e-01 -3.059516847133636475e-01 -6.114782094955444336e-01 6.958597302436828613e-01
2.651192283630371094e+01 -1.510993576049804688e+01 -1.883199095726013184e+00 -2.158085256814956665e-01 -2.959834337234497070e-01 -6.101740002632141113e-01 7.025012373924255371e-01
2.651109313964843750e+01 -1.472482776641845703e+01 -1.918860435485839844e+00 -2.115940451622009277e-01 -2.843020856380462646e-01 -6.076605319976806641e-01 7.107383012771606445e-01
2.650380134582519531e+01 -1.433617782592773438e+01 -1.954877614974975586e+00 -2.070929408073425293e-01 -2.710249125957489014e-01 -6.039044260978698730e-01 7.203869223594665527e-01
2.649111175537109375e+01 -1.394404792785644531e+01 -1.991181612014770508e+00 -2.023440301418304443e-01 -2.562706172466278076e-01 -5.988713502883911133e-01 7.312559485435485840e-01
2.647403335571289062e+01 -1.354845142364501953e+01 -2.027710199356079102e+00 -1.973863393068313599e-01 -2.401602268218994141e-01 -5.925270318984985352e-01 7.431509494781494141e-01
2.645355987548828125e+01 -1.314936828613281250e+01 -2.064401388168334961e+00 -1.922596096992492676e-01 -2.228190153837203979e-01 -5.848404169082641602e-01 7.558767795562744141e-01
2.643070220947265625e+01 -1.274674129486083984e+01 -2.101189613342285156e+00 -1.870060265064239502e-01 -2.043773084878921509e-01 -5.757867693901062012e-01 7.692388296127319336e-01
2.640655899047851562e+01 -1.234049320220947266e+01 -2.137994289398193359e+00 -1.816706210374832153e-01 -1.849710196256637573e-01 -5.653494596481323242e-01 7.830462455749511719e-01
2.638232803344726562e+01 -1.193050765991210938e+01 -2.174718618392944336e+00 -1.762998104095458984e-01 -1.647429168224334717e-01 -5.535214543342590332e-01 7.971149086952209473e-01
2.635857772827148438e+01 -1.151672077178955078e+01 -2.211333036422729492e+00 -1.709442138671875000e-01 -1.438410431146621704e-01 -5.403072237968444824e-01 8.112680912017822266e-01
2.633537101745605469e+01 -1.109908866882324219e+01 -2.247864961624145508e+00 -1.656571924686431885e-01 -1.224202513694763184e-01 -5.257239341735839844e-01 8.253395557403564453e-01
2.631276702880859375e+01 -1.067756843566894531e+01 -2.284330368041992188e+00 -1.604949533939361572e-01 -1.006400510668754578e-01 -5.098010301589965820e-01 8.391755819320678711e-01
2.629093170166015625e+01 -1.025209712982177734e+01 -2.320651769638061523e+00 -1.555164754390716553e-01 -7.866525650024414062e-02 -4.925826191902160645e-01 8.526363968849182129e-01
2.626987457275390625e+01 -9.822626113891601562e+00 -2.356889486312866211e+00 -1.507840007543563843e-01 -5.666304752230644226e-02 -4.741252660751342773e-01 8.655973076820373535e-01
2.624969863891601562e+01 -9.389094352722167969e+00 -2.393019437789916992e+00 -1.463613957166671753e-01 -3.480368852615356445e-02 -4.544991254806518555e-01 8.779508471488952637e-01
2.623070907592773438e+01 -8.951419830322265625e+00 -2.428897142410278320e+00 -1.423153132200241089e-01 -1.325847953557968140e-02 -4.337850809097290039e-01 8.896073698997497559e-01
2.621329689025878906e+01 -8.509563446044921875e+00 -2.464755296707153320e+00 -1.387135982513427734e-01 7.801741361618041992e-03 -4.120759069919586182e-01 9.004949331283569336e-01
2.619864273071289062e+01 -8.063447952270507812e+00 -2.500907421112060547e+00 -1.356260031461715698e-01 2.820759080350399017e-02 -3.894741535186767578e-01 9.105600714683532715e-01
2.618833923339843750e+01 -7.613041877746582031e+00 -2.538048744201660156e+00 -1.331225931644439697e-01 4.779274761676788330e-02 -3.660895824432373047e-01 9.197676777839660645e-01
2.618583869934082031e+01 -7.158388614654541016e+00 -2.577630043029785156e+00 -1.312534511089324951e-01 6.642045080661773682e-02 -3.420430421829223633e-01 9.280988574028015137e-01
2.615068244934082031e+01 -6.702099323272705078e+00 -2.613181114196777344e+00 -1.299833804368972778e-01 8.406699448823928833e-02 -3.174791336059570312e-01 9.355448484420776367e-01
2.583803558349609375e+01 -6.403470516204833984e+00 -2.584899902343750000e+00 -1.292554438114166260e-01 1.007381379604339600e-01 -2.925489246845245361e-01 9.421040415763854980e-01
2.538075828552246094e+01 -6.369871139526367188e+00 -2.505197763442993164e+00 -1.290130913257598877e-01 1.164429187774658203e-01 -2.674046158790588379e-01 9.477823972702026367e-01
2.491848182678222656e+01 -6.401077747344970703e+00 -2.419713735580444336e+00 -1.291991919279098511e-01 1.311935633420944214e-01 -2.421977519989013672e-01 9.525943398475646973e-01
2.445329093933105469e+01 -6.447582721710205078e+00 -2.334181547164916992e+00 -1.297581493854522705e-01 1.450057774782180786e-01 -2.170807421207427979e-01 9.565626382827758789e-01
2.398335075378417969e+01 -6.485076904296875000e+00 -2.248649835586547852e+00 -1.306341290473937988e-01 1.578979790210723877e-01 -1.922052502632141113e-01 9.597187638282775879e-01
2.350858306884765625e+01 -6.485990047454833984e+00 -2.161357402801513672e+00 -1.317729949951171875e-01 1.698922216892242432e-01 -1.677216440439224243e-01 9.621029496192932129e-01
2.303738975524902344e+01 -6.409572601318359375e+00 -2.071611881256103516e+00 -1.331219226121902466e-01 1.810130625963211060e-01 -1.437778174877166748e-01 9.637639522552490234e-01
2.258686637878417969e+01 -6.233749866485595703e+00 -1.989945292472839355e+00 -1.346290111541748047e-01 1.912879496812820435e-01 -1.205196678638458252e-01 9.647584557533264160e-01
2.214995956420898438e+01 -6.012481689453125000e+00 -1.928105473518371582e+00 -1.362448483705520630e-01 2.007472366094589233e-01 -9.809064865112304688e-02 9.651507735252380371e-01
2.171578788757324219e+01 -5.790676593780517578e+00 -1.883016586303710938e+00 -1.379206925630569458e-01 2.094231992959976196e-01 -7.663085311651229858e-02 9.650116562843322754e-01
2.127987670898437500e+01 -5.579556941986083984e+00 -1.848247885704040527e+00 -1.396096497774124146e-01 2.173502296209335327e-01 -5.627658218145370483e-02 9.644173979759216309e-01
2.084186935424804688e+01 -5.381415843963623047e+00 -1.820054292678833008e+00 -1.412663161754608154e-01 2.245646417140960693e-01 -3.716187551617622375e-02 9.634487628936767578e-01
2.040139198303222656e+01 -5.198497295379638672e+00 -1.796614289283752441e+00 -1.428468376398086548e-01 2.311037480831146240e-01 -1.941647008061408997e-02 9.621896147727966309e-01
1.995688629150390625e+01 -5.036468505859375000e+00 -1.777754426002502441e+00 -1.443079710006713867e-01 2.370061576366424561e-01 -3.166805952787399292e-03 9.607253670692443848e-01
1.950666618347167969e+01 -4.904704093933105469e+00 -1.763760089874267578e+00 -1.456075310707092285e-01 2.423105984926223755e-01 1.146329194307327271e-02 9.591416120529174805e-01
1.904934692382812500e+01 -4.819689273834228516e+00 -1.755886793136596680e+00 -1.467039585113525391e-01 2.470561712980270386e-01 2.435303479433059692e-02 9.575219154357910156e-01
1.858881378173828125e+01 -4.792060375213623047e+00 -1.754229664802551270e+00 -1.475551724433898926e-01 2.512815594673156738e-01 3.538373857736587524e-02 9.559461474418640137e-01
1.813171768188476562e+01 -4.813760757446289062e+00 -1.756383657455444336e+00 -1.481188088655471802e-01 2.550242841243743896e-01 4.443819820880889893e-02 9.544887542724609375e-01
1.768015289306640625e+01 -4.861903190612792969e+00 -1.758856415748596191e+00 -1.484891325235366821e-01 2.540475726127624512e-01 5.080237612128257751e-02 9.543741345405578613e-01
1.723348999023437500e+01 -4.918647766113281250e+00 -1.760092735290527344e+00 -1.485157907009124756e-01 2.533641457557678223e-01 5.530950427055358887e-02 9.543011188507080078e-01
1.679128837585449219e+01 -4.979148387908935547e+00 -1.759812831878662109e+00 -1.482776999473571777e-01 2.529572546482086182e-01 5.804637074470520020e-02 9.542834162712097168e-01
1.635338592529296875e+01 -5.041738033294677734e+00 -1.758623003959655762e+00 -1.478420346975326538e-01 2.528091073036193848e-01 5.910249426960945129e-02 9.543254971504211426e-01
1.591974544525146484e+01 -5.105931282043457031e+00 -1.756705284118652344e+00 -1.472653448581695557e-01 2.529010176658630371e-01 5.857066065073013306e-02 9.544231295585632324e-01
1.549035644531250000e+01 -5.171378612518310547e+00 -1.754191279411315918e+00 -1.465942412614822388e-01 2.532151937484741211e-01 5.654745176434516907e-02 9.545651078224182129e-01
1.506521129608154297e+01 -5.237821102142333984e+00 -1.751178860664367676e+00 -1.458656489849090576e-01 2.537350356578826904e-01 5.313324928283691406e-02 9.547348022460937500e-01
1.464431095123291016e+01 -5.305065631866455078e+00 -1.747744441032409668e+00 -1.451080590486526489e-01 2.544445097446441650e-01 4.843241348862648010e-02 9.549114704132080078e-01
1.422766685485839844e+01 -5.372963905334472656e+00 -1.743946194648742676e+00 -1.443425565958023071e-01 2.553293406963348389e-01 4.255339875817298889e-02 9.550713896751403809e-01
1.381517410278320312e+01 -5.440656661987304688e+00 -1.739680409431457520e+00 -1.435831636190414429e-01 2.563755214214324951e-01 3.560829535126686096e-02 9.551897644996643066e-01
1.340672111511230469e+01 -5.507297039031982422e+00 -1.734838485717773438e+00 -1.428382694721221924e-01 2.575699090957641602e-01 2.771209366619586945e-02 9.552419185638427734e-01
1.300222778320312500e+01 -5.572173118591308594e+00 -1.729333758354187012e+00 -1.421114951372146606e-01 2.588999271392822266e-01 1.898339763283729553e-02 9.552040100097656250e-01
1.260135936737060547e+01 -5.634668350219726562e+00 -1.722941279411315918e+00 -1.416934728622436523e-01 2.564183771610260010e-01 8.890921249985694885e-03 9.560823440551757812e-01
1.220421028137207031e+01 -5.694282054901123047e+00 -1.715686559677124023e+00 -1.415518373250961304e-01 2.520406842231750488e-01 -2.176493406295776367e-03 9.573054909706115723e-01
1.181083488464355469e+01 -5.750615119934082031e+00 -1.707580566406250000e+00 -1.416519880294799805e-01 2.468802332878112793e-01 -1.393420994281768799e-02 9.585357308387756348e-01
1.142123508453369141e+01 -5.803353309631347656e+00 -1.698602557182312012e+00 -1.420310884714126587e-01 2.409088015556335449e-01 -2.628046646714210510e-02 9.597392678260803223e-01
1.103537082672119141e+01 -5.851766109466552734e+00 -1.688613533973693848e+00 -1.427267640829086304e-01 2.340990602970123291e-01 -3.911280259490013123e-02 9.608833789825439453e-01
1.065324687957763672e+01 -5.895275592803955078e+00 -1.677527070045471191e+00 -1.437765359878540039e-01 2.264248132705688477e-01 -5.232798680663108826e-02 9.619365334510803223e-01
1.027506828308105469e+01 -5.935214519500732422e+00 -1.665759801864624023e+00 -1.452176570892333984e-01 2.178608477115631104e-01 -6.582207232713699341e-02 9.628686308860778809e-01
9.900930404663085938e+00 -5.972098350524902344e+00 -1.653489351272583008e+00 -1.470876634120941162e-01 2.083832025527954102e-01 -7.949134707450866699e-02 9.636507630348205566e-01
9.530606269836425781e+00 -6.006534099578857422e+00 -1.641513586044311523e+00 -1.465649902820587158e-01 1.977159231901168823e-01 -9.381477534770965576e-02 9.646895527839660645e-01
9.164464950561523438e+00 -6.038330078125000000e+00 -1.629287362098693848e+00 -1.465039253234863281e-01 1.861493885517120361e-01 -1.080289781093597412e-01 9.655127525329589844e-01
8.802620887756347656e+00 -6.068410396575927734e+00 -1.617086410522460938e+00 -1.469083726406097412e-01 1.738118082284927368e-01 -1.220184415578842163e-01 9.660842418670654297e-01
8.445139884948730469e+00 -6.097232341766357422e+00 -1.605051875114440918e+00 -1.477683186531066895e-01 1.608376502990722656e-01 -1.356774866580963135e-01 9.663783907890319824e-01
8.092069625854492188e+00 -6.125082969665527344e+00 -1.593294620513916016e+00 -1.490612626075744629e-01 1.473652422428131104e-01 -1.489085257053375244e-01 9.663800597190856934e-01
7.743455410003662109e+00 -6.152321815490722656e+00 -1.582006454467773438e+00 -1.507532745599746704e-01 1.335367560386657715e-01 -1.616223752498626709e-01 9.660845994949340820e-01
7.399364948272705078e+00 -6.179589748382568359e+00 -1.571462035179138184e+00 -1.528007984161376953e-01 1.194957569241523743e-01 -1.737376600503921509e-01 9.654987454414367676e-01
7.059851646423339844e+00 -6.207326412200927734e+00 -1.561774253845214844e+00 -1.551521569490432739e-01 1.053861454129219055e-01 -1.851779967546463013e-01 9.646402001380920410e-01
6.724940776824951172e+00 -6.235602855682373047e+00 -1.552986979484558105e+00 -1.577491462230682373e-01 9.135130047798156738e-02 -1.958730071783065796e-01 9.635372161865234375e-01
6.394645690917968750e+00 -6.264359474182128906e+00 -1.545093297958374023e+00 -1.605284363031387329e-01 7.753270864486694336e-02 -2.057561725378036499e-01 9.622284770011901855e-01
6.057048320770263672e+00 -6.294648170471191406e+00 -1.537848830223083496e+00 -1.634229272603988647e-01 6.406963616609573364e-02 -2.147642374038696289e-01 9.607623815536499023e-01
5.712156772613525391e+00 -6.326388835906982422e+00 -1.531307339668273926e+00 -1.663632839918136597e-01 5.109748244285583496e-02 -2.228352427482604980e-01 9.591959118843078613e-01
5.359968662261962891e+00 -6.359392642974853516e+00 -1.525495529174804688e+00 -1.692788898944854736e-01 3.874828666448593140e-02 -2.299088239669799805e-01 9.575933814048767090e-01
5.000468254089355469e+00 -6.393321514129638672e+00 -1.520399451255798340e+00 -1.720993518829345703e-01 2.714991755783557892e-02 -2.359239906072616577e-01 9.560253620147705078e-01
4.633620738983154297e+00 -6.427652359008789062e+00 -1.515955209732055664e+00 -1.747555732727050781e-01 1.642587408423423767e-02 -2.408193498849868774e-01 9.545662403106689453e-01
4.259372234344482422e+00 -6.461614608764648438e+00 -1.512034893035888672e+00 -1.771809160709381104e-01 6.695933640003204346e-03 -2.445305585861206055e-01 9.532926082611083984e-01
3.877543926239013672e+00 -6.492938518524169922e+00 -1.509497046470642090e+00 -1.793129146099090576e-01 -1.924347132444381714e-03 -2.469899803400039673e-01 9.522809982299804688e-01
3.488089561462402344e+00 -6.520280838012695312e+00 -1.509131789207458496e+00 -1.810945123434066772e-01 -9.323336184024810791e-03 -2.481266558170318604e-01 9.516043663024902344e-01
3.090980052947998047e+00 -6.541363239288330078e+00 -1.512182235717773438e+00 -1.824757009744644165e-01 -1.539164036512374878e-02 -2.478637844324111938e-01 9.513302445411682129e-01
2.686425685882568359e+00 -6.557510852813720703e+00 -1.518108487129211426e+00 -1.834154725074768066e-01 -2.002337574958801270e-02 -2.461177706718444824e-01 9.515165686607360840e-01
2.274493455886840820e+00 -6.569197654724121094e+00 -1.527859807014465332e+00 -1.800946891307830811e-01 -2.413208782672882080e-02 -2.427441477775573730e-01 9.529212117195129395e-01
1.855311274528503418e+00 -6.577648639678955078e+00 -1.540047526359558105e+00 -1.759968250989913940e-01 -2.693696692585945129e-02 -2.379137873649597168e-01 9.548280239105224609e-01
1.428905010223388672e+00 -6.584088802337646484e+00 -1.554931282997131348e+00 -1.712340265512466431e-01 -2.858616411685943604e-02 -2.317817360162734985e-01 9.571515321731567383e-01
9.952843785285949707e-01 -6.589113712310791016e+00 -1.572933316230773926e+00 -1.659172028303146362e-01 -2.922806888818740845e-02 -2.245024591684341431e-01 9.598000049591064453e-01
5.544604659080505371e-01 -6.593112468719482422e+00 -1.594560265541076660e+00 -1.601578891277313232e-01 -2.901139855384826660e-02 -2.162305414676666260e-01 9.626796245574951172e-01
1.064575165510177612e-01 -6.596368789672851562e+00 -1.620456457138061523e+00 -1.540675312280654907e-01 -2.808480337262153625e-02 -2.071210145950317383e-01 9.656993746757507324e-01
-3.486730754375457764e-01 -6.599114894866943359e+00 -1.651472091674804688e+00 -1.477594822645187378e-01 -2.659733965992927551e-02 -1.973305195569992065e-01 9.687726497650146484e-01
-8.108373880386352539e-01 -6.601574420928955078e+00 -1.688762784004211426e+00 -1.413482129573822021e-01 -2.469791658222675323e-02 -1.870182454586029053e-01 9.718203544616699219e-01
-1.279855966567993164e+00 -6.603998184204101562e+00 -1.733953833580017090e+00 -1.349494606256484985e-01 -2.253636159002780914e-02 -1.763461530208587646e-01 9.747732281684875488e-01
-1.755456447601318359e+00 -6.607663631439208984e+00 -1.788873553276062012e+00 -1.286813616752624512e-01 -2.026184089481830597e-02 -1.654773652553558350e-01 9.775723814964294434e-01
-2.237217903137207031e+00 -6.615147113800048828e+00 -1.855538606643676758e+00 -1.226632297039031982e-01 -1.802458427846431732e-02 -1.545782387256622314e-01 9.801706671714782715e-01
-2.723830461502075195e+00 -6.631861209869384766e+00 -1.939460158348083496e+00 -1.170159950852394104e-01 -1.597396656870841980e-02 -1.438166648149490356e-01 9.825318455696105957e-01
-3.205958127975463867e+00 -6.662570476531982422e+00 -2.042109727859497070e+00 -1.118616461753845215e-01 -1.425866223871707916e-02 -1.333623081445693970e-01 9.846310019493103027e-01
-3.678725481033325195e+00 -6.718567848205566406e+00 -2.172479152679443359e+00 -1.073233485221862793e-01 -1.302844192832708359e-02 -1.233851462602615356e-01 9.864522814750671387e-01
-4.130607604980468750e+00 -6.817887306213378906e+00 -2.343494892120361328e+00 -1.035243347287178040e-01 -1.243161782622337341e-02 -1.140562444925308228e-01 9.879875183105468750e-01
-4.538636207580566406e+00 -6.981688022613525391e+00 -2.566616058349609375e+00 -1.005884855985641479e-01 -1.261672284454107285e-02 -1.055463328957557678e-01 9.892334342002868652e-01
-4.867024898529052734e+00 -7.227448463439941406e+00 -2.838018178939819336e+00 -9.863955527544021606e-02 -1.373184937983751297e-02 -9.802532941102981567e-02 9.901882410049438477e-01
-4.908887863159179688e+00 -7.609349250793457031e+00 -3.073000431060791016e+00 -9.780018031597137451e-02 -1.592591218650341034e-02 -9.166253358125686646e-02 9.908478260040283203e-01
-4.499619007110595703e+00 -7.864680767059326172e+00 -2.985070705413818359e+00 -9.819297492504119873e-02 -1.934724673628807068e-02 -8.662497997283935547e-02 9.912012815475463867e-01
-4.068182468414306641e+00 -8.035742759704589844e+00 -2.832963228225708008e+00 -9.993857145309448242e-02 -2.414463460445404053e-02 -8.307769894599914551e-02 9.912251830101013184e-01
-3.624543428421020508e+00 -8.163229942321777344e+00 -2.696438550949096680e+00 -1.031036451458930969e-01 -3.041006438434123993e-02 -8.112452179193496704e-02 9.908904433250427246e-01
-3.171096086502075195e+00 -8.260007858276367188e+00 -2.596195697784423828e+00 -1.075438559055328369e-01 -3.800008073449134827e-02 -8.063384145498275757e-02 9.901962280273437500e-01
-2.715780019760131836e+00 -8.343347549438476562e+00 -2.532025814056396484e+00 -1.130611971020698547e-01 -4.671316593885421753e-02 -8.141546696424484253e-02 9.891443252563476562e-01
-2.263822078704833984e+00 -8.427400588989257812e+00 -2.513295173645019531e+00 -1.194571405649185181e-01 -5.634661763906478882e-02 -8.327817171812057495e-02 9.877346158027648926e-01
-1.816312193870544434e+00 -8.498313903808593750e+00 -2.523279905319213867e+00 -1.265327930450439453e-01 -6.669695675373077393e-02 -8.603093773126602173e-02 9.859713912010192871e-01
-1.372542738914489746e+00 -8.545851707458496094e+00 -2.527245521545410156e+00 -1.340902149677276611e-01 -7.756156474351882935e-02 -8.948322385549545288e-02 9.838682413101196289e-01
-9.340636730194091797e-01 -8.574969291687011719e+00 -2.519156932830810547e+00 -1.419325768947601318e-01 -8.873672038316726685e-02 -9.344523400068283081e-02 9.814525246620178223e-01
-5.017785429954528809e-01 -8.584416389465332031e+00 -2.501184701919555664e+00 -1.498648822307586670e-01 -1.000197157263755798e-01 -9.772914648056030273e-02 9.787673354148864746e-01
-7.668700814247131348e-02 -8.572954177856445312e+00 -2.474200487136840820e+00 -1.576946228742599487e-01 -1.112098768353462219e-01 -1.021481305360794067e-01 9.758743047714233398e-01
3.396752774715423584e-01 -8.537570953369140625e+00 -2.437786817550659180e+00 -1.652317792177200317e-01 -1.221077218651771545e-01 -1.065177768468856812e-01 9.728525876998901367e-01
7.457897663116455078e-01 -8.478392601013183594e+00 -2.392533540725708008e+00 -1.722902953624725342e-01 -1.325154304504394531e-01 -1.106558442115783691e-01 9.697994589805603027e-01
1.140594482421875000e+00 -8.397392272949218750e+00 -2.340141534805297852e+00 -1.786862611770629883e-01 -1.422383040189743042e-01 -1.143831163644790649e-01 9.668277502059936523e-01
1.523706078529357910e+00 -8.297529220581054688e+00 -2.283298969268798828e+00 -1.842395812273025513e-01 -1.510841697454452515e-01 -1.175213307142257690e-01 9.640632271766662598e-01
1.896074175834655762e+00 -8.184109687805175781e+00 -2.225622415542602539e+00 -1.862096488475799561e-01 -1.591811180114746094e-01 -1.194710209965705872e-01 9.621403217315673828e-01
2.256683349609375000e+00 -8.055475234985351562e+00 -2.168820858001708984e+00 -1.865829080343246460e-01 -1.660790145397186279e-01 -1.203746199607849121e-01 9.607884883880615234e-01
2.605046272277832031e+00 -7.911631107330322266e+00 -2.115619421005249023e+00 -1.867282688617706299e-01 -1.713864356279373169e-01 -1.203387454152107239e-01 9.598321914672851562e-01
2.936998128890991211e+00 -7.744526386260986328e+00 -2.072402715682983398e+00 -1.866159290075302124e-01 -1.748872548341751099e-01 -1.192439347505569458e-01 9.593591094017028809e-01
3.245557785034179688e+00 -7.546847343444824219e+00 -2.043761968612670898e+00 -1.862217187881469727e-01 -1.763714253902435303e-01 -1.169597059488296509e-01 9.594451785087585449e-01
3.526513576507568359e+00 -7.320336818695068359e+00 -2.030758619308471680e+00 -1.855284422636032104e-01 -1.756389290094375610e-01 -1.133351176977157593e-01 9.601485133171081543e-01
3.851948261260986328e+00 -7.185552597045898438e+00 -2.006318092346191406e+00 -1.845285296440124512e-01 -1.725013703107833862e-01 -1.081935167312622070e-01 9.615022540092468262e-01
4.190246582031250000e+00 -7.103475093841552734e+00 -1.976217627525329590e+00 -1.769112348556518555e-01 -1.675308346748352051e-01 -1.002948805689811707e-01 9.646640419960021973e-01
4.522855281829833984e+00 -7.023973464965820312e+00 -1.947141408920288086e+00 -1.671773940324783325e-01 -1.603722125291824341e-01 -9.063440561294555664e-02 9.685648679733276367e-01
4.850461483001708984e+00 -6.950224876403808594e+00 -1.919231534004211426e+00 -1.555295884609222412e-01 -1.512626260519027710e-01 -7.948826253414154053e-02 9.729397892951965332e-01
5.172954559326171875e+00 -6.882348537445068359e+00 -1.892509102821350098e+00 -1.421744823455810547e-01 -1.404421031475067139e-01 -6.713685393333435059e-02 9.775249361991882324e-01
5.491401195526123047e+00 -6.826912879943847656e+00 -1.867311358451843262e+00 -1.273252516984939575e-01 -1.281566470861434937e-01 -5.386433750391006470e-02 9.820706844329833984e-01
5.807613849639892578e+00 -6.805018901824951172e+00 -1.845330476760864258e+00 -1.112032905220985413e-01 -1.146596446633338928e-01 -3.996042907238006592e-02 9.863518476486206055e-01
6.115873336791992188e+00 -6.808158397674560547e+00 -1.826677799224853516e+00 -9.403871744871139526e-02 -1.002128571271896362e-01 -2.571969851851463318e-02 9.901780486106872559e-01
6.414812564849853516e+00 -6.816728591918945312e+00 -1.809756159782409668e+00 -7.606945186853408813e-02 -8.508547395467758179e-02 -1.143955159932374954e-02 9.933997392654418945e-01
6.704346179962158203e+00 -6.825068950653076172e+00 -1.793936133384704590e+00 -5.754190310835838318e-02 -6.955258548259735107e-02 2.579083200544118881e-03 9.959140419960021973e-01
6.984393119812011719e+00 -6.832441329956054688e+00 -1.779198288917541504e+00 -3.870717436075210571e-02 -5.389598384499549866e-02 1.603556238114833832e-02 9.976671934127807617e-01
7.254863739013671875e+00 -6.838836669921875000e+00 -1.765511155128479004e+00 -1.982005685567855835e-02 -3.839885443449020386e-02 2.863014861941337585e-02 9.986554980278015137e-01
7.515671253204345703e+00 -6.844356060028076172e+00 -1.752754449844360352e+00 -1.136051723733544350e-03 -2.334624901413917542e-02 4.006598144769668579e-02 9.989235997200012207e-01
7.766755580902099609e+00 -6.848879337310791016e+00 -1.740933179855346680e+00 1.709005795419216156e-02 -9.021874517202377319e-03 5.005021020770072937e-02 9.985597729682922363e-01
8.008055686950683594e+00 -6.852486610412597656e+00 -1.729941010475158691e+00 3.460797294974327087e-02 4.293058067560195923e-03 5.829459056258201599e-02 9.976900815963745117e-01
8.239508628845214844e+00 -6.855544090270996094e+00 -1.719501018524169922e+00 5.117196589708328247e-02 1.632214151322841644e-02 6.451529264450073242e-02 9.964702129364013672e-01
8.461110115051269531e+00 -6.857489585876464844e+00 -1.709897160530090332e+00 6.654264777898788452e-02 2.679288201034069061e-02 6.843190640211105347e-02 9.950735569000244141e-01
8.672783851623535156e+00 -6.859261989593505859e+00 -1.700518488883972168e+00 8.048728853464126587e-02 3.543751314282417297e-02 6.976581364870071411e-02 9.936793446540832520e-01
8.874549865722656250e+00 -6.859887599945068359e+00 -1.691911220550537109e+00 9.277930110692977905e-02 4.199212417006492615e-02 6.823762506246566772e-02 9.924576282501220703e-01
9.066325187683105469e+00 -6.860586166381835938e+00 -1.683296799659729004e+00 1.031974181532859802e-01 4.619519039988517761e-02 6.356448680162429810e-02 9.915522336959838867e-01
9.248120307922363281e+00 -6.860188007354736328e+00 -1.675348520278930664e+00 1.115241348743438721e-01 4.778634756803512573e-02 5.545718967914581299e-02 9.910616874694824219e-01
9.419871330261230469e+00 -6.859851360321044922e+00 -1.667332768440246582e+00 1.176102980971336365e-01 4.659914970397949219e-02 4.373519867658615112e-02 9.910013079643249512e-01
9.581666946411132812e+00 -6.858670711517333984e+00 -1.659830331802368164e+00 1.215695887804031372e-01 4.284334182739257812e-02 2.868058159947395325e-02 9.912430644035339355e-01
9.733581542968750000e+00 -6.857064723968505859e+00 -1.652619600296020508e+00 1.235775426030158997e-01 3.682224825024604797e-02 1.069326978176832199e-02 9.915938973426818848e-01
9.875684738159179688e+00 -6.855310916900634766e+00 -1.645543217658996582e+00 1.238078996539115906e-01 2.884087339043617249e-02 -9.822794236242771149e-03 9.918382763862609863e-01
1.000806617736816406e+01 -6.852504730224609375e+00 -1.639102697372436523e+00 1.224355846643447876e-01 1.920714788138866425e-02 -3.245721384882926941e-02 9.917595982551574707e-01
1.013080692291259766e+01 -6.849658489227294922e+00 -1.632821917533874512e+00 1.196393370628356934e-01 8.233087137341499329e-03 -5.679296702146530151e-02 9.911575317382812500e-01
1.024400043487548828e+01 -6.846446514129638672e+00 -1.626875281333923340e+00 1.156035959720611572e-01 -3.765138797461986542e-03 -8.240658044815063477e-02 9.898640513420104980e-01
1.034774589538574219e+01 -6.842475891113281250e+00 -1.621463537216186523e+00 1.105195879936218262e-01 -1.646807417273521423e-02 -1.088705137372016907e-01 9.877557754516601562e-01
1.044215297698974609e+01 -6.838410377502441406e+00 -1.616385459899902344e+00 1.045857593417167664e-01 -2.955369651317596436e-02 -1.357548981904983521e-01 9.847634434700012207e-01
1.052733039855957031e+01 -6.834250926971435547e+00 -1.611690640449523926e+00 9.800731390714645386e-02 -4.270089417695999146e-02 -1.626333594322204590e-01 9.808779954910278320e-01
1.060337543487548828e+01 -6.829631805419921875e+00 -1.607499003410339355e+00 9.099525958299636841e-02 -5.559081211686134338e-02 -1.890855282545089722e-01 9.761537313461303711e-01
1.067039680480957031e+01 -6.824862957000732422e+00 -1.603782892227172852e+00 8.376500755548477173e-02 -6.790851056575775146e-02 -2.147024422883987427e-01 9.707083702087402344e-01
1.072849464416503906e+01 -6.820206165313720703e+00 -1.600520610809326172e+00 7.653462141752243042e-02 -7.934666424989700317e-02 -2.390883415937423706e-01 9.647193551063537598e-01
1.077775287628173828e+01 -6.815747737884521484e+00 -1.597715139389038086e+00 6.952313333749771118e-02 -8.960534632205963135e-02 -2.618638277053833008e-01 9.584177732467651367e-01
1.081824207305908203e+01 -6.811587810516357422e+00 -1.595362186431884766e+00 6.294911354780197144e-02 -9.839292615652084351e-02 -2.826668620109558105e-01 9.520797133445739746e-01
1.085002899169921875e+01 -6.807839870452880859e+00 -1.593448758125305176e+00 5.702919885516166687e-02 -1.054252833127975464e-01 -3.011517226696014404e-01 9.460131525993347168e-01
1.087316131591796875e+01 -6.804621219635009766e+00 -1.591957330703735352e+00 5.197759717702865601e-02 -1.104235649108886719e-01 -3.169862329959869385e-01 9.405448436737060547e-01
1.088768005371093750e+01 -6.801949977874755859e+00 -1.590864539146423340e+00 4.800513386726379395e-02 -1.131126582622528076e-01 -3.298467099666595459e-01 9.360032677650451660e-01
1.089363479614257812e+01 -6.800090789794921875e+00 -1.590163230895996094e+00 4.532053321599960327e-02 -1.132139712572097778e-01 -3.394108712673187256e-01 9.326997995376586914e-01
1.089484500885009766e+01 -6.799000263214111328e+00 -1.589695692062377930e+00 4.412981867790222168e-02 -1.104436218738555908e-01 -3.453502058982849121e-01 9.309070706367492676e-01
1.090663146972656250e+01 -6.798133373260498047e+00 -1.588863492012023926e+00 4.457975924015045166e-02 -1.046084612607955933e-01 -3.474367558956146240e-01 9.307831525802612305e-01
1.092894554138183594e+01 -6.797465801239013672e+00 -1.587680339813232422e+00 4.658301174640655518e-02 -9.591600298881530762e-02 -3.458875715732574463e-01 9.321973323822021484e-01
1.096172714233398438e+01 -6.796935081481933594e+00 -1.586172461509704590e+00 4.999154061079025269e-02 -8.466921001672744751e-02 -3.410124480724334717e-01 9.349023699760437012e-01
1.100492382049560547e+01 -6.796465396881103516e+00 -1.584373116493225098e+00 5.465430393815040588e-02 -7.116899639368057251e-02 -3.331084847450256348e-01 9.386089444160461426e-01
1.105848884582519531e+01 -6.795969009399414062e+00 -1.582321763038635254e+00 6.041750684380531311e-02 -5.571812391281127930e-02 -3.224681913852691650e-01 9.430055022239685059e-01
1.112237262725830078e+01 -6.795351505279541016e+00 -1.580056071281433105e+00 6.712543964385986328e-02 -3.862363100051879883e-02 -3.093866407871246338e-01 9.477776288986206055e-01
1.119652557373046875e+01 -6.794517517089843750e+00 -1.577610731124877930e+00 7.462093234062194824e-02 -2.019814215600490570e-02 -2.941689789295196533e-01 9.526218771934509277e-01
1.128086662292480469e+01 -6.793130397796630859e+00 -1.574901342391967773e+00 8.274593949317932129e-02 -7.619243115186691284e-04 -2.771345376968383789e-01 9.572611451148986816e-01
1.137533664703369141e+01 -6.791165828704833984e+00 -1.571976304054260254e+00 9.134309738874435425e-02 1.935892738401889801e-02 -2.586197257041931152e-01 9.614559412002563477e-01
1.147986316680908203e+01 -6.788671493530273438e+00 -1.568897962570190430e+00 1.002568751573562622e-01 3.983311355113983154e-02 -2.389794588088989258e-01 9.650133252143859863e-01
1.159436035156250000e+01 -6.785549163818359375e+00 -1.565619468688964844e+00 1.093353480100631714e-01 6.032694131135940552e-02 -2.185862958431243896e-01 9.677945971488952637e-01
1.171870326995849609e+01 -6.781429767608642578e+00 -1.561726093292236328e+00 1.184316575527191162e-01 8.050702512264251709e-02 -1.978277117013931274e-01 9.697199463844299316e-01
1.185283279418945312e+01 -6.776589393615722656e+00 -1.557574987411499023e+00 1.274056285619735718e-01 1.000431701540946960e-01 -1.771048307418823242e-01 9.707692861557006836e-01
1.199663543701171875e+01 -6.770920753479003906e+00 -1.552809357643127441e+00 1.361248791217803955e-01 1.186109334230422974e-01 -1.568276137113571167e-01 9.709822535514831543e-01
1.215000629425048828e+01 -6.764362812042236328e+00 -1.547152996063232422e+00 1.444655656814575195e-01 1.358942836523056030e-01 -1.374114006757736206e-01 9.704537391662597656e-01
1.231288051605224609e+01 -6.757058143615722656e+00 -1.540895342826843262e+00 1.523127704858779907e-01 1.515866518020629883e-01 -1.192732602357864380e-01 9.693276882171630859e-01
1.248512649536132812e+01 -6.749040603637695312e+00 -1.533001065254211426e+00 1.595600098371505737e-01 1.653912514448165894e-01 -1.028299629688262939e-01 9.677873849868774414e-01
1.266671848297119141e+01 -6.740354061126708984e+00 -1.524343252182006836e+00 1.661080121994018555e-01 1.770202070474624634e-01 -8.849402517080307007e-02 9.660438895225524902e-01
1.285753345489501953e+01 -6.731167316436767578e+00 -1.513857364654541016e+00 1.718628108501434326e-01 1.861919462680816650e-01 -7.667355239391326904e-02 9.643219709396362305e-01
1.305755329132080078e+01 -6.721462249755859375e+00 -1.502279639244079590e+00 1.767326742410659790e-01 1.926279515027999878e-01 -6.777054071426391602e-02 9.628432989120483398e-01
1.326719951629638672e+01 -6.711979866027832031e+00 -1.487725138664245605e+00 1.752577722072601318e-01 1.964766830205917358e-01 -6.097948178648948669e-02 9.627892374992370605e-01
1.348587989807128906e+01 -6.702076911926269531e+00 -1.472138643264770508e+00 1.745559424161911011e-01 1.973897814750671387e-01 -5.761550366878509521e-02 9.629371762275695801e-01
1.371362876892089844e+01 -6.691815853118896484e+00 -1.455440998077392578e+00 1.746110618114471436e-01 1.956268846988677979e-01 -5.747231096029281616e-02 9.632953405380249023e-01
1.395050144195556641e+01 -6.681540489196777344e+00 -1.437446594238281250e+00 1.753427386283874512e-01 1.914085447788238525e-01 -6.029957532882690430e-02 9.638369083404541016e-01
1.419657802581787109e+01 -6.671076297760009766e+00 -1.418470978736877441e+00 1.766234189271926880e-01 1.849246323108673096e-01 -6.581436097621917725e-02 9.645078778266906738e-01
1.445193862915039062e+01 -6.660686492919921875e+00 -1.398380756378173828e+00 1.782934963703155518e-01 1.763449609279632568e-01 -7.371259480714797974e-02 9.652358889579772949e-01
1.471667957305908203e+01 -6.650685787200927734e+00 -1.377238392829895020e+00 1.801740825176239014e-01 1.658304333686828613e-01 -8.367810398340225220e-02 9.659376144409179688e-01
1.499088668823242188e+01 -6.640932559967041016e+00 -1.355203866958618164e+00 1.820793151855468750e-01 1.535425186157226562e-01 -9.539149701595306396e-02 9.665259122848510742e-01
1.527465057373046875e+01 -6.631575584411621094e+00 -1.332300066947937012e+00 1.838267445564270020e-01 1.396507322788238525e-01 -1.085380762815475464e-01 9.669151306152343750e-01
1.556826400756835938e+01 -6.623655796051025391e+00 -1.307761549949645996e+00 1.813738048076629639e-01 1.248289644718170166e-01 -1.223146319389343262e-01 9.677605032920837402e-01
1.587150573730468750e+01 -6.615570545196533203e+00 -1.282600045204162598e+00 1.784109771251678467e-01 1.089098900556564331e-01 -1.370560675859451294e-01 9.682581424713134766e-01
1.618441581726074219e+01 -6.606688499450683594e+00 -1.256960153579711914e+00 1.749975532293319702e-01 9.209121763706207275e-02 -1.525198221206665039e-01 9.683144092559814453e-01
1.650703048706054688e+01 -6.596189022064208984e+00 -1.231035709381103516e+00 1.711861044168472290e-01 7.457710802555084229e-02 -1.684623062610626221e-01 9.678605794906616211e-01
1.683937263488769531e+01 -6.582895278930664062e+00 -1.205082058906555176e+00 1.670341491699218750e-01 5.657628178596496582e-02 -1.846426576375961304e-01 9.668535590171813965e-01
1.718142890930175781e+01 -6.565123081207275391e+00 -1.179450631141662598e+00 1.626041829586029053e-01 3.830167651176452637e-02 -2.008230686187744141e-01 9.652786254882812500e-01
1.753306770324707031e+01 -6.540288925170898438e+00 -1.154671311378479004e+00 1.579638719558715820e-01 1.996879652142524719e-02 -2.167718559503555298e-01 9.631503820419311523e-01
1.789400291442871094e+01 -6.505665302276611328e+00 -1.131287217140197754e+00 1.531853377819061279e-01 1.794781535863876343e-03 -2.322630733251571655e-01 9.605128765106201172e-01
1.826336479187011719e+01 -6.455370426177978516e+00 -1.110515713691711426e+00 1.483450680971145630e-01 -1.600336655974388123e-02 -2.470788210630416870e-01 9.574390649795532227e-01
1.863964271545410156e+01 -6.383741378784179688e+00 -1.093559265136718750e+00 1.435229778289794922e-01 -3.320986777544021606e-02 -2.610093951225280762e-01 9.540295004844665527e-01
1.902151298522949219e+01 -6.289453029632568359e+00 -1.080793142318725586e+00 1.388018727302551270e-01 -4.961110651493072510e-02 -2.738534808158874512e-01 9.504088759422302246e-01
1.939639472961425781e+01 -6.173195838928222656e+00 -1.073102712631225586e+00 1.342541277408599854e-01 -6.503857672214508057e-02 -2.854632735252380371e-01 9.467083215713500977e-01
1.976467895507812500e+01 -6.040165901184082031e+00 -1.069401264190673828e+00 1.299024820327758789e-01 -7.949292659759521484e-02 -2.958767414093017578e-01 9.430075287818908691e-01
2.013554191589355469e+01 -5.928113937377929688e+00 -1.066362023353576660e+00 1.257552355527877808e-01 -9.301796555519104004e-02 -3.051758110523223877e-01 9.393619894981384277e-01
2.051557159423828125e+01 -5.971810340881347656e+00 -1.054405808448791504e+00 1.218184530735015869e-01 -1.056592389941215515e-01 -3.134412467479705811e-01 9.358156919479370117e-01
2.088155555725097656e+01 -6.096470832824707031e+00 -1.037933349609375000e+00 1.180964410305023193e-01 -1.174625158309936523e-01 -3.207514882087707520e-01 9.324023723602294922e-01
2.124135208129882812e+01 -6.236268043518066406e+00 -1.020501375198364258e+00 1.145922020077705383e-01 -1.284736841917037964e-01 -3.271828889846801758e-01 9.291471838951110840e-01
2.159945487976074219e+01 -6.377206325531005859e+00 -1.002660155296325684e+00 1.113068908452987671e-01 -1.387398689985275269e-01 -3.328104317188262939e-01 9.260664582252502441e-01
2.195551300048828125e+01 -6.520087242126464844e+00 -9.841537475585937500e-01 1.082410365343093872e-01 -1.483067572116851807e-01 -3.377062082290649414e-01 9.231703281402587891e-01
2.230897140502929688e+01 -6.666079998016357422e+00 -9.646111726760864258e-01 1.053936630487442017e-01 -1.572212278842926025e-01 -3.419415652751922607e-01 9.204616546630859375e-01
2.265894317626953125e+01 -6.817034721374511719e+00 -9.434432983398437500e-01 1.027635261416435242e-01 -1.655284911394119263e-01 -3.455856144428253174e-01 9.179382324218750000e-01
2.300376319885253906e+01 -6.976135253906250000e+00 -9.196328520774841309e-01 1.003481373190879822e-01 -1.732746511697769165e-01 -3.487057983875274658e-01 9.155929088592529297e-01
2.333814811706542969e+01 -7.152466297149658203e+00 -8.902316093444824219e-01 9.814471006393432617e-02 -1.805047541856765747e-01 -3.513687551021575928e-01 9.134141802787780762e-01
2.365144729614257812e+01 -7.359547138214111328e+00 -8.505181670188903809e-01 9.614994376897811890e-02 -1.872634291648864746e-01 -3.536396324634552002e-01 9.113872051239013672e-01
2.391893577575683594e+01 -7.617120265960693359e+00 -7.924679517745971680e-01 9.436011314392089844e-02 -1.935951411724090576e-01 -3.555816411972045898e-01 9.094936847686767578e-01
2.414871025085449219e+01 -7.905241966247558594e+00 -7.203667759895324707e-01 9.277115017175674438e-02 -1.995439231395721436e-01 -3.572576045989990234e-01 9.077128767967224121e-01
2.440430450439453125e+01 -8.168177604675292969e+00 -6.477050781250000000e-01 9.137862920761108398e-02 -2.051534652709960938e-01 -3.587296903133392334e-01 9.060215353965759277e-01
2.470126914978027344e+01 -8.382323265075683594e+00 -5.789684653282165527e-01 9.017798304557800293e-02 -2.104669511318206787e-01 -3.600587248802185059e-01 9.043943285942077637e-01
2.502514648437500000e+01 -8.553787231445312500e+00 -5.169463753700256348e-01 8.916431665420532227e-02 -2.155275940895080566e-01 -3.613052368164062500e-01 9.028045535087585449e-01
2.534853553771972656e+01 -8.726213455200195312e+00 -4.633334279060363770e-01 8.833262324333190918e-02 -2.203779220581054688e-01 -3.625291585922241211e-01 9.012233614921569824e-01
2.565761375427246094e+01 -8.922799110412597656e+00 -4.192022681236267090e-01 8.767770230770111084e-02 -2.250601649284362793e-01 -3.637897074222564697e-01 8.996208310127258301e-01
2.594719886779785156e+01 -9.145881652832031250e+00 -3.827636539936065674e-01 8.530302345752716064e-02 -2.288294732570648193e-01 -3.656100928783416748e-01 8.981590270996093750e-01
2.621095848083496094e+01 -9.398150444030761719e+00 -3.550350964069366455e-01 8.300287276506423950e-02 -2.323635220527648926e-01 -3.675197362899780273e-01 8.966866731643676758e-01
2.645174789428710938e+01 -9.671263694763183594e+00 -3.338317871093750000e-01 8.081725239753723145e-02 -2.356178909540176392e-01 -3.694582581520080566e-01 8.952392339706420898e-01
2.667122077941894531e+01 -9.960513114929199219e+00 -3.178665041923522949e-01 7.878737896680831909e-02 -2.385504841804504395e-01 -3.713642954826354980e-01 8.938538432121276855e-01
2.686984252929687500e+01 -1.026313209533691406e+01 -3.064034879207611084e-01 7.695579528808593750e-02 -2.411209046840667725e-01 -3.731748461723327637e-01 8.925687670707702637e-01
2.704715728759765625e+01 -1.057736301422119141e+01 -2.990454137325286865e-01 7.536578178405761719e-02 -2.432902455329895020e-01 -3.748258352279663086e-01 8.914232850074768066e-01
2.720188903808593750e+01 -1.090194797515869141e+01 -2.956188917160034180e-01 7.406046986579895020e-02 -2.450211346149444580e-01 -3.762531280517578125e-01 8.904567360877990723e-01
2.733197784423828125e+01 -1.123580265045166016e+01 -2.961102128028869629e-01 7.308340072631835938e-02 -2.462763488292694092e-01 -3.773910701274871826e-01 8.897092938423156738e-01
2.743458366394042969e+01 -1.157771682739257812e+01 -3.006259202957153320e-01 7.247669249773025513e-02 -2.470194548368453979e-01 -3.781746923923492432e-01 8.892200589179992676e-01
2.750607109069824219e+01 -1.192604064941406250e+01 -3.093591332435607910e-01 7.228178530931472778e-02 -2.472118884325027466e-01 -3.785391747951507568e-01 8.890273571014404297e-01
2.754739761352539062e+01 -1.227801132202148438e+01 -3.219293057918548584e-01 7.253770530223846436e-02 -2.468145787715911865e-01 -3.784204423427581787e-01 8.891674876213073730e-01
2.756450462341308594e+01 -1.263076591491699219e+01 -3.373843431472778320e-01 7.328113168478012085e-02 -2.457846999168395996e-01 -3.777562379837036133e-01 8.896741271018981934e-01
2.756364250183105469e+01 -1.298271369934082031e+01 -3.548043668270111084e-01 7.454551011323928833e-02 -2.440758347511291504e-01 -3.764860033988952637e-01 8.905774354934692383e-01
2.755075073242187500e+01 -1.333319950103759766e+01 -3.733633458614349365e-01 7.636009901762008667e-02 -2.416366636753082275e-01 -3.745516538619995117e-01 8.919035792350769043e-01
2.753125381469726562e+01 -1.368215751647949219e+01 -3.923355042934417725e-01 7.874922454357147217e-02 -2.384096980094909668e-01 -3.718981742858886719e-01 8.936727643013000488e-01
2.751002883911132812e+01 -1.402981662750244141e+01 -4.110781848430633545e-01 8.173177391290664673e-02 -2.343298792839050293e-01 -3.684739768505096436e-01 8.958997130393981934e-01
2.749158668518066406e+01 -1.437647342681884766e+01 -4.289981126785278320e-01 8.531935513019561768e-02 -2.293244898319244385e-01 -3.642318248748779297e-01 8.985911607742309570e-01
2.748182487487792969e+01 -1.472238159179687500e+01 -4.452511370182037354e-01 8.951605111360549927e-02 -2.233112156391143799e-01 -3.591282367706298828e-01 9.017459750175476074e-01
2.748436927795410156e+01 -1.506730651855468750e+01 -4.593957364559173584e-01 9.431637823581695557e-02 -2.161983549594879150e-01 -3.531250953674316406e-01 9.053537845611572266e-01
2.749748420715332031e+01 -1.541087722778320312e+01 -4.719793498516082764e-01 9.970429539680480957e-02 -2.078847289085388184e-01 -3.461871743202209473e-01 9.093940258026123047e-01
2.751881217956542969e+01 -1.575293636322021484e+01 -4.823605120182037354e-01 1.008708626031875610e-01 -1.965205818414688110e-01 -3.393373489379882812e-01 9.143604040145874023e-01
2.754806518554687500e+01 -1.610246467590332031e+01 -4.923650920391082764e-01 1.020164191722869873e-01 -1.838403046131134033e-01 -3.315871655941009521e-01 9.196985363960266113e-01
2.758412551879882812e+01 -1.645939064025878906e+01 -5.024816989898681641e-01 1.031366884708404541e-01 -1.699769198894500732e-01 -3.229769766330718994e-01 9.252873063087463379e-01
2.762573242187500000e+01 -1.682372093200683594e+01 -5.132318139076232910e-01 1.042281612753868103e-01 -1.550648659467697144e-01 -3.135502338409423828e-01 9.310089349746704102e-01
2.767163467407226562e+01 -1.719550132751464844e+01 -5.252978205680847168e-01 1.052875220775604248e-01 -1.392428278923034668e-01 -3.033535778522491455e-01 9.367510676383972168e-01
2.771995544433593750e+01 -1.757489204406738281e+01 -5.393542647361755371e-01 1.063125282526016235e-01 -1.226518452167510986e-01 -2.924378514289855957e-01 9.424087405204772949e-01
2.776904296875000000e+01 -1.796204757690429688e+01 -5.558502078056335449e-01 1.073018014430999756e-01 -1.054367721080780029e-01 -2.808584272861480713e-01 9.478860497474670410e-01
2.781748199462890625e+01 -1.835708045959472656e+01 -5.752999782562255859e-01 1.082551628351211548e-01 -8.774521946907043457e-02 -2.686747014522552490e-01 9.530977606773376465e-01
2.786331939697265625e+01 -1.876016807556152344e+01 -5.975439548492431641e-01 1.091736555099487305e-01 -6.972743570804595947e-02 -2.559522688388824463e-01 9.579706192016601562e-01
2.790423202514648438e+01 -1.917149734497070312e+01 -6.221435666084289551e-01 1.100596785545349121e-01 -5.153632164001464844e-02 -2.427604794502258301e-01 9.624438881874084473e-01
2.793755340576171875e+01 -1.959119224548339844e+01 -6.486642360687255859e-01 1.109172552824020386e-01 -3.332564979791641235e-02 -2.291734367609024048e-01 9.664711356163024902e-01
2.796008300781250000e+01 -2.001927185058593750e+01 -6.766369342803955078e-01 1.117517128586769104e-01 -1.525081973522901535e-02 -2.152696847915649414e-01 9.700195789337158203e-01
2.796786499023437500e+01 -2.045553588867187500e+01 -7.055050730705261230e-01 1.125700771808624268e-01 2.533135935664176941e-03 -2.011313885450363159e-01 9.730712771415710449e-01
2.795564460754394531e+01 -2.089935302734375000e+01 -7.345556616783142090e-01 1.133808195590972900e-01 1.987117528915405273e-02 -1.868437677621841431e-01 9.756225347518920898e-01
2.791752815246582031e+01 -2.134936714172363281e+01 -7.628884911537170410e-01 1.141939014196395874e-01 3.660961240530014038e-02 -1.724946200847625732e-01 9.776836037635803223e-01
2.784618759155273438e+01 -2.180302238464355469e+01 -7.893502712249755859e-01 1.150207370519638062e-01 5.259633064270019531e-02 -1.581735461950302124e-01 9.792777895927429199e-01
2.773224067687988281e+01 -2.225569343566894531e+01 -8.124923706054687500e-01 1.158740296959877014e-01 6.768125295639038086e-02 -1.439715325832366943e-01 9.804410338401794434e-01
2.757710838317871094e+01 -2.270391082763671875e+01 -8.332113623619079590e-01 1.167677193880081177e-01 8.171698451042175293e-02 -1.299796700477600098e-01 9.812201261520385742e-01
2.738297843933105469e+01 -2.314489364624023438e+01 -8.526858091354370117e-01 1.177168488502502441e-01 9.455868601799011230e-02 -1.162893623113632202e-01 9.816711544990539551e-01
2.715283584594726562e+01 -2.357679176330566406e+01 -8.723733425140380859e-01 1.187373474240303040e-01 1.060637459158897400e-01 -1.029910147190093994e-01 9.818578362464904785e-01
2.689012145996093750e+01 -2.399864387512207031e+01 -8.939868211746215820e-01 1.198427230119705200e-01 1.161342710256576538e-01 -9.015452116727828979e-02 9.818466901779174805e-01
2.660552215576171875e+01 -2.439959907531738281e+01 -9.189947247505187988e-01 1.210336014628410339e-01 1.248405799269676208e-01 -7.776983082294464111e-02 9.816912412643432617e-01
2.630257797241210938e+01 -2.477989196777343750e+01 -9.502679109573364258e-01 1.223062872886657715e-01 1.322950571775436401e-01 -6.580579280853271484e-02 9.814320206642150879e-01
2.598817253112792969e+01 -2.514339065551757812e+01 -9.883523583412170410e-01 1.236557811498641968e-01 1.386099159717559814e-01 -5.422939360141754150e-02 9.810992479324340820e-01
2.566497039794921875e+01 -2.549158668518066406e+01 -1.031795620918273926e+00 1.250762045383453369e-01 1.438966691493988037e-01 -4.300630092620849609e-02 9.807141423225402832e-01
2.533579254150390625e+01 -2.582659912109375000e+01 -1.078990817070007324e+00 1.265605092048645020e-01 1.482663750648498535e-01 -3.210023045539855957e-02 9.802902936935424805e-01
2.500287246704101562e+01 -2.615035247802734375e+01 -1.128459811210632324e+00 1.281012147665023804e-01 1.518293470144271851e-01 -2.147537842392921448e-02 9.798350930213928223e-01
2.466997337341308594e+01 -2.646681022644042969e+01 -1.178183555603027344e+00 1.296898722648620605e-01 1.546954512596130371e-01 -1.109448913484811783e-02 9.793501496315002441e-01
2.433921241760253906e+01 -2.677835083007812500e+01 -1.226931452751159668e+00 1.313178092241287231e-01 1.569738090038299561e-01 -9.199976921081542969e-04 9.788330197334289551e-01
2.401234626770019531e+01 -2.708696937561035156e+01 -1.273724913597106934e+00 1.329755336046218872e-01 1.587733477354049683e-01 9.085757657885551453e-03 9.782770872116088867e-01
2.369003105163574219e+01 -2.739340019226074219e+01 -1.318355321884155273e+00 1.346535235643386841e-01 1.602018624544143677e-01 1.896072551608085632e-02 9.776729345321655273e-01
2.337206077575683594e+01 -2.769733047485351562e+01 -1.361215829849243164e+00 1.363417208194732666e-01 1.613675057888031006e-01 2.874281816184520721e-02 9.770083427429199219e-01
2.305825424194335938e+01 -2.799853515625000000e+01 -1.402612924575805664e+00 1.380298733711242676e-01 1.623772084712982178e-01 3.847007080912590027e-02 9.762690663337707520e-01
2.274848365783691406e+01 -2.829682159423828125e+01 -1.442789554595947266e+00 1.397074013948440552e-01 1.633380651473999023e-01 4.818036779761314392e-02 9.754390120506286621e-01
2.244263839721679688e+01 -2.859204292297363281e+01 -1.481941819190979004e+00 1.413634866476058960e-01 1.643563657999038696e-01 5.791152268648147583e-02 9.744996428489685059e-01
2.214062881469726562e+01 -2.888407897949218750e+01 -1.520230412483215332e+00 1.429871916770935059e-01 1.655378490686416626e-01 6.770120561122894287e-02 9.734312891960144043e-01
2.184239768981933594e+01 -2.917284584045410156e+01 -1.557765483856201172e+00 1.445671170949935913e-01 1.669879853725433350e-01 7.758687436580657959e-02 9.722117185592651367e-01
2.154783821105957031e+01 -2.945821762084960938e+01 -1.594728112220764160e+00 1.460916399955749512e-01 1.688114702701568604e-01 8.760574460029602051e-02 9.708168506622314453e-01
2.144810104370117188e+01 -2.955590820312500000e+01 -1.607938528060913086e+00 1.475488245487213135e-01 1.711119413375854492e-01 9.779478609561920166e-02 9.692194461822509766e-01
