6.264093399047851562e+00 -2.812579345703125000e+01 -3.073775529861450195e+00 -1.560453772544860840e-01 1.503599733114242554e-01 -6.865508109331130981e-02 9.738214612007141113e-01
5.871891975402832031e+00 -2.799192237854003906e+01 -3.047666549682617188e+00 -1.572262942790985107e-01 1.500711888074874878e-01 -6.935818493366241455e-02 9.736261367797851562e-01
5.487468719482421875e+00 -2.784014892578125000e+01 -3.004777193069458008e+00 -1.582992374897003174e-01 1.500845104455947876e-01 -7.018417865037918091e-02 9.733910560607910156e-01
5.106715679168701172e+00 -2.768179702758789062e+01 -2.953585863113403320e+00 -1.581676453351974487e-01 1.503352522850036621e-01 -7.123786211013793945e-02 9.732971787452697754e-01
4.729234695434570312e+00 -2.751930999755859375e+01 -2.892335176467895508e+00 -1.579446941614151001e-01 1.509184688329696655e-01 -7.228383421897888184e-02 9.731659889221191406e-01
4.356910228729248047e+00 -2.735245132446289062e+01 -2.814257860183715820e+00 -1.576782912015914917e-01 1.518536508083343506e-01 -7.325012981891632080e-02 9.729914665222167969e-01
3.993974447250366211e+00 -2.718074607849121094e+01 -2.708890438079833984e+00 -1.573730111122131348e-01 1.531580686569213867e-01 -7.407203316688537598e-02 9.727742075920104980e-01
3.656444072723388672e+00 -2.700452804565429688e+01 -2.545200824737548828e+00 -1.570340543985366821e-01 1.548486053943634033e-01 -7.468251883983612061e-02 9.725146293640136719e-01
3.366797924041748047e+00 -2.684363746643066406e+01 -2.297256469726562500e+00 -1.566672921180725098e-01 1.569418311119079590e-01 -7.501379400491714478e-02 9.722127318382263184e-01
3.097652435302734375e+00 -2.674407577514648438e+01 -1.998433470726013184e+00 -1.562795042991638184e-01 1.594544351100921631e-01 -7.499685883522033691e-02 9.718675017356872559e-01
2.781054735183715820e+00 -2.669897842407226562e+01 -1.735107660293579102e+00 -1.558792740106582642e-01 1.624013185501098633e-01 -7.455985248088836670e-02 9.714773893356323242e-01
2.421249866485595703e+00 -2.664933586120605469e+01 -1.536138534545898438e+00 -1.546466350555419922e-01 1.657329946756362915e-01 -7.377019524574279785e-02 9.711719751358032227e-01
2.072979688644409180e+00 -2.646497917175292969e+01 -1.427251815795898438e+00 -1.518178433179855347e-01 1.694060266017913818e-01 -7.269671559333801270e-02 9.710655212402343750e-01
1.791168212890625000e+00 -2.616555023193359375e+01 -1.384902358055114746e+00 -1.483132094144821167e-01 1.735048145055770874e-01 -7.111862301826477051e-02 9.710001945495605469e-01
1.554980397224426270e+00 -2.582533645629882812e+01 -1.372202992439270020e+00 -1.440792977809906006e-01 1.780384033918380737e-01 -6.897819042205810547e-02 9.709714651107788086e-01
1.346524596214294434e+00 -2.546717071533203125e+01 -1.374622106552124023e+00 -1.390621513128280640e-01 1.830148249864578247e-01 -6.621756404638290405e-02 9.709699749946594238e-01
1.153118848800659180e+00 -2.510098648071289062e+01 -1.384491205215454102e+00 -1.332074403762817383e-01 1.884415745735168457e-01 -6.277883052825927734e-02 9.709811210632324219e-01
9.672533869743347168e-01 -2.473101997375488281e+01 -1.398105144500732422e+00 -1.264602988958358765e-01 1.943241804838180542e-01 -5.860320478677749634e-02 9.709848165512084961e-01
7.949499487876892090e-01 -2.435483741760253906e+01 -1.417894601821899414e+00 -1.187654510140419006e-01 2.006670534610748291e-01 -5.363231524825096130e-02 9.709537625312805176e-01
6.238989233970642090e-01 -2.397823143005371094e+01 -1.438399314880371094e+00 -1.100667566061019897e-01 2.074726969003677368e-01 -4.780828952789306641e-02 9.708526134490966797e-01
4.617224037647247314e-01 -2.359795188903808594e+01 -1.462514877319335938e+00 -1.003081500530242920e-01 2.147413194179534912e-01 -4.107262194156646729e-02 9.706376791000366211e-01
2.996948063373565674e-01 -2.321767616271972656e+01 -1.486968398094177246e+00 -8.946893364191055298e-02 2.224447280168533325e-01 -3.339356184005737305e-02 9.702569246292114258e-01
1.439929157495498657e-01 -2.283489227294921875e+01 -1.513609290122985840e+00 -7.766821235418319702e-02 2.304486334323883057e-01 -2.484179660677909851e-02 9.696617722511291504e-01
-1.025390625000000000e-02 -2.245150566101074219e+01 -1.540934681892395020e+00 -6.506320089101791382e-02 2.385940998792648315e-01 -1.551577821373939514e-02 9.688131213188171387e-01
-1.622521877288818359e-01 -2.206719398498535156e+01 -1.568970918655395508e+00 -5.181273818016052246e-02 2.467240691184997559e-01 -5.514608696103096008e-03 9.676839709281921387e-01
-3.097363114356994629e-01 -2.168105888366699219e+01 -1.598174691200256348e+00 -3.807773441076278687e-02 2.546847164630889893e-01 5.060633178800344467e-03 9.662609100341796875e-01
-4.572265446186065674e-01 -2.129478454589843750e+01 -1.627496957778930664e+00 -2.400322444736957550e-02 2.585141956806182861e-01 1.603552885353565216e-02 9.655759930610656738e-01
-5.998327732086181641e-01 -2.090659713745117188e+01 -1.657597899436950684e+00 -9.512161836028099060e-03 2.586535811424255371e-01 2.758366242051124573e-02 9.655293822288513184e-01
-7.405517697334289551e-01 -2.051758193969726562e+01 -1.688045620918273926e+00 5.251415073871612549e-03 2.592922151088714600e-01 3.972353786230087280e-02 9.649674296379089355e-01
-8.802539110183715820e-01 -2.012805938720703125e+01 -1.718585491180419922e+00 2.004319988191127777e-02 2.604605853557586670e-01 5.226692929863929749e-02 9.638603329658508301e-01
-1.013586401939392090e+00 -1.973612594604492188e+01 -1.749459147453308105e+00 3.459401428699493408e-02 2.621546685695648193e-01 6.499998271465301514e-02 9.622126221656799316e-01
-1.144899845123291016e+00 -1.934989547729492188e+01 -1.779807448387145996e+00 4.861822351813316345e-02 2.643330097198486328e-01 7.769335061311721802e-02 9.600667357444763184e-01
-1.269091725349426270e+00 -1.896768569946289062e+01 -1.809528827667236328e+00 6.182559579610824585e-02 2.669142186641693115e-01 9.011455625295639038e-02 9.575039744377136230e-01
-1.387905240058898926e+00 -1.859010887145996094e+01 -1.838546395301818848e+00 7.393361628055572510e-02 2.697812616825103760e-01 1.020410433411598206e-01 9.546409845352172852e-01
-1.503121256828308105e+00 -1.821784973144531250e+01 -1.866702795028686523e+00 8.467860519886016846e-02 2.727885246276855469e-01 1.132719963788986206e-01 9.516224861145019531e-01
-1.606815099716186523e+00 -1.784853172302246094e+01 -1.893530249595642090e+00 9.382405877113342285e-02 2.757721543312072754e-01 1.236375123262405396e-01 9.486097693443298340e-01
-1.708926916122436523e+00 -1.748525428771972656e+01 -1.919472932815551758e+00 1.011654883623123169e-01 2.785621583461761475e-01 1.330040097236633301e-01 9.457687735557556152e-01
-1.792593955993652344e+00 -1.712361335754394531e+01 -1.943073391914367676e+00 1.065309345722198486e-01 2.809946238994598389e-01 1.412757039070129395e-01 9.432572722434997559e-01
-1.871962904930114746e+00 -1.676747131347656250e+01 -1.965592861175537109e+00 1.103870943188667297e-01 2.805255055427551270e-01 1.489442437887191772e-01 9.417726397514343262e-01
-1.926975011825561523e+00 -1.641279602050781250e+01 -1.985476016998291016e+00 1.139249131083488464e-01 2.722477912902832031e-01 1.571350395679473877e-01 9.424493908882141113e-01
-1.963724374771118164e+00 -1.606237983703613281e+01 -2.002820730209350586e+00 1.155674606561660767e-01 2.618959844112396240e-01 1.644606888294219971e-01 9.439318180084228516e-01
-1.972662329673767090e+00 -1.571643161773681641e+01 -2.016618013381958008e+00 1.152109354734420776e-01 2.493820637464523315e-01 1.708517372608184814e-01 9.462265372276306152e-01
-1.936625957489013672e+00 -1.537852954864501953e+01 -2.024955987930297852e+00 1.129449605941772461e-01 2.348247766494750977e-01 1.763167828321456909e-01 9.492170810699462891e-01
-1.838804841041564941e+00 -1.505977630615234375e+01 -2.025556087493896484e+00 1.089073866605758667e-01 2.183938920497894287e-01 1.808819919824600220e-01 9.527459740638732910e-01
-1.679070949554443359e+00 -1.477369594573974609e+01 -2.017600059509277344e+00 1.032360047101974487e-01 2.002600729465484619e-01 1.845718324184417725e-01 9.566459059715270996e-01
-1.480253815650939941e+00 -1.452019882202148438e+01 -2.002885103225708008e+00 9.607042372226715088e-02 1.805963516235351562e-01 1.874103546142578125e-01 9.607459306716918945e-01
-1.279677748680114746e+00 -1.427630329132080078e+01 -1.986064434051513672e+00 8.755258470773696899e-02 1.595800518989562988e-01 1.894225627183914185e-01 9.648771286010742188e-01
-1.082896709442138672e+00 -1.403768539428710938e+01 -1.967821955680847168e+00 7.782736420631408691e-02 1.373942196369171143e-01 1.906353980302810669e-01 9.688776135444641113e-01
-8.940832614898681641e-01 -1.380097961425781250e+01 -1.948656320571899414e+00 6.704330444335937500e-02 1.142277121543884277e-01 1.910787671804428101e-01 9.725975990295410156e-01
-7.154760360717773438e-01 -1.356456661224365234e+01 -1.929123759269714355e+00 5.535240471363067627e-02 9.027583152055740356e-02 1.907863169908523560e-01 9.759031534194946289e-01
-5.487182736396789551e-01 -1.332751083374023438e+01 -1.909568786621093750e+00 4.290999472141265869e-02 6.573972105979919434e-02 1.897960156202316284e-01 9.786798954010009766e-01
-3.913342058658599854e-01 -1.308396434783935547e+01 -1.889931559562683105e+00 2.987430244684219360e-02 4.082580655813217163e-02 1.881508082151412964e-01 9.808363318443298340e-01
-2.443908601999282837e-01 -1.283376216888427734e+01 -1.870461702346801758e+00 1.640572771430015564e-02 1.574430055916309357e-02 1.858984082937240601e-01 9.823058843612670898e-01
-1.066271960735321045e-01 -1.257808971405029297e+01 -1.851184964179992676e+00 2.665818203240633011e-03 -9.291625581681728363e-03 1.830918341875076294e-01 9.830482602119445801e-01
2.418823167681694031e-02 -1.231847953796386719e+01 -1.831994533538818359e+00 -1.118355989456176758e-02 -3.406737372279167175e-02 1.797889769077301025e-01 9.830515980720520020e-01
1.496801674365997314e-01 -1.205593490600585938e+01 -1.812798142433166504e+00 -2.498139441013336182e-02 -5.836971476674079895e-02 1.760521829128265381e-01 9.823312163352966309e-01
2.711718678474426270e-01 -1.179118347167968750e+01 -1.793484210968017578e+00 -3.856833279132843018e-02 -8.198664337396621704e-02 1.719480305910110474e-01 9.809304475784301758e-01
3.899072110652923584e-01 -1.152485370635986328e+01 -1.773887276649475098e+00 -5.178828164935112000e-02 -1.047099009156227112e-01 1.675465404987335205e-01 9.789187908172607422e-01
5.073156356811523438e-01 -1.125761222839355469e+01 -1.753726124763488770e+00 -6.448774039745330811e-02 -1.263357400894165039e-01 1.629206240177154541e-01 9.763900041580200195e-01
6.254186630249023438e-01 -1.099040031433105469e+01 -1.732476711273193359e+00 -7.651861011981964111e-02 -1.466659754514694214e-01 1.581452339887619019e-01 9.734597802162170410e-01
7.478466629981994629e-01 -1.072497749328613281e+01 -1.709032297134399414e+00 -8.773650228977203369e-02 -1.655080169439315796e-01 1.532966047525405884e-01 9.702626466751098633e-01
8.841125369071960449e-01 -1.046654796600341797e+01 -1.681335449218750000e+00 -9.802602976560592651e-02 -1.827101111412048340e-01 1.484530866146087646e-01 9.669382572174072266e-01
1.042641520500183105e+00 -1.022173881530761719e+01 -1.650223612785339355e+00 -1.073752492666244507e-01 -1.982593983411788940e-01 1.436989456415176392e-01 9.635945558547973633e-01
1.223279953002929688e+00 -9.992146492004394531e+00 -1.618936419486999512e+00 -1.157984808087348938e-01 -2.121793329715728760e-01 1.391179263591766357e-01 9.603212475776672363e-01
1.414439678192138672e+00 -9.770273208618164062e+00 -1.590328693389892578e+00 -1.233106330037117004e-01 -2.244941592216491699e-01 1.347913742065429688e-01 9.571980834007263184e-01
1.608266592025756836e+00 -9.549885749816894531e+00 -1.564234018325805664e+00 -1.299264729022979736e-01 -2.352287322282791138e-01 1.307986974716186523e-01 9.542945623397827148e-01
1.804460406303405762e+00 -9.330415725708007812e+00 -1.540986299514770508e+00 -1.290658116340637207e-01 -2.435199171304702759e-01 1.289070844650268555e-01 9.525874853134155273e-01
2.001760244369506836e+00 -9.111193656921386719e+00 -1.518633723258972168e+00 -1.275475025177001953e-01 -2.503335475921630859e-01 1.275535672903060913e-01 9.512070417404174805e-01
2.199793577194213867e+00 -8.891965866088867188e+00 -1.496747732162475586e+00 -1.263046860694885254e-01 -2.558023631572723389e-01 1.265276968479156494e-01 9.500541687011718750e-01
2.398376464843750000e+00 -8.672577857971191406e+00 -1.475195527076721191e+00 -1.253348439931869507e-01 -2.599308788776397705e-01 1.258589029312133789e-01 9.491505026817321777e-01
2.597341299057006836e+00 -8.452877044677734375e+00 -1.453889727592468262e+00 -1.246317774057388306e-01 -2.627233266830444336e-01 1.255865097045898438e-01 9.485101103782653809e-01
2.799204111099243164e+00 -8.229628562927246094e+00 -1.432473063468933105e+00 -1.241859421133995056e-01 -2.641837596893310547e-01 1.257596760988235474e-01 9.481399059295654297e-01
3.003448486328125000e+00 -8.002358436584472656e+00 -1.410905122756958008e+00 -1.239848285913467407e-01 -2.643164098262786865e-01 1.264373362064361572e-01 9.480390548706054688e-01
3.209291934967041016e+00 -7.770344257354736328e+00 -1.389296889305114746e+00 -1.240141093730926514e-01 -2.631256878376007080e-01 1.276874691247940063e-01 9.481989741325378418e-01
3.415300130844116211e+00 -7.532312870025634766e+00 -1.367959260940551758e+00 -1.242577731609344482e-01 -2.606185972690582275e-01 1.295865178108215332e-01 9.486017227172851562e-01
3.670394182205200195e+00 -7.344045162200927734e+00 -1.369735956192016602e+00 -1.247003376483917236e-01 -2.568028867244720459e-01 1.322186142206192017e-01 9.492208957672119141e-01
3.957867383956909180e+00 -7.193663120269775391e+00 -1.386890172958374023e+00 -1.253274679183959961e-01 -2.516901493072509766e-01 1.356743276119232178e-01 9.500197172164916992e-01
4.251578330993652344e+00 -7.045212745666503906e+00 -1.405616402626037598e+00 -1.261276155710220337e-01 -2.452961206436157227e-01 1.400498449802398682e-01 9.509509801864624023e-01
4.539647102355957031e+00 -6.903599262237548828e+00 -1.423568964004516602e+00 -1.270934939384460449e-01 -2.376414686441421509e-01 1.454458236694335938e-01 9.519554972648620605e-01
4.825362205505371094e+00 -6.776044845581054688e+00 -1.440183997154235840e+00 -1.282233446836471558e-01 -2.287544310092926025e-01 1.519663035869598389e-01 9.529618620872497559e-01
5.110034465789794922e+00 -6.666687011718750000e+00 -1.455130219459533691e+00 -1.295224726200103760e-01 -2.186706662178039551e-01 1.597177982330322266e-01 9.538853168487548828e-01
5.392711639404296875e+00 -6.573067665100097656e+00 -1.470444560050964355e+00 -1.231183633208274841e-01 -2.060584723949432373e-01 1.704894900321960449e-01 9.556752443313598633e-01
5.672817230224609375e+00 -6.498773097991943359e+00 -1.484242200851440430e+00 -1.159791424870491028e-01 -1.921203136444091797e-01 1.825244873762130737e-01 9.572478532791137695e-01
5.952178001403808594e+00 -6.463335990905761719e+00 -1.494847059249877930e+00 -1.081673502922058105e-01 -1.769889742136001587e-01 1.957011073827743530e-01 9.584758877754211426e-01
6.225643634796142578e+00 -6.463329315185546875e+00 -1.502421498298645020e+00 -9.974926710128784180e-02 -1.608004122972488403e-01 2.098957747220993042e-01 9.592377543449401855e-01
6.489722251892089844e+00 -6.488741397857666016e+00 -1.507733106613159180e+00 -9.079340100288391113e-02 -1.436957716941833496e-01 2.249839901924133301e-01 9.594218730926513672e-01
6.744413852691650391e+00 -6.523118972778320312e+00 -1.512209177017211914e+00 -8.137047290802001953e-02 -1.258212924003601074e-01 2.408407330513000488e-01 9.589284062385559082e-01
6.991098880767822266e+00 -6.553989887237548828e+00 -1.516994237899780273e+00 -7.155521214008331299e-02 -1.073281243443489075e-01 2.573412060737609863e-01 9.576721191406250000e-01
7.230202674865722656e+00 -6.576865673065185547e+00 -1.522501468658447266e+00 -6.142484396696090698e-02 -8.837202191352844238e-02 2.743619680404663086e-01 9.555850028991699219e-01
7.461524486541748047e+00 -6.591339588165283203e+00 -1.528767347335815430e+00 -5.105832591652870178e-02 -6.911293417215347290e-02 2.917817831039428711e-01 9.526173472404479980e-01
7.684819698333740234e+00 -6.596650123596191406e+00 -1.535836100578308105e+00 -4.053828492760658264e-02 -4.971403628587722778e-02 3.094827234745025635e-01 9.487389922142028809e-01
7.899634361267089844e+00 -6.596652507781982422e+00 -1.543373346328735352e+00 -2.994768135249614716e-02 -3.034063801169395447e-02 3.273513913154602051e-01 9.439404606819152832e-01
8.105868339538574219e+00 -6.594428539276123047e+00 -1.551067829132080078e+00 -1.937145553529262543e-02 -1.116007659584283829e-02 3.452798128128051758e-01 9.382334947586059570e-01
8.303424835205078125e+00 -6.587985515594482422e+00 -1.559085965156555176e+00 -8.894518017768859863e-03 7.661299780011177063e-03 3.631660640239715576e-01 9.316504597663879395e-01
8.492303848266601562e+00 -6.581079959869384766e+00 -1.567022681236267090e+00 1.397477462887763977e-03 2.595671080052852631e-02 3.809149563312530518e-01 9.242446422576904297e-01
8.672437667846679688e+00 -6.571757793426513672e+00 -1.575047016143798828e+00 1.142016518861055374e-02 4.356214031577110291e-02 3.984405994415283203e-01 9.160878658294677734e-01
8.843886375427246094e+00 -6.562559127807617188e+00 -1.582827687263488770e+00 2.108998596668243408e-02 6.031586229801177979e-02 4.156648218631744385e-01 9.072705507278442383e-01
9.006576538085937500e+00 -6.551644325256347656e+00 -1.590566635131835938e+00 3.032496385276317596e-02 7.605975866317749023e-02 4.325183629989624023e-01 8.978993296623229980e-01
9.160602569580078125e+00 -6.541029930114746094e+00 -1.597938776016235352e+00 3.904507681727409363e-02 9.063969552516937256e-02 4.489403665065765381e-01 8.880948424339294434e-01
9.305937767028808594e+00 -6.529935359954833984e+00 -1.605041503906250000e+00 4.717239737510681152e-02 1.039057523012161255e-01 4.648798406124114990e-01 8.779891729354858398e-01
9.442633628845214844e+00 -6.518817424774169922e+00 -1.611744999885559082e+00 5.463136732578277588e-02 1.157120391726493835e-01 4.802936315536499023e-01 8.677235245704650879e-01
9.570741653442382812e+00 -6.508140087127685547e+00 -1.617932081222534180e+00 6.137120351195335388e-02 1.259519755840301514e-01 4.951549172401428223e-01 8.574329018592834473e-01
9.690248489379882812e+00 -6.497216701507568359e+00 -1.623801827430725098e+00 6.743387132883071899e-02 1.346613615751266479e-01 5.094769597053527832e-01 8.472025394439697266e-01
9.801225662231445312e+00 -6.486836910247802734e+00 -1.629142165184020996e+00 7.288464903831481934e-02 1.419119983911514282e-01 5.232783555984497070e-01 8.370952606201171875e-01
9.903692245483398438e+00 -6.476963996887207031e+00 -1.633992314338684082e+00 7.778901606798171997e-02 1.477761566638946533e-01 5.365742444992065430e-01 8.271633386611938477e-01
9.997643470764160156e+00 -6.467337608337402344e+00 -1.638522863388061523e+00 8.221250772476196289e-02 1.523258984088897705e-01 5.493767857551574707e-01 8.174490928649902344e-01
1.008312225341796875e+01 -6.458313465118408203e+00 -1.642543554306030273e+00 8.622050285339355469e-02 1.556332707405090332e-01 5.616943240165710449e-01 8.079875111579895020e-01
1.016823673248291016e+01 -6.449377059936523438e+00 -1.646307349205017090e+00 8.987823128700256348e-02 1.577695310115814209e-01 5.735325217247009277e-01 7.988061308860778809e-01
1.025298404693603516e+01 -6.440480709075927734e+00 -1.650084137916564941e+00 9.325049817562103271e-02 1.588058620691299438e-01 5.848942995071411133e-01 7.899264097213745117e-01
1.033742618560791016e+01 -6.431674480438232422e+00 -1.653545856475830078e+00 9.601681679487228394e-02 1.585189998149871826e-01 5.958586335182189941e-01 7.814121246337890625e-01
1.042169666290283203e+01 -6.422747611999511719e+00 -1.656358957290649414e+00 9.703847765922546387e-02 1.560100018978118896e-01 6.066684722900390625e-01 7.734323740005493164e-01
1.050546073913574219e+01 -6.412785530090332031e+00 -1.659398436546325684e+00 9.861359000205993652e-02 1.530475914478302002e-01 6.168631911277770996e-01 7.657229304313659668e-01
1.058882522583007812e+01 -6.402955055236816406e+00 -1.662426710128784180e+00 1.007204130291938782e-01 1.496733129024505615e-01 6.264536976814270020e-01 7.582935094833374023e-01
1.067150688171386719e+01 -6.390463829040527344e+00 -1.665619492530822754e+00 1.033382788300514221e-01 1.459206938743591309e-01 6.354520916938781738e-01 7.511517405509948730e-01
1.075375843048095703e+01 -6.377616882324218750e+00 -1.668829560279846191e+00 1.064484119415283203e-01 1.418155729770660400e-01 6.438704729080200195e-01 7.443036437034606934e-01
1.083488845825195312e+01 -6.360146522521972656e+00 -1.672065734863281250e+00 1.100335642695426941e-01 1.373773366212844849e-01 6.517207622528076172e-01 7.377533912658691406e-01
1.091543102264404297e+01 -6.341613769531250000e+00 -1.675276398658752441e+00 1.140784323215484619e-01 1.326194256544113159e-01 6.590139269828796387e-01 7.315044999122619629e-01
1.099408340454101562e+01 -6.316751480102539062e+00 -1.678293466567993164e+00 1.185695677995681763e-01 1.275497376918792725e-01 6.657589077949523926e-01 7.255599498748779297e-01
1.107170104980468750e+01 -6.289973735809326172e+00 -1.681165099143981934e+00 1.234948113560676575e-01 1.221716925501823425e-01 6.719630360603332520e-01 7.199227809906005859e-01
1.114744377136230469e+01 -6.258711814880371094e+00 -1.683740496635437012e+00 1.288436055183410645e-01 1.164841800928115845e-01 6.776306629180908203e-01 7.145958542823791504e-01
1.122193908691406250e+01 -6.225455284118652344e+00 -1.686085224151611328e+00 1.346063464879989624e-01 1.104820966720581055e-01 6.827635765075683594e-01 7.095834612846374512e-01
1.129498481750488281e+01 -6.189488410949707031e+00 -1.687873840332031250e+00 1.400020420551300049e-01 1.034153401851654053e-01 6.874767541885375977e-01 7.050393819808959961e-01
1.136731529235839844e+01 -6.152921199798583984e+00 -1.689554452896118164e+00 1.458802819252014160e-01 9.614361822605133057e-02 6.916435360908508301e-01 7.007884979248046875e-01
1.143819522857666016e+01 -6.114235877990722656e+00 -1.690913081169128418e+00 1.521950364112854004e-01 8.868779242038726807e-02 6.952864527702331543e-01 6.968126296997070312e-01
1.150879573822021484e+01 -6.075801372528076172e+00 -1.692278385162353516e+00 1.589001715183258057e-01 8.106854557991027832e-02 6.984271407127380371e-01 6.930931806564331055e-01
1.157854938507080078e+01 -6.036533832550048828e+00 -1.693411827087402344e+00 1.659489572048187256e-01 7.330709695816040039e-02 7.010876536369323730e-01 6.896108984947204590e-01
1.164773654937744141e+01 -5.996949195861816406e+00 -1.694425940513610840e+00 1.732954829931259155e-01 6.542369723320007324e-02 7.032897472381591797e-01 6.863467097282409668e-01
1.171666240692138672e+01 -5.957602977752685547e+00 -1.695442795753479004e+00 1.808931380510330200e-01 5.743956193327903748e-02 7.050560712814331055e-01 6.832818984985351562e-01
1.178500461578369141e+01 -5.917914867401123047e+00 -1.696383357048034668e+00 1.886955499649047852e-01 4.937572777271270752e-02 7.064096927642822266e-01 6.803981065750122070e-01
1.185269165039062500e+01 -5.877745151519775391e+00 -1.697228312492370605e+00 1.966565251350402832e-01 4.125320911407470703e-02 7.073736786842346191e-01 6.776776313781738281e-01
1.192012691497802734e+01 -5.837803363800048828e+00 -1.698071241378784180e+00 2.047300338745117188e-01 3.309336304664611816e-02 7.079730033874511719e-01 6.751034259796142578e-01
1.198731708526611328e+01 -5.798083305358886719e+00 -1.698910832405090332e+00 2.128703296184539795e-01 2.491722255945205688e-02 7.082331180572509766e-01 6.726597547531127930e-01
1.205381679534912109e+01 -5.757829666137695312e+00 -1.699702739715576172e+00 2.210319638252258301e-01 1.674639433622360229e-02 7.081806659698486328e-01 6.703317165374755859e-01
1.211985683441162109e+01 -5.717421054840087891e+00 -1.700466871261596680e+00 2.291699647903442383e-01 8.602149784564971924e-03 7.078436017036437988e-01 6.681051850318908691e-01
1.218565654754638672e+01 -5.677225112915039062e+00 -1.701222181320190430e+00 2.372397482395172119e-01 5.058795213699340820e-04 7.072507739067077637e-01 6.659680604934692383e-01
1.225121784210205078e+01 -5.637236118316650391e+00 -1.701966524124145508e+00 2.451972067356109619e-01 -7.520884275436401367e-03 7.064325809478759766e-01 6.639086604118347168e-01
1.231630706787109375e+01 -5.597066402435302734e+00 -1.702701091766357422e+00 2.529988288879394531e-01 -1.545687019824981689e-02 7.054206728935241699e-01 6.619172096252441406e-01
1.238075733184814453e+01 -5.556437969207763672e+00 -1.703425884246826172e+00 2.606015503406524658e-01 -2.328050136566162109e-02 7.042477726936340332e-01 6.599849462509155273e-01
1.244497394561767578e+01 -5.516007423400878906e+00 -1.704132080078125000e+00 2.679633498191833496e-01 -3.097094595432281494e-02 7.029477357864379883e-01 6.581040024757385254e-01
1.250895881652832031e+01 -5.475769996643066406e+00 -1.704817414283752441e+00 2.750422358512878418e-01 -3.850687295198440552e-02 7.015559077262878418e-01 6.562685370445251465e-01
1.257271003723144531e+01 -5.435722351074218750e+00 -1.705479741096496582e+00 2.817970514297485352e-01 -4.586714506149291992e-02 7.001081705093383789e-01 6.544731259346008301e-01
1.263589096069335938e+01 -5.395319938659667969e+00 -1.706080317497253418e+00 2.879613339900970459e-01 -5.326882749795913696e-02 6.986207962036132812e-01 6.528166532516479492e-01
1.269855690002441406e+01 -5.354664325714111328e+00 -1.706707715988159180e+00 2.937948405742645264e-01 -6.034825742244720459e-02 6.971386671066284180e-01 6.511837840080261230e-01
1.276098346710205078e+01 -5.314188957214355469e+00 -1.707340002059936523e+00 2.992654442787170410e-01 -6.705156713724136353e-02 6.956884860992431641e-01 6.495859622955322266e-01
1.282316780090332031e+01 -5.273890495300292969e+00 -1.707982778549194336e+00 3.043415248394012451e-01 -7.332391291856765747e-02 6.942968964576721191e-01 6.480368375778198242e-01
1.288510704040527344e+01 -5.233769416809082031e+00 -1.708640694618225098e+00 3.089933991432189941e-01 -7.911109924316406250e-02 6.929916143417358398e-01 6.465500593185424805e-01
1.294658374786376953e+01 -5.193492412567138672e+00 -1.709353327751159668e+00 3.131911754608154297e-01 -8.435784280300140381e-02 6.918007731437683105e-01 6.451408863067626953e-01
1.300736522674560547e+01 -5.152703762054443359e+00 -1.710161685943603516e+00 3.169060349464416504e-01 -8.900976926088333130e-02 6.907518506050109863e-01 6.438242793083190918e-01
1.306790161132812500e+01 -5.112089157104492188e+00 -1.711000919342041016e+00 3.201088607311248779e-01 -9.301242232322692871e-02 6.898722648620605469e-01 6.426159143447875977e-01
1.312819099426269531e+01 -5.071647644042968750e+00 -1.711874961853027344e+00 3.227701187133789062e-01 -9.631159901618957520e-02 6.891886591911315918e-01 6.415314078330993652e-01
1.318822956085205078e+01 -5.031377315521240234e+00 -1.712788701057434082e+00 3.248596489429473877e-01 -9.885410964488983154e-02 6.887260675430297852e-01 6.405859589576721191e-01
1.324802112579345703e+01 -4.991277217864990234e+00 -1.713747262954711914e+00 3.263454735279083252e-01 -1.005868837237358093e-01 6.885083913803100586e-01 6.397947669029235840e-01
1.330710411071777344e+01 -4.950685501098632812e+00 -1.714820504188537598e+00 3.271040320396423340e-01 -1.015556231141090393e-01 6.885423064231872559e-01 6.392173767089843750e-01
1.336570167541503906e+01 -4.909918785095214844e+00 -1.715979218482971191e+00 3.271372914314270020e-01 -1.016694605350494385e-01 6.888529062271118164e-01 6.388476490974426270e-01
1.343088817596435547e+01 -4.864577770233154297e+00 -1.717339158058166504e+00 3.264724016189575195e-01 -1.008074432611465454e-01 6.894668340682983398e-01 6.386619210243225098e-01
1.350266456604003906e+01 -4.814661026000976562e+00 -1.718905329704284668e+00 3.250798583030700684e-01 -9.890890121459960938e-02 6.903989911079406738e-01 6.386621594429016113e-01
1.358102607727050781e+01 -4.760168075561523438e+00 -1.720684528350830078e+00 3.229274153709411621e-01 -9.591202437877655029e-02 6.916601061820983887e-01 6.388466358184814453e-01
1.366535854339599609e+01 -4.700236320495605469e+00 -1.722823739051818848e+00 3.199814558029174805e-01 -9.175495058298110962e-02 6.932564377784729004e-01 6.392092108726501465e-01
1.375565433502197266e+01 -4.634861946105957031e+00 -1.725330471992492676e+00 3.162057399749755859e-01 -8.637519180774688721e-02 6.951885223388671875e-01 6.397390365600585938e-01
1.385244274139404297e+01 -4.564788341522216797e+00 -1.728088021278381348e+00 3.115614950656890869e-01 -7.970929145812988281e-02 6.974517703056335449e-01 6.404192447662353516e-01
1.395571899414062500e+01 -4.490020751953125000e+00 -1.731102824211120605e+00 3.060069680213928223e-01 -7.169360667467117310e-02 7.000338435173034668e-01 6.412271857261657715e-01
1.406418418884277344e+01 -4.408824443817138672e+00 -1.734579086303710938e+00 2.990804910659790039e-01 -6.276933848857879639e-02 7.028564214706420898e-01 6.423422694206237793e-01
1.417872524261474609e+01 -4.322391986846923828e+00 -1.738365769386291504e+00 2.910886406898498535e-01 -5.272954702377319336e-02 7.058553099632263184e-01 6.436265110969543457e-01
1.429968643188476562e+01 -4.231203079223632812e+00 -1.742364764213562012e+00 2.820705771446228027e-01 -4.170757532119750977e-02 7.089138031005859375e-01 6.450874209403991699e-01
1.442592144012451172e+01 -4.133799552917480469e+00 -1.747168540954589844e+00 2.720715105533599854e-01 -2.983272820711135864e-02 7.119160890579223633e-01 6.467322111129760742e-01
1.455804061889648438e+01 -4.030975341796875000e+00 -1.752445697784423828e+00 2.611442804336547852e-01 -1.722940802574157715e-02 7.147475481033325195e-01 6.485697031021118164e-01
1.469649410247802734e+01 -3.923314809799194336e+00 -1.757962346076965332e+00 2.493496537208557129e-01 -4.016019403934478760e-03 7.172951102256774902e-01 6.506121754646301270e-01
1.483985042572021484e+01 -3.809098005294799805e+00 -1.765064954757690430e+00 2.367580533027648926e-01 9.694933891296386719e-03 7.194470167160034180e-01 6.528763175010681152e-01
1.498951530456542969e+01 -3.690034389495849609e+00 -1.772418498992919922e+00 2.234496772289276123e-01 2.379794418811798096e-02 7.210928797721862793e-01 6.553844809532165527e-01
1.514470577239990234e+01 -3.565262794494628906e+00 -1.781305789947509766e+00 2.095152437686920166e-01 3.819441050291061401e-02 7.221224308013916016e-01 6.581668257713317871e-01
1.530569553375244141e+01 -3.435107231140136719e+00 -1.791263699531555176e+00 1.950567364692687988e-01 5.279324948787689209e-02 7.224262356758117676e-01 6.612609624862670898e-01
1.547248744964599609e+01 -3.299666643142700195e+00 -1.802890300750732422e+00 1.801877170801162720e-01 6.751096993684768677e-02 7.218937873840332031e-01 6.647133827209472656e-01
1.564499759674072266e+01 -3.158879041671752930e+00 -1.816428780555725098e+00 1.650345325469970703e-01 8.227141201496124268e-02 7.204131484031677246e-01 6.685804128646850586e-01
1.582338714599609375e+01 -3.013074874877929688e+00 -1.832433700561523438e+00 1.497375518083572388e-01 9.700492769479751587e-02 7.178701162338256836e-01 6.729273200035095215e-01
1.600765228271484375e+01 -2.862282752990722656e+00 -1.850848317146301270e+00 1.344517171382904053e-01 1.116482689976692200e-01 7.141467928886413574e-01 6.778286099433898926e-01
1.619788551330566406e+01 -2.707017183303833008e+00 -1.873872995376586914e+00 1.193489730358123779e-01 1.261420249938964844e-01 7.091208100318908691e-01 6.833677291870117188e-01
1.639422988891601562e+01 -2.547334909439086914e+00 -1.900021910667419434e+00 1.044449508190155029e-01 1.402511000633239746e-01 7.026999592781066895e-01 6.896620392799377441e-01
1.659724235534667969e+01 -2.384076833724975586e+00 -1.931893587112426758e+00 8.658033609390258789e-02 1.505674868822097778e-01 6.954950094223022461e-01 6.972229480743408203e-01
1.680687522888183594e+01 -2.218261480331420898e+00 -1.971657633781433105e+00 6.835603713989257812e-02 1.595927625894546509e-01 6.869586110115051270e-01 7.056525945663452148e-01
1.702210807800292969e+01 -2.048982143402099609e+00 -2.019445180892944336e+00 4.981418699026107788e-02 1.671781390905380249e-01 6.770150661468505859e-01 7.149969935417175293e-01
1.724104118347167969e+01 -1.874788045883178711e+00 -2.076862096786499023e+00 3.099434822797775269e-02 1.731771528720855713e-01 6.655822992324829102e-01 7.252925038337707520e-01
1.745963859558105469e+01 -1.692016601562500000e+00 -2.145463228225708008e+00 1.194790005683898926e-02 1.774913072586059570e-01 6.526099443435668945e-01 7.365149259567260742e-01
1.766930007934570312e+01 -1.492985486984252930e+00 -2.226763963699340820e+00 -7.215335965156555176e-03 1.802072972059249878e-01 6.382064819335937500e-01 7.484421730041503906e-01
1.783193016052246094e+01 -1.253141045570373535e+00 -2.322527408599853516e+00 -2.636875212192535400e-02 1.814609616994857788e-01 6.225308775901794434e-01 7.608100175857543945e-01
1.777080726623535156e+01 -9.742169976234436035e-01 -2.388028621673583984e+00 -4.538441076874732971e-02 1.813933551311492920e-01 6.057563424110412598e-01 7.733666896820068359e-01
1.750298500061035156e+01 -7.916554212570190430e-01 -2.374921321868896484e+00 -6.413403153419494629e-02 1.801512837409973145e-01 5.880730152130126953e-01 7.858768701553344727e-01
1.719459915161132812e+01 -6.638682484626770020e-01 -2.334432363510131836e+00 -8.248981833457946777e-02 1.778874993324279785e-01 5.696893334388732910e-01 7.981261610984802246e-01
1.686992454528808594e+01 -5.582565069198608398e-01 -2.282166004180908203e+00 -1.003259345889091492e-01 1.747608184814453125e-01 5.508323311805725098e-01 8.099242448806762695e-01
1.653402709960937500e+01 -4.630795121192932129e-01 -2.222723960876464844e+00 -1.175193712115287781e-01 1.709356904029846191e-01 5.317460298538208008e-01 8.211067318916320801e-01
1.618918228149414062e+01 -3.708691298961639404e-01 -2.158785343170166016e+00 -1.339517533779144287e-01 1.665816605091094971e-01 5.126922130584716797e-01 8.315372467041015625e-01
1.583587360382080078e+01 -2.794807255268096924e-01 -2.091893672943115234e+00 -1.495095342397689819e-01 1.618724018335342407e-01 4.939467906951904297e-01 8.411068916320800781e-01
1.547375965118408203e+01 -1.894068866968154907e-01 -2.023872613906860352e+00 -1.640847921371459961e-01 1.569844186305999756e-01 4.757985174655914307e-01 8.497339487075805664e-01
1.510270690917968750e+01 -1.003724634647369385e-01 -1.956649422645568848e+00 -1.775756180286407471e-01 1.520971655845642090e-01 4.585455656051635742e-01 8.573617935180664062e-01
1.472252368927001953e+01 -1.252136193215847015e-02 -1.892051100730895996e+00 -1.898865103721618652e-01 1.473903208971023560e-01 4.424926936626434326e-01 8.639556765556335449e-01
1.433279037475585938e+01 7.339279353618621826e-02 -1.832953810691833496e+00 -2.009268850088119507e-01 1.430439651012420654e-01 4.279482960700988770e-01 8.694981932640075684e-01
1.393323326110839844e+01 1.567230224609375000e-01 -1.782564997673034668e+00 -2.106107622385025024e-01 1.392374932765960693e-01 4.152221977710723877e-01 8.739831447601318359e-01
1.352418422698974609e+01 2.376681417226791382e-01 -1.741657376289367676e+00 -2.188552916049957275e-01 1.361485123634338379e-01 4.046221375465393066e-01 8.774091005325317383e-01
1.310608100891113281e+01 3.164721727371215820e-01 -1.710051894187927246e+00 -2.255783528089523315e-01 1.339532881975173950e-01 3.964492976665496826e-01 8.797720670700073242e-01
1.267979145050048828e+01 3.949420154094696045e-01 -1.684206843376159668e+00 -2.306976616382598877e-01 1.328247338533401489e-01 3.909985423088073730e-01 8.810540437698364258e-01
1.224588203430175781e+01 4.746049344539642334e-01 -1.661470651626586914e+00 -2.341268360614776611e-01 1.329335868358612061e-01 3.885518014430999756e-01 8.812155127525329590e-01
1.180515098571777344e+01 5.580313205718994141e-01 -1.637205123901367188e+00 -2.357733547687530518e-01 1.344471871852874756e-01 3.893754780292510986e-01 8.801826834678649902e-01
1.135804939270019531e+01 6.463885307312011719e-01 -1.608410596847534180e+00 -2.355796545743942261e-01 1.374783813953399658e-01 3.936208188533782959e-01 8.778750300407409668e-01
1.090433216094970703e+01 7.384982109069824219e-01 -1.575146794319152832e+00 -2.336498498916625977e-01 1.419325917959213257e-01 4.010351598262786865e-01 8.743189573287963867e-01
1.044613456726074219e+01 8.323135375976562500e-01 -1.538383483886718750e+00 -2.301224768161773682e-01 1.476593315601348877e-01 4.112537503242492676e-01 8.695462942123413086e-01
9.982997894287109375e+00 9.263836741447448730e-01 -1.499071002006530762e+00 -2.251321971416473389e-01 1.545036882162094116e-01 4.239002168178558350e-01 8.635696768760681152e-01
9.514572143554687500e+00 1.020119309425354004e+00 -1.458616256713867188e+00 -2.188126891851425171e-01 1.623078733682632446e-01 4.385926425457000732e-01 8.563957214355468750e-01
9.040912628173828125e+00 1.115537405014038086e+00 -1.419418573379516602e+00 -2.113004922866821289e-01 1.709126681089401245e-01 4.549449682235717773e-01 8.480365276336669922e-01
8.562107086181640625e+00 1.214465856552124023e+00 -1.383331298828125000e+00 -2.027378678321838379e-01 1.801588684320449829e-01 4.725742936134338379e-01 8.385187387466430664e-01
8.078140258789062500e+00 1.317582964897155762e+00 -1.350930809974670410e+00 -1.921535581350326538e-01 1.878048479557037354e-01 4.912573099136352539e-01 8.285364508628845215e-01
7.598714351654052734e+00 1.422770977020263672e+00 -1.322581768035888672e+00 -1.793504655361175537e-01 1.935777664184570312e-01 5.108556151390075684e-01 8.181610703468322754e-01
7.123817443847656250e+00 1.529843091964721680e+00 -1.297889947891235352e+00 -1.662091165781021118e-01 2.005991041660308838e-01 5.308006405830383301e-01 8.064646720886230469e-01
6.653330326080322266e+00 1.638327598571777344e+00 -1.276236891746520996e+00 -1.530854105949401855e-01 2.088085860013961792e-01 5.506427884101867676e-01 7.935718894004821777e-01
6.187229633331298828e+00 1.748239755630493164e+00 -1.257624506950378418e+00 -1.403255313634872437e-01 2.180630862712860107e-01 5.699451565742492676e-01 7.796921730041503906e-01
5.724834918975830078e+00 1.856281042098999023e+00 -1.240841984748840332e+00 -1.282406449317932129e-01 2.281425297260284424e-01 5.883073210716247559e-01 7.651141881942749023e-01
5.266015052795410156e+00 1.961583495140075684e+00 -1.225159883499145508e+00 -1.170827746391296387e-01 2.387648373842239380e-01 6.053883433341979980e-01 7.501919269561767578e-01
4.810544490814208984e+00 2.062854528427124023e+00 -1.210533142089843750e+00 -1.070300936698913574e-01 2.496088594198226929e-01 6.209200620651245117e-01 7.353218793869018555e-01
4.357875823974609375e+00 2.156831026077270508e+00 -1.196877360343933105e+00 -9.818150848150253296e-02 2.603382468223571777e-01 6.347113847732543945e-01 7.209200859069824219e-01
3.908473968505859375e+00 2.244887590408325195e+00 -1.183591008186340332e+00 -9.056206792593002319e-02 2.706229686737060547e-01 6.466428041458129883e-01 7.073999643325805664e-01
3.461882352828979492e+00 2.323877573013305664e+00 -1.170859932899475098e+00 -8.413640409708023071e-02 2.801551520824432373e-01 6.566517949104309082e-01 6.951564550399780273e-01
3.017625570297241211e+00 2.388453245162963867e+00 -1.158756136894226074e+00 -7.882767915725708008e-02 2.886568605899810791e-01 6.647140979766845703e-01 6.845571994781494141e-01
2.576336622238159180e+00 2.439180135726928711e+00 -1.147018074989318848e+00 -7.453931868076324463e-02 2.958800792694091797e-01 6.708229184150695801e-01 6.759402751922607422e-01
2.138593673706054688e+00 2.471497058868408203e+00 -1.133956313133239746e+00 -7.662958651781082153e-02 2.942335307598114014e-01 6.783502697944641113e-01 6.688762903213500977e-01
1.704110026359558105e+00 2.467617511749267578e+00 -1.122627854347229004e+00 -7.839307934045791626e-02 2.934181094169616699e-01 6.832223534584045410e-01 6.640537977218627930e-01
1.282083749771118164e+00 2.390931129455566406e+00 -1.114461660385131836e+00 -7.993274182081222534e-02 2.933747172355651855e-01 6.857743859291076660e-01 6.612529158592224121e-01
9.225255846977233887e-01 2.175390481948852539e+00 -1.111562490463256836e+00 -8.129277825355529785e-02 2.940190434455871582e-01 6.863111853599548340e-01 6.602431535720825195e-01
7.241894602775573730e-01 1.812581181526184082e+00 -1.114620089530944824e+00 -8.109602332115173340e-02 2.941506206989288330e-01 6.856783032417297363e-01 6.608662009239196777e-01
7.185339331626892090e-01 1.396665930747985840e+00 -1.120466589927673340e+00 -8.024958521127700806e-02 2.943825721740722656e-01 6.837745904922485352e-01 6.628356575965881348e-01
7.899987697601318359e-01 9.901888966560363770e-01 -1.126017689704895020e+00 -7.892518490552902222e-02 2.947404980659484863e-01 6.807873249053955078e-01 6.659034490585327148e-01
9.018127322196960449e-01 5.968368649482727051e-01 -1.130802035331726074e+00 -7.722232490777969360e-02 2.951912283897399902e-01 6.769317388534545898e-01 6.698225736618041992e-01
1.039503097534179688e+00 2.165026813745498657e-01 -1.134471058845520020e+00 -7.524295151233673096e-02 2.957019507884979248e-01 6.724289655685424805e-01 6.743426918983459473e-01
1.184739947319030762e+00 -1.562622040510177612e-01 -1.137527108192443848e+00 -7.309276610612869263e-02 2.962407469749450684e-01 6.675123572349548340e-01 6.792098283767700195e-01
1.339455485343933105e+00 -5.204168558120727539e-01 -1.139747858047485352e+00 -7.088208198547363281e-02 2.967774271965026855e-01 6.624300479888916016e-01 6.841676235198974609e-01
1.498830556869506836e+00 -8.774769306182861328e-01 -1.141466379165649414e+00 -6.872612982988357544e-02 2.972841560840606689e-01 6.574464440345764160e-01 6.889576911926269531e-01
1.662587881088256836e+00 -1.227124929428100586e+00 -1.141877055168151855e+00 -6.964192539453506470e-02 2.950035929679870605e-01 6.540810465812683105e-01 6.930375695228576660e-01
1.828671813011169434e+00 -1.570313811302185059e+00 -1.141759634017944336e+00 -7.154943048954010010e-02 2.920494079589843750e-01 6.516574025154113770e-01 6.963693499565124512e-01
1.998436212539672852e+00 -1.906419754028320312e+00 -1.141317129135131836e+00 -7.349608093500137329e-02 2.893894612789154053e-01 6.500210762023925781e-01 6.988023519515991211e-01
2.167303323745727539e+00 -2.237567901611328125e+00 -1.140950560569763184e+00 -7.539408653974533081e-02 2.871569097042083740e-01 6.493932008743286133e-01 7.001035809516906738e-01
2.341669797897338867e+00 -2.560350179672241211e+00 -1.140216946601867676e+00 -7.716306298971176147e-02 2.854737937450408936e-01 6.499891877174377441e-01 7.000461220741271973e-01
2.513880491256713867e+00 -2.878698110580444336e+00 -1.139758586883544922e+00 -7.873980700969696045e-02 2.844485342502593994e-01 6.520096659660339355e-01 6.984071731567382812e-01
2.690012216567993164e+00 -3.189163446426391602e+00 -1.139130234718322754e+00 -8.008850365877151489e-02 2.841733694076538086e-01 6.556296348571777344e-01 6.949685215950012207e-01
2.866330385208129883e+00 -3.493759155273437500e+00 -1.138656854629516602e+00 -8.121208846569061279e-02 2.847213447093963623e-01 6.609897017478942871e-01 6.895150542259216309e-01
3.042468309402465820e+00 -3.791950941085815430e+00 -1.138693213462829590e+00 -7.586000859737396240e-02 2.806617617607116699e-01 6.706353425979614258e-01 6.824384927749633789e-01
3.223182201385498047e+00 -4.081377029418945312e+00 -1.138510465621948242e+00 -6.914313137531280518e-02 2.764358818531036377e-01 6.822845339775085449e-01 6.732683181762695312e-01
3.401334047317504883e+00 -4.366329193115234375e+00 -1.138596177101135254e+00 -6.124797463417053223e-02 2.720052897930145264e-01 6.955879330635070801e-01 6.621322631835937500e-01
3.585394144058227539e+00 -4.641329765319824219e+00 -1.137953519821166992e+00 -5.296255648136138916e-02 2.666771411895751953e-01 7.104417681694030762e-01 6.491153836250305176e-01
3.769367694854736328e+00 -4.910000324249267578e+00 -1.136046171188354492e+00 -4.727800190448760986e-02 2.571204602718353271e-01 7.276434898376464844e-01 6.341835260391235352e-01
3.956647872924804688e+00 -5.170207500457763672e+00 -1.133638620376586914e+00 -4.064769297838211060e-02 2.472147047519683838e-01 7.453182935714721680e-01 6.178457140922546387e-01
4.148674011230468750e+00 -5.421027660369873047e+00 -1.130589842796325684e+00 -3.308863937854766846e-02 2.371662706136703491e-01 7.630817890167236328e-01 6.003028750419616699e-01
4.343843936920166016e+00 -5.663043022155761719e+00 -1.126998901367187500e+00 -2.467784285545349121e-02 2.271795868873596191e-01 7.805957198143005371e-01 5.817650556564331055e-01
4.549445629119873047e+00 -5.890405178070068359e+00 -1.122197508811950684e+00 -1.554872840642929077e-02 2.174505889415740967e-01 7.975709438323974609e-01 5.624536871910095215e-01
4.763514518737792969e+00 -6.102789878845214844e+00 -1.116266131401062012e+00 -5.884855985641479492e-03 2.081608474254608154e-01 8.137670159339904785e-01 5.426026582717895508e-01
4.985857486724853516e+00 -6.300522804260253906e+00 -1.109221220016479492e+00 4.088811576366424561e-03 1.994720548391342163e-01 8.289917111396789551e-01 5.224623084068298340e-01
5.229072570800781250e+00 -6.464323997497558594e+00 -1.099544048309326172e+00 1.411592215299606323e-02 1.915215849876403809e-01 8.430981040000915527e-01 5.023004412651062012e-01
5.484244823455810547e+00 -6.598376274108886719e+00 -1.087918996810913086e+00 2.391885966062545776e-02 1.844192892313003540e-01 8.559814095497131348e-01 4.824035167694091797e-01
5.751375675201416016e+00 -6.695090770721435547e+00 -1.074036240577697754e+00 3.320881351828575134e-02 1.782459318637847900e-01 8.675737380981445312e-01 4.630781710147857666e-01
6.026021003723144531e+00 -6.752019405364990234e+00 -1.058043479919433594e+00 4.169591888785362244e-02 1.730526834726333618e-01 8.778381347656250000e-01 4.446507692337036133e-01
6.305592060089111328e+00 -6.775221347808837891e+00 -1.040273666381835938e+00 4.909704625606536865e-02 1.688635498285293579e-01 8.867620825767517090e-01 4.274663925170898438e-01
6.585915565490722656e+00 -6.775441646575927734e+00 -1.021358966827392578e+00 5.514408648014068604e-02 1.656785905361175537e-01 8.943485021591186523e-01 4.118861854076385498e-01
6.865553379058837891e+00 -6.764164924621582031e+00 -1.001792550086975098e+00 5.958959460258483887e-02 1.634804755449295044e-01 9.006063342094421387e-01 3.982857167720794678e-01
7.144711017608642578e+00 -6.753651142120361328e+00 -9.819775223731994629e-01 6.221124157309532166e-02 1.622426062822341919e-01 9.055393338203430176e-01 3.870473206043243408e-01
7.423516273498535156e+00 -6.743929386138916016e+00 -9.621670246124267578e-01 6.281560659408569336e-02 1.619395464658737183e-01 9.091340303421020508e-01 3.785564601421356201e-01
7.702499389648437500e+00 -6.734547138214111328e+00 -9.406548738479614258e-01 5.842972919344902039e-02 1.555337905883789062e-01 9.126021265983581543e-01 3.735670745372772217e-01
7.981212139129638672e+00 -6.725900650024414062e+00 -9.191787242889404297e-01 5.190937221050262451e-02 1.494356542825698853e-01 9.148545265197753906e-01 3.715044856071472168e-01
8.259621620178222656e+00 -6.718026161193847656e+00 -8.980010747909545898e-01 4.343345761299133301e-02 1.436397731304168701e-01 9.159669280052185059e-01 3.721369206905364990e-01
8.537657737731933594e+00 -6.710805416107177734e+00 -8.770700097084045410e-01 3.317954763770103455e-02 1.381354629993438721e-01 9.159841537475585938e-01 3.752207756042480469e-01
8.815252304077148438e+00 -6.704194068908691406e+00 -8.563726544380187988e-01 2.132493071258068085e-02 1.329088807106018066e-01 9.149307608604431152e-01 3.805023133754730225e-01
9.092357635498046875e+00 -6.698286056518554688e+00 -8.362954258918762207e-01 8.048009127378463745e-03 1.279443204402923584e-01 9.128181934356689453e-01 3.877221047878265381e-01
9.368884086608886719e+00 -6.692963123321533203e+00 -8.166509866714477539e-01 -6.471503525972366333e-03 1.232256069779396057e-01 9.096536636352539062e-01 3.966154158115386963e-01
9.644748687744140625e+00 -6.688168048858642578e+00 -7.973660230636596680e-01 -2.205145731568336487e-02 1.187372878193855286e-01 9.054464101791381836e-01 4.069177210330963135e-01
9.919915199279785156e+00 -6.684062957763671875e+00 -7.790902256965637207e-01 -3.850695118308067322e-02 1.144651770591735840e-01 9.002138972282409668e-01 4.183655381202697754e-01
1.019428062438964844e+01 -6.680470943450927734e+00 -7.614190578460693359e-01 -5.565096065402030945e-02 1.103974431753158569e-01 8.939877748489379883e-01 4.306985139846801758e-01
1.046777439117431641e+01 -6.677340984344482422e+00 -7.443343997001647949e-01 -7.329455018043518066e-02 1.065249815583229065e-01 8.868165612220764160e-01 4.436626434326171875e-01
1.074035739898681641e+01 -6.674793720245361328e+00 -7.283377051353454590e-01 -9.124752879142761230e-02 1.028416529297828674e-01 8.787705898284912109e-01 4.570116102695465088e-01
1.101193237304687500e+01 -6.672566890716552734e+00 -7.127514481544494629e-01 -1.093195527791976929e-01 9.934485703706741333e-02 8.699424266815185547e-01 4.705101251602172852e-01
1.128246021270751953e+01 -6.670618534088134766e+00 -6.976342797279357910e-01 -1.273211240768432617e-01 9.603548049926757812e-02 8.604492545127868652e-01 4.839354455471038818e-01
1.155191135406494141e+01 -6.668996334075927734e+00 -6.832354664802551270e-01 -1.450652033090591431e-01 9.291782975196838379e-02 8.504331111907958984e-01 4.970772862434387207e-01
1.182024097442626953e+01 -6.667483806610107422e+00 -6.691372394561767578e-01 -1.623678058385848999e-01 8.999978750944137573e-02 8.400597572326660156e-01 5.097415447235107422e-01
1.208743667602539062e+01 -6.666033744812011719e+00 -6.554025411605834961e-01 -1.790494769811630249e-01 8.729229122400283813e-02 8.295178413391113281e-01 5.217484235763549805e-01
1.235349845886230469e+01 -6.664636135101318359e+00 -6.420699954032897949e-01 -1.949359923601150513e-01 8.480943739414215088e-02 8.190165758132934570e-01 5.329343080520629883e-01
1.261842346191406250e+01 -6.663130760192871094e+00 -6.289618015289306641e-01 -2.098586708307266235e-01 8.256797492504119873e-02 8.087827563285827637e-01 5.431503653526306152e-01
1.288223075866699219e+01 -6.661469459533691406e+00 -6.161254644393920898e-01 -2.236546576023101807e-01 8.058653771877288818e-02 7.990576028823852539e-01 5.522603392601013184e-01
1.314493846893310547e+01 -6.659610271453857422e+00 -6.034091114997863770e-01 -2.361958920955657959e-01 7.888256758451461792e-02 7.900588512420654297e-01 5.601751208305358887e-01
1.340658760070800781e+01 -6.657501220703125000e+00 -5.908263921737670898e-01 -2.474750727415084839e-01 7.745976746082305908e-02 7.818700075149536133e-01 5.669526457786560059e-01
1.366721153259277344e+01 -6.655153751373291016e+00 -5.783059597015380859e-01 -2.575137615203857422e-01 7.631770521402359009e-02 7.745307683944702148e-01 5.726816058158874512e-01
1.392682743072509766e+01 -6.651915073394775391e+00 -5.657357573509216309e-01 -2.663317918777465820e-01 7.545518130064010620e-02 7.680695652961730957e-01 5.774452686309814453e-01
1.418930244445800781e+01 -6.647930145263671875e+00 -5.530398488044738770e-01 -2.719316482543945312e-01 7.311400771141052246e-02 7.628604769706726074e-01 5.820235013961791992e-01
1.445463085174560547e+01 -6.642649173736572266e+00 -5.401232838630676270e-01 -2.753528356552124023e-01 7.009126245975494385e-02 7.587083578109741211e-01 5.861994028091430664e-01
1.472277545928955078e+01 -6.635170936584472656e+00 -5.269821286201477051e-01 -2.781186699867248535e-01 6.772165000438690186e-02 7.553558349609375000e-01 5.894923210144042969e-01
1.499375724792480469e+01 -6.625911712646484375e+00 -5.137472152709960938e-01 -2.801885604858398438e-01 6.600000709295272827e-02 7.528198957443237305e-01 5.919463634490966797e-01
1.526754283905029297e+01 -6.613981246948242188e+00 -5.002972483634948730e-01 -2.815336287021636963e-01 6.492323428392410278e-02 7.511050701141357422e-01 5.936033129692077637e-01
1.554404830932617188e+01 -6.598317623138427734e+00 -4.865518212318420410e-01 -2.821374535560607910e-01 6.448964029550552368e-02 7.502043247222900391e-01 5.945022106170654297e-01
1.582329463958740234e+01 -6.579677581787109375e+00 -4.726425111293792725e-01 -2.819949984550476074e-01 6.469973921775817871e-02 7.500994801521301270e-01 5.946793556213378906e-01
1.610522270202636719e+01 -6.557390213012695312e+00 -4.585015773773193359e-01 -2.811123132705688477e-01 6.555679440498352051e-02 7.507609128952026367e-01 5.941686034202575684e-01
1.638954353332519531e+01 -6.529114723205566406e+00 -4.439269900321960449e-01 -2.795063257217407227e-01 6.706514209508895874e-02 7.521484494209289551e-01 5.930019021034240723e-01
1.667631721496582031e+01 -6.496381759643554688e+00 -4.291064441204071045e-01 -2.772036790847778320e-01 6.923034787178039551e-02 7.542119026184082031e-01 5.912103652954101562e-01
1.696549987792968750e+01 -6.459083080291748047e+00 -4.140335023403167725e-01 -2.742403447628021240e-01 7.205839455127716064e-02 7.568913102149963379e-01 5.888255834579467773e-01
1.725684928894042969e+01 -6.416103363037109375e+00 -3.986504971981048584e-01 -2.706616520881652832e-01 7.555347681045532227e-02 7.601178288459777832e-01 5.858795046806335449e-01
1.755048751831054688e+01 -6.368862152099609375e+00 -3.831231594085693359e-01 -2.665199041366577148e-01 7.971763610839843750e-02 7.638146281242370605e-01 5.824083089828491211e-01
1.784648704528808594e+01 -6.318073749542236328e+00 -3.675301969051361084e-01 -2.618736326694488525e-01 8.454930782318115234e-02 7.678980231285095215e-01 5.784516334533691406e-01
1.814483070373535156e+01 -6.263842582702636719e+00 -3.519192337989807129e-01 -2.567863762378692627e-01 9.004250913858413696e-02 7.722787857055664062e-01 5.740544199943542480e-01
1.844553375244140625e+01 -6.206423282623291016e+00 -3.363443017005920410e-01 -2.501690983772277832e-01 9.526192396879196167e-02 7.771061062812805176e-01 5.696021318435668945e-01
1.874863815307617188e+01 -6.146137714385986328e+00 -3.209554851055145264e-01 -2.394467145204544067e-01 9.819452464580535889e-02 7.828751802444458008e-01 5.658000707626342773e-01
1.905430412292480469e+01 -6.083884239196777344e+00 -3.060351610183715820e-01 -2.277047336101531982e-01 1.012718826532363892e-01 7.888755798339843750e-01 5.617559552192687988e-01
1.936269950866699219e+01 -6.020532131195068359e+00 -2.919424474239349365e-01 -2.150909602642059326e-01 1.044891625642776489e-01 7.949956655502319336e-01 5.574941635131835938e-01
1.967430686950683594e+01 -5.958245754241943359e+00 -2.798193395137786865e-01 -2.017559409141540527e-01 1.078417450189590454e-01 8.011289834976196289e-01 5.530433654785156250e-01
1.998952293395996094e+01 -5.899102687835693359e+00 -2.707672119140625000e-01 -1.878526955842971802e-01 1.113265082240104675e-01 8.071764707565307617e-01 5.484376549720764160e-01
2.030966567993164062e+01 -5.851713180541992188e+00 -2.697229087352752686e-01 -1.735373586416244507e-01 1.149403527379035950e-01 8.130466938018798828e-01 5.437173247337341309e-01
2.063484382629394531e+01 -5.842090129852294922e+00 -2.886013686656951904e-01 -1.589684784412384033e-01 1.186817884445190430e-01 8.186573386192321777e-01 5.389283895492553711e-01
2.094927597045898438e+01 -5.916805267333984375e+00 -3.448556363582611084e-01 -1.443069279193878174e-01 1.225501745939254761e-01 8.239350914955139160e-01 5.341234803199768066e-01
2.124826049804687500e+01 -6.054753303527832031e+00 -3.818133473396301270e-01 -1.297154426574707031e-01 1.265460550785064697e-01 8.288165926933288574e-01 5.293609499931335449e-01
2.155079269409179688e+01 -6.197647571563720703e+00 -3.852258324623107910e-01 -1.153579056262969971e-01 1.306712925434112549e-01 8.332475423812866211e-01 5.247058868408203125e-01
2.185690689086914062e+01 -6.339745521545410156e+00 -3.873614370822906494e-01 -1.013993546366691589e-01 1.349290609359741211e-01 8.371829986572265625e-01 5.202278494834899902e-01
2.216712379455566406e+01 -6.479925155639648438e+00 -3.900576829910278320e-01 -8.800514787435531616e-02 1.393238157033920288e-01 8.405867218971252441e-01 5.160018205642700195e-01
2.248236846923828125e+01 -6.615972518920898438e+00 -3.970113992691040039e-01 -7.534044981002807617e-02 1.438612043857574463e-01 8.434297442436218262e-01 5.121074318885803223e-01
2.280297088623046875e+01 -6.746641635894775391e+00 -4.093887209892272949e-01 -6.357036530971527100e-02 1.485481858253479004e-01 8.456897735595703125e-01 5.086267590522766113e-01
2.312927627563476562e+01 -6.870326519012451172e+00 -4.284106492996215820e-01 -5.285882577300071716e-02 1.533926427364349365e-01 8.473487496376037598e-01 5.056450366973876953e-01
2.346146965026855469e+01 -6.985312461853027344e+00 -4.553277492523193359e-01 -4.336906969547271729e-02 1.584033668041229248e-01 8.483918309211730957e-01 5.032482743263244629e-01
2.379934692382812500e+01 -7.091109275817871094e+00 -4.892394840717315674e-01 -3.526323288679122925e-02 1.635899245738983154e-01 8.488047122955322266e-01 5.015230774879455566e-01
2.414768409729003906e+01 -7.187630653381347656e+00 -5.287140011787414551e-01 -2.870240062475204468e-02 1.689621061086654663e-01 8.485714793205261230e-01 5.005540847778320312e-01
2.450635147094726562e+01 -7.275054931640625000e+00 -5.706084966659545898e-01 -2.384626120328903198e-02 1.745298057794570923e-01 8.476712703704833984e-01 5.004239678382873535e-01
2.487557983398437500e+01 -7.352238178253173828e+00 -6.118780374526977539e-01 -2.085387706756591797e-02 1.803023964166641235e-01 8.460758924484252930e-01 5.012101531028747559e-01
2.525671005249023438e+01 -7.412231922149658203e+00 -6.458492875099182129e-01 -1.981821656227111816e-02 1.862712204456329346e-01 8.437722921371459961e-01 5.029498934745788574e-01
2.564962387084960938e+01 -7.448638916015625000e+00 -6.626126170158386230e-01 -2.057315409183502197e-02 1.923563927412033081e-01 8.408403396606445312e-01 5.055326223373413086e-01
2.605216789245605469e+01 -7.449715614318847656e+00 -6.539663672447204590e-01 -2.288703620433807373e-02 1.984591186046600342e-01 8.373790383338928223e-01 5.088089108467102051e-01
2.645952987670898438e+01 -7.410900592803955078e+00 -6.222417950630187988e-01 -2.652859687805175781e-02 2.044802159070968628e-01 8.334849476814270020e-01 5.126274228096008301e-01
2.687147331237792969e+01 -7.347812175750732422e+00 -5.854870676994323730e-01 -3.126577287912368774e-02 2.103204876184463501e-01 8.292565941810607910e-01 5.168377757072448730e-01
2.729699134826660156e+01 -7.317924022674560547e+00 -5.563812255859375000e-01 -3.686674684286117554e-02 2.158818840980529785e-01 8.247971534729003906e-01 5.212922096252441406e-01
2.765419387817382812e+01 -7.529194831848144531e+00 -5.366638302803039551e-01 -4.309982806444168091e-02 2.210680544376373291e-01 8.202168345451354980e-01 5.258475542068481445e-01
2.770163917541503906e+01 -7.969827651977539062e+00 -5.341985821723937988e-01 -4.973354190587997437e-02 2.257848232984542847e-01 8.156346082687377930e-01 5.303658246994018555e-01
2.763903236389160156e+01 -8.423853874206542969e+00 -5.396777391433715820e-01 -5.653703957796096802e-02 2.299403250217437744e-01 8.111788630485534668e-01 5.347146987915039062e-01
2.754402351379394531e+01 -8.882166862487792969e+00 -5.502569675445556641e-01 -6.328012794256210327e-02 2.334454357624053955e-01 8.069864511489868164e-01 5.387687683105468750e-01
2.743827629089355469e+01 -9.347813606262207031e+00 -5.662673711776733398e-01 -6.973357498645782471e-02 2.362130731344223022e-01 8.032032251358032227e-01 5.424067378044128418e-01
2.733425140380859375e+01 -9.823392868041992188e+00 -5.881432890892028809e-01 -7.566899806261062622e-02 2.381583154201507568e-01 7.999811768531799316e-01 5.455134510993957520e-01
2.723642349243164062e+01 -1.030972862243652344e+01 -6.156350374221801758e-01 -8.085902035236358643e-02 2.391975224018096924e-01 7.974763512611389160e-01 5.479762554168701172e-01
2.714765167236328125e+01 -1.079261302947998047e+01 -6.454125642776489258e-01 -8.507655560970306396e-02 2.392471283674240112e-01 7.958463430404663086e-01 5.496829152107238770e-01
2.706896018981933594e+01 -1.127221298217773438e+01 -6.744527816772460938e-01 -8.809457719326019287e-02 2.382229119539260864e-01 7.952459454536437988e-01 5.505207777023315430e-01
2.700517463684082031e+01 -1.174926757812500000e+01 -6.966525316238403320e-01 -8.968575298786163330e-02 2.360383272171020508e-01 7.958227992057800293e-01 5.503711700439453125e-01
2.696672058105468750e+01 -1.222440624237060547e+01 -6.987038850784301758e-01 -8.962123095989227295e-02 2.326031029224395752e-01 7.977122068405151367e-01 5.491075515747070312e-01
2.693755722045898438e+01 -1.269497203826904297e+01 -6.852853298187255859e-01 -8.767012506723403931e-02 2.278213798999786377e-01 8.010308742523193359e-01 5.465902090072631836e-01
2.689896583557128906e+01 -1.315968132019042969e+01 -6.724426150321960449e-01 -8.359894901514053345e-02 2.215902805328369141e-01 8.058699369430541992e-01 5.426625609397888184e-01
2.685350990295410156e+01 -1.361865806579589844e+01 -6.644839048385620117e-01 -7.717160880565643311e-02 2.137982994318008423e-01 8.122869133949279785e-01 5.371450781822204590e-01
2.680485343933105469e+01 -1.407212734222412109e+01 -6.618240475654602051e-01 -6.823787838220596313e-02 2.043719589710235596e-01 8.202434778213500977e-01 5.298832058906555176e-01
2.675401878356933594e+01 -1.452017307281494141e+01 -6.652792096138000488e-01 -5.700433999300003052e-02 1.934230625629425049e-01 8.294562101364135742e-01 5.209035277366638184e-01
2.670188140869140625e+01 -1.496288204193115234e+01 -6.745632886886596680e-01 -4.377003759145736694e-02 1.811132431030273438e-01 8.395797610282897949e-01 5.102823376655578613e-01
2.664878082275390625e+01 -1.540027904510498047e+01 -6.900973320007324219e-01 -2.883963286876678467e-02 1.676104515790939331e-01 8.502737283706665039e-01 4.981059432029724121e-01
2.659497070312500000e+01 -1.583235836029052734e+01 -7.123577594757080078e-01 -1.252421364188194275e-02 1.530911177396774292e-01 8.612138032913208008e-01 4.844761192798614502e-01
2.654076576232910156e+01 -1.625920677185058594e+01 -7.401586771011352539e-01 4.859019070863723755e-03 1.377418041229248047e-01 8.720998764038085938e-01 4.695161581039428711e-01
2.648646926879882812e+01 -1.668095779418945312e+01 -7.723000645637512207e-01 2.298754453659057617e-02 1.217597424983978271e-01 8.826651573181152344e-01 4.533746242523193359e-01
2.643235778808593750e+01 -1.709773826599121094e+01 -8.080184459686279297e-01 4.153523221611976624e-02 1.053522378206253052e-01 8.926830291748046875e-01 4.362256526947021484e-01
2.637875938415527344e+01 -1.750969886779785156e+01 -8.465557694435119629e-01 6.017538905143737793e-02 8.873555809259414673e-02 9.019721746444702148e-01 4.182715713977813721e-01
2.632610702514648438e+01 -1.791697120666503906e+01 -8.875842094421386719e-01 7.858262211084365845e-02 7.213328778743743896e-02 9.104005694389343262e-01 3.997403383255004883e-01
2.627537727355957031e+01 -1.831969261169433594e+01 -9.312728643417358398e-01 9.643618017435073853e-02 5.577404424548149109e-02 9.178867340087890625e-01 3.808849155902862549e-01
2.623027801513671875e+01 -1.871840286254882812e+01 -9.765639901161193848e-01 1.134222298860549927e-01 3.988914936780929565e-02 9.244003891944885254e-01 3.619780242443084717e-01
2.627465820312500000e+01 -1.842165184020996094e+01 -8.824163675308227539e-01 1.292361170053482056e-01 2.471040934324264526e-02 9.299600124359130859e-01 3.433102965354919434e-01
2.632014274597167969e+01 -1.801576805114746094e+01 -7.787505984306335449e-01 1.435833126306533813e-01 1.046803593635559082e-02 9.346278309822082520e-01 3.251844048500061035e-01
2.636303329467773438e+01 -1.760387229919433594e+01 -6.777645945549011230e-01 1.561794728040695190e-01 -2.610802650451660156e-03 9.385046958923339844e-01 3.079122602939605713e-01
2.640357208251953125e+01 -1.718560600280761719e+01 -5.814715623855590820e-01 1.667503863573074341e-01 -1.430340483784675598e-02 9.417204856872558594e-01 2.918085455894470215e-01
2.644165420532226562e+01 -1.676080131530761719e+01 -4.911608695983886719e-01 1.750290542840957642e-01 -2.439148724079132080e-02 9.444243311882019043e-01 2.771868407726287842e-01
2.647712326049804688e+01 -1.632937431335449219e+01 -4.079257249832153320e-01 1.807525157928466797e-01 -3.266116604208946228e-02 9.467721581459045410e-01 2.643563151359558105e-01
2.650973129272460938e+01 -1.589128780364990234e+01 -3.328601121902465820e-01 1.836589872837066650e-01 -3.890238329768180847e-02 9.489125609397888184e-01 2.536161839962005615e-01
2.653915023803710938e+01 -1.544654273986816406e+01 -2.671719193458557129e-01 1.834802180528640747e-01 -4.290691018104553223e-02 9.509706497192382812e-01 2.452525794506072998e-01
2.656494140625000000e+01 -1.499517536163330078e+01 -2.122674584388732910e-01 1.800349801778793335e-01 -4.453245922923088074e-02 9.530274271965026855e-01 2.394639998674392700e-01
2.658707427978515625e+01 -1.453740692138671875e+01 -1.682748347520828247e-01 1.735142022371292114e-01 -4.389478638768196106e-02 9.550922513008117676e-01 2.361458837985992432e-01
2.660617446899414062e+01 -1.407365798950195312e+01 -1.336856037378311157e-01 1.641948968172073364e-01 -4.117249697446823120e-02 9.571147561073303223e-01 2.351089119911193848e-01
2.662269973754882812e+01 -1.360421466827392578e+01 -1.073806732892990112e-01 1.523477286100387573e-01 -3.654284402728080750e-02 9.590030908584594727e-01 2.361520677804946899e-01
2.663704681396484375e+01 -1.312929153442382812e+01 -8.846282958984375000e-02 1.382396072149276733e-01 -3.018277511000633240e-02 9.606381058692932129e-01 2.390674054622650146e-01
2.664970207214355469e+01 -1.264556694030761719e+01 -7.606780529022216797e-02 1.221387907862663269e-01 -2.227049693465232849e-02 9.618859887123107910e-01 2.436417490243911743e-01
2.666114044189453125e+01 -1.215316390991210938e+01 -6.942992657423019409e-02 1.043157428503036499e-01 -1.298602856695652008e-02 9.626109004020690918e-01 2.496597021818161011e-01
2.667194366455078125e+01 -1.166727066040039062e+01 -6.747832894325256348e-02 8.504724502563476562e-02 -2.512494102120399475e-03 9.626836776733398438e-01 2.569059133529663086e-01
2.668266105651855469e+01 -1.118794631958007812e+01 -6.808745861053466797e-02 6.461618095636367798e-02 8.964125066995620728e-03 9.619932770729064941e-01 2.651665210723876953e-01
2.664867210388183594e+01 -1.071816825866699219e+01 -7.049956917762756348e-02 4.331197589635848999e-02 2.125496044754981995e-02 9.604523777961730957e-01 2.742326259613037109e-01
2.642092132568359375e+01 -1.031703853607177734e+01 -7.061218470335006714e-02 2.143053710460662842e-02 3.416886925697326660e-02 9.580047130584716797e-01 2.839014828205108643e-01
2.612662506103515625e+01 -9.965430259704589844e+00 -6.749054044485092163e-02 -7.270500063896179199e-04 4.751335456967353821e-02 9.546298384666442871e-01 2.939794063568115234e-01
2.582951545715332031e+01 -9.624813079833984375e+00 -6.643462926149368286e-02 -2.285666018724441528e-02 6.109599396586418152e-02 9.503456950187683105e-01 3.042825758457183838e-01
2.553547286987304688e+01 -9.290176391601562500e+00 -6.880889832973480225e-02 -4.465271160006523132e-02 7.472569495439529419e-02 9.452108144760131836e-01 3.146407008171081543e-01
2.524628639221191406e+01 -8.959918022155761719e+00 -7.467986643314361572e-02 -6.581033766269683838e-02 8.821418881416320801e-02 9.393239021301269531e-01 3.248967826366424561e-01
2.496270942687988281e+01 -8.633341789245605469e+00 -8.412750065326690674e-02 -8.602818846702575684e-02 1.013775020837783813e-01 9.328226447105407715e-01 3.349083065986633301e-01
2.468513679504394531e+01 -8.310084342956542969e+00 -9.708373993635177612e-02 -1.050093546509742737e-01 1.140369772911071777e-01 9.258808493614196777e-01 3.445482850074768066e-01
2.441372680664062500e+01 -7.989983558654785156e+00 -1.133782938122749329e-01 -1.224633455276489258e-01 1.260201334953308105e-01 9.187031388282775879e-01 3.537037670612335205e-01
2.414828109741210938e+01 -7.673137664794921875e+00 -1.321856677532196045e-01 -1.381061226129531860e-01 1.371607631444931030e-01 9.115207791328430176e-01 3.622755110263824463e-01
2.388854217529296875e+01 -7.359674453735351562e+00 -1.526577770709991455e-01 -1.516605615615844727e-01 1.472991257905960083e-01 9.045838117599487305e-01 3.701758980751037598e-01
2.363471603393554688e+01 -7.049362659454345703e+00 -1.744674593210220337e-01 -1.629315018653869629e-01 1.563225984573364258e-01 8.981205224990844727e-01 3.773539364337921143e-01
2.338700675964355469e+01 -6.742044448852539062e+00 -1.970608532428741455e-01 -1.720320284366607666e-01 1.642885208129882812e-01 8.922196030616760254e-01 3.838730156421661377e-01
2.314518547058105469e+01 -6.437908172607421875e+00 -2.198892235755920410e-01 -1.791498214006423950e-01 1.712939739227294922e-01 8.869086503982543945e-01 3.898166120052337646e-01
2.290953826904296875e+01 -6.136760234832763672e+00 -2.427294850349426270e-01 -1.844695508480072021e-01 1.774325966835021973e-01 8.821905255317687988e-01 3.952574133872985840e-01
2.268058967590332031e+01 -5.838221073150634766e+00 -2.653070092201232910e-01 -1.881732046604156494e-01 1.827951371669769287e-01 8.780481815338134766e-01 4.002600312232971191e-01
2.245987701416015625e+01 -5.541170597076416016e+00 -2.870852649211883545e-01 -1.904392093420028687e-01 1.874698996543884277e-01 8.744466304779052734e-01 4.048839509487152100e-01
2.224912452697753906e+01 -5.244474887847900391e+00 -3.072485327720642090e-01 -1.914441287517547607e-01 1.915428638458251953e-01 8.713383078575134277e-01 4.091819524765014648e-01
2.205321693420410156e+01 -4.945060729980468750e+00 -3.240853846073150635e-01 -1.913623213768005371e-01 1.950981616973876953e-01 8.686660528182983398e-01 4.132028520107269287e-01
2.188179969787597656e+01 -4.638004779815673828e+00 -3.351019322872161865e-01 -1.903663575649261475e-01 1.982183605432510376e-01 8.663645982742309570e-01 4.169922173023223877e-01
2.175611305236816406e+01 -4.316746234893798828e+00 -3.352429270744323730e-01 -1.886280179023742676e-01 2.009852230548858643e-01 8.643641471862792969e-01 4.205936193466186523e-01
2.172181129455566406e+01 -4.014451980590820312e+00 -3.176232874393463135e-01 -1.863180994987487793e-01 2.034796029329299927e-01 8.625916242599487305e-01 4.240487515926361084e-01
