2.538915061950683594e+01 -5.603247165679931641e+00 -3.454179525375366211e+00 -0.000000000000000000e+00 -0.000000000000000000e+00 -9.172291755676269531e-01 3.983600139617919922e-01
2.514786720275878906e+01 -5.554674148559570312e+00 -3.422993183135986328e+00 6.999698234722018242e-05 -3.520478494465351105e-04 -9.173862338066101074e-01 3.979980349540710449e-01
2.491016960144042969e+01 -5.498785495758056641e+00 -3.391774177551269531e+00 2.008076698984950781e-04 -1.288124127313494682e-03 -9.176639914512634277e-01 3.973551988601684570e-01
2.467777252197265625e+01 -5.430485725402832031e+00 -3.360293388366699219e+00 3.813426592387259007e-04 -2.705315826460719109e-03 -9.180394411087036133e-01 3.964797854423522949e-01
2.445212745666503906e+01 -5.347809791564941406e+00 -3.328536272048950195e+00 6.011176155880093575e-04 -4.500442650169134140e-03 -9.184887409210205078e-01 3.954209685325622559e-01
2.423447990417480469e+01 -5.250392913818359375e+00 -3.296716928482055664e+00 8.494356879964470863e-04 -6.570409052073955536e-03 -9.189890027046203613e-01 3.942275047302246094e-01
2.402313995361328125e+01 -5.143819332122802734e+00 -3.265602350234985352e+00 1.115452265366911888e-03 -8.812176063656806946e-03 -9.195177555084228516e-01 3.929479718208312988e-01
2.381709480285644531e+01 -5.030807971954345703e+00 -3.235623598098754883e+00 1.388650620356202126e-03 -1.112257223576307297e-02 -9.200534820556640625e-01 3.916325271129608154e-01
2.361486244201660156e+01 -4.914482116699218750e+00 -3.206799745559692383e+00 1.658457564190030098e-03 -1.339844893664121628e-02 -9.205756783485412598e-01 3.903308212757110596e-01
2.341571044921875000e+01 -4.796259880065917969e+00 -3.179119110107421875e+00 1.913794782012701035e-03 -1.553689688444137573e-02 -9.210652112960815430e-01 3.890935480594635010e-01
2.321906852722167969e+01 -4.677181720733642578e+00 -3.152495622634887695e+00 2.144209109246730804e-03 -1.743475906550884247e-02 -9.215040206909179688e-01 3.879714310169219971e-01
2.302452659606933594e+01 -4.557976722717285156e+00 -3.126808404922485352e+00 2.338980324566364288e-03 -1.898901537060737610e-02 -9.218745231628417969e-01 3.870158791542053223e-01
2.282944107055664062e+01 -4.443113327026367188e+00 -3.101990222930908203e+00 2.487553283572196960e-03 -2.009659446775913239e-02 -9.221599698066711426e-01 3.862783908843994141e-01
2.263219261169433594e+01 -4.335703849792480469e+00 -3.077963113784790039e+00 2.578908577561378479e-03 -2.065462432801723480e-02 -9.223433732986450195e-01 3.858101665973663330e-01
2.243105125427246094e+01 -4.239470958709716797e+00 -3.054824829101562500e+00 2.602559048682451248e-03 -2.056000009179115295e-02 -9.224070310592651367e-01 3.856628835201263428e-01
2.222537040710449219e+01 -4.158235549926757812e+00 -3.032712936401367188e+00 2.547919750213623047e-03 -1.970961876213550568e-02 -9.223321080207824707e-01 3.858866989612579346e-01
2.201851463317871094e+01 -4.085124015808105469e+00 -3.011103391647338867e+00 2.404137048870325089e-03 -1.800044625997543335e-02 -9.220973849296569824e-01 3.865313231945037842e-01
2.180788040161132812e+01 -4.029293060302734375e+00 -2.990617513656616211e+00 2.160529140383005142e-03 -1.532932091504335403e-02 -9.216785430908203125e-01 3.876451551914215088e-01
2.159730148315429688e+01 -3.981408596038818359e+00 -2.970586538314819336e+00 1.806448912248015404e-03 -1.159299258142709732e-02 -9.210469126701354980e-01 3.892746269702911377e-01
2.138540077209472656e+01 -3.947736501693725586e+00 -2.951444625854492188e+00 1.331119216047227383e-03 -6.688273511826992035e-03 -9.201681613922119141e-01 3.914638459682464600e-01
2.117464828491210938e+01 -3.919194221496582031e+00 -2.932518243789672852e+00 7.238596444949507713e-04 -5.120091373100876808e-04 -9.190011620521545410e-01 3.942536413669586182e-01
2.096378326416015625e+01 -3.906555652618408203e+00 -2.914628267288208008e+00 -1.833378337323665619e-05 6.989375222474336624e-03 -9.175044894218444824e-01 3.976639509201049805e-01
2.075465774536132812e+01 -3.894189357757568359e+00 -2.896603345870971680e+00 -8.679339662194252014e-04 1.567212492227554321e-02 -9.156622886657714844e-01 4.016418755054473877e-01
2.054567146301269531e+01 -3.896083831787109375e+00 -2.879543304443359375e+00 -1.789728179574012756e-03 2.534222044050693512e-02 -9.134683012962341309e-01 4.061160385608673096e-01
2.033708000183105469e+01 -3.902507781982421875e+00 -2.862707376480102539e+00 -2.748336642980575562e-03 3.580558300018310547e-02 -9.109198451042175293e-01 4.110175371170043945e-01
2.012901878356933594e+01 -3.909073352813720703e+00 -2.845789194107055664e+00 -3.708205185830593109e-03 4.686691612005233765e-02 -9.080204367637634277e-01 4.162791967391967773e-01
1.992236328125000000e+01 -3.930333137512207031e+00 -2.830084085464477539e+00 -4.634361714124679565e-03 5.833175033330917358e-02 -9.047816395759582520e-01 4.218366742134094238e-01
1.971636009216308594e+01 -3.953427553176879883e+00 -2.814546346664428711e+00 -5.491318181157112122e-03 7.000477612018585205e-02 -9.012223482131958008e-01 4.276298880577087402e-01
1.951091766357421875e+01 -3.976588964462280273e+00 -2.799074649810791016e+00 -6.243761628866195679e-03 8.169105648994445801e-02 -8.973723053932189941e-01 4.336018562316894531e-01
1.930677604675292969e+01 -4.005653381347656250e+00 -2.784304141998291016e+00 -6.856780499219894409e-03 9.319689124822616577e-02 -8.932697176933288574e-01 4.397006928920745850e-01
1.910378456115722656e+01 -4.039365291595458984e+00 -2.770158529281616211e+00 -7.295243442058563232e-03 1.043289527297019958e-01 -8.889624476432800293e-01 4.458788633346557617e-01
1.890136337280273438e+01 -4.073046684265136719e+00 -2.756220102310180664e+00 -7.524400949478149414e-03 1.148952692747116089e-01 -8.845081329345703125e-01 4.520926475524902344e-01
1.869951057434082031e+01 -4.106669425964355469e+00 -2.742534160614013672e+00 -7.509555667638778687e-03 1.247057691216468811e-01 -8.799715042114257812e-01 4.583036899566650391e-01
1.849921417236328125e+01 -4.146075248718261719e+00 -2.729836463928222656e+00 -7.216326892375946045e-03 1.335712969303131104e-01 -8.754246830940246582e-01 4.644763171672821045e-01
1.829967498779296875e+01 -4.186516761779785156e+00 -2.717610359191894531e+00 -6.610188633203506470e-03 1.413044780492782593e-01 -8.709448575973510742e-01 4.705787897109985352e-01
1.810068321228027344e+01 -4.226778507232666016e+00 -2.705754995346069336e+00 -5.656827241182327271e-03 1.477190554141998291e-01 -8.666125535964965820e-01 4.765811860561370850e-01
1.790223503112792969e+01 -4.266826152801513672e+00 -2.694307804107666016e+00 -4.321616142988204956e-03 1.526294648647308350e-01 -8.625093102455139160e-01 4.824553430080413818e-01
1.770509910583496094e+01 -4.310511589050292969e+00 -2.683877468109130859e+00 -2.570308744907379150e-03 1.558509469032287598e-01 -8.587149977684020996e-01 4.881725907325744629e-01
1.750867843627929688e+01 -4.354853153228759766e+00 -2.674067258834838867e+00 -3.677979111671447754e-04 1.571977734565734863e-01 -8.553048968315124512e-01 4.937027394771575928e-01
1.731278610229492188e+01 -4.398873329162597656e+00 -2.664775848388671875e+00 2.321019768714904785e-03 1.564832329750061035e-01 -8.523459434509277344e-01 4.990129768848419189e-01
1.711742210388183594e+01 -4.442549228668212891e+00 -2.656040668487548828e+00 5.531743168830871582e-03 1.535196900367736816e-01 -8.498944640159606934e-01 5.040640234947204590e-01
1.692299842834472656e+01 -4.487712860107421875e+00 -2.648256063461303711e+00 9.282577782869338989e-03 1.481809020042419434e-01 -8.479763269424438477e-01 5.088146328926086426e-01
1.672944450378417969e+01 -4.533957481384277344e+00 -2.641302347183227539e+00 1.351960003376007080e-02 1.405995786190032959e-01 -8.465449213981628418e-01 5.132355093955993652e-01
1.653647232055664062e+01 -4.579883098602294922e+00 -2.634848594665527344e+00 1.817071065306663513e-02 1.309726834297180176e-01 -8.455299735069274902e-01 5.172958374023437500e-01
1.634411048889160156e+01 -4.625520229339599609e+00 -2.628848314285278320e+00 2.316322922706604004e-02 1.194971650838851929e-01 -8.448564410209655762e-01 5.209620594978332520e-01
1.615248107910156250e+01 -4.671338558197021484e+00 -2.623388051986694336e+00 2.842418104410171509e-02 1.063715070486068726e-01 -8.444476723670959473e-01 5.241996049880981445e-01
1.596188354492187500e+01 -4.718550205230712891e+00 -2.618779897689819336e+00 3.388049453496932983e-02 9.179512411355972290e-02 -8.442291021347045898e-01 5.269752740859985352e-01
1.577196502685546875e+01 -4.765558242797851562e+00 -2.614475011825561523e+00 3.945812582969665527e-02 7.597078382968902588e-02 -8.441306948661804199e-01 5.292588472366333008e-01
1.558274841308593750e+01 -4.812390804290771484e+00 -2.610418558120727539e+00 4.508353397250175476e-02 5.910273641347885132e-02 -8.440898656845092773e-01 5.310240387916564941e-01
1.539424800872802734e+01 -4.859070777893066406e+00 -2.606558084487915039e+00 5.068256333470344543e-02 4.139845073223114014e-02 -8.440532088279724121e-01 5.322514772415161133e-01
1.520666313171386719e+01 -4.906482696533203125e+00 -2.603406906127929688e+00 5.618209391832351685e-02 2.306689880788326263e-02 -8.439780473709106445e-01 5.329281091690063477e-01
1.501983642578125000e+01 -4.953920364379882812e+00 -2.600430250167846680e+00 6.150913611054420471e-02 4.319213330745697021e-03 -8.438346982002258301e-01 5.330487489700317383e-01
1.483373260498046875e+01 -5.001249790191650391e+00 -2.597476720809936523e+00 6.659152358770370483e-02 -1.463278010487556458e-02 -8.436058163642883301e-01 5.326167941093444824e-01
1.464834213256835938e+01 -5.048477172851562500e+00 -2.594487905502319336e+00 7.135836035013198853e-02 -3.357672691345214844e-02 -8.432883024215698242e-01 5.316441655158996582e-01
1.446362495422363281e+01 -5.095569133758544922e+00 -2.591867685317993164e+00 7.573974132537841797e-02 -5.230076983571052551e-02 -8.428924083709716797e-01 5.301513075828552246e-01
1.427956771850585938e+01 -5.142534255981445312e+00 -2.589396953582763672e+00 7.966726273298263550e-02 -7.059432566165924072e-02 -8.424423336982727051e-01 5.281671285629272461e-01
1.409616279602050781e+01 -5.189382076263427734e+00 -2.586724758148193359e+00 8.307386934757232666e-02 -8.824850618839263916e-02 -8.419745564460754395e-01 5.257278084754943848e-01
1.391526222229003906e+01 -5.235622406005859375e+00 -2.583871364593505859e+00 8.589404076337814331e-02 -1.050569266080856323e-01 -8.415372967720031738e-01 5.228770375251770020e-01
1.373662948608398438e+01 -5.280494213104248047e+00 -2.581309795379638672e+00 8.806330710649490356e-02 -1.208159476518630981e-01 -8.411884307861328125e-01 5.196636915206909180e-01
1.356027889251708984e+01 -5.324162960052490234e+00 -2.578862905502319336e+00 8.951861411333084106e-02 -1.353247314691543579e-01 -8.409947156906127930e-01 5.161410570144653320e-01
1.338633346557617188e+01 -5.367172718048095703e+00 -2.576087474822998047e+00 9.019714593887329102e-02 -1.483852565288543701e-01 -8.410280942916870117e-01 5.123651623725891113e-01
1.321400356292724609e+01 -5.409069538116455078e+00 -2.570636034011840820e+00 8.501463383436203003e-02 -1.515077203512191772e-01 -8.428978919982910156e-01 5.092551708221435547e-01
1.304386329650878906e+01 -5.449136734008789062e+00 -2.565857410430908203e+00 7.997064292430877686e-02 -1.544770002365112305e-01 -8.449490070343017578e-01 5.057694911956787109e-01
1.287610816955566406e+01 -5.488139152526855469e+00 -2.561353206634521484e+00 7.504901289939880371e-02 -1.573009043931961060e-01 -8.471601605415344238e-01 5.019398927688598633e-01
1.271083736419677734e+01 -5.526486873626708984e+00 -2.556909799575805664e+00 7.023264467716217041e-02 -1.599882543087005615e-01 -8.495127558708190918e-01 4.977943003177642822e-01
1.254801654815673828e+01 -5.564046382904052734e+00 -2.552581071853637695e+00 6.550276279449462891e-02 -1.625492274761199951e-01 -8.519897460937500000e-01 4.933562874794006348e-01
1.238729000091552734e+01 -5.599357604980468750e+00 -2.548914194107055664e+00 6.083985790610313416e-02 -1.649944186210632324e-01 -8.545758724212646484e-01 4.886465668678283691e-01
1.222904968261718750e+01 -5.634063720703125000e+00 -2.545300245285034180e+00 5.622479319572448730e-02 -1.673339158296585083e-01 -8.572567701339721680e-01 4.836827516555786133e-01
1.207329845428466797e+01 -5.668170452117919922e+00 -2.541739463806152344e+00 5.163787305355072021e-02 -1.695778518915176392e-01 -8.600197434425354004e-01 4.784796237945556641e-01
1.191978740692138672e+01 -5.700601577758789062e+00 -2.538476467132568359e+00 4.706032574176788330e-02 -1.717354357242584229e-01 -8.628531694412231445e-01 4.730501472949981689e-01
1.176857280731201172e+01 -5.731597900390625000e+00 -2.535457611083984375e+00 4.247412830591201782e-02 -1.738149374723434448e-01 -8.657467961311340332e-01 4.674043059349060059e-01
1.161984825134277344e+01 -5.762039661407470703e+00 -2.532485961914062500e+00 3.786247596144676208e-02 -1.758233606815338135e-01 -8.686907291412353516e-01 4.615505635738372803e-01
1.147356128692626953e+01 -5.791680335998535156e+00 -2.529581308364868164e+00 3.321014717221260071e-02 -1.777663677930831909e-01 -8.716766834259033203e-01 4.554951190948486328e-01
1.132939434051513672e+01 -5.818961143493652344e+00 -2.526877880096435547e+00 2.850342541933059692e-02 -1.796482652425765991e-01 -8.746970295906066895e-01 4.492428302764892578e-01
1.118772602081298828e+01 -5.845731735229492188e+00 -2.524217367172241211e+00 2.373081445693969727e-02 -1.814717948436737061e-01 -8.777447342872619629e-01 4.427967965602874756e-01
1.104855346679687500e+01 -5.871994495391845703e+00 -2.521599054336547852e+00 1.888244599103927612e-02 -1.832382380962371826e-01 -8.808139562606811523e-01 4.361580014228820801e-01
1.091159725189208984e+01 -5.896234035491943359e+00 -2.518938541412353516e+00 1.395157724618911743e-02 -1.849470585584640503e-01 -8.838999271392822266e-01 4.293259978294372559e-01
1.077703857421875000e+01 -5.919421672821044922e+00 -2.516288995742797852e+00 8.934043347835540771e-03 -1.865961402654647827e-01 -8.869981169700622559e-01 4.222989082336425781e-01
1.064498996734619141e+01 -5.942142963409423828e+00 -2.513685226440429688e+00 3.827951848506927490e-03 -1.881819814443588257e-01 -8.901053667068481445e-01 4.150725007057189941e-01
1.051535224914550781e+01 -5.963802337646484375e+00 -2.511000394821166992e+00 -1.364409923553466797e-03 -1.896990090608596802e-01 -8.932194113731384277e-01 4.076411128044128418e-01
1.038799571990966797e+01 -5.983613014221191406e+00 -2.508072376251220703e+00 -6.638690829277038574e-03 -1.911408305168151855e-01 -8.963386416435241699e-01 3.999976217746734619e-01
1.026305484771728516e+01 -6.002687454223632812e+00 -2.504392147064208984e+00 -1.334305107593536377e-02 -1.893749684095382690e-01 -9.001263976097106934e-01 3.920860588550567627e-01
1.014068126678466797e+01 -6.021351814270019531e+00 -2.500850677490234375e+00 -1.989326626062393188e-02 -1.878121644258499146e-01 -9.038556814193725586e-01 3.838954567909240723e-01
1.002067852020263672e+01 -6.038277626037597656e+00 -2.496938943862915039e+00 -2.625925838947296143e-02 -1.864467263221740723e-01 -9.075315594673156738e-01 3.754125237464904785e-01
9.903190612792968750e+00 -6.054393291473388672e+00 -2.493016958236694336e+00 -3.241231665015220642e-02 -1.852730512619018555e-01 -9.111595749855041504e-01 3.666217029094696045e-01
9.788284301757812500e+00 -6.070135593414306641e+00 -2.489253997802734375e+00 -3.832252323627471924e-02 -1.842852234840393066e-01 -9.147446751594543457e-01 3.575086593627929688e-01
9.675963401794433594e+00 -6.085506439208984375e+00 -2.485652923583984375e+00 -4.396095499396324158e-02 -1.834773868322372437e-01 -9.182910919189453125e-01 3.480588197708129883e-01
9.566059112548828125e+00 -6.099109172821044922e+00 -2.481374502182006836e+00 -4.929857328534126282e-02 -1.828434467315673828e-01 -9.218025803565979004e-01 3.382571935653686523e-01
9.458749771118164062e+00 -6.112349510192871094e+00 -2.477262020111083984e+00 -5.430550128221511841e-02 -1.823769211769104004e-01 -9.252822995185852051e-01 3.280888199806213379e-01
9.354043006896972656e+00 -6.125256061553955078e+00 -2.473333597183227539e+00 -5.895328149199485779e-02 -1.820715069770812988e-01 -9.287321567535400391e-01 3.175389766693115234e-01
9.251946449279785156e+00 -6.137830734252929688e+00 -2.469588041305541992e+00 -6.321264803409576416e-02 -1.819202601909637451e-01 -9.321536421775817871e-01 3.065921366214752197e-01
9.152372360229492188e+00 -6.149271488189697266e+00 -2.465583324432373047e+00 -6.705468147993087769e-02 -1.819162070751190186e-01 -9.355468153953552246e-01 2.952325642108917236e-01
9.055399894714355469e+00 -6.160235404968261719e+00 -2.461675882339477539e+00 -7.045096158981323242e-02 -1.820521652698516846e-01 -9.389103055000305176e-01 2.834450602531433105e-01
8.961056709289550781e+00 -6.170904636383056641e+00 -2.457960128784179688e+00 -7.337208837270736694e-02 -1.823202520608901978e-01 -9.422415494918823242e-01 2.712133526802062988e-01
8.869346618652343750e+00 -6.181283473968505859e+00 -2.454433441162109375e+00 -7.579022645950317383e-02 -1.827126294374465942e-01 -9.455362558364868164e-01 2.585214376449584961e-01
8.780264854431152344e+00 -6.191274166107177734e+00 -2.451043605804443359e+00 -7.767652720212936401e-02 -1.832206845283508301e-01 -9.487878680229187012e-01 2.453529685735702515e-01
8.693778038024902344e+00 -6.200485706329345703e+00 -2.447609901428222656e+00 -7.900317758321762085e-02 -1.838357597589492798e-01 -9.519884586334228516e-01 2.316913753747940063e-01
8.609947204589843750e+00 -6.209445476531982422e+00 -2.444357872009277344e+00 -7.974211871623992920e-02 -1.845483183860778809e-01 -9.551274180412292480e-01 2.175194621086120605e-01
8.528779029846191406e+00 -6.218161582946777344e+00 -2.441281080245971680e+00 -7.986579835414886475e-02 -1.853485405445098877e-01 -9.581915736198425293e-01 2.028207778930664062e-01
8.450281143188476562e+00 -6.226641654968261719e+00 -2.438369750976562500e+00 -7.934676110744476318e-02 -1.862258017063140869e-01 -9.611651897430419922e-01 1.875776201486587524e-01
8.374459266662597656e+00 -6.234897136688232422e+00 -2.435615062713623047e+00 -7.815803587436676025e-02 -1.871689260005950928e-01 -9.640296101570129395e-01 1.717723757028579712e-01
8.301354408264160156e+00 -6.242393493652343750e+00 -2.432272911071777344e+00 -7.674422860145568848e-02 -1.853097230195999146e-01 -9.673103690147399902e-01 1.551811397075653076e-01
8.230909347534179688e+00 -6.249659061431884766e+00 -2.429041147232055664e+00 -7.458706200122833252e-02 -1.834412962198257446e-01 -9.704165458679199219e-01 1.381220221519470215e-01
8.163098335266113281e+00 -6.256766319274902344e+00 -2.425926446914672852e+00 -7.172442972660064697e-02 -1.816152930259704590e-01 -9.732939600944519043e-01 1.207070797681808472e-01
8.093996047973632812e+00 -6.264184951782226562e+00 -2.422752618789672852e+00 -6.820295006036758423e-02 -1.798792034387588501e-01 -9.758959412574768066e-01 1.030481308698654175e-01
8.023571968078613281e+00 -6.271931171417236328e+00 -2.419515848159790039e+00 -6.407774239778518677e-02 -1.782751679420471191e-01 -9.781838059425354004e-01 8.525516837835311890e-02
7.951790809631347656e+00 -6.280014991760253906e+00 -2.416213274002075195e+00 -5.941138789057731628e-02 -1.768389642238616943e-01 -9.801278114318847656e-01 6.743641942739486694e-02
7.878603458404541016e+00 -6.288356304168701172e+00 -2.412939310073852539e+00 -5.427438393235206604e-02 -1.755993515253067017e-01 -9.817072153091430664e-01 4.969801008701324463e-02
7.803989887237548828e+00 -6.297028064727783203e+00 -2.409608602523803711e+00 -4.874189570546150208e-02 -1.745776683092117310e-01 -9.829107522964477539e-01 3.214390575885772705e-02
7.727919578552246094e+00 -6.306038856506347656e+00 -2.406207323074340820e+00 -4.289338365197181702e-02 -1.737872809171676636e-01 -9.837361574172973633e-01 1.487514749169349670e-02
7.650359153747558594e+00 -6.315381526947021484e+00 -2.402733087539672852e+00 3.681109473109245300e-02 1.732338964939117432e-01 9.841904044151306152e-01 2.009246032685041428e-03
7.571278095245361328e+00 -6.325045108795166016e+00 -2.399184465408325195e+00 3.057869710028171539e-02 1.729156523942947388e-01 9.842896461486816406e-01 1.841256022453308105e-02
7.490646362304687500e+00 -6.335077285766601562e+00 -2.395709753036499023e+00 2.427970990538597107e-02 1.728232800960540771e-01 9.840580821037292480e-01 3.424027934670448303e-02
7.408436775207519531e+00 -6.345476150512695312e+00 -2.392338752746582031e+00 1.799574866890907288e-02 1.729410886764526367e-01 9.835279583930969238e-01 4.939883574843406677e-02
7.324620246887207031e+00 -6.356145381927490234e+00 -2.388899564743041992e+00 1.180632412433624268e-02 1.732471287250518799e-01 9.827389121055603027e-01 6.379668414592742920e-02
7.239169597625732422e+00 -6.367063999176025391e+00 -2.385391712188720703e+00 5.786961410194635391e-03 1.737144142389297485e-01 9.817372560501098633e-01 7.734227180480957031e-02
7.152060985565185547e+00 -6.378207683563232422e+00 -2.381818294525146484e+00 8.327886462211608887e-06 1.743114441633224487e-01 9.805739521980285645e-01 8.994475007057189941e-02
7.063288211822509766e+00 -6.389808177947998047e+00 -2.378530740737915039e+00 -5.463596433401107788e-03 1.750034540891647339e-01 9.793053269386291504e-01 1.015134528279304504e-01
6.972822666168212891e+00 -6.401764869689941406e+00 -2.375428915023803711e+00 -1.056912727653980255e-02 1.757532209157943726e-01 9.779902696609497070e-01 1.119564548134803772e-01
6.880629062652587891e+00 -6.413875102996826172e+00 -2.372276544570922852e+00 -1.525402069091796875e-02 1.765223443508148193e-01 9.766894578933715820e-01 1.211812496185302734e-01
6.786685466766357422e+00 -6.426111698150634766e+00 -2.369075775146484375e+00 -1.947050541639328003e-02 1.772722452878952026e-01 9.754640460014343262e-01 1.290943473577499390e-01
6.690993309020996094e+00 -6.438213825225830078e+00 -2.364949226379394531e+00 -2.379580028355121613e-02 1.735633760690689087e-01 9.751635789871215820e-01 1.355187594890594482e-01
6.593593120574951172e+00 -6.451039791107177734e+00 -2.361460447311401367e+00 -2.770203724503517151e-02 1.694898754358291626e-01 9.750652313232421875e-01 1.405476033687591553e-01
6.494437694549560547e+00 -6.463946342468261719e+00 -2.357888698577880859e+00 -3.116926737129688263e-02 1.651086062192916870e-01 9.751735329627990723e-01 1.442358940839767456e-01
6.391819477081298828e+00 -6.477160453796386719e+00 -2.354211330413818359e+00 -3.417783975601196289e-02 1.604753583669662476e-01 9.754880070686340332e-01 1.466380208730697632e-01
6.285789489746093750e+00 -6.491014480590820312e+00 -2.350789785385131836e+00 -3.670774400234222412e-02 1.556448489427566528e-01 9.760020375251770020e-01 1.478080898523330688e-01
6.176445960998535156e+00 -6.506206035614013672e+00 -2.348375082015991211e+00 -3.873915225267410278e-02 1.506709307432174683e-01 9.767050743103027344e-01 1.477994769811630249e-01
6.063682079315185547e+00 -6.521765708923339844e+00 -2.345940589904785156e+00 -4.025204852223396301e-02 1.456068456172943115e-01 9.775826334953308105e-01 1.466645598411560059e-01
5.947514057159423828e+00 -6.537703514099121094e+00 -2.343499183654785156e+00 -4.122615605592727661e-02 1.405051797628402710e-01 9.786168932914733887e-01 1.444563120603561401e-01
5.840035438537597656e+00 -6.550081729888916016e+00 -2.341492176055908203e+00 -4.164147749543190002e-02 1.354181319475173950e-01 9.797872304916381836e-01 1.412262618541717529e-01
5.741517066955566406e+00 -6.560876369476318359e+00 -2.339661836624145508e+00 -4.147776961326599121e-02 1.303973644971847534e-01 9.810706973075866699e-01 1.370260417461395264e-01
5.652029991149902344e+00 -6.570550441741943359e+00 -2.337954759597778320e+00 -4.071478173136711121e-02 1.254945844411849976e-01 9.824428558349609375e-01 1.319074481725692749e-01
5.571587562561035156e+00 -6.579119682312011719e+00 -2.336380004882812500e+00 -3.933224827051162720e-02 1.207608580589294434e-01 9.838767647743225098e-01 1.259214133024215698e-01
5.499808788299560547e+00 -6.581598281860351562e+00 -2.334381103515625000e+00 -3.730993345379829407e-02 1.162474676966667175e-01 9.853450655937194824e-01 1.191194057464599609e-01
5.437140941619873047e+00 -6.583514213562011719e+00 -2.332587957382202148e+00 -3.462753444910049438e-02 1.120053604245185852e-01 9.868189692497253418e-01 1.115531623363494873e-01
5.383608818054199219e+00 -6.585051059722900391e+00 -2.331027746200561523e+00 -3.126524016261100769e-02 1.080853715538978577e-01 9.882684350013732910e-01 1.032733246684074402e-01
5.339224338531494141e+00 -6.586217880249023438e+00 -2.329706430435180664e+00 -2.720286697149276733e-02 1.045382395386695862e-01 9.896632432937622070e-01 9.433203190565109253e-02
5.303999900817871094e+00 -6.587028503417968750e+00 -2.328629016876220703e+00 -2.242087945342063904e-02 1.014145612716674805e-01 9.909716248512268066e-01 8.478064090013504028e-02
5.277949810028076172e+00 -6.587493896484375000e+00 -2.327801465988159180e+00 -1.689967140555381775e-02 9.876466542482376099e-02 9.921613335609436035e-01 7.467091828584671021e-02
5.261083126068115234e+00 -6.587623596191406250e+00 -2.327227115631103516e+00 -1.062015816569328308e-02 9.663881361484527588e-02 9.931994080543518066e-01 6.405510753393173218e-02
5.253413200378417969e+00 -6.587429046630859375e+00 -2.326912164688110352e+00 -3.563437610864639282e-03 9.508678317070007324e-02 9.940514564514160156e-01 5.298529937863349915e-02
5.235964298248291016e+00 -6.587729454040527344e+00 -2.326560735702514648e+00 4.272907972335815430e-03 9.413614869117736816e-02 9.946843385696411133e-01 4.151127487421035767e-02
5.208830356597900391e+00 -6.586209774017333984e+00 -2.325757503509521484e+00 1.282709464430809021e-02 9.372669458389282227e-02 9.950730800628662109e-01 2.967033348977565765e-02
5.172033786773681641e+00 -6.582493782043457031e+00 -2.324409723281860352e+00 2.202079072594642639e-02 9.377611428499221802e-02 9.951959848403930664e-01 1.749758236110210419e-02
5.125540733337402344e+00 -6.577846050262451172e+00 -2.322700738906860352e+00 3.177438303828239441e-02 9.420219808816909790e-02 9.950331449508666992e-01 5.029134452342987061e-03
5.069361686706542969e+00 -6.572267532348632812e+00 -2.320603609085083008e+00 -4.200891032814979553e-02 -9.492282569408416748e-02 -9.945679306983947754e-01 7.698856294155120850e-03
5.003510475158691406e+00 -6.565759658813476562e+00 -2.318090200424194336e+00 -5.264402925968170166e-02 -9.585616737604141235e-02 -9.937875866889953613e-01 2.064884826540946960e-02
4.928207397460937500e+00 -6.557511329650878906e+00 -2.314982891082763672e+00 -6.359955668449401855e-02 -9.692077338695526123e-02 -9.926832914352416992e-01 3.378391265869140625e-02
4.848462581634521484e+00 -6.528055667877197266e+00 -2.307596445083618164e+00 -7.479507476091384888e-02 -9.803567081689834595e-02 -9.912514686584472656e-01 4.706552997231483459e-02
4.759725093841552734e+00 -6.495183944702148438e+00 -2.299256563186645508e+00 -8.615010976791381836e-02 -9.912063926458358765e-02 -9.894939661026000977e-01 6.045587733387947083e-02
4.670208454132080078e+00 -6.446756362915039062e+00 -2.287580013275146484e+00 -9.758458286523818970e-02 -1.000961214303970337e-01 -9.874179959297180176e-01 7.391634583473205566e-02
4.588283538818359375e+00 -6.370392799377441406e+00 -2.270138502120971680e+00 -1.090186238288879395e-01 -1.008835434913635254e-01 -9.850364923477172852e-01 8.740901947021484375e-02
4.512414455413818359e+00 -6.279330730438232422e+00 -2.249487876892089844e+00 -1.203730106353759766e-01 -1.014052033424377441e-01 -9.823683500289916992e-01 1.008953675627708435e-01
4.463250637054443359e+00 -6.160585880279541016e+00 -2.223071336746215820e+00 -1.315694451332092285e-01 -1.015845537185668945e-01 -9.794371128082275391e-01 1.143381446599960327e-01
4.421019077301025391e+00 -6.030966758728027344e+00 -2.194161891937255859e+00 -1.425303220748901367e-01 -1.013459265232086182e-01 -9.762719273567199707e-01 1.276997327804565430e-01
4.410010814666748047e+00 -5.885533332824707031e+00 -2.161766290664672852e+00 -1.531793624162673950e-01 -1.006149873137474060e-01 -9.729065895080566406e-01 1.409439593553543091e-01
4.398612022399902344e+00 -5.730706214904785156e+00 -2.127162456512451172e+00 -1.634416729211807251e-01 -9.931832551956176758e-02 -9.693790674209594727e-01 1.540351063013076782e-01
4.415223121643066406e+00 -5.567701339721679688e+00 -2.090470314025878906e+00 -1.732424348592758179e-01 -9.738340228796005249e-02 -9.657302498817443848e-01 1.669384092092514038e-01
4.436697959899902344e+00 -5.395511150360107422e+00 -2.051583766937255859e+00 -1.825098544359207153e-01 -9.473882615566253662e-02 -9.620038866996765137e-01 1.796200424432754517e-01
4.462258338928222656e+00 -5.214450359344482422e+00 -2.010568857192993164e+00 -1.911721080541610718e-01 -9.131367504596710205e-02 -9.582446813583374023e-01 1.920468360185623169e-01
4.503421306610107422e+00 -5.026576519012451172e+00 -1.967791080474853516e+00 -1.991586834192276001e-01 -8.703774958848953247e-02 -9.544986486434936523e-01 2.041874527931213379e-01
4.546894550323486328e+00 -4.829499721527099609e+00 -1.922831654548645020e+00 -2.064182162284851074e-01 -8.187118917703628540e-02 -9.507997035980224609e-01 2.160286456346511841e-01
4.595555305480957031e+00 -4.623943805694580078e+00 -1.875836491584777832e+00 -2.129720896482467651e-01 -7.589460909366607666e-02 -9.471365213394165039e-01 2.276294827461242676e-01
4.652962684631347656e+00 -4.410806179046630859e+00 -1.826983332633972168e+00 -2.188592702150344849e-01 -6.921854615211486816e-02 -9.434812068939208984e-01 2.390660047531127930e-01
4.713015079498291016e+00 -4.188608646392822266e+00 -1.776045203208923340e+00 -2.241170257329940796e-01 -6.195316836237907410e-02 -9.398012161254882812e-01 2.504135370254516602e-01
4.778069972991943359e+00 -3.958036422729492188e+00 -1.723128914833068848e+00 -2.287830859422683716e-01 -5.420862883329391479e-02 -9.360601305961608887e-01 2.617460191249847412e-01
4.847831249237060547e+00 -3.719032287597656250e+00 -1.668250679969787598e+00 -2.328938990831375122e-01 -4.609471559524536133e-02 -9.322187900543212891e-01 2.731366753578186035e-01
4.920340538024902344e+00 -3.471067428588867188e+00 -1.611369252204895020e+00 -2.364863753318786621e-01 -3.772153705358505249e-02 -9.282355308532714844e-01 2.846578061580657959e-01
4.995471477508544922e+00 -3.214163064956665039e+00 -1.552360773086547852e+00 -2.395959645509719849e-01 -2.919857203960418701e-02 -9.240665435791015625e-01 2.963815927505493164e-01
5.073301792144775391e+00 -2.948333740234375000e+00 -1.491385817527770996e+00 -2.422589659690856934e-01 -2.063548192381858826e-02 -9.196670055389404297e-01 3.083786368370056152e-01
5.149864196777343750e+00 -2.672546386718750000e+00 -1.428095698356628418e+00 -2.445105463266372681e-01 -1.214199513196945190e-02 -9.149898886680603027e-01 3.207189142704010010e-01
5.226962089538574219e+00 -2.387303113937377930e+00 -1.362685799598693848e+00 -2.463859021663665771e-01 -3.826633095741271973e-03 -9.099871516227722168e-01 3.334706425666809082e-01
5.294949054718017578e+00 -2.090468883514404297e+00 -1.294516563415527344e+00 -2.479195296764373779e-01 4.201956093311309814e-03 -9.046087265014648438e-01 3.467006385326385498e-01
5.353755950927734375e+00 -1.782636046409606934e+00 -1.223762154579162598e+00 -2.491453289985656738e-01 1.183523237705230713e-02 -8.988014459609985352e-01 3.604755103588104248e-01
5.371892452239990234e+00 -1.461671113967895508e+00 -1.149435997009277344e+00 -2.500967383384704590e-01 1.896617561578750610e-02 -8.925098180770874023e-01 3.748575747013092041e-01
5.183212280273437500e+00 -1.214628219604492188e+00 -1.087940335273742676e+00 -2.508049607276916504e-01 2.548772841691970825e-02 -8.856739997863769531e-01 3.899087011814117432e-01
4.861240863800048828e+00 -1.288484811782836914e+00 -1.094078898429870605e+00 -2.513013482093811035e-01 3.129450231790542603e-02 -8.782297372817993164e-01 4.056856036186218262e-01
4.573301792144775391e+00 -1.448809981346130371e+00 -1.119089961051940918e+00 -2.516146004199981689e-01 3.628217428922653198e-02 -8.701063394546508789e-01 4.222423434257507324e-01
4.308306694030761719e+00 -1.632128357887268066e+00 -1.148861646652221680e+00 -2.517716586589813232e-01 4.034772515296936035e-02 -8.612261414527893066e-01 4.396277368068695068e-01
4.058813571929931641e+00 -1.823998332023620605e+00 -1.180177569389343262e+00 -2.517963051795959473e-01 4.338987171649932861e-02 -8.515027761459350586e-01 4.578853845596313477e-01
3.823294639587402344e+00 -2.021271705627441406e+00 -1.211673855781555176e+00 -2.517103850841522217e-01 4.531034082174301147e-02 -8.408396840095520020e-01 4.770509600639343262e-01
3.595788478851318359e+00 -2.217381954193115234e+00 -1.243238449096679688e+00 -2.489892840385437012e-01 4.182644933462142944e-02 -8.293740153312683105e-01 4.983909130096435547e-01
3.376458644866943359e+00 -2.411363363265991211e+00 -1.273434162139892578e+00 -2.464192956686019897e-01 3.814834356307983398e-02 -8.168141841888427734e-01 5.202276706695556641e-01
3.164871692657470703e+00 -2.602782011032104492e+00 -1.300794601440429688e+00 -2.439815849065780640e-01 3.430807590484619141e-02 -8.031816482543945312e-01 5.423974990844726562e-01
2.961065530776977539e+00 -2.791455030441284180e+00 -1.325690031051635742e+00 -2.416580319404602051e-01 3.033718466758728027e-02 -7.885123491287231445e-01 5.647382140159606934e-01
2.765010833740234375e+00 -2.977186203002929688e+00 -1.348311781883239746e+00 -2.394309043884277344e-01 2.626742422580718994e-02 -7.728566527366638184e-01 5.870905518531799316e-01
2.577457189559936523e+00 -3.160711288452148438e+00 -1.368162512779235840e+00 -2.372813671827316284e-01 2.213267982006072998e-02 -7.562799453735351562e-01 6.093013286590576172e-01
2.399293184280395508e+00 -3.342737913131713867e+00 -1.384851694107055664e+00 -2.351901531219482422e-01 1.796966791152954102e-02 -7.388632893562316895e-01 6.312239170074462891e-01
2.229689836502075195e+00 -3.522127389907836914e+00 -1.399188756942749023e+00 -2.331369519233703613e-01 1.381912082433700562e-02 -7.207024097442626953e-01 6.527206897735595703e-01
2.068528890609741211e+00 -3.698639392852783203e+00 -1.411314010620117188e+00 -2.311010360717773438e-01 9.726941585540771484e-03 -7.019077539443969727e-01 6.736637949943542480e-01
1.918237209320068359e+00 -3.874334096908569336e+00 -1.419929742813110352e+00 -2.290617078542709351e-01 5.744561553001403809e-03 -6.826037764549255371e-01 6.939377784729003906e-01
1.776328086853027344e+00 -4.046582698822021484e+00 -1.426710486412048340e+00 -2.269987761974334717e-01 1.929603517055511475e-03 -6.629274487495422363e-01 7.134388089179992676e-01
1.642487764358520508e+00 -4.215067386627197266e+00 -1.431817889213562012e+00 -2.248931825160980225e-01 -1.653678715229034424e-03 -6.430276036262512207e-01 7.320763468742370605e-01
1.519129633903503418e+00 -4.381527423858642578e+00 -1.434174180030822754e+00 -2.227280586957931519e-01 -4.935584962368011475e-03 -6.230626702308654785e-01 7.497738003730773926e-01
1.402554869651794434e+00 -4.542845249176025391e+00 -1.435671329498291016e+00 -2.204882502555847168e-01 -7.839642465114593506e-03 -6.032000780105590820e-01 7.664679288864135742e-01
1.294781446456909180e+00 -4.700497150421142578e+00 -1.435390949249267578e+00 -2.181611657142639160e-01 -1.028443872928619385e-02 -5.836138725280761719e-01 7.821092009544372559e-01
1.193610787391662598e+00 -4.852731704711914062e+00 -1.434431672096252441e+00 -2.157360315322875977e-01 -1.218330115079879761e-02 -5.644830465316772461e-01 7.966607213020324707e-01
1.099652051925659180e+00 -4.999969959259033203e+00 -1.432541131973266602e+00 -2.132042050361633301e-01 -1.344626396894454956e-02 -5.459901690483093262e-01 8.100973963737487793e-01
1.011455059051513672e+00 -5.141157627105712891e+00 -1.430348753929138184e+00 -2.105571031570434570e-01 -1.397931575775146484e-02 -5.283188819885253906e-01 8.224046230316162109e-01
9.299511313438415527e-01 -5.276911735534667969e+00 -1.427553415298461914e+00 -2.077859938144683838e-01 -1.368679851293563843e-02 -5.116530060768127441e-01 8.335759639739990234e-01
8.527135848999023438e-01 -5.405672550201416016e+00 -1.424879074096679688e+00 -2.048789113759994507e-01 -1.247040927410125732e-02 -4.961740672588348389e-01 8.436114788055419922e-01
7.823584079742431641e-01 -5.529262065887451172e+00 -1.422108769416809082e+00 -2.004339098930358887e-01 -1.105590909719467163e-02 -4.820120036602020264e-01 8.528589606285095215e-01
7.159911990165710449e-01 -5.645734786987304688e+00 -1.419481158256530762e+00 -1.959646493196487427e-01 -8.625477552413940430e-03 -4.692135155200958252e-01 8.610239028930664062e-01
6.542358398437500000e-01 -5.755499362945556641e+00 -1.416924357414245605e+00 -1.915194392204284668e-01 -5.300499498844146729e-03 -4.577627778053283691e-01 8.681851029396057129e-01
5.978576540946960449e-01 -5.859047889709472656e+00 -1.414349079132080078e+00 -1.871438324451446533e-01 -1.201972365379333496e-03 -4.476358890533447266e-01 8.744128346443176270e-01
5.452453494071960449e-01 -5.955467224121093750e+00 -1.411936283111572266e+00 -1.828806400299072266e-01 3.549441695213317871e-03 -4.388034045696258545e-01 8.797690868377685547e-01
4.963805973529815674e-01 -6.044780254364013672e+00 -1.409683465957641602e+00 -1.787718087434768677e-01 8.833404630422592163e-03 -4.312317073345184326e-01 8.843085765838623047e-01
4.527172744274139404e-01 -6.127832889556884766e+00 -1.407601952552795410e+00 -1.748561859130859375e-01 1.452970504760742188e-02 -4.248827993869781494e-01 8.880815505981445312e-01
4.127026200294494629e-01 -6.203770637512207031e+00 -1.405672907829284668e+00 -1.711720228195190430e-01 2.051871642470359802e-02 -4.197157025337219238e-01 8.911329507827758789e-01
3.762841820716857910e-01 -6.272583961486816406e+00 -1.403891921043395996e+00 -1.677570343017578125e-01 2.668121829628944397e-02 -4.156880080699920654e-01 8.935039043426513672e-01
3.434582352638244629e-01 -6.334287166595458984e+00 -1.402255177497863770e+00 -1.646474152803421021e-01 3.289805352687835693e-02 -4.127550423145294189e-01 8.952330350875854492e-01
3.144714236259460449e-01 -6.389025688171386719e+00 -1.400797963142395020e+00 -1.618792861700057983e-01 3.905066847801208496e-02 -4.108715355396270752e-01 8.963564038276672363e-01
2.896264493465423584e-01 -6.436973571777343750e+00 -1.399564743041992188e+00 -1.594878435134887695e-01 4.502068459987640381e-02 -4.099909961223602295e-01 8.969081044197082520e-01
2.682653665542602539e-01 -6.477781772613525391e+00 -1.398447871208190918e+00 -1.575082391500473022e-01 5.068922787904739380e-02 -4.100660979747772217e-01 8.969210982322692871e-01
2.512975931167602539e-01 -6.509757995605468750e+00 -1.397488117218017578e+00 -1.559756398200988770e-01 5.593840777873992920e-02 -4.110500812530517578e-01 8.964264392852783203e-01
2.387304604053497314e-01 -6.532909870147705078e+00 -1.396685123443603516e+00 -1.549245566129684448e-01 6.065012514591217041e-02 -4.128948152065277100e-01 8.954539299011230469e-01
2.305688410997390747e-01 -6.547243595123291016e+00 -1.396040916442871094e+00 -1.543892920017242432e-01 6.470592319965362549e-02 -4.155516624450683594e-01 8.940323591232299805e-01
2.268225103616714478e-01 -6.552761077880859375e+00 -1.395560264587402344e+00 -1.544044613838195801e-01 6.798744201660156250e-02 -4.189721047878265381e-01 8.921879529953002930e-01
2.247705012559890747e-01 -6.554618835449218750e+00 -1.395123600959777832e+00 -1.550036221742630005e-01 7.037582993507385254e-02 -4.231061637401580811e-01 8.899450898170471191e-01
2.230261117219924927e-01 -6.555453300476074219e+00 -1.394676804542541504e+00 -1.562206745147705078e-01 7.175234705209732056e-02 -4.279023408889770508e-01 8.873252868652343750e-01
2.215978950262069702e-01 -6.555268287658691406e+00 -1.394229412078857422e+00 -1.580884158611297607e-01 7.199764251708984375e-02 -4.333079159259796143e-01 8.843464255332946777e-01
2.203723043203353882e-01 -6.554168701171875000e+00 -1.394225478172302246e+00 -1.590014547109603882e-01 7.022771239280700684e-02 -4.393906891345977783e-01 8.813185691833496094e-01
2.151574641466140747e-01 -6.560263633728027344e+00 -1.394049286842346191e+00 -1.605235934257507324e-01 6.732087582349777222e-02 -4.459211826324462891e-01 8.779830336570739746e-01
2.059765607118606567e-01 -6.573574542999267578e+00 -1.393702983856201172e+00 -1.626048982143402100e-01 6.343099474906921387e-02 -4.527936279773712158e-01 8.743649721145629883e-01
1.928552240133285522e-01 -6.594124794006347656e+00 -1.393189311027526855e+00 -1.651897579431533813e-01 5.871326476335525513e-02 -4.599051773548126221e-01 8.704897165298461914e-01
1.758178621530532837e-01 -6.621937274932861328e+00 -1.392511010169982910e+00 -1.682170480489730835e-01 5.332278460264205933e-02 -4.671564996242523193e-01 8.663858771324157715e-01
1.548803746700286865e-01 -6.657038211822509766e+00 -1.391669273376464844e+00 -1.716199070215225220e-01 4.741366207599639893e-02 -4.744536280632019043e-01 8.620858788490295410e-01
1.303295940160751343e-01 -6.699588298797607422e+00 -1.390757441520690918e+00 -1.753250509500503540e-01 4.113977029919624329e-02 -4.817081391811370850e-01 8.576279878616333008e-01
1.024218723177909851e-01 -6.749747276306152344e+00 -1.389858007431030273e+00 -1.792536675930023193e-01 3.465247154235839844e-02 -4.888361990451812744e-01 8.530570864677429199e-01
7.077636569738388062e-02 -6.807327747344970703e+00 -1.388834834098815918e+00 -1.833214461803436279e-01 2.810092642903327942e-02 -4.957606196403503418e-01 8.484249711036682129e-01
3.540527448058128357e-02 -6.872360706329345703e+00 -1.387684583663940430e+00 -1.874388456344604492e-01 2.163173258304595947e-02 -5.024086236953735352e-01 8.437915444374084473e-01
-3.679199144244194031e-03 -6.944874286651611328e+00 -1.386404991149902344e+00 -1.915123164653778076e-01 1.538734138011932373e-02 -5.087122321128845215e-01 8.392246365547180176e-01
-4.611083865165710449e-02 -7.025078773498535156e+00 -1.385199546813964844e+00 -1.954443007707595825e-01 9.506881237030029297e-03 -5.146076679229736328e-01 8.347994089126586914e-01
-9.142089635133743286e-02 -7.113242626190185547e+00 -1.384329199790954590e+00 -1.991343498229980469e-01 4.124924540519714355e-03 -5.200325846672058105e-01 8.305989503860473633e-01
-1.403222680091857910e-01 -7.209027767181396484e+00 -1.383371591567993164e+00 -2.024796307086944580e-01 -6.275251507759094238e-04 -5.249278545379638672e-01 8.267117142677307129e-01
-1.928076148033142090e-01 -7.312465667724609375e+00 -1.382319927215576172e+00 -2.053763568401336670e-01 -4.623733460903167725e-03 -5.292343497276306152e-01 8.232315182685852051e-01
-2.473571747541427612e-01 -7.424330711364746094e+00 -1.382017493247985840e+00 -2.077199220657348633e-01 -7.739871740341186523e-03 -5.328916907310485840e-01 8.202553987503051758e-01
-3.052819669246673584e-01 -7.544012069702148438e+00 -1.381718754768371582e+00 -2.094065546989440918e-01 -9.854525327682495117e-03 -5.358377695083618164e-01 8.178811669349670410e-01
-3.663220107555389404e-01 -7.672079086303710938e+00 -1.381641507148742676e+00 -2.103342413902282715e-01 -1.084718853235244751e-02 -5.380063652992248535e-01 8.162052035331726074e-01
-4.293334782123565674e-01 -7.809095859527587891e+00 -1.382398962974548340e+00 -2.104040682315826416e-01 -1.059684157371520996e-02 -5.393259525299072266e-01 8.153190612792968750e-01
-4.958263933658599854e-01 -7.954384803771972656e+00 -1.383160710334777832e+00 -2.095219045877456665e-01 -8.980445563793182373e-03 -5.397177934646606445e-01 8.153064250946044922e-01
-5.632824301719665527e-01 -8.109326362609863281e+00 -1.385838031768798828e+00 -2.057685852050781250e-01 -7.155433297157287598e-03 -5.391108393669128418e-01 8.166808485984802246e-01
-6.340149044990539551e-01 -8.272626876831054688e+00 -1.388676404953002930e+00 -2.009868621826171875e-01 -4.082389175891876221e-03 -5.376008749008178711e-01 8.188852071762084961e-01
-7.046984434127807617e-01 -8.445616722106933594e+00 -1.393392920494079590e+00 -1.953205168247222900e-01 7.926672697067260742e-05 -5.352900028228759766e-01 8.217751979827880859e-01
-7.775121927261352539e-01 -8.627314567565917969e+00 -1.398870468139648438e+00 -1.889133900403976440e-01 5.170837044715881348e-03 -5.322806835174560547e-01 8.252044320106506348e-01
-8.502489924430847168e-01 -8.818523406982421875e+00 -1.406224966049194336e+00 -1.819100379943847656e-01 1.103146374225616455e-02 -5.286757946014404297e-01 8.290289640426635742e-01
-9.222155809402465820e-01 -9.019332885742187500e+00 -1.415761947631835938e+00 -1.744572967290878296e-01 1.750128716230392456e-02 -5.245826244354248047e-01 8.331095576286315918e-01
-9.932299852371215820e-01 -9.229677200317382812e+00 -1.427551865577697754e+00 -1.667035073041915894e-01 2.442020550370216370e-02 -5.201134085655212402e-01 8.373146057128906250e-01
-1.061440348625183105e+00 -9.449987411499023438e+00 -1.442446589469909668e+00 -1.587992310523986816e-01 3.162737935781478882e-02 -5.153864026069641113e-01 8.415220379829406738e-01
-1.123778104782104492e+00 -9.680811882019042969e+00 -1.461795330047607422e+00 -1.508980393409729004e-01 3.896240144968032837e-02 -5.105271935462951660e-01 8.456202745437622070e-01
-1.179300546646118164e+00 -9.921922683715820312e+00 -1.485795617103576660e+00 -1.431550383567810059e-01 4.626499116420745850e-02 -5.056678652763366699e-01 8.495092988014221191e-01
-1.227291226387023926e+00 -1.017302227020263672e+01 -1.514435052871704102e+00 -1.357280611991882324e-01 5.337594449520111084e-02 -5.009472370147705078e-01 8.531007766723632812e-01
-1.268596172332763672e+00 -1.043363475799560547e+01 -1.546939015388488770e+00 -1.287758648395538330e-01 6.013663485646247864e-02 -4.965105950832366943e-01 8.563162088394165039e-01
-1.305579781532287598e+00 -1.070330810546875000e+01 -1.581858158111572266e+00 -1.224586442112922668e-01 6.638912856578826904e-02 -4.925082027912139893e-01 8.590879440307617188e-01
-1.341901779174804688e+00 -1.098167228698730469e+01 -1.617210626602172852e+00 -1.169374883174896240e-01 7.197704166173934937e-02 -4.890942275524139404e-01 8.613545894622802734e-01
-1.383629083633422852e+00 -1.126821422576904297e+01 -1.649649262428283691e+00 -1.123738363385200500e-01 7.674422860145568848e-02 -4.864248931407928467e-01 8.630603551864624023e-01
-1.434678912162780762e+00 -1.156227874755859375e+01 -1.677835702896118164e+00 -1.089281737804412842e-01 8.053514361381530762e-02 -4.846572875976562500e-01 8.641504645347595215e-01
-1.496099829673767090e+00 -1.186328601837158203e+01 -1.702351689338684082e+00 -1.067612841725349426e-01 8.319459855556488037e-02 -4.839465618133544922e-01 8.645672202110290527e-01
-1.569124698638916016e+00 -1.217056369781494141e+01 -1.723881483078002930e+00 -1.060322448611259460e-01 8.456683158874511719e-02 -4.844436645507812500e-01 8.642452359199523926e-01
-1.652789235115051270e+00 -1.248390007019042969e+01 -1.743789315223693848e+00 -1.068985834717750549e-01 8.449509739875793457e-02 -4.862927198410034180e-01 8.631063103675842285e-01
-1.748013854026794434e+00 -1.280270099639892578e+01 -1.762820720672607422e+00 -1.095151454210281372e-01 8.282084017992019653e-02 -4.896271526813507080e-01 8.610531091690063477e-01
-1.854798555374145508e+00 -1.312660217285156250e+01 -1.781899929046630859e+00 -1.139792352914810181e-01 7.943402975797653198e-02 -4.945172965526580811e-01 8.579928278923034668e-01
-1.971594214439392090e+00 -1.345588207244873047e+01 -1.801527380943298340e+00 -1.201704591512680054e-01 7.442494481801986694e-02 -5.008249282836914062e-01 8.539288043975830078e-01
-2.096916437149047852e+00 -1.379095458984375000e+01 -1.821634173393249512e+00 -1.279117912054061890e-01 6.793373823165893555e-02 -5.083536505699157715e-01 8.488816618919372559e-01
-2.230092763900756836e+00 -1.413200283050537109e+01 -1.842136502265930176e+00 -1.370236873626708984e-01 6.010176241397857666e-02 -5.169023871421813965e-01 8.428666591644287109e-01
-2.369247913360595703e+00 -1.447972488403320312e+01 -1.862959504127502441e+00 -1.473254114389419556e-01 5.107113718986511230e-02 -5.262684822082519531e-01 8.358998298645019531e-01
-2.513317823410034180e+00 -1.483455657958984375e+01 -1.884014844894409180e+00 -1.586347222328186035e-01 4.098672047257423401e-02 -5.362504124641418457e-01 8.280040025711059570e-01
-2.660941123962402344e+00 -1.519708347320556641e+01 -1.905011534690856934e+00 -1.707688868045806885e-01 2.999585121870040894e-02 -5.466518998146057129e-01 8.192129731178283691e-01
-2.810283184051513672e+00 -1.556807136535644531e+01 -1.925884962081909180e+00 -1.835455447435379028e-01 1.824875921010971069e-02 -5.572826266288757324e-01 8.095765113830566406e-01
-2.958547353744506836e+00 -1.594864177703857422e+01 -1.946516990661621094e+00 -1.967840492725372314e-01 5.897752940654754639e-03 -5.679633617401123047e-01 7.991613745689392090e-01
-3.098060131072998047e+00 -1.634151649475097656e+01 -1.966715931892395020e+00 -2.103066444396972656e-01 -6.902284920215606689e-03 -5.785250067710876465e-01 7.880559563636779785e-01
-3.178143262863159180e+00 -1.675565147399902344e+01 -1.984465599060058594e+00 -2.239388823509216309e-01 -1.999568194150924683e-02 -5.888140201568603516e-01 7.763695716857910156e-01
-2.857541322708129883e+00 -1.702455329895019531e+01 -1.965593218803405762e+00 -2.370759248733520508e-01 -3.356671333312988281e-02 -5.986719727516174316e-01 7.643689513206481934e-01
-2.502556085586547852e+00 -1.728814888000488281e+01 -1.952129125595092773e+00 -2.492846846580505371e-01 -4.771079123020172119e-02 -6.079353094100952148e-01 7.523267269134521484e-01
-2.204616546630859375e+00 -1.762729454040527344e+01 -1.966936349868774414e+00 -2.615451216697692871e-01 -6.137963384389877319e-02 -6.165500283241271973e-01 7.400626540184020996e-01
-1.947366952896118164e+00 -1.800823020935058594e+01 -1.999954819679260254e+00 -2.736823558807373047e-01 -7.440954446792602539e-02 -6.244505047798156738e-01 7.277517914772033691e-01
-1.714271187782287598e+00 -1.841374015808105469e+01 -2.043866872787475586e+00 -2.855142652988433838e-01 -8.665641397237777710e-02 -6.315830349922180176e-01 7.155942916870117188e-01
-1.498529076576232910e+00 -1.883797645568847656e+01 -2.095878839492797852e+00 -2.968524694442749023e-01 -9.799669682979583740e-02 -6.379043459892272949e-01 7.038133144378662109e-01
-1.294980406761169434e+00 -1.927115821838378906e+01 -2.152687311172485352e+00 -3.075034022331237793e-01 -1.083298698067665100e-01 -6.433764696121215820e-01 6.926564574241638184e-01
-1.098452091217041016e+00 -1.971071434020996094e+01 -2.212607383728027344e+00 -3.172695934772491455e-01 -1.175774112343788147e-01 -6.479639410972595215e-01 6.823914647102355957e-01
-9.083752036094665527e-01 -2.015621757507324219e+01 -2.275590181350708008e+00 -3.259509801864624023e-01 -1.256816834211349487e-01 -6.516299247741699219e-01 6.733041405677795410e-01
-7.213110327720642090e-01 -2.060643005371093750e+01 -2.340780019760131836e+00 -3.325740098953247070e-01 -1.334314942359924316e-01 -6.541991829872131348e-01 6.660435199737548828e-01
-5.359399318695068359e-01 -2.106065940856933594e+01 -2.407510280609130859e+00 -3.380428254604339600e-01 -1.400766670703887939e-01 -6.559293866157531738e-01 6.601986289024353027e-01
-3.524536192417144775e-01 -2.151885223388671875e+01 -2.476063728332519531e+00 -3.424638211727142334e-01 -1.456872075796127319e-01 -6.569497585296630859e-01 6.556758880615234375e-01
-1.739331036806106567e-01 -2.197045326232910156e+01 -2.544983386993408203e+00 -3.459382653236389160e-01 -1.503307819366455078e-01 -6.573773026466369629e-01 6.523668766021728516e-01
8.166503976099193096e-04 -2.241500282287597656e+01 -2.613790273666381836e+00 -3.485618531703948975e-01 -1.540725231170654297e-01 -6.573188900947570801e-01 6.501525044441223145e-01
1.720849573612213135e-01 -2.285232353210449219e+01 -2.682611703872680664e+00 -3.504261374473571777e-01 -1.569764912128448486e-01 -6.568723320960998535e-01 6.489056944847106934e-01
3.410046398639678955e-01 -2.328179168701171875e+01 -2.752265453338623047e+00 -3.516186773777008057e-01 -1.591055393218994141e-01 -6.561296582221984863e-01 6.484932899475097656e-01
5.093603134155273438e-01 -2.370258522033691406e+01 -2.823054790496826172e+00 -3.522259593009948730e-01 -1.605211198329925537e-01 -6.551777720451354980e-01 6.487771868705749512e-01
6.788867115974426270e-01 -2.411390495300292969e+01 -2.895107984542846680e+00 -3.523319065570831299e-01 -1.612843573093414307e-01 -6.541013717651367188e-01 6.496158838272094727e-01
8.545922636985778809e-01 -2.451347541809082031e+01 -2.968230009078979492e+00 -3.520198166370391846e-01 -1.614554226398468018e-01 -6.529827713966369629e-01 6.508668661117553711e-01
1.046433091163635254e+00 -2.489666366577148438e+01 -3.039288282394409180e+00 -3.513725399971008301e-01 -1.610948741436004639e-01 -6.519031524658203125e-01 6.523863673210144043e-01
1.283017516136169434e+00 -2.524673271179199219e+01 -3.090444326400756836e+00 -3.504730463027954102e-01 -1.602627038955688477e-01 -6.509443521499633789e-01 6.540306210517883301e-01
1.567139863967895508e+00 -2.555276107788085938e+01 -3.095585823059082031e+00 -3.494035601615905762e-01 -1.590192168951034546e-01 -6.501880288124084473e-01 6.556565165519714355e-01
1.865477204322814941e+00 -2.583306121826171875e+01 -3.073926210403442383e+00 -3.482480347156524658e-01 -1.574247330427169800e-01 -6.497173905372619629e-01 6.571209430694580078e-01
2.154459238052368164e+00 -2.611126899719238281e+01 -3.052807569503784180e+00 -3.470900058746337891e-01 -1.555399894714355469e-01 -6.496153473854064941e-01 6.582823991775512695e-01
2.419171094894409180e+00 -2.640213584899902344e+01 -3.049883365631103516e+00 -3.460135161876678467e-01 -1.534258425235748291e-01 -6.499659419059753418e-01 6.589988470077514648e-01
2.658416748046875000e+00 -2.670331954956054688e+01 -3.067775249481201172e+00 -3.451022505760192871e-01 -1.511426568031311035e-01 -6.508527398109436035e-01 6.591289639472961426e-01
2.875410079956054688e+00 -2.700892257690429688e+01 -3.105810403823852539e+00 -3.444397151470184326e-01 -1.487511396408081055e-01 -6.523590683937072754e-01 6.585302352905273438e-01
3.068589925765991211e+00 -2.731567001342773438e+01 -3.170449733734130859e+00 -3.441088795661926270e-01 -1.463117301464080811e-01 -6.545658707618713379e-01 6.570582389831542969e-01
3.238587617874145508e+00 -2.761711692810058594e+01 -3.269266366958618164e+00 -3.441907763481140137e-01 -1.438837349414825439e-01 -6.575514674186706543e-01 6.545658111572265625e-01
3.431324481964111328e+00 -2.789470100402832031e+01 -3.363217592239379883e+00 -3.447431921958923340e-01 -1.415167748928070068e-01 -6.613597869873046875e-01 6.509442329406738281e-01
3.696412324905395508e+00 -2.811025810241699219e+01 -3.375756740570068359e+00 -3.457384705543518066e-01 -1.392216086387634277e-01 -6.659124493598937988e-01 6.462529301643371582e-01
3.985953330993652344e+00 -2.827756118774414062e+01 -3.348505258560180664e+00 -3.471269905567169189e-01 -1.369987726211547852e-01 -6.710993051528930664e-01 6.405932903289794922e-01
4.277841567993164062e+00 -2.842461395263671875e+01 -3.328092575073242188e+00 -3.488591313362121582e-01 -1.348491162061691284e-01 -6.768108606338500977e-01 6.340664029121398926e-01
4.564332008361816406e+00 -2.856537628173828125e+01 -3.334465980529785156e+00 -3.508855700492858887e-01 -1.327740699052810669e-01 -6.829376220703125000e-01 6.267747282981872559e-01
4.843060016632080078e+00 -2.870215225219726562e+01 -3.356567859649658203e+00 -3.531583249568939209e-01 -1.307746469974517822e-01 -6.893724203109741211e-01 6.188237071037292480e-01
5.115220069885253906e+00 -2.883460426330566406e+01 -3.372899770736694336e+00 -3.556307554244995117e-01 -1.288538575172424316e-01 -6.960108876228332520e-01 6.103214621543884277e-01
5.381053447723388672e+00 -2.896213340759277344e+01 -3.366412878036499023e+00 -3.582578897476196289e-01 -1.270144283771514893e-01 -7.027521729469299316e-01 6.013799905776977539e-01
5.638063907623291016e+00 -2.908313560485839844e+01 -3.327170848846435547e+00 -3.609969615936279297e-01 -1.252604275941848755e-01 -7.094998955726623535e-01 5.921157598495483398e-01
5.884511470794677734e+00 -2.919744300842285156e+01 -3.264734983444213867e+00 -3.638080954551696777e-01 -1.235967352986335754e-01 -7.161618471145629883e-01 5.826488733291625977e-01
6.120826721191406250e+00 -2.930594825744628906e+01 -3.189427375793457031e+00 -3.666532933712005615e-01 -1.220290511846542358e-01 -7.226518988609313965e-01 5.731043815612792969e-01
6.348094940185546875e+00 -2.940966987609863281e+01 -3.108259916305541992e+00 -3.694977164268493652e-01 -1.205637827515602112e-01 -7.288883328437805176e-01 5.636112689971923828e-01
