7.049766540527343750e+00 -2.952432060241699219e+01 -2.881649017333984375e+00 -3.777157962322235107e-01 -1.168652176856994629e-01 -7.453393340110778809e-01 5.367891788482666016e-01
7.293228626251220703e+00 -2.953903007507324219e+01 -2.839413404464721680e+00 -3.802585303783416748e-01 -1.158951297402381897e-01 -7.498483657836914062e-01 5.288659334182739258e-01
7.541295528411865234e+00 -2.954602050781250000e+01 -2.837166070938110352e+00 -3.826625347137451172e-01 -1.150730624794960022e-01 -7.537687420845031738e-01 5.216897726058959961e-01
7.782089233398437500e+00 -2.954093360900878906e+01 -2.894249916076660156e+00 -3.849048912525177002e-01 -1.144097819924354553e-01 -7.570437192916870117e-01 5.154059529304504395e-01
7.999038696289062500e+00 -2.951955223083496094e+01 -3.013663768768310547e+00 -3.869641125202178955e-01 -1.139159575104713440e-01 -7.596175670623779297e-01 5.101597905158996582e-01
8.204315185546875000e+00 -2.948550415039062500e+01 -3.150507688522338867e+00 -3.888183832168579102e-01 -1.136026754975318909e-01 -7.614338994026184082e-01 5.060958862304687500e-01
8.422777175903320312e+00 -2.944180297851562500e+01 -3.260087251663208008e+00 -3.892136216163635254e-01 -1.124029606580734253e-01 -7.628471255302429199e-01 5.039271712303161621e-01
8.663375854492187500e+00 -2.939428901672363281e+01 -3.294255256652832031e+00 -3.895838260650634766e-01 -1.115780994296073914e-01 -7.635036706924438477e-01 5.028287172317504883e-01
8.907377243041992188e+00 -2.934833717346191406e+01 -3.274424314498901367e+00 -3.899097740650177002e-01 -1.111086085438728333e-01 -7.635204792022705078e-01 5.026544928550720215e-01
9.150339126586914062e+00 -2.930367660522460938e+01 -3.239919900894165039e+00 -3.901685178279876709e-01 -1.109776645898818970e-01 -7.630125284194946289e-01 5.032538175582885742e-01
9.393362998962402344e+00 -2.925958251953125000e+01 -3.204072237014770508e+00 -3.903341889381408691e-01 -1.111695766448974609e-01 -7.620937824249267578e-01 5.044735074043273926e-01
9.636998176574707031e+00 -2.921569824218750000e+01 -3.171162128448486328e+00 -3.903779983520507812e-01 -1.116703450679779053e-01 -7.608785033226013184e-01 5.061605572700500488e-01
9.881327629089355469e+00 -2.917186737060546875e+01 -3.142268657684326172e+00 -3.902698159217834473e-01 -1.124651208519935608e-01 -7.594820857048034668e-01 5.081613063812255859e-01
1.012625312805175781e+01 -2.912801742553710938e+01 -3.116920709609985352e+00 -3.899788856506347656e-01 -1.135383397340774536e-01 -7.580208778381347656e-01 5.103232860565185547e-01
1.037181949615478516e+01 -2.908409690856933594e+01 -3.095914840698242188e+00 -3.894736766815185547e-01 -1.148748099803924561e-01 -7.566121220588684082e-01 5.124959349632263184e-01
1.061789894104003906e+01 -2.904025268554687500e+01 -3.078120708465576172e+00 -3.887242674827575684e-01 -1.164579167962074280e-01 -7.553744316101074219e-01 5.145293474197387695e-01
1.086435794830322266e+01 -2.899637222290039062e+01 -3.061830282211303711e+00 -3.877019286155700684e-01 -1.182718873023986816e-01 -7.544264793395996094e-01 5.162748098373413086e-01
1.111137580871582031e+01 -2.895273590087890625e+01 -3.049220561981201172e+00 -3.863809108734130859e-01 -1.203014627099037170e-01 -7.538864612579345703e-01 5.175833702087402344e-01
1.135871028900146484e+01 -2.890895652770996094e+01 -3.037091493606567383e+00 -3.847391009330749512e-01 -1.225336641073226929e-01 -7.538707852363586426e-01 5.183050632476806641e-01
1.160661983489990234e+01 -2.886555862426757812e+01 -3.028651714324951172e+00 -3.827589452266693115e-01 -1.249586790800094604e-01 -7.544930577278137207e-01 5.182867646217346191e-01
1.185485553741455078e+01 -2.882189559936523438e+01 -3.020392894744873047e+00 -3.804291188716888428e-01 -1.275714635848999023e-01 -7.558610439300537109e-01 5.173714756965637207e-01
1.210368251800537109e+01 -2.877873802185058594e+01 -3.015864133834838867e+00 -3.777453303337097168e-01 -1.303734183311462402e-01 -7.580755949020385742e-01 5.153956413269042969e-01
1.235288143157958984e+01 -2.873524093627929688e+01 -3.011559486389160156e+00 -3.747133016586303711e-01 -1.333723664283752441e-01 -7.612264156341552734e-01 5.121872425079345703e-01
1.260269832611083984e+01 -2.869232559204101562e+01 -3.010934352874755859e+00 -3.713507652282714844e-01 -1.365845054388046265e-01 -7.653889656066894531e-01 5.075657963752746582e-01
1.285296821594238281e+01 -2.864906883239746094e+01 -3.010838508605957031e+00 -3.676905632019042969e-01 -1.400333344936370850e-01 -7.706183195114135742e-01 5.013398528099060059e-01
1.310390377044677734e+01 -2.860648155212402344e+01 -3.014451265335083008e+00 -3.637859225273132324e-01 -1.437473297119140625e-01 -7.769449949264526367e-01 4.933082461357116699e-01
1.335537815093994141e+01 -2.856369972229003906e+01 -3.018958091735839844e+00 -3.583801090717315674e-01 -1.467927694320678711e-01 -7.848162651062011719e-01 4.838171005249023438e-01
1.360754108428955078e+01 -2.852182960510253906e+01 -3.027365684509277344e+00 -3.524667620658874512e-01 -1.499049365520477295e-01 -7.937089204788208008e-01 4.725694954395294189e-01
1.386030578613281250e+01 -2.848001480102539062e+01 -3.037067174911499023e+00 -3.460734486579895020e-01 -1.530442535877227783e-01 -8.033953905105590820e-01 4.597461223602294922e-01
1.411372852325439453e+01 -2.843964576721191406e+01 -3.051317691802978516e+00 -3.392317593097686768e-01 -1.561717540025711060e-01 -8.136531710624694824e-01 4.455342292785644531e-01
1.436774826049804688e+01 -2.839960670471191406e+01 -3.067037343978881836e+00 -3.319790065288543701e-01 -1.592511534690856934e-01 -8.242681622505187988e-01 4.301289916038513184e-01
1.462232494354248047e+01 -2.836134529113769531e+01 -3.087448596954345703e+00 -3.243592679500579834e-01 -1.622467488050460815e-01 -8.350392580032348633e-01 4.137348532676696777e-01
1.487743949890136719e+01 -2.832347869873046875e+01 -3.108973264694213867e+00 -3.164236247539520264e-01 -1.651269942522048950e-01 -8.457800745964050293e-01 3.965667188167572021e-01
1.513297176361083984e+01 -2.828768730163574219e+01 -3.135188579559326172e+00 -3.082317411899566650e-01 -1.678635030984878540e-01 -8.563218116760253906e-01 3.788506984710693359e-01
1.538891220092773438e+01 -2.825283432006835938e+01 -3.163191556930541992e+00 -2.998509705066680908e-01 -1.704316437244415283e-01 -8.665156960487365723e-01 3.608229160308837891e-01
1.564517307281494141e+01 -2.821947288513183594e+01 -3.193984985351562500e+00 -2.913564443588256836e-01 -1.728104948997497559e-01 -8.762333393096923828e-01 3.427288234233856201e-01
1.590159893035888672e+01 -2.818825531005859375e+01 -3.228381156921386719e+00 -2.828312218189239502e-01 -1.749840080738067627e-01 -8.853682875633239746e-01 3.248231112957000732e-01
1.615817260742187500e+01 -2.815870857238769531e+01 -3.265126943588256836e+00 -2.743649482727050781e-01 -1.769398748874664307e-01 -8.938353657722473145e-01 3.073671162128448486e-01
1.641477012634277344e+01 -2.813133049011230469e+01 -3.304724693298339844e+00 -2.660529613494873047e-01 -1.786696910858154297e-01 -9.015702009201049805e-01 2.906270921230316162e-01
1.667124748229980469e+01 -2.810683822631835938e+01 -3.347606658935546875e+00 -2.579957544803619385e-01 -1.801689565181732178e-01 -9.085270762443542480e-01 2.748743593692779541e-01
1.692746734619140625e+01 -2.808651733398437500e+01 -3.394130706787109375e+00 -2.502972483634948730e-01 -1.814362853765487671e-01 -9.146764874458312988e-01 2.603822946548461914e-01
1.718891143798828125e+01 -2.807215118408203125e+01 -3.444813251495361328e+00 -2.430633902549743652e-01 -1.824725866317749023e-01 -9.200026392936706543e-01 2.474250495433807373e-01
1.745703125000000000e+01 -2.806496047973632812e+01 -3.490122556686401367e+00 -2.364012748003005981e-01 -1.832804381847381592e-01 -9.244976639747619629e-01 2.362767010927200317e-01
1.773247337341308594e+01 -2.804847335815429688e+01 -3.480635881423950195e+00 -2.304176390171051025e-01 -1.838634014129638672e-01 -9.281580448150634766e-01 2.272104620933532715e-01
1.800306892395019531e+01 -2.800481605529785156e+01 -3.413398981094360352e+00 -2.252168506383895874e-01 -1.842239350080490112e-01 -9.309781789779663086e-01 2.204959392547607422e-01
1.827331924438476562e+01 -2.795031738281250000e+01 -3.331148624420166016e+00 -2.208995372056961060e-01 -1.843632459640502930e-01 -9.329439401626586914e-01 2.164004594087600708e-01
1.854787445068359375e+01 -2.789390373229980469e+01 -3.245873928070068359e+00 -2.175386250019073486e-01 -1.842795908451080322e-01 -9.340476393699645996e-01 2.151117026805877686e-01
1.882798385620117188e+01 -2.783758544921875000e+01 -3.160256862640380859e+00 -2.151073068380355835e-01 -1.839689314365386963e-01 -9.343481063842773438e-01 2.165127247571945190e-01
1.911427307128906250e+01 -2.778236770629882812e+01 -3.075633525848388672e+00 -2.135509252548217773e-01 -1.834228783845901489e-01 -9.339019656181335449e-01 2.204063683748245239e-01
1.940699386596679688e+01 -2.772870063781738281e+01 -2.992597579956054688e+00 -2.128095328807830811e-01 -1.826292425394058228e-01 -9.327461123466491699e-01 2.265909016132354736e-01
1.970620155334472656e+01 -2.767672348022460938e+01 -2.911317110061645508e+00 -2.128199934959411621e-01 -1.815727502107620239e-01 -9.309026598930358887e-01 2.348599731922149658e-01
2.001185798645019531e+01 -2.762638854980468750e+01 -2.831710815429687500e+00 -2.135165482759475708e-01 -1.802365332841873169e-01 -9.283846020698547363e-01 2.450051158666610718e-01
2.032373237609863281e+01 -2.757722282409667969e+01 -2.753102302551269531e+00 -2.148324251174926758e-01 -1.786027848720550537e-01 -9.251993894577026367e-01 2.568150162696838379e-01
2.064172554016113281e+01 -2.752896499633789062e+01 -2.675125122070312500e+00 -2.167001515626907349e-01 -1.766535341739654541e-01 -9.213539361953735352e-01 2.700767219066619873e-01
2.096591758728027344e+01 -2.748169898986816406e+01 -2.597921133041381836e+00 -2.190516293048858643e-01 -1.743715703487396240e-01 -9.168571233749389648e-01 2.845766246318817139e-01
2.129594612121582031e+01 -2.743457984924316406e+01 -2.520294666290283203e+00 -2.218207716941833496e-01 -1.717409938573837280e-01 -9.117237925529479980e-01 3.001001775264739990e-01
2.163185691833496094e+01 -2.738755226135253906e+01 -2.442191600799560547e+00 -2.249419689178466797e-01 -1.687477231025695801e-01 -9.059773087501525879e-01 3.164337575435638428e-01
2.197383689880371094e+01 -2.734090423583984375e+01 -2.364050865173339844e+00 -2.283523976802825928e-01 -1.653802394866943359e-01 -8.996509909629821777e-01 3.333657383918762207e-01
2.232165908813476562e+01 -2.729398918151855469e+01 -2.285005331039428711e+00 -2.319909781217575073e-01 -1.616295725107192993e-01 -8.927903771400451660e-01 3.506869971752166748e-01
2.267539024353027344e+01 -2.724682044982910156e+01 -2.205121517181396484e+00 -2.358005195856094360e-01 -1.574896574020385742e-01 -8.854546546936035156e-01 3.681917488574981689e-01
2.303510475158691406e+01 -2.719943618774414062e+01 -2.124521493911743164e+00 -2.397267967462539673e-01 -1.529574990272521973e-01 -8.777168989181518555e-01 3.856785297393798828e-01
2.339591789245605469e+01 -2.713229751586914062e+01 -2.038596153259277344e+00 -2.437199056148529053e-01 -1.480332016944885254e-01 -8.696647286415100098e-01 4.029517173767089844e-01
2.375076675415039062e+01 -2.702840805053710938e+01 -1.944189071655273438e+00 -2.477328777313232422e-01 -1.427195370197296143e-01 -8.613993525505065918e-01 4.198221266269683838e-01
2.405993080139160156e+01 -2.682107925415039062e+01 -1.830738782882690430e+00 -2.517237961292266846e-01 -1.370218992233276367e-01 -8.530363440513610840e-01 4.361067116260528564e-01
2.432073402404785156e+01 -2.655020523071289062e+01 -1.709227919578552246e+00 -2.556547224521636963e-01 -1.309485882520675659e-01 -8.447030186653137207e-01 4.516304135322570801e-01
2.458567237854003906e+01 -2.627520942687988281e+01 -1.585971355438232422e+00 -2.594915330410003662e-01 -1.245091557502746582e-01 -8.365382552146911621e-01 4.662248492240905762e-01
2.485475540161132812e+01 -2.599604415893554688e+01 -1.460995793342590332e+00 -2.632073462009429932e-01 -1.177271381020545959e-01 -8.286687731742858887e-01 4.797605872154235840e-01
2.512795829772949219e+01 -2.571269989013671875e+01 -1.334321856498718262e+00 -2.667939662933349609e-01 -1.106764972209930420e-01 -8.211416602134704590e-01 4.922377467155456543e-01
2.540525817871093750e+01 -2.542516517639160156e+01 -1.205971598625183105e+00 -2.702466249465942383e-01 -1.034430116415023804e-01 -8.139797449111938477e-01 5.036895871162414551e-01
2.568663024902343750e+01 -2.513344764709472656e+01 -1.075963139533996582e+00 -2.735601663589477539e-01 -9.611157327890396118e-02 -8.072040081024169922e-01 5.141490101814270020e-01
2.593096542358398438e+01 -2.481821441650390625e+01 -9.689468145370483398e-01 -2.767295837402343750e-01 -8.876686543226242065e-02 -8.008326888084411621e-01 5.236486792564392090e-01
2.593410110473632812e+01 -2.438348007202148438e+01 -1.007317781448364258e+00 -2.797488272190093994e-01 -8.149243146181106567e-02 -7.948831319808959961e-01 5.322221517562866211e-01
2.593747901916503906e+01 -2.394275665283203125e+01 -1.046298503875732422e+00 -2.826126217842102051e-01 -7.437185198068618774e-02 -7.893699407577514648e-01 5.399017333984375000e-01
2.594108390808105469e+01 -2.349604225158691406e+01 -1.085899949073791504e+00 -2.853149473667144775e-01 -6.748714298009872437e-02 -7.843073010444641113e-01 5.467202067375183105e-01
2.594497680664062500e+01 -2.304332542419433594e+01 -1.126020789146423340e+00 -2.878497242927551270e-01 -6.092062592506408691e-02 -7.797067761421203613e-01 5.527102351188659668e-01
2.594915962219238281e+01 -2.258460617065429688e+01 -1.166644215583801270e+00 -2.902104258537292480e-01 -5.475293844938278198e-02 -7.755799889564514160e-01 5.579029917716979980e-01
2.595359992980957031e+01 -2.211988258361816406e+01 -1.207801222801208496e+00 -2.923904955387115479e-01 -4.906546324491500854e-02 -7.719357609748840332e-01 5.623304247856140137e-01
2.595839309692382812e+01 -2.164915275573730469e+01 -1.249353647232055664e+00 -2.943832278251647949e-01 -4.393813014030456543e-02 -7.687824368476867676e-01 5.660226345062255859e-01
2.596355438232421875e+01 -2.117240142822265625e+01 -1.291271328926086426e+00 -2.961805164813995361e-01 -3.945080190896987915e-02 -7.661260962486267090e-01 5.690093040466308594e-01
2.596900749206542969e+01 -2.068964958190917969e+01 -1.333641886711120605e+00 -2.977747321128845215e-01 -3.568296879529953003e-02 -7.639713287353515625e-01 5.713184475898742676e-01
2.597485351562500000e+01 -2.020088386535644531e+01 -1.376328349113464355e+00 -2.991567850112915039e-01 -3.271409869194030762e-02 -7.623202800750732422e-01 5.729770064353942871e-01
2.598095130920410156e+01 -1.971905708312988281e+01 -1.418168902397155762e+00 -3.001567125320434570e-01 -3.083527088165283203e-02 -7.611643671989440918e-01 5.740940570831298828e-01
2.598699569702148438e+01 -1.924432182312011719e+01 -1.459666132926940918e+00 -3.000153899192810059e-01 -3.111511468887329102e-02 -7.604613900184631348e-01 5.750834941864013672e-01
2.599343109130859375e+01 -1.877638626098632812e+01 -1.500034451484680176e+00 -3.003414869308471680e-01 -3.148806095123291016e-02 -7.602898478507995605e-01 5.751197338104248047e-01
2.600008201599121094e+01 -1.831527519226074219e+01 -1.539492726325988770e+00 -3.011631965637207031e-01 -3.198137879371643066e-02 -7.606407999992370605e-01 5.741980075836181641e-01
2.600686454772949219e+01 -1.786098670959472656e+01 -1.578154921531677246e+00 -3.025051355361938477e-01 -3.261211514472961426e-02 -7.615066170692443848e-01 5.723065733909606934e-01
2.601346206665039062e+01 -1.741518020629882812e+01 -1.616460800170898438e+00 -3.023711144924163818e-01 -3.605307638645172119e-02 -7.627506852149963379e-01 5.705112814903259277e-01
2.601992607116699219e+01 -1.697769165039062500e+01 -1.654256820678710938e+00 -3.019537329673767090e-01 -4.061365872621536255e-02 -7.643799185752868652e-01 5.682409405708312988e-01
2.602632904052734375e+01 -1.654853439331054688e+01 -1.691325664520263672e+00 -3.012585937976837158e-01 -4.614141583442687988e-02 -7.663273215293884277e-01 5.655586719512939453e-01
2.603259277343750000e+01 -1.612774467468261719e+01 -1.727813363075256348e+00 -3.002921044826507568e-01 -5.248407274484634399e-02 -7.685270905494689941e-01 5.625266432762145996e-01
2.603871917724609375e+01 -1.571533775329589844e+01 -1.763638257980346680e+00 -2.990613281726837158e-01 -5.948907136917114258e-02 -7.709143161773681641e-01 5.592088699340820312e-01
2.604465293884277344e+01 -1.531133842468261719e+01 -1.798788666725158691e+00 -2.975738346576690674e-01 -6.700401008129119873e-02 -7.734266519546508789e-01 5.556719303131103516e-01
2.605043792724609375e+01 -1.491577339172363281e+01 -1.833299875259399414e+00 -2.958395481109619141e-01 -7.487645000219345093e-02 -7.760061025619506836e-01 5.519847273826599121e-01
2.605587577819824219e+01 -1.452865219116210938e+01 -1.867055058479309082e+00 -2.938693761825561523e-01 -8.295360952615737915e-02 -7.785980701446533203e-01 5.482193827629089355e-01
2.606103706359863281e+01 -1.414999961853027344e+01 -1.900125741958618164e+00 -2.916767597198486328e-01 -9.108401834964752197e-02 -7.811533808708190918e-01 5.444515943527221680e-01
2.606585311889648438e+01 -1.377983093261718750e+01 -1.932459712028503418e+00 -2.892767488956451416e-01 -9.911636263132095337e-02 -7.836279273033142090e-01 5.407607555389404297e-01
2.606984138488769531e+01 -1.341815376281738281e+01 -1.964044809341430664e+00 -2.866863012313842773e-01 -1.068998053669929504e-01 -7.859820127487182617e-01 5.372294187545776367e-01
2.607349395751953125e+01 -1.306488418579101562e+01 -1.993551611900329590e+00 -2.839239537715911865e-01 -1.142839640378952026e-01 -7.881818413734436035e-01 5.339436531066894531e-01
2.607728195190429688e+01 -1.271989250183105469e+01 -2.018787145614624023e+00 -2.810106277465820312e-01 -1.211197078227996826e-01 -7.901965975761413574e-01 5.309917926788330078e-01
2.608253288269042969e+01 -1.238302421569824219e+01 -2.034996509552001953e+00 -2.779668867588043213e-01 -1.272586286067962646e-01 -7.919999361038208008e-01 5.284653306007385254e-01
2.609184455871582031e+01 -1.205455875396728516e+01 -2.034477233886718750e+00 -2.748156785964965820e-01 -1.325528770685195923e-01 -7.935676574707031250e-01 5.264564752578735352e-01
2.610627174377441406e+01 -1.173544120788574219e+01 -2.016535282135009766e+00 -2.715789973735809326e-01 -1.368545889854431152e-01 -7.948768138885498047e-01 5.250585675239562988e-01
2.612563323974609375e+01 -1.142636489868164062e+01 -1.984102129936218262e+00 -2.682793438434600830e-01 -1.400165855884552002e-01 -7.959043383598327637e-01 5.243642330169677734e-01
2.614757728576660156e+01 -1.112688446044921875e+01 -1.944968819618225098e+00 -2.649375200271606445e-01 -1.418916434049606323e-01 -7.966248393058776855e-01 5.244652628898620605e-01
2.617049789428710938e+01 -1.083654308319091797e+01 -1.902872323989868164e+00 -2.615730166435241699e-01 -1.423309743404388428e-01 -7.970091104507446289e-01 5.254502296447753906e-01
2.619389915466308594e+01 -1.055520439147949219e+01 -1.858882665634155273e+00 -2.582029998302459717e-01 -1.411860436201095581e-01 -7.970212697982788086e-01 5.274037122726440430e-01
2.621728515625000000e+01 -1.028268051147460938e+01 -1.814127206802368164e+00 -2.548373937606811523e-01 -1.383533030748367310e-01 -7.966284751892089844e-01 5.303766131401062012e-01
2.624040985107421875e+01 -1.001886844635009766e+01 -1.769191265106201172e+00 -2.514686882495880127e-01 -1.339139640331268311e-01 -7.958357334136962891e-01 5.342995524406433105e-01
2.626315879821777344e+01 -9.763708114624023438e+00 -1.724401831626892090e+00 -2.480839341878890991e-01 -1.279973089694976807e-01 -7.946527004241943359e-01 5.390715599060058594e-01
2.628545570373535156e+01 -9.517159461975097656e+00 -1.679994106292724609e+00 -2.446688562631607056e-01 -1.207308471202850342e-01 -7.930858731269836426e-01 5.445879101753234863e-01
2.630727005004882812e+01 -9.279202461242675781e+00 -1.636120319366455078e+00 -2.412085384130477905e-01 -1.122430264949798584e-01 -7.911395430564880371e-01 5.507432818412780762e-01
2.632846641540527344e+01 -9.049767494201660156e+00 -1.593141198158264160e+00 -2.376889884471893311e-01 -1.026626378297805786e-01 -7.888188362121582031e-01 5.574308037757873535e-01
2.634892082214355469e+01 -8.828783035278320312e+00 -1.551405549049377441e+00 -2.340964525938034058e-01 -9.211988747119903564e-02 -7.861308455467224121e-01 5.645448565483093262e-01
2.636587905883789062e+01 -8.616240501403808594e+00 -1.509707927703857422e+00 -2.304184883832931519e-01 -8.074615895748138428e-02 -7.830858230590820312e-01 5.719824433326721191e-01
2.635435485839843750e+01 -8.416026115417480469e+00 -1.457166671752929688e+00 -2.266443818807601929e-01 -6.867430359125137329e-02 -7.796993255615234375e-01 5.796422958374023438e-01
2.626612091064453125e+01 -8.254299163818359375e+00 -1.377012968063354492e+00 -2.227658033370971680e-01 -5.603834986686706543e-02 -7.759925723075866699e-01 5.874270200729370117e-01
2.618111991882324219e+01 -8.099306106567382812e+00 -1.300873637199401855e+00 -2.187757045030593872e-01 -4.297368973493576050e-02 -7.719938755035400391e-01 5.952444076538085938e-01
2.610254287719726562e+01 -7.948970794677734375e+00 -1.229978561401367188e+00 -2.146700918674468994e-01 -2.961677312850952148e-02 -7.677388191223144531e-01 6.030064821243286133e-01
2.602963256835937500e+01 -7.804005146026611328e+00 -1.163791775703430176e+00 -2.104471921920776367e-01 -1.610521972179412842e-02 -7.632699608802795410e-01 6.106321215629577637e-01
2.596204566955566406e+01 -7.664730548858642578e+00 -1.102084994316101074e+00 -2.061081677675247192e-01 -2.576403319835662842e-03 -7.586393356323242188e-01 6.180446147918701172e-01
2.589945411682128906e+01 -7.531422615051269531e+00 -1.044648408889770508e+00 -2.016556113958358765e-01 1.083174347877502441e-02 -7.539054155349731445e-01 6.251754164695739746e-01
2.584119033813476562e+01 -7.404505252838134766e+00 -9.912246465682983398e-01 -1.970956921577453613e-01 2.398174256086349487e-02 -7.491353154182434082e-01 6.319608688354492188e-01
2.578680419921875000e+01 -7.284258365631103516e+00 -9.416082501411437988e-01 -1.924351751804351807e-01 3.673616051673889160e-02 -7.444022297859191895e-01 6.383451819419860840e-01
2.573604011535644531e+01 -7.170846939086914062e+00 -8.956072926521301270e-01 -1.876841187477111816e-01 4.895935207605361938e-02 -7.397868037223815918e-01 6.442772150039672852e-01
2.568886566162109375e+01 -7.064148426055908203e+00 -8.535214066505432129e-01 -1.828536093235015869e-01 6.051592528820037842e-02 -7.353749871253967285e-01 6.497123241424560547e-01
2.564501380920410156e+01 -6.964413166046142578e+00 -8.149428963661193848e-01 -1.779557764530181885e-01 7.127215713262557983e-02 -7.312576770782470703e-01 6.546099781990051270e-01
2.560407447814941406e+01 -6.871778964996337891e+00 -7.807232737541198730e-01 -1.702971011400222778e-01 7.813557982444763184e-02 -7.278382778167724609e-01 6.596552729606628418e-01
2.556643295288085938e+01 -6.785992145538330078e+00 -7.500204443931579590e-01 -1.630976200103759766e-01 8.470553159713745117e-02 -7.247876524925231934e-01 6.640082597732543945e-01
2.553202056884765625e+01 -6.707328796386718750e+00 -7.221780419349670410e-01 -1.563437879085540771e-01 9.095758199691772461e-02 -7.220704555511474609e-01 6.677557229995727539e-01
2.550080490112304688e+01 -6.635634422302246094e+00 -6.977572441101074219e-01 -1.500222086906433105e-01 9.687478840351104736e-02 -7.196511030197143555e-01 6.709774136543273926e-01
2.546650886535644531e+01 -6.556411743164062500e+00 -6.712579131126403809e-01 -1.441185772418975830e-01 1.024478301405906677e-01 -7.174946665763854980e-01 6.737474799156188965e-01
2.542905235290527344e+01 -6.469410419464111328e+00 -6.436416506767272949e-01 -1.386192142963409424e-01 1.076722070574760437e-01 -7.155656814575195312e-01 6.761339902877807617e-01
2.538843536376953125e+01 -6.374764442443847656e+00 -6.145492196083068848e-01 -1.335107237100601196e-01 1.125477254390716553e-01 -7.138291597366333008e-01 6.782004237174987793e-01
2.534957313537597656e+01 -6.284138679504394531e+00 -5.890798568725585938e-01 -1.287799030542373657e-01 1.170779615640640259e-01 -7.122502923011779785e-01 6.800059676170349121e-01
2.531245231628417969e+01 -6.197793960571289062e+00 -5.665768384933471680e-01 -1.244139745831489563e-01 1.212690621614456177e-01 -7.107937932014465332e-01 6.816061735153198242e-01
2.527711105346679688e+01 -6.115836620330810547e+00 -5.466827154159545898e-01 -1.204009130597114563e-01 1.251291632652282715e-01 -7.094252705574035645e-01 6.830535531044006348e-01
2.524332046508789062e+01 -6.038203716278076172e+00 -5.303439497947692871e-01 -1.167290061712265015e-01 1.286680400371551514e-01 -7.081092000007629395e-01 6.843977570533752441e-01
2.521116638183593750e+01 -5.965132713317871094e+00 -5.167013406753540039e-01 -1.133869588375091553e-01 1.318966299295425415e-01 -7.068104743957519531e-01 6.856862902641296387e-01
2.518080711364746094e+01 -5.896704196929931641e+00 -5.050689578056335449e-01 -1.103642284870147705e-01 1.348264813423156738e-01 -7.054935097694396973e-01 6.869646310806274414e-01
2.515188217163085938e+01 -5.832972049713134766e+00 -4.965228140354156494e-01 -1.076502799987792969e-01 1.374699622392654419e-01 -7.041234374046325684e-01 6.882758140563964844e-01
2.512485504150390625e+01 -5.774040222167968750e+00 -4.893029630184173584e-01 -1.052350923418998718e-01 1.398395597934722900e-01 -7.026639580726623535e-01 6.896620988845825195e-01
2.509955024719238281e+01 -5.719943523406982422e+00 -4.839166104793548584e-01 -1.031088754534721375e-01 1.419479548931121826e-01 -7.010787725448608398e-01 6.911640763282775879e-01
2.507620811462402344e+01 -5.670701026916503906e+00 -4.795318543910980225e-01 -1.012618988752365112e-01 1.438079476356506348e-01 -6.993317008018493652e-01 6.928206682205200195e-01
2.505472564697265625e+01 -5.626358509063720703e+00 -4.763937294483184814e-01 -9.968454390764236450e-02 1.454322934150695801e-01 -6.973842382431030273e-01 6.946707367897033691e-01
2.503550720214843750e+01 -5.586816787719726562e+00 -4.735861122608184814e-01 -9.836702048778533936e-02 1.468337774276733398e-01 -6.951993107795715332e-01 6.967508196830749512e-01
2.501814842224121094e+01 -5.552242279052734375e+00 -4.717953503131866455e-01 -9.729909896850585938e-02 1.480254232883453369e-01 -6.927369832992553711e-01 6.990970373153686523e-01
2.500296020507812500e+01 -5.522467136383056641e+00 -4.706100225448608398e-01 -9.559360146522521973e-02 1.481613367795944214e-01 -6.901540160179138184e-01 7.018529772758483887e-01
2.499011230468750000e+01 -5.497490882873535156e+00 -4.696188271045684814e-01 -9.419722855091094971e-02 1.482268273830413818e-01 -6.872611045837402344e-01 7.048601508140563965e-01
2.497960090637207031e+01 -5.477305412292480469e+00 -4.688220024108886719e-01 -9.308493137359619141e-02 1.482406705617904663e-01 -6.840854287147521973e-01 7.080869078636169434e-01
2.497126388549804688e+01 -5.461978435516357422e+00 -4.684213101863861084e-01 -9.223172068595886230e-02 1.482215225696563721e-01 -6.806539297103881836e-01 7.115011215209960938e-01
2.496529769897460938e+01 -5.451410293579101562e+00 -4.681774675846099854e-01 -9.161266684532165527e-02 1.481886655092239380e-01 -6.769941449165344238e-01 7.150708436965942383e-01
2.496173477172851562e+01 -5.445579528808593750e+00 -4.680645763874053955e-01 -9.120278805494308472e-02 1.481606066226959229e-01 -6.731332540512084961e-01 7.187643051147460938e-01
2.496057128906250000e+01 -5.444477558135986328e+00 -4.680831730365753174e-01 -9.097720682621002197e-02 1.481566727161407471e-01 -6.690990924835205078e-01 7.225503921508789062e-01
2.495632743835449219e+01 -5.437260627746582031e+00 -4.678552150726318359e-01 -9.091094136238098145e-02 1.481957435607910156e-01 -6.649203896522521973e-01 7.263980507850646973e-01
2.495595169067382812e+01 -5.437651157379150391e+00 -4.678610265254974365e-01 -9.097930788993835449e-02 1.482972353696823120e-01 -6.606258749961853027e-01 7.302768230438232422e-01
2.495409393310546875e+01 -5.435067176818847656e+00 -4.677325189113616943e-01 -9.115720540285110474e-02 1.484800577163696289e-01 -6.562448740005493164e-01 7.341570854187011719e-01
2.495075416564941406e+01 -5.429500102996826172e+00 -4.674697816371917725e-01 -9.142035990953445435e-02 1.487638950347900391e-01 -6.518076062202453613e-01 7.380098104476928711e-01
2.494592666625976562e+01 -5.420939922332763672e+00 -4.670751988887786865e-01 -9.174421429634094238e-02 1.491682380437850952e-01 -6.473444700241088867e-01 7.418064475059509277e-01
2.493961906433105469e+01 -5.409377098083496094e+00 -4.665481448173522949e-01 -9.210422635078430176e-02 1.497130542993545532e-01 -6.428871154785156250e-01 7.455192208290100098e-01
2.493181991577148438e+01 -5.394804477691650391e+00 -4.658910930156707764e-01 -9.247596561908721924e-02 1.504176110029220581e-01 -6.384670734405517578e-01 7.491211295127868652e-01
2.492252922058105469e+01 -5.377211570739746094e+00 -4.651052653789520264e-01 -9.283506125211715698e-02 1.513020098209381104e-01 -6.341169476509094238e-01 7.525855302810668945e-01
2.491153717041015625e+01 -5.356690406799316406e+00 -4.644537270069122314e-01 -9.315759688615798950e-02 1.523864418268203735e-01 -6.298692226409912109e-01 7.558867931365966797e-01
2.489898300170898438e+01 -5.333165168762207031e+00 -4.637624919414520264e-01 -9.341955184936523438e-02 1.536907851696014404e-01 -6.257572770118713379e-01 7.589991688728332520e-01
2.488488960266113281e+01 -5.306608676910400391e+00 -4.629882574081420898e-01 -9.359648823738098145e-02 1.552351117134094238e-01 -6.218146085739135742e-01 7.618978619575500488e-01
2.486925697326660156e+01 -5.277015209197998047e+00 -4.621325433254241943e-01 -9.366457164287567139e-02 1.570396572351455688e-01 -6.180746555328369141e-01 7.645581960678100586e-01
2.485194587707519531e+01 -5.244445800781250000e+00 -4.613812267780303955e-01 -9.359996020793914795e-02 1.591246724128723145e-01 -6.145709156990051270e-01 7.669556736946105957e-01
2.483272361755371094e+01 -5.208935260772705078e+00 -4.611712396144866943e-01 -9.249314665794372559e-02 1.607770919799804688e-01 -6.115270853042602539e-01 7.691749930381774902e-01
2.481190681457519531e+01 -5.170369625091552734e+00 -4.609451293945312500e-01 -9.122328460216522217e-02 1.625978648662567139e-01 -6.088141202926635742e-01 7.710937261581420898e-01
2.478944969177246094e+01 -5.128756999969482422e+00 -4.607595801353454590e-01 -8.985669910907745361e-02 1.645007729530334473e-01 -6.064743399620056152e-01 7.726927995681762695e-01
2.476494598388671875e+01 -5.084297657012939453e+00 -4.611920118331909180e-01 -8.845911920070648193e-02 1.663980633020401001e-01 -6.045501232147216797e-01 7.739546298980712891e-01
2.473880004882812500e+01 -5.036756038665771484e+00 -4.616488516330718994e-01 -8.709593117237091064e-02 1.682011336088180542e-01 -6.030840873718261719e-01 7.748627066612243652e-01
2.471081542968750000e+01 -4.986227512359619141e+00 -4.624160528182983398e-01 -8.583250641822814941e-02 1.698211133480072021e-01 -6.021182537078857422e-01 7.754012346267700195e-01
2.468078994750976562e+01 -4.932812213897705078e+00 -4.638012647628784180e-01 -8.473443984985351562e-02 1.711694598197937012e-01 -6.016942262649536133e-01 7.755547165870666504e-01
2.464907646179199219e+01 -4.876291275024414062e+00 -4.652529656887054443e-01 -8.386826515197753906e-02 1.721582114696502686e-01 -6.018518805503845215e-01 7.753076553344726562e-01
2.461507225036621094e+01 -4.817018508911132812e+00 -4.677365124225616455e-01 -8.330158889293670654e-02 1.727008670568466187e-01 -6.026307344436645508e-01 7.746427059173583984e-01
2.457929229736328125e+01 -4.754664421081542969e+00 -4.704238772392272949e-01 -8.310362696647644043e-02 1.727127432823181152e-01 -6.040678620338439941e-01 7.735411524772644043e-01
2.454125022888183594e+01 -4.689539909362792969e+00 -4.741409122943878174e-01 -8.334547281265258789e-02 1.721119731664657593e-01 -6.061981916427612305e-01 7.719811201095581055e-01
2.450124549865722656e+01 -4.621425628662109375e+00 -4.783715605735778809e-01 -8.410032093524932861e-02 1.708198338747024536e-01 -6.090540289878845215e-01 7.699356675148010254e-01
2.445888328552246094e+01 -4.550611495971679688e+00 -4.838500916957855225e-01 -8.544377237558364868e-02 1.687619984149932861e-01 -6.126652956008911133e-01 7.673720717430114746e-01
2.441449928283691406e+01 -4.476839065551757812e+00 -4.899871647357940674e-01 -8.745398372411727905e-02 1.658691614866256714e-01 -6.170578002929687500e-01 7.642505168914794922e-01
2.436752128601074219e+01 -4.400570869445800781e+00 -4.979006946086883545e-01 -9.021186828613281250e-02 1.620781272649765015e-01 -6.222538948059082031e-01 7.605211734771728516e-01
2.431849861145019531e+01 -4.321365356445312500e+00 -5.066106915473937988e-01 -9.380041062831878662e-02 1.573337167501449585e-01 -6.282721161842346191e-01 7.561227679252624512e-01
2.426419448852539062e+01 -4.235345363616943359e+00 -5.178701877593994141e-01 -9.830513596534729004e-02 1.515898406505584717e-01 -6.351262331008911133e-01 7.509801983833312988e-01
2.420483016967773438e+01 -4.142307758331298828e+00 -5.315091013908386230e-01 -1.033226549625396729e-01 1.443888843059539795e-01 -6.429207921028137207e-01 7.450699210166931152e-01
2.414017105102539062e+01 -4.042293548583984375e+00 -5.484685897827148438e-01 -1.068307012319564819e-01 1.338186264038085938e-01 -6.520318388938903809e-01 7.386029362678527832e-01
2.407044601440429688e+01 -3.935435056686401367e+00 -5.686315894126892090e-01 -1.108729243278503418e-01 1.214666590094566345e-01 -6.620244383811950684e-01 7.312158346176147461e-01
2.399580574035644531e+01 -3.821850538253784180e+00 -5.927661061286926270e-01 -1.154534295201301575e-01 1.072636991739273071e-01 -6.728280782699584961e-01 7.228189706802368164e-01
2.391654777526855469e+01 -3.701436042785644531e+00 -6.207714676856994629e-01 -1.205001175403594971e-01 9.134240448474884033e-02 -6.842479705810546875e-01 7.134010791778564453e-01
2.383298301696777344e+01 -3.574203491210937500e+00 -6.530151367187500000e-01 -1.259210258722305298e-01 7.388809323310852051e-02 -6.960627436637878418e-01 7.029801607131958008e-01
2.374551010131835938e+01 -3.440101146697998047e+00 -6.898159384727478027e-01 -1.316248923540115356e-01 5.509293451905250549e-02 -7.080583572387695312e-01 6.915872097015380859e-01
2.365462684631347656e+01 -3.299012660980224609e+00 -7.314413189888000488e-01 -1.375214755535125732e-01 3.515480831265449524e-02 -7.200319766998291016e-01 6.792686581611633301e-01
2.356008338928222656e+01 -3.150740623474121094e+00 -7.761654257774353027e-01 -1.435227096080780029e-01 1.427628844976425171e-02 -7.317941784858703613e-01 6.660891175270080566e-01
2.346112823486328125e+01 -2.994908094406127930e+00 -8.205190896987915039e-01 -1.495432853698730469e-01 -7.334366440773010254e-03 -7.431730031967163086e-01 6.521326899528503418e-01
2.335686683654785156e+01 -2.831284523010253906e+00 -8.604797124862670898e-01 -1.555007696151733398e-01 -2.946678176522254944e-02 -7.540155649185180664e-01 6.375042796134948730e-01
2.324648094177246094e+01 -2.659883975982666016e+00 -8.910391330718994141e-01 -1.613173335790634155e-01 -5.190731585025787354e-02 -7.641911506652832031e-01 6.223296523094177246e-01
2.312904739379882812e+01 -2.481544971466064453e+00 -9.025451540946960449e-01 -1.669199913740158081e-01 -7.444357872009277344e-02 -7.735919952392578125e-01 6.067547798156738281e-01
2.300498390197753906e+01 -2.298867940902709961e+00 -8.874401450157165527e-01 -1.722411960363388062e-01 -9.686325490474700928e-02 -7.821347713470458984e-01 5.909448266029357910e-01
2.287575149536132812e+01 -2.115158319473266602e+00 -8.433938622474670410e-01 -1.772186458110809326e-01 -1.189582049846649170e-01 -7.897606492042541504e-01 5.750831365585327148e-01
2.274218177795410156e+01 -1.930862665176391602e+00 -7.784304618835449219e-01 -1.817965656518936157e-01 -1.405247747898101807e-01 -7.964349389076232910e-01 5.593695044517517090e-01
2.260368156433105469e+01 -1.745267868041992188e+00 -6.995983719825744629e-01 -1.859245300292968750e-01 -1.613653451204299927e-01 -8.021464943885803223e-01 5.440168380737304688e-01
2.245821189880371094e+01 -1.555096983909606934e+00 -6.184930205345153809e-01 -1.895581334829330444e-01 -1.812895983457565308e-01 -8.069054484367370605e-01 5.292499065399169922e-01
2.230789947509765625e+01 -1.362970352172851562e+00 -5.551464557647705078e-01 -1.926582455635070801e-01 -2.001150846481323242e-01 -8.107407689094543457e-01 5.153020620346069336e-01
2.215233612060546875e+01 -1.168523073196411133e+00 -5.192806720733642578e-01 -1.951892971992492676e-01 -2.176668792963027954e-01 -8.136968016624450684e-01 5.024138092994689941e-01
2.196466445922851562e+01 -1.006814837455749512e+00 -5.195141434669494629e-01 -1.971202641725540161e-01 -2.337779402732849121e-01 -8.158302903175354004e-01 4.908281862735748291e-01
2.172991180419921875e+01 -9.309797286987304688e-01 -5.530053377151489258e-01 -1.984213739633560181e-01 -2.482875585556030273e-01 -8.172042965888977051e-01 4.807904362678527832e-01
2.148613739013671875e+01 -8.992537260055541992e-01 -5.966565012931823730e-01 -1.990639865398406982e-01 -2.610400319099426270e-01 -8.178842663764953613e-01 4.725431799888610840e-01
2.124186515808105469e+01 -8.809558749198913574e-01 -6.424587965011596680e-01 -1.990414559841156006e-01 -2.719299495220184326e-01 -8.179488182067871094e-01 4.662577509880065918e-01
2.100401115417480469e+01 -8.707664012908935547e-01 -6.880902051925659180e-01 -1.984383463859558105e-01 -2.810401916503906250e-01 -8.175289630889892578e-01 4.618279039859771729e-01
2.077291488647460938e+01 -8.616521358489990234e-01 -7.308200001716613770e-01 -2.013536393642425537e-01 -2.813598513603210449e-01 -8.192347884178161621e-01 4.573266506195068359e-01
2.054842185974121094e+01 -8.540939688682556152e-01 -7.723596096038818359e-01 -2.033297717571258545e-01 -2.810790538787841797e-01 -8.204054236412048340e-01 4.545177221298217773e-01
2.033053779602050781e+01 -8.471459746360778809e-01 -8.126754760742187500e-01 -2.041431963443756104e-01 -2.809629142284393311e-01 -8.208797574043273926e-01 4.533670544624328613e-01
2.011928749084472656e+01 -8.407495021820068359e-01 -8.517630100250244141e-01 -2.039771229028701782e-01 -2.810000181198120117e-01 -8.207597136497497559e-01 4.536362290382385254e-01
1.991469764709472656e+01 -8.348436355590820312e-01 -8.896169662475585938e-01 -2.030012309551239014e-01 -2.811602950096130371e-01 -8.201515674591064453e-01 4.550721943378448486e-01
1.971680450439453125e+01 -8.293648958206176758e-01 -9.262328743934631348e-01 -2.013759613037109375e-01 -2.814023494720458984e-01 -8.191664814949035645e-01 4.574128389358520508e-01
1.952556991577148438e+01 -8.277667164802551270e-01 -9.611840844154357910e-01 -1.992558985948562622e-01 -2.816797494888305664e-01 -8.179199099540710449e-01 4.603917002677917480e-01
1.934093666076660156e+01 -8.352084755897521973e-01 -9.938381910324096680e-01 -1.967940181493759155e-01 -2.819461822509765625e-01 -8.165302276611328125e-01 4.637420177459716797e-01
1.916611099243164062e+01 -8.677690625190734863e-01 -1.021616816520690918e+00 -1.941433548927307129e-01 -2.821587026119232178e-01 -8.151195645332336426e-01 4.671989679336547852e-01
1.900348663330078125e+01 -9.233603477478027344e-01 -1.044339537620544434e+00 -1.914584934711456299e-01 -2.822804749011993408e-01 -8.138111829757690430e-01 4.705025851726531982e-01
1.885203170776367188e+01 -9.911745786666870117e-01 -1.063522338867187500e+00 -1.888985782861709595e-01 -2.822825908660888672e-01 -8.127292394638061523e-01 4.733972549438476562e-01
1.870694351196289062e+01 -1.056051731109619141e+00 -1.081900596618652344e+00 -1.866261214017868042e-01 -2.821439504623413086e-01 -8.119965195655822754e-01 4.756333231925964355e-01
1.856826210021972656e+01 -1.117976069450378418e+00 -1.099453687667846680e+00 -1.848072409629821777e-01 -2.818501591682434082e-01 -8.117333054542541504e-01 4.769651293754577637e-01
1.843604087829589844e+01 -1.176948785781860352e+00 -1.116155028343200684e+00 -1.836125850677490234e-01 -2.813918590545654297e-01 -8.120543956756591797e-01 4.771504998207092285e-01
1.831242179870605469e+01 -1.231884837150573730e+00 -1.131752014160156250e+00 -1.832156926393508911e-01 -2.807609140872955322e-01 -8.130681514739990234e-01 4.759471714496612549e-01
1.819746398925781250e+01 -1.282031178474426270e+00 -1.145444273948669434e+00 -1.857627928256988525e-01 -2.765464186668395996e-01 -8.160325288772583008e-01 4.723400175571441650e-01
1.809117698669433594e+01 -1.328025460243225098e+00 -1.158084392547607422e+00 -1.893021166324615479e-01 -2.723030745983123779e-01 -8.197844624519348145e-01 4.668716788291931152e-01
1.799360847473144531e+01 -1.369863748550415039e+00 -1.169718861579895020e+00 -1.938641071319580078e-01 -2.682064771652221680e-01 -8.243234157562255859e-01 4.593178927898406982e-01
1.790479469299316406e+01 -1.407507300376892090e+00 -1.180385351181030273e+00 -1.994895488023757935e-01 -2.643181681632995605e-01 -8.296284079551696777e-01 4.495068788528442383e-01
1.782476043701171875e+01 -1.441044926643371582e+00 -1.190071702003479004e+00 -2.060869336128234863e-01 -2.605920732021331787e-01 -8.355463743209838867e-01 4.375866949558258057e-01
1.775348663330078125e+01 -1.470512866973876953e+00 -1.198783516883850098e+00 -2.135300934314727783e-01 -2.569559812545776367e-01 -8.418921232223510742e-01 4.237879514694213867e-01
1.769091796875000000e+01 -1.495878100395202637e+00 -1.206479787826538086e+00 -2.216922789812088013e-01 -2.533392906188964844e-01 -8.484835028648376465e-01 4.083471894264221191e-01
1.763691902160644531e+01 -1.516971707344055176e+00 -1.213034391403198242e+00 -2.304482907056808472e-01 -2.496747374534606934e-01 -8.551483154296875000e-01 3.915066421031951904e-01
1.757507705688476562e+01 -1.541573405265808105e+00 -1.220629811286926270e+00 -2.396752834320068359e-01 -2.459002733230590820e-01 -8.617259860038757324e-01 3.735198080539703369e-01
1.750524902343750000e+01 -1.569497823715209961e+00 -1.229144215583801270e+00 -2.492533773183822632e-01 -2.419591397047042847e-01 -8.680738210678100586e-01 3.546493947505950928e-01
1.742704010009765625e+01 -1.600083589553833008e+00 -1.238251566886901855e+00 -2.590670585632324219e-01 -2.378015220165252686e-01 -8.740683794021606445e-01 3.351703882217407227e-01
1.734082412719726562e+01 -1.634248614311218262e+00 -1.248301625251770020e+00 -2.690064907073974609e-01 -2.333842217922210693e-01 -8.796085119247436523e-01 3.153667747974395752e-01
1.724562072753906250e+01 -1.669997096061706543e+00 -1.258431673049926758e+00 -2.789686918258666992e-01 -2.286715805530548096e-01 -8.846163749694824219e-01 2.955325841903686523e-01
1.714213180541992188e+01 -1.709070563316345215e+00 -1.269317626953125000e+00 -2.888570427894592285e-01 -2.236347794532775879e-01 -8.890386223793029785e-01 2.759701311588287354e-01
1.702901077270507812e+01 -1.748410344123840332e+00 -1.279691696166992188e+00 -2.985827922821044922e-01 -2.182518541812896729e-01 -8.928444981575012207e-01 2.569883763790130615e-01
1.690703773498535156e+01 -1.789987444877624512e+00 -1.290315270423889160e+00 -3.080646991729736328e-01 -2.125068306922912598e-01 -8.960264921188354492e-01 2.389007210731506348e-01
1.677514457702636719e+01 -1.831160664558410645e+00 -1.300106525421142578e+00 -3.172290325164794922e-01 -2.063886225223541260e-01 -8.985961079597473145e-01 2.220237553119659424e-01
1.663340568542480469e+01 -1.871907353401184082e+00 -1.309038639068603516e+00 -3.260088264942169189e-01 -1.998898535966873169e-01 -9.005818367004394531e-01 2.066750973463058472e-01
1.648188209533691406e+01 -1.912559151649475098e+00 -1.317209482192993164e+00 -3.343431055545806885e-01 -1.930052042007446289e-01 -9.020245075225830078e-01 1.931717395782470703e-01
1.631953620910644531e+01 -1.949191093444824219e+00 -1.323074579238891602e+00 -3.421747684478759766e-01 -1.857299357652664185e-01 -9.029723405838012695e-01 1.818294227123260498e-01
1.614690971374511719e+01 -1.983049869537353516e+00 -1.327099323272705078e+00 -3.494494259357452393e-01 -1.780578047037124634e-01 -9.034739136695861816e-01 1.729607135057449341e-01
1.596402454376220703e+01 -2.014196157455444336e+00 -1.329363942146301270e+00 -3.561128675937652588e-01 -1.699787229299545288e-01 -9.035729169845581055e-01 1.668741106986999512e-01
1.577073001861572266e+01 -2.041220426559448242e+00 -1.329584002494812012e+00 -3.621078431606292725e-01 -1.614768654108047485e-01 -9.032986164093017578e-01 1.638737618923187256e-01
1.556737899780273438e+01 -2.064125537872314453e+00 -1.328403949737548828e+00 -3.633363544940948486e-01 -1.521977782249450684e-01 -9.044051766395568848e-01 1.639317721128463745e-01
1.535400962829589844e+01 -2.083876371383666992e+00 -1.326217651367187500e+00 -3.643459379673004150e-01 -1.424877494573593140e-01 -9.049758315086364746e-01 1.672357022762298584e-01
1.513071632385253906e+01 -2.099978923797607422e+00 -1.323428034782409668e+00 -3.653056621551513672e-01 -1.324201524257659912e-01 -9.049413800239562988e-01 1.734869927167892456e-01
1.489763927459716797e+01 -2.111901044845581055e+00 -1.320759892463684082e+00 -3.663820624351501465e-01 -1.221024841070175171e-01 -9.042140841484069824e-01 1.823510676622390747e-01
1.465495109558105469e+01 -2.118942022323608398e+00 -1.319454908370971680e+00 -3.677250146865844727e-01 -1.116803735494613647e-01 -9.027069807052612305e-01 1.934577226638793945e-01
1.440291881561279297e+01 -2.120002746582031250e+00 -1.321705937385559082e+00 -3.694530427455902100e-01 -1.013336926698684692e-01 -9.003520011901855469e-01 2.064027637243270874e-01
1.414210033416748047e+01 -2.113094806671142578e+00 -1.331684231758117676e+00 -3.716406524181365967e-01 -9.126807749271392822e-02 -8.971166014671325684e-01 2.207601517438888550e-01
1.387441825866699219e+01 -2.088557004928588867e+00 -1.354956030845642090e+00 -3.743100464344024658e-01 -8.169929683208465576e-02 -8.930149674415588379e-01 2.360960841178894043e-01
1.360345268249511719e+01 -2.034031629562377930e+00 -1.388593435287475586e+00 -3.774295747280120850e-01 -7.283435016870498657e-02 -8.881126642227172852e-01 2.519876360893249512e-01
1.333087635040283203e+01 -1.949711680412292480e+00 -1.422503590583801270e+00 -3.809185922145843506e-01 -6.485386192798614502e-02 -8.825241923332214355e-01 2.680409848690032959e-01
1.305441284179687500e+01 -1.846481084823608398e+00 -1.448512792587280273e+00 -3.846586346626281738e-01 -5.789647251367568970e-02 -8.764037489891052246e-01 2.839051187038421631e-01
1.277079200744628906e+01 -1.735263824462890625e+00 -1.467181324958801270e+00 -3.850335180759429932e-01 -5.051986128091812134e-02 -8.712474107742309570e-01 3.002079427242279053e-01
1.247923564910888672e+01 -1.618788361549377441e+00 -1.480605483055114746e+00 -3.837978839874267578e-01 -4.328376799821853638e-02 -8.664276003837585449e-01 3.164313733577728271e-01
1.217966270446777344e+01 -1.497875928878784180e+00 -1.490837097167968750e+00 -3.823225200176239014e-01 -3.681188821792602539e-02 -8.615472912788391113e-01 3.319799900054931641e-01
1.187198925018310547e+01 -1.372945070266723633e+00 -1.498800277709960938e+00 -3.806883096694946289e-01 -3.120715916156768799e-02 -8.567317128181457520e-01 3.465737998485565186e-01
1.155614566802978516e+01 -1.244269490242004395e+00 -1.504930377006530762e+00 -3.789817988872528076e-01 -2.657325565814971924e-02 -8.521210551261901855e-01 3.599395155906677246e-01
1.123203086853027344e+01 -1.112113118171691895e+00 -1.509379863739013672e+00 -3.772938847541809082e-01 -2.301393449306488037e-02 -8.478657007217407227e-01 3.718108832836151123e-01
1.089949798583984375e+01 -9.768450856208801270e-01 -1.512055039405822754e+00 -3.757179081439971924e-01 -2.063414454460144043e-02 -8.441220521926879883e-01 3.819268643856048584e-01
1.055808544158935547e+01 -8.395977616310119629e-01 -1.511888146400451660e+00 -3.743470609188079834e-01 -1.953755319118499756e-02 -8.410473465919494629e-01 3.900280594825744629e-01
1.020723152160644531e+01 -7.018931508064270020e-01 -1.508066654205322266e+00 -3.732725381851196289e-01 -1.982903480529785156e-02 -8.387929201126098633e-01 3.958544135093688965e-01
9.845228195190429688e+00 -5.686201453208923340e-01 -1.498305678367614746e+00 -3.725613355636596680e-01 -2.157370746135711670e-02 -8.374743461608886719e-01 3.992108404636383057e-01
9.468649864196777344e+00 -4.508706629276275635e-01 -1.486051917076110840e+00 -3.722004294395446777e-01 -2.467833459377288818e-02 -8.370915055274963379e-01 4.001695215702056885e-01
9.073872566223144531e+00 -3.700897097587585449e-01 -1.502590894699096680e+00 -3.721482157707214355e-01 -2.901089191436767578e-02 -8.375988602638244629e-01 3.988638520240783691e-01
8.667422294616699219e+00 -3.275480568408966064e-01 -1.559807419776916504e+00 -3.723560869693756104e-01 -3.443731367588043213e-02 -8.389338254928588867e-01 3.954176306724548340e-01
8.252704620361328125e+00 -2.921224832534790039e-01 -1.627467036247253418e+00 -3.727689981460571289e-01 -4.082401841878890991e-02 -8.410205841064453125e-01 3.899499773979187012e-01
7.828481674194335938e+00 -2.388867139816284180e-01 -1.676518559455871582e+00 -3.733285963535308838e-01 -4.803629219532012939e-02 -8.437741398811340332e-01 3.825749158859252930e-01
7.398686885833740234e+00 -1.512165814638137817e-01 -1.685678720474243164e+00 -3.739733397960662842e-01 -5.593853443861007690e-02 -8.471027612686157227e-01 3.734056651592254639e-01
6.976026535034179688e+00 -1.385467499494552612e-02 -1.633401751518249512e+00 -3.746403753757476807e-01 -6.439436972141265869e-02 -8.509123325347900391e-01 3.625548481941223145e-01
6.561198711395263672e+00 1.547924727201461792e-01 -1.544247150421142578e+00 -3.752672672271728516e-01 -7.326638698577880859e-02 -8.551084995269775391e-01 3.501370549201965332e-01
6.137181758880615234e+00 3.274697661399841309e-01 -1.461624145507812500e+00 -3.757928907871246338e-01 -8.241688460111618042e-02 -8.595984578132629395e-01 3.362702429294586182e-01
5.673435688018798828e+00 3.912306129932403564e-01 -1.459262371063232422e+00 -3.749537169933319092e-01 -9.119172394275665283e-02 -8.647707700729370117e-01 3.213491439819335938e-01
5.259900569915771484e+00 1.568635553121566772e-01 -1.471100449562072754e+00 -3.710779547691345215e-01 -9.897479414939880371e-02 -8.712388873100280762e-01 3.056927919387817383e-01
4.935359954833984375e+00 -2.099525332450866699e-01 -1.457321166992187500e+00 -3.676368594169616699e-01 -1.072089970111846924e-01 -8.775398135185241699e-01 2.885708510875701904e-01
4.662238597869873047e+00 -6.062861680984497070e-01 -1.442506074905395508e+00 -3.647887408733367920e-01 -1.157375052571296692e-01 -8.834865689277648926e-01 2.701583206653594971e-01
4.420552730560302734e+00 -1.012296438217163086e+00 -1.430307865142822266e+00 -3.626689016819000244e-01 -1.243497580289840698e-01 -8.889142274856567383e-01 2.506789863109588623e-01
4.212158203125000000e+00 -1.426536798477172852e+00 -1.419277667999267578e+00 -3.613743185997009277e-01 -1.327905505895614624e-01 -8.936954736709594727e-01 2.303988039493560791e-01
4.039229869842529297e+00 -1.847377300262451172e+00 -1.408518671989440918e+00 -3.609520792961120605e-01 -1.407745033502578735e-01 -8.977527618408203125e-01 2.096092402935028076e-01
3.903019905090332031e+00 -2.272555351257324219e+00 -1.397554636001586914e+00 -3.613929450511932373e-01 -1.480060666799545288e-01 -9.010637998580932617e-01 1.886090636253356934e-01
3.808448314666748047e+00 -2.700272798538208008e+00 -1.386125445365905762e+00 -3.626323938369750977e-01 -1.542001366615295410e-01 -9.036604762077331543e-01 1.676835715770721436e-01
3.734095335006713867e+00 -3.123287200927734375e+00 -1.374784827232360840e+00 -3.645584285259246826e-01 -1.590999215841293335e-01 -9.056211709976196289e-01 1.470870077610015869e-01
3.668146848678588867e+00 -3.538810968399047852e+00 -1.364375829696655273e+00 -3.610496819019317627e-01 -1.624096035957336426e-01 -9.095626473426818848e-01 1.263401210308074951e-01
3.598729133605957031e+00 -3.944811344146728516e+00 -1.354866862297058105e+00 -3.570562899112701416e-01 -1.646306663751602173e-01 -9.133560657501220703e-01 1.057746410369873047e-01
3.519024610519409180e+00 -4.339835166931152344e+00 -1.346464157104492188e+00 -3.525897264480590820e-01 -1.658543944358825684e-01 -9.169919490814208984e-01 8.543255925178527832e-02
3.422017812728881836e+00 -4.721309661865234375e+00 -1.338982224464416504e+00 -3.478475809097290039e-01 -1.635280847549438477e-01 -9.209337234497070312e-01 6.435627490282058716e-02
3.308056592941284180e+00 -5.088122367858886719e+00 -1.332024455070495605e+00 3.427201211452484131e-01 1.564540117979049683e-01 9.253578186035156250e-01 -4.216545820236206055e-02
3.182104349136352539e+00 -5.441773414611816406e+00 -1.326216459274291992e+00 3.368273377418518066e-01 1.501670181751251221e-01 9.292778372764587402e-01 -2.096860110759735107e-02
3.047984600067138672e+00 -5.783092975616455078e+00 -1.321260690689086914e+00 3.302958905696868896e-01 1.446346640586853027e-01 9.327297806739807129e-01 -7.309764623641967773e-04
2.908469200134277344e+00 -6.112831115722656250e+00 -1.316923499107360840e+00 3.232329487800598145e-01 1.398182511329650879e-01 9.357488155364990234e-01 1.858578622341156006e-02
2.765670061111450195e+00 -6.431656360626220703e+00 -1.313003540039062500e+00 3.157295286655426025e-01 1.356763839721679688e-01 9.383689165115356445e-01 3.701945766806602478e-02
2.621313333511352539e+00 -6.740193843841552734e+00 -1.309306621551513672e+00 3.078604638576507568e-01 1.321672648191452026e-01 9.406231045722961426e-01 5.460658669471740723e-02
2.476982355117797852e+00 -7.039096355438232422e+00 -1.305607318878173828e+00 2.996864616870880127e-01 1.292501986026763916e-01 9.425429105758666992e-01 7.138118892908096313e-02
2.334333419799804688e+00 -7.329117298126220703e+00 -1.301511168479919434e+00 2.912552654743194580e-01 1.268872916698455811e-01 9.441587328910827637e-01 8.737276494503021240e-02
2.193300724029541016e+00 -7.610138893127441406e+00 -1.295496463775634766e+00 2.826036214828491211e-01 1.250433623790740967e-01 9.455004334449768066e-01 1.026070937514305115e-01
2.053843975067138672e+00 -7.882007122039794922e+00 -1.285623788833618164e+00 2.737576663494110107e-01 1.236867532134056091e-01 9.465962648391723633e-01 1.171048283576965332e-01
1.913552165031433105e+00 -8.149481773376464844e+00 -1.269482135772705078e+00 2.647354006767272949e-01 1.227888390421867371e-01 9.474742412567138672e-01 1.308830231428146362e-01
1.773552179336547852e+00 -8.412957191467285156e+00 -1.246851205825805664e+00 2.555461525917053223e-01 1.223247051239013672e-01 9.481614828109741211e-01 1.439529359340667725e-01
1.634868144989013672e+00 -8.673017501831054688e+00 -1.219685673713684082e+00 2.461919933557510376e-01 1.222722828388214111e-01 9.486843943595886230e-01 1.563222408294677734e-01
1.500615239143371582e+00 -8.925033569335937500e+00 -1.190702199935913086e+00 2.366693615913391113e-01 1.226122081279754639e-01 9.490690231323242188e-01 1.679938137531280518e-01
1.370860576629638672e+00 -9.169186592102050781e+00 -1.161394953727722168e+00 2.269687950611114502e-01 1.233274638652801514e-01 9.493401646614074707e-01 1.789658069610595703e-01
1.245629906654357910e+00 -9.405575752258300781e+00 -1.132637858390808105e+00 2.170755565166473389e-01 1.244029104709625244e-01 9.495223164558410645e-01 1.892333477735519409e-01
1.125192880630493164e+00 -9.634163856506347656e+00 -1.104437828063964844e+00 2.065118253231048584e-01 1.235938891768455505e-01 9.499291181564331055e-01 1.992785930633544922e-01
1.009232163429260254e+00 -9.855075836181640625e+00 -1.077688932418823242e+00 1.957880258560180664e-01 1.234146505594253540e-01 9.502375721931457520e-01 2.085289210081100464e-01
8.977441191673278809e-01 -1.006830883026123047e+01 -1.052554607391357422e+00 1.849399805068969727e-01 1.238217353820800781e-01 9.504542946815490723e-01 2.170300483703613281e-01
7.907080054283142090e-01 -1.027383995056152344e+01 -1.029086589813232422e+00 1.740024238824844360e-01 1.247711330652236938e-01 9.505828619003295898e-01 2.248280048370361328e-01
6.883178353309631348e-01 -1.047181415557861328e+01 -1.007796883583068848e+00 1.630099117755889893e-01 1.262182295322418213e-01 9.506248235702514648e-01 2.319682389497756958e-01
5.904541015625000000e-01 -1.066212177276611328e+01 -9.885025024414062500e-01 1.519960761070251465e-01 1.281181871891021729e-01 9.505799412727355957e-01 2.384964972734451294e-01
4.967126250267028809e-01 -1.084450435638427734e+01 -9.708486795425415039e-01 1.409942507743835449e-01 1.304260492324829102e-01 9.504471421241760254e-01 2.444584220647811890e-01
4.063439965248107910e-01 -1.101857185363769531e+01 -9.550558328628540039e-01 1.300373077392578125e-01 1.330966502428054810e-01 9.502240419387817383e-01 2.498995512723922729e-01
3.187158107757568359e-01 -1.118391799926757812e+01 -9.406408667564392090e-01 1.191583424806594849e-01 1.360845863819122314e-01 9.499083757400512695e-01 2.548650801181793213e-01
2.344543337821960449e-01 -1.134085464477539062e+01 -9.273306131362915039e-01 1.083893179893493652e-01 1.393449157476425171e-01 9.494975805282592773e-01 2.594014406204223633e-01
1.513610780239105225e-01 -1.148812961578369141e+01 -9.153811335563659668e-01 9.776322543621063232e-02 1.428322643041610718e-01 9.489893317222595215e-01 2.635537385940551758e-01
7.212158292531967163e-02 -1.162719535827636719e+01 -9.041939973831176758e-01 8.731221407651901245e-02 1.465016901493072510e-01 9.483819007873535156e-01 2.673680782318115234e-01
-6.427001673728227615e-03 -1.175616455078125000e+01 -8.940856456756591797e-01 7.706816494464874268e-02 1.503085047006607056e-01 9.476740360260009766e-01 2.708905339241027832e-01
-8.037108927965164185e-02 -1.187733364105224609e+01 -8.846179246902465820e-01 6.706358492374420166e-02 1.542079746723175049e-01 9.468656778335571289e-01 2.741673588752746582e-01
-1.540246605873107910e-01 -1.198791694641113281e+01 -8.760186433792114258e-01 5.733019113540649414e-02 1.581558883190155029e-01 9.459571838378906250e-01 2.772449851036071777e-01
-2.226171791553497314e-01 -1.209099006652832031e+01 -8.680254817008972168e-01 4.789983853697776794e-02 1.621083766222000122e-01 9.449503421783447266e-01 2.801702618598937988e-01
-2.891528308391571045e-01 -1.218440055847167969e+01 -8.606896996498107910e-01 3.880448266863822937e-02 1.660215109586715698e-01 9.438474774360656738e-01 2.829894125461578369e-01
-3.519006371498107910e-01 -1.226937961578369141e+01 -8.539721369743347168e-01 3.007571212947368622e-02 1.698520928621292114e-01 9.426519870758056641e-01 2.857498228549957275e-01
-4.091918766498565674e-01 -1.234711933135986328e+01 -8.478344678878784180e-01 2.174508757889270782e-02 1.735569834709167480e-01 9.413680434226989746e-01 2.884982824325561523e-01
-4.639062285423278809e-01 -1.241530132293701172e+01 -8.422564268112182617e-01 1.384395360946655273e-02 1.770934462547302246e-01 9.400006532669067383e-01 2.912819087505340576e-01
-5.138305425643920898e-01 -1.247558975219726562e+01 -8.370007276535034180e-01 6.098300218582153320e-03 1.794492602348327637e-01 9.387454986572265625e-01 2.941385507583618164e-01
-5.597448348999023438e-01 -1.253114986419677734e+01 -8.321484327316284180e-01 -1.132179051637649536e-03 1.816751360893249512e-01 9.374299049377441406e-01 2.970152199268341064e-01
-6.016589403152465820e-01 -1.258197593688964844e+01 -8.277026414871215820e-01 -7.813904434442520142e-03 1.837610006332397461e-01 9.360822439193725586e-01 2.998679578304290771e-01
-6.414501667022705078e-01 -1.262635517120361328e+01 -8.236242532730102539e-01 -1.391407102346420288e-02 1.856949478387832642e-01 9.347324967384338379e-01 3.026530444622039795e-01
-6.780444383621215820e-01 -1.266526699066162109e+01 -8.199404478073120117e-01 -1.940025761723518372e-02 1.874636411666870117e-01 9.334112405776977539e-01 3.053270280361175537e-01
-7.103649973869323730e-01 -1.269969654083251953e+01 -8.166775107383728027e-01 -2.424072101712226868e-02 1.890523433685302734e-01 9.321494102478027344e-01 3.078458011150360107e-01
-7.384240627288818359e-01 -1.272963809967041016e+01 -8.138387799263000488e-01 -2.840430662035942078e-02 1.904452443122863770e-01 9.309786558151245117e-01 3.101651966571807861e-01
-7.622277736663818359e-01 -1.275508022308349609e+01 -8.114260435104370117e-01 -3.185989707708358765e-02 1.916256248950958252e-01 9.299300909042358398e-01 3.122410476207733154e-01
-7.817907333374023438e-01 -1.277601146697998047e+01 -8.094418048858642578e-01 -3.457717597484588623e-02 1.925762593746185303e-01 9.290347695350646973e-01 3.140275478363037109e-01
-7.971227765083312988e-01 -1.279242420196533203e+01 -8.078884482383728027e-01 -3.652572631835937500e-02 1.932795941829681396e-01 9.283221364021301270e-01 3.154787123203277588e-01
-8.082348704338073730e-01 -1.280430603027343750e+01 -8.067672252655029297e-01 -3.767525404691696167e-02 1.937182545661926270e-01 9.278207421302795410e-01 3.165476322174072266e-01
-8.151354789733886719e-01 -1.281164932250976562e+01 -8.060793876647949219e-01 -3.799543529748916626e-02 1.938754022121429443e-01 9.275569319725036621e-01 3.171858191490173340e-01
-8.178381323814392090e-01 -1.281444168090820312e+01 -8.058267235755920410e-01 -3.745568171143531799e-02 1.937350928783416748e-01 9.275540113449096680e-01 3.173439502716064453e-01
-8.188903331756591797e-01 -1.281527709960937500e+01 -8.057635426521301270e-01 -3.602486476302146912e-02 1.932830065488815308e-01 9.278326034545898438e-01 3.169710934162139893e-01
-8.244164586067199707e-01 -1.282033920288085938e+01 -8.053042292594909668e-01 -3.367121890187263489e-02 1.925065219402313232e-01 9.284085631370544434e-01 3.160141408443450928e-01
-8.348827958106994629e-01 -1.282915401458740234e+01 -8.044396638870239258e-01 -3.036251291632652283e-02 1.913958191871643066e-01 9.292938113212585449e-01 3.144181072711944580e-01
-8.500524759292602539e-01 -1.284196949005126953e+01 -8.031728863716125488e-01 -2.606547251343727112e-02 1.899441331624984741e-01 9.304941296577453613e-01 3.121257722377777100e-01
-8.699365258216857910e-01 -1.285878372192382812e+01 -8.015014529228210449e-01 -2.074612677097320557e-02 1.881484389305114746e-01 9.320092201232910156e-01 3.090767264366149902e-01
-8.945544362068176270e-01 -1.287959098815917969e+01 -7.994219660758972168e-01 -1.436984539031982422e-02 1.860103607177734375e-01 9.338318109512329102e-01 3.052077293395996094e-01
-9.239221215248107910e-01 -1.290438365936279297e+01 -7.969301939010620117e-01 -6.901610642671585083e-03 1.835369169712066650e-01 9.359463453292846680e-01 3.004511892795562744e-01
-9.580078125000000000e-01 -1.293304824829101562e+01 -7.936788797378540039e-01 1.227069646120071411e-03 1.793815046548843384e-01 9.385796189308166504e-01 2.947693467140197754e-01
-9.968175888061523438e-01 -1.296572017669677734e+01 -7.899420261383056641e-01 1.025221124291419983e-02 1.747523993253707886e-01 9.414101243019104004e-01 2.882768809795379639e-01
-1.043024897575378418e+00 -1.300492382049560547e+01 -7.854614257812500000e-01 2.000085636973381042e-02 1.697313934564590454e-01 9.443364143371582031e-01 2.811048626899719238e-01
-1.098177433013916016e+00 -1.304888534545898438e+01 -7.802178859710693359e-01 3.029963187873363495e-02 1.644022911787033081e-01 9.472658038139343262e-01 2.733880281448364258e-01
-1.161523461341857910e+00 -1.309845638275146484e+01 -7.742168903350830078e-01 4.097441956400871277e-02 1.588513106107711792e-01 9.501168727874755859e-01 2.652644515037536621e-01
-1.232458472251892090e+00 -1.315431690216064453e+01 -7.674667239189147949e-01 5.185112729668617249e-02 1.531669944524765015e-01 9.528198242187500000e-01 2.568771541118621826e-01
-1.311479449272155762e+00 -1.321582889556884766e+01 -7.599752545356750488e-01 6.275662034749984741e-02 1.474402397871017456e-01 9.553188681602478027e-01 2.483721673488616943e-01
-1.400157451629638672e+00 -1.328100681304931641e+01 -7.517535090446472168e-01 7.351711392402648926e-02 1.417646408081054688e-01 9.575729966163635254e-01 2.399000227451324463e-01
-1.496547818183898926e+00 -1.335225296020507812e+01 -7.428216338157653809e-01 8.396092057228088379e-02 1.362355053424835205e-01 9.595546126365661621e-01 2.316146343946456909e-01
-1.602373003959655762e+00 -1.342722415924072266e+01 -7.332168221473693848e-01 9.391783177852630615e-02 1.309499889612197876e-01 9.612501859664916992e-01 2.236727476119995117e-01
-1.716804146766662598e+00 -1.350699043273925781e+01 -7.229580283164978027e-01 1.032181978225708008e-01 1.260069608688354492e-01 9.626582264900207520e-01 2.162341624498367310e-01
-1.840612769126892090e+00 -1.359034538269042969e+01 -7.121044993400573730e-01 1.116957366466522217e-01 1.215059086680412292e-01 9.637877941131591797e-01 2.094594240188598633e-01
-1.973098158836364746e+00 -1.367824459075927734e+01 -7.006716728210449219e-01 1.191838607192039490e-01 1.175473406910896301e-01 9.646558761596679688e-01 2.035115659236907959e-01
-2.115560293197631836e+00 -1.376863002777099609e+01 -6.887735128402709961e-01 1.255188733339309692e-01 1.142316237092018127e-01 9.652836918830871582e-01 1.985528171062469482e-01
-2.267050743103027344e+00 -1.386281204223632812e+01 -6.764492392539978027e-01 1.305364668369293213e-01 1.116592586040496826e-01 9.656948447227478027e-01 1.947458386421203613e-01
-2.427789211273193359e+00 -1.396038341522216797e+01 -6.638274788856506348e-01 1.340737640857696533e-01 1.099298596382141113e-01 9.659082889556884766e-01 1.922517269849777222e-01
-2.596154689788818359e+00 -1.406394004821777344e+01 -6.512637138366699219e-01 1.359661072492599487e-01 1.091420575976371765e-01 9.659359455108642578e-01 1.912303566932678223e-01
-2.764050245285034180e+00 -1.418524646759033203e+01 -6.397390365600585938e-01 1.360480636358261108e-01 1.093927249312400818e-01 9.657753705978393555e-01 1.918386518955230713e-01
-2.918926954269409180e+00 -1.433697986602783203e+01 -6.301965117454528809e-01 1.341503858566284180e-01 1.107768490910530090e-01 9.654051065444946289e-01 1.942295283079147339e-01
-3.055059671401977539e+00 -1.451845073699951172e+01 -6.226159334182739258e-01 1.301018595695495605e-01 1.133859604597091675e-01 9.647770524024963379e-01 1.985508650541305542e-01
-3.179055213928222656e+00 -1.472039794921875000e+01 -6.161407232284545898e-01 1.237902045249938965e-01 1.172700077295303345e-01 9.638184309005737305e-01 2.048844099044799805e-01
-3.298282384872436523e+00 -1.493668174743652344e+01 -6.100842356681823730e-01 1.153590083122253418e-01 1.223225519061088562e-01 9.624611139297485352e-01 2.130680382251739502e-01
-3.416367053985595703e+00 -1.516489124298095703e+01 -6.041213870048522949e-01 1.050149500370025635e-01 1.283968985080718994e-01 9.606313705444335938e-01 2.228752672672271729e-01
-3.534058809280395508e+00 -1.540447807312011719e+01 -5.981094241142272949e-01 9.296661615371704102e-02 1.353444755077362061e-01 9.582519531250000000e-01 2.340774685144424438e-01
-3.653618097305297852e+00 -1.565424156188964844e+01 -5.918771028518676758e-01 7.942660152912139893e-02 1.430155634880065918e-01 9.552504420280456543e-01 2.464440613985061646e-01
-3.775339365005493164e+00 -1.591404151916503906e+01 -5.853435993194580078e-01 6.461082398891448975e-02 1.512606292963027954e-01 9.515662193298339844e-01 2.597449719905853271e-01
-3.899111270904541016e+00 -1.618392372131347656e+01 -5.784277319908142090e-01 4.873974621295928955e-02 1.599310338497161865e-01 9.471573829650878906e-01 2.737506628036499023e-01
-4.024715423583984375e+00 -1.646396636962890625e+01 -5.710125565528869629e-01 3.203918412327766418e-02 1.688799858093261719e-01 9.420045018196105957e-01 2.882366478443145752e-01
-4.152707576751708984e+00 -1.675382804870605469e+01 -5.628753304481506348e-01 1.454314962029457092e-02 1.773624569177627563e-01 9.362300634384155273e-01 3.029922842979431152e-01
-4.282763481140136719e+00 -1.705347061157226562e+01 -5.535546541213989258e-01 -4.040170460939407349e-03 1.838008463382720947e-01 9.301754832267761230e-01 3.177646696567535400e-01
-4.414415359497070312e+00 -1.736332893371582031e+01 -5.435464382171630859e-01 -2.264311164617538452e-02 1.906903535127639771e-01 9.234215021133422852e-01 3.322907984256744385e-01
-4.546331882476806641e+00 -1.768390846252441406e+01 -5.325213670730590820e-01 -4.098918288946151733e-02 1.979305893182754517e-01 9.160466194152832031e-01 3.464127480983734131e-01
-4.676010608673095703e+00 -1.801613616943359375e+01 -5.199356079101562500e-01 -5.880896002054214478e-02 2.054043412208557129e-01 9.081625938415527344e-01 3.599878251552581787e-01
-4.798332214355468750e+00 -1.836171150207519531e+01 -5.050582885742187500e-01 -7.584384083747863770e-02 2.129788696765899658e-01 8.999139666557312012e-01 3.728838860988616943e-01
-4.900838375091552734e+00 -1.872395324707031250e+01 -4.868060052394866943e-01 -9.185076504945755005e-02 2.205073982477188110e-01 8.914774656295776367e-01 3.849776387214660645e-01
-5.071588039398193359e+00 -1.904039955139160156e+01 -5.725854635238647461e-01 -1.066045835614204407e-01 2.278302311897277832e-01 8.830596208572387695e-01 3.961498439311981201e-01
-5.250054836273193359e+00 -1.929443359375000000e+01 -8.159307837486267090e-01 -1.199004128575325012e-01 2.347761541604995728e-01 8.748933076858520508e-01 4.062827229499816895e-01
-5.420909404754638672e+00 -1.953331565856933594e+01 -1.094151020050048828e+00 -1.315551400184631348e-01 2.411641776561737061e-01 8.672354221343994141e-01 4.152538180351257324e-01
-5.591496467590332031e+00 -1.976959609985351562e+01 -1.388749361038208008e+00 -1.414048373699188232e-01 2.468063533306121826e-01 8.603582978248596191e-01 4.229359328746795654e-01
-5.764291763305664062e+00 -2.000733184814453125e+01 -1.694628596305847168e+00 -1.493017077445983887e-01 2.515110075473785400e-01 8.545434474945068359e-01 4.291929304599761963e-01
-5.940388202667236328e+00 -2.024790954589843750e+01 -2.009298324584960938e+00 -1.561473608016967773e-01 2.532032728195190430e-01 8.506002426147460938e-01 4.335725307464599609e-01
-6.290874004364013672e+00 -2.046487045288085938e+01 -2.072244167327880859e+00 -1.610963940620422363e-01 2.538874745368957520e-01 8.479762077331542969e-01 4.364921748638153076e-01
-6.690798282623291016e+00 -2.067824745178222656e+01 -2.074685096740722656e+00 -1.640663743019104004e-01 2.535818517208099365e-01 8.466802835464477539e-01 4.380765259265899658e-01
-7.101003170013427734e+00 -2.089337921142578125e+01 -2.077308416366577148e+00 -1.646668314933776855e-01 2.521726489067077637e-01 8.468021750450134277e-01 4.384288787841796875e-01
-7.522260665893554688e+00 -2.110860061645507812e+01 -2.079962968826293945e+00 -1.654772758483886719e-01 2.507572174072265625e-01 8.474060297012329102e-01 4.377681910991668701e-01
-7.956127643585205078e+00 -2.132075691223144531e+01 -2.082658529281616211e+00 -1.649632751941680908e-01 2.487487792968750000e-01 8.489411473274230957e-01 4.361307024955749512e-01
-8.404433250427246094e+00 -2.152560043334960938e+01 -2.085330724716186523e+00 -1.626808047294616699e-01 2.460044920444488525e-01 8.514742255210876465e-01 4.335994422435760498e-01
-8.861930847167968750e+00 -2.171592330932617188e+01 -2.087818861007690430e+00 -1.593860089778900146e-01 2.428707182407379150e-01 8.546631336212158203e-01 4.303031563758850098e-01
-9.330568313598632812e+00 -2.188486099243164062e+01 -2.089981079101562500e+00 -1.552219092845916748e-01 2.394433617591857910e-01 8.583720922470092773e-01 4.263453185558319092e-01
-9.806672096252441406e+00 -2.201533699035644531e+01 -2.091506958007812500e+00 -1.503318101167678833e-01 2.358188331127166748e-01 8.624667525291442871e-01 4.218302369117736816e-01
-1.028969955444335938e+01 -2.209267616271972656e+01 -2.092130422592163086e+00 -1.448601037263870239e-01 2.320948988199234009e-01 8.668169379234313965e-01 4.168642759323120117e-01
-1.077404975891113281e+01 -2.211469650268554688e+01 -2.091856718063354492e+00 -1.389522403478622437e-01 2.283710241317749023e-01 8.712977170944213867e-01 4.115571975708007812e-01
-1.125293445587158203e+01 -2.207497596740722656e+01 -2.090661287307739258e+00 -1.327551752328872681e-01 2.247487455606460571e-01 8.757911920547485352e-01 4.060219228267669678e-01
-1.172060775756835938e+01 -2.198394012451171875e+01 -2.088826179504394531e+00 -1.264170706272125244e-01 2.213315665721893311e-01 8.801879286766052246e-01 4.003751277923583984e-01
-1.217427444458007812e+01 -2.185300254821777344e+01 -2.086757183074951172e+00 -1.200872659683227539e-01 2.182254493236541748e-01 8.843860626220703125e-01 3.947379589080810547e-01
-1.261937236785888672e+01 -2.170939636230468750e+01 -2.085112333297729492e+00 -1.139162927865982056e-01 2.155381590127944946e-01 8.882920145988464355e-01 3.892347514629364014e-01
-1.305732345581054688e+01 -2.155891609191894531e+01 -2.084042310714721680e+00 -1.080550551414489746e-01 2.133792638778686523e-01 8.918195962905883789e-01 3.839936852455139160e-01
-1.348842048645019531e+01 -2.140297126770019531e+01 -2.083472490310668945e+00 -1.026558578014373779e-01 2.118597626686096191e-01 8.948894143104553223e-01 3.791438937187194824e-01
-1.389283943176269531e+01 -2.131040954589843750e+01 -2.022964715957641602e+00 -9.787024557590484619e-02 2.110915780067443848e-01 8.974259495735168457e-01 3.748177587985992432e-01
-1.421577644348144531e+01 -2.145624542236328125e+01 -1.748958706855773926e+00 -9.385041147470474243e-02 2.111872285604476929e-01 8.993562459945678711e-01 3.711473941802978516e-01
-1.452386474609375000e+01 -2.162503433227539062e+01 -1.478948354721069336e+00 -9.071721136569976807e-02 2.122214734554290771e-01 9.006276130676269531e-01 3.682424128055572510e-01
-1.480373001098632812e+01 -2.183682060241699219e+01 -1.216681838035583496e+00 -8.846773207187652588e-02 2.141176909208297729e-01 9.012674093246459961e-01 3.661204874515533447e-01
-1.502722358703613281e+01 -2.211739158630371094e+01 -9.744824171066284180e-01 -8.760406821966171265e-02 2.154346853494644165e-01 9.016357660293579102e-01 3.646455705165863037e-01
-1.517914962768554688e+01 -2.245805549621582031e+01 -7.656463384628295898e-01 -8.831040561199188232e-02 2.155051827430725098e-01 9.019096493721008301e-01 3.637548685073852539e-01
-1.525229454040527344e+01 -2.284097862243652344e+01 -6.010531187057495117e-01 -8.984807133674621582e-02 2.159666419029235840e-01 9.017103314399719238e-01 3.635988831520080566e-01
-1.525713825225830078e+01 -2.324245262145996094e+01 -4.800872802734375000e-01 -9.215197712182998657e-02 2.167980521917343140e-01 9.010493159294128418e-01 3.641658127307891846e-01
-1.521826362609863281e+01 -2.364650535583496094e+01 -3.897344768047332764e-01 -9.515523910522460938e-02 2.179816961288452148e-01 8.999332785606384277e-01 3.654440641403198242e-01
-1.515221118927001953e+01 -2.405611801147460938e+01 -3.172198534011840820e-01 -9.878779202699661255e-02 2.195027768611907959e-01 8.983647227287292480e-01 3.674241602420806885e-01
-1.506405258178710938e+01 -2.446918106079101562e+01 -2.595168948173522949e-01 -1.029762774705886841e-01 2.213488221168518066e-01 8.963412642478942871e-01 3.700986802577972412e-01
-1.495905494689941406e+01 -2.488466835021972656e+01 -2.131463587284088135e-01 -1.076424568891525269e-01 2.235097885131835938e-01 8.938568830490112305e-01 3.734652101993560791e-01
-1.484527778625488281e+01 -2.530346107482910156e+01 -1.720440685749053955e-01 -1.127035617828369141e-01 2.259773910045623779e-01 8.909024596214294434e-01 3.775245249271392822e-01
-1.472144031524658203e+01 -2.572512435913085938e+01 -1.372769176959991455e-01 -1.180703267455101013e-01 2.287445813417434692e-01 8.874655365943908691e-01 3.822827041149139404e-01
-1.458952331542968750e+01 -2.614977455139160156e+01 -1.073852479457855225e-01 -1.236463710665702820e-01 2.318053245544433594e-01 8.835307359695434570e-01 3.877514302730560303e-01
-1.445324897766113281e+01 -2.657831764221191406e+01 -7.944030314683914185e-02 -1.293273419141769409e-01 2.351538687944412231e-01 8.790802955627441406e-01 3.939478993415832520e-01
-1.431072711944580078e+01 -2.701018905639648438e+01 -5.497802793979644775e-02 -1.349999010562896729e-01 2.387839257717132568e-01 8.740941882133483887e-01 4.008944630622863770e-01
-1.414957046508789062e+01 -2.744050407409667969e+01 -3.475891053676605225e-02 -1.405405849218368530e-01 2.426875531673431396e-01 8.685516715049743652e-01 4.086184799671173096e-01
-1.393864440917968750e+01 -2.784840011596679688e+01 -2.672271616756916046e-02 -1.458150744438171387e-01 2.468534409999847412e-01 8.624307513236999512e-01 4.171503186225891113e-01
-1.353438186645507812e+01 -2.803711891174316406e+01 -7.438872754573822021e-02 -1.506772339344024658e-01 2.512650787830352783e-01 8.557102084159851074e-01 4.265236258506774902e-01
-1.307004833221435547e+01 -2.811603546142578125e+01 -1.270233094692230225e-01 -1.549686938524246216e-01 2.558979094028472900e-01 8.483697772026062012e-01 4.367717504501342773e-01
-1.259805107116699219e+01 -2.818983840942382812e+01 -1.564160138368606567e-01 -1.585196554660797119e-01 2.607156932353973389e-01 8.403940796852111816e-01 4.479247033596038818e-01
-1.212003421783447266e+01 -2.825638580322265625e+01 -1.607388257980346680e-01 -1.598945260047912598e-01 2.537037134170532227e-01 8.368507623672485352e-01 4.579835832118988037e-01
-1.163678646087646484e+01 -2.831858062744140625e+01 -1.460076868534088135e-01 -1.620430350303649902e-01 2.454094737768173218e-01 8.329691886901855469e-01 4.686988592147827148e-01
-1.114897155761718750e+01 -2.837854385375976562e+01 -1.187942475080490112e-01 -1.650047898292541504e-01 2.359829396009445190e-01 8.286874294281005859e-01 4.799610078334808350e-01
-1.065680408477783203e+01 -2.843800163269042969e+01 -8.426482975482940674e-02 -1.688079535961151123e-01 2.255910634994506836e-01 8.239547014236450195e-01 4.916411936283111572e-01
-1.016036128997802734e+01 -2.849792480468750000e+01 -4.475921392440795898e-02 -1.734643578529357910e-01 2.144158184528350830e-01 8.187367320060729980e-01 5.035931468009948730e-01
-9.666316032409667969e+00 -2.855862808227539062e+01 -2.536926185712218285e-03 -1.789645403623580933e-01 2.026504278182983398e-01 8.130201101303100586e-01 5.156574845314025879e-01
-9.174684524536132812e+00 -2.862118911743164062e+01 4.016601294279098511e-02 -1.852746456861495972e-01 1.904940456151962280e-01 8.068170547485351562e-01 5.276662111282348633e-01
-8.685537338256835938e+00 -2.868694305419921875e+01 8.127532899379730225e-02 -1.923345774412155151e-01 1.781451702117919922e-01 8.001655936241149902e-01 5.394503474235534668e-01
-8.198183059692382812e+00 -2.875255584716796875e+01 1.161962896585464478e-01 -2.000583112239837646e-01 1.657948642969131470e-01 7.931308746337890625e-01 5.508467555046081543e-01
-7.711440086364746094e+00 -2.880925941467285156e+01 1.396194398403167725e-01 -2.083364278078079224e-01 1.536195576190948486e-01 7.858011722564697266e-01 5.617059469223022461e-01
-7.224916934967041016e+00 -2.884704208374023438e+01 1.461306661367416382e-01 -2.170401960611343384e-01 1.417752802371978760e-01 7.782848477363586426e-01 5.718969106674194336e-01
-6.739726543426513672e+00 -2.886083984375000000e+01 1.344470232725143433e-01 -2.260272800922393799e-01 1.303943246603012085e-01 7.707042098045349121e-01 5.813123583793640137e-01
-6.257490158081054688e+00 -2.885161590576171875e+01 1.070748865604400635e-01 -2.351476848125457764e-01 1.195817589759826660e-01 7.631891369819641113e-01 5.898712277412414551e-01
-5.779611587524414062e+00 -2.881954002380371094e+01 6.552276760339736938e-02 -2.442492395639419556e-01 1.094173341989517212e-01 7.558720707893371582e-01 5.975176692008972168e-01
-5.305971622467041016e+00 -2.877195549011230469e+01 1.693176291882991791e-02 -2.531836032867431641e-01 9.995575249195098877e-02 7.488819956779479980e-01 6.042206287384033203e-01
-4.836323261260986328e+00 -2.871176719665527344e+01 -3.493072465062141418e-02 -2.618092000484466553e-01 9.123141318559646606e-02 7.423405051231384277e-01 6.099699139595031738e-01
-4.370084285736083984e+00 -2.863984489440917969e+01 -8.748748898506164551e-02 -2.699939310550689697e-01 8.326228708028793335e-02 7.363597154617309570e-01 6.147723197937011719e-01
-3.907269239425659180e+00 -2.855601501464843750e+01 -1.382360756397247314e-01 -2.776166796684265137e-01 7.605454325675964355e-02 7.310405969619750977e-01 6.186472177505493164e-01
-3.448148012161254883e+00 -2.845890998840332031e+01 -1.841952502727508545e-01 -2.845669984817504883e-01 6.960795074701309204e-02 7.264728546142578125e-01 6.216217279434204102e-01
-2.993541240692138672e+00 -2.834544563293457031e+01 -2.210278213024139404e-01 -2.907440364360809326e-01 6.392011791467666626e-02 7.227366566658020020e-01 6.237257719039916992e-01
-2.545651912689208984e+00 -2.820973396301269531e+01 -2.411538660526275635e-01 -2.937716543674468994e-01 5.657866597175598145e-02 7.201278805732727051e-01 6.260294318199157715e-01
-2.110987424850463867e+00 -2.803918075561523438e+01 -2.346264570951461792e-01 -2.958177328109741211e-01 5.084175616502761841e-02 7.181926369667053223e-01 6.277787685394287109e-01
-1.696536779403686523e+00 -2.782990455627441406e+01 -2.019393891096115112e-01 -2.940536141395568848e-01 4.992640018463134766e-02 7.166413664817810059e-01 6.304482221603393555e-01
-1.315726280212402344e+00 -2.757077026367187500e+01 -1.471624672412872314e-01 -2.926765680313110352e-01 4.903759807348251343e-02 7.157238721847534180e-01 6.321985721588134766e-01
-1.007805109024047852e+00 -2.723418807983398438e+01 -1.364431679248809814e-01 -2.916616797447204590e-01 4.822616279125213623e-02 7.153256535530090332e-01 6.331799030303955078e-01
-9.686254858970642090e-01 -2.677831649780273438e+01 -1.479974389076232910e-01 -2.909799814224243164e-01 4.753192514181137085e-02 7.153329849243164062e-01 6.335377693176269531e-01
-1.008397221565246582e+00 -2.632065391540527344e+01 -1.289361566305160522e-01 -2.906003594398498535e-01 4.698665440082550049e-02 7.156338691711425781e-01 6.334128379821777344e-01
-1.065440654754638672e+00 -2.586674499511718750e+01 -9.954101592302322388e-02 -2.904901206493377686e-01 4.661702364683151245e-02 7.161175012588500977e-01 6.329439878463745117e-01
-1.133426547050476074e+00 -2.541609764099121094e+01 -6.675323098897933960e-02 -2.906159460544586182e-01 4.644653201103210449e-02 7.166751623153686523e-01 6.322672963142395020e-01
-1.211423277854919434e+00 -2.496869659423828125e+01 -3.352508321404457092e-02 -2.909442484378814697e-01 4.649738967418670654e-02 7.171990275382995605e-01 6.315179467201232910e-01
-1.301201105117797852e+00 -2.452502632141113281e+01 -2.044677734375000000e-03 -2.914417386054992676e-01 4.679223150014877319e-02 7.175824046134948730e-01 6.308310031890869141e-01
-1.408574223518371582e+00 -2.408666992187500000e+01 2.394256554543972015e-02 -2.920754849910736084e-01 4.735488444566726685e-02 7.177193164825439453e-01 6.303398609161376953e-01
-1.535422325134277344e+00 -2.365480613708496094e+01 3.920715302228927612e-02 -2.928130030632019043e-01 4.821147024631500244e-02 7.175036668777465820e-01 6.301783323287963867e-01
-1.676638126373291016e+00 -2.322893714904785156e+01 3.995910659432411194e-02 -2.936222255229949951e-01 4.939104616641998291e-02 7.168279290199279785e-01 6.304793953895568848e-01
-1.822789311408996582e+00 -2.280677032470703125e+01 2.726013213396072388e-02 -2.944708764553070068e-01 5.092535167932510376e-02 7.155830860137939453e-01 6.313748955726623535e-01
-1.966589331626892090e+00 -2.238610267639160156e+01 5.114745814353227615e-03 -2.953261733055114746e-01 5.284903198480606079e-02 7.136572003364562988e-01 6.329950690269470215e-01
-2.105906963348388672e+00 -2.196621704101562500e+01 -2.258392237126827240e-02 -2.961536049842834473e-01 5.519887059926986694e-02 7.109335660934448242e-01 6.354678869247436523e-01
-2.241213321685791016e+00 -2.154726982116699219e+01 -5.373870581388473511e-02 -2.969165444374084473e-01 5.801359564065933228e-02 7.072902917861938477e-01 6.389175057411193848e-01
-2.372585296630859375e+00 -2.112941932678222656e+01 -8.756256103515625000e-02 -2.971020340919494629e-01 6.184680014848709106e-02 7.025523185729980469e-01 6.436812877655029297e-01
-2.499980449676513672e+00 -2.071283721923828125e+01 -1.236602738499641418e-01 -2.960162460803985596e-01 6.740293651819229126e-02 6.965063810348510742e-01 6.501615643501281738e-01
-2.623532772064208984e+00 -2.029742431640625000e+01 -1.611535549163818359e-01 -2.938817441463470459e-01 7.206469774246215820e-02 6.892543435096740723e-01 6.583073735237121582e-01
-2.743133544921875000e+00 -1.988301467895507812e+01 -1.998452693223953247e-01 -2.917740941047668457e-01 7.698198407888412476e-02 6.807094216346740723e-01 6.675150990486145020e-01
-2.858592510223388672e+00 -1.946953201293945312e+01 -2.395526021718978882e-01 -2.896848022937774658e-01 8.211458474397659302e-02 6.709192395210266113e-01 6.776484251022338867e-01
-2.969628810882568359e+00 -1.905688476562500000e+01 -2.801510691642761230e-01 -2.876064181327819824e-01 8.742576837539672852e-02 6.599345803260803223e-01 6.885678172111511230e-01
-3.076481819152832031e+00 -1.864512634277343750e+01 -3.215627968311309814e-01 -2.855312228202819824e-01 9.288235753774642944e-02 6.478095650672912598e-01 7.001338005065917969e-01
-3.179944992065429688e+00 -1.823444747924804688e+01 -3.637496829032897949e-01 -2.834521830081939697e-01 9.845457226037979126e-02 6.346040964126586914e-01 7.122071981430053711e-01
-3.280746936798095703e+00 -1.782500267028808594e+01 -4.067095816135406494e-01 -2.813617587089538574e-01 1.041157767176628113e-01 6.203842759132385254e-01 7.246508598327636719e-01
-3.379609346389770508e+00 -1.741693878173828125e+01 -4.504776000976562500e-01 -2.792521119117736816e-01 1.098419576883316040e-01 6.052242517471313477e-01 7.373306751251220703e-01
-3.477329015731811523e+00 -1.701041221618652344e+01 -4.951373040676116943e-01 -2.771149873733520508e-01 1.156111732125282288e-01 5.892066359519958496e-01 7.501178383827209473e-01
-3.574875354766845703e+00 -1.660562133789062500e+01 -5.408371090888977051e-01 -2.749407887458801270e-01 1.214036345481872559e-01 5.724229216575622559e-01 7.628896832466125488e-01
-3.673565626144409180e+00 -1.620287132263183594e+01 -5.878283381462097168e-01 -2.727200686931610107e-01 1.271999925374984741e-01 5.549737811088562012e-01 7.755307555198669434e-01
-3.775389432907104492e+00 -1.580266284942626953e+01 -6.365383863449096680e-01 -2.704420685768127441e-01 1.329818964004516602e-01 5.369686484336853027e-01 7.879350185394287109e-01
-3.873342275619506836e+00 -1.540335750579833984e+01 -6.875738501548767090e-01 -2.680959701538085938e-01 1.387304216623306274e-01 5.185262560844421387e-01 8.000056147575378418e-01
-3.933373928070068359e+00 -1.499916744232177734e+01 -7.417824864387512207e-01 -2.656715512275695801e-01 1.444262564182281494e-01 4.997729063034057617e-01 8.116567730903625488e-01
-3.916929960250854492e+00 -1.459411430358886719e+01 -7.970547080039978027e-01 -2.631588578224182129e-01 1.500485539436340332e-01 4.808420836925506592e-01 8.228144645690917969e-01
-3.805185556411743164e+00 -1.420543766021728516e+01 -8.494051694869995117e-01 -2.605504393577575684e-01 1.555749177932739258e-01 4.618733525276184082e-01 8.334164023399353027e-01
-3.620618820190429688e+00 -1.384601879119873047e+01 -8.961193561553955078e-01 -2.578399181365966797e-01 1.609818935394287109e-01 4.430105984210968018e-01 8.434126973152160645e-01
-3.393223762512207031e+00 -1.351254463195800781e+01 -9.378640651702880859e-01 -2.550249695777893066e-01 1.662438809871673584e-01 4.244015812873840332e-01 8.527652025222778320e-01
-3.145290374755859375e+00 -1.319541740417480469e+01 -9.770889282226562500e-01 -2.521069049835205078e-01 1.713336706161499023e-01 4.061973392963409424e-01 8.614468574523925781e-01
-2.884514093399047852e+00 -1.289032554626464844e+01 -1.014877557754516602e+00 -2.490912973880767822e-01 1.762233674526214600e-01 3.885484337806701660e-01 8.694416880607604980e-01
-2.613511800765991211e+00 -1.259640121459960938e+01 -1.051824927330017090e+00 -2.447426915168762207e-01 1.783361732959747314e-01 3.712895214557647705e-01 8.777478933334350586e-01
-2.336196184158325195e+00 -1.231035614013671875e+01 -1.088586091995239258e+00 -2.404948920011520386e-01 1.798287034034729004e-01 3.546853363513946533e-01 8.854501247406005859e-01
-2.054117441177368164e+00 -1.203100967407226562e+01 -1.125530123710632324e+00 -2.363634109497070312e-01 1.807405203580856323e-01 3.387066125869750977e-01 8.926045894622802734e-01
-1.768049240112304688e+00 -1.175783061981201172e+01 -1.162973880767822266e+00 -2.323589026927947998e-01 1.811092495918273926e-01 3.233188986778259277e-01 8.992627859115600586e-01
-1.481369614601135254e+00 -1.149322700500488281e+01 -1.200875878334045410e+00 -2.284883558750152588e-01 1.809706687927246094e-01 3.084846735000610352e-01 9.054722189903259277e-01
-1.193660855293273926e+00 -1.123800182342529297e+01 -1.240053653717041016e+00 -2.247553914785385132e-01 1.803582608699798584e-01 2.941628694534301758e-01 9.112759828567504883e-01
-9.055590629577636719e-01 -1.099183940887451172e+01 -1.281215429306030273e+00 -2.211147397756576538e-01 1.793171316385269165e-01 2.803011238574981689e-01 9.167251586914062500e-01
-6.176342368125915527e-01 -1.075424289703369141e+01 -1.323840022087097168e+00 -2.173059284687042236e-01 1.779494434595108032e-01 2.668045163154602051e-01 9.219151139259338379e-01
-3.301135301589965820e-01 -1.052498435974121094e+01 -1.367374539375305176e+00 -2.136116027832031250e-01 1.761896759271621704e-01 2.536828517913818359e-01 9.268075823783874512e-01
-4.341430589556694031e-02 -1.030357551574707031e+01 -1.411087036132812500e+00 -2.100512683391571045e-01 1.740566492080688477e-01 2.408927530050277710e-01 9.314255714416503906e-01
2.418395876884460449e-01 -1.008915138244628906e+01 -1.453967571258544922e+00 -2.066435217857360840e-01 1.715683341026306152e-01 2.283894717693328857e-01 9.357888698577880859e-01
5.247778296470642090e-01 -9.880393028259277344e+00 -1.494686603546142578e+00 -2.034067064523696899e-01 1.687421947717666626e-01 2.161273360252380371e-01 9.399153590202331543e-01
8.042407035827636719e-01 -9.675477981567382812e+00 -1.531565546989440918e+00 -2.003575265407562256e-01 1.655954420566558838e-01 2.040595412254333496e-01 9.438192248344421387e-01
1.078695058822631836e+00 -9.472072601318359375e+00 -1.562564611434936523e+00 -1.975122988224029541e-01 1.621446013450622559e-01 1.921384036540985107e-01 9.475129842758178711e-01
1.345847129821777344e+00 -9.266934394836425781e+00 -1.584395766258239746e+00 -1.948865801095962524e-01 1.584059000015258789e-01 1.803158521652221680e-01 9.510062336921691895e-01
1.605725049972534180e+00 -9.060614585876464844e+00 -1.596775531768798828e+00 -1.924950927495956421e-01 1.543950438499450684e-01 1.685427725315093994e-01 9.543066024780273438e-01
1.858969688415527344e+00 -8.854454994201660156e+00 -1.600261211395263672e+00 -1.903523951768875122e-01 1.501273810863494873e-01 1.567699611186981201e-01 9.574189186096191406e-01
2.106240272521972656e+00 -8.649703025817871094e+00 -1.594963669776916504e+00 -1.884714514017105103e-01 1.456178277730941772e-01 1.449474841356277466e-01 9.603458046913146973e-01
2.348535060882568359e+00 -8.447963714599609375e+00 -1.581123948097229004e+00 -1.868651509284973145e-01 1.408812403678894043e-01 1.330251544713973999e-01 9.630877971649169922e-01
2.587054491043090820e+00 -8.250834465026855469e+00 -1.561263442039489746e+00 -1.855455338954925537e-01 1.359318792819976807e-01 1.209525018930435181e-01 9.656426906585693359e-01
2.822720766067504883e+00 -8.059651374816894531e+00 -1.536996483802795410e+00 -1.835384517908096313e-01 1.309015750885009766e-01 1.085729822516441345e-01 9.681892395019531250e-01
3.055716514587402344e+00 -7.874542236328125000e+00 -1.508843302726745605e+00 -1.816530525684356689e-01 1.257234662771224976e-01 9.609235823154449463e-02 9.705472588539123535e-01
3.285428285598754883e+00 -7.694558143615722656e+00 -1.478371500968933105e+00 -1.799095720052719116e-01 1.204514130949974060e-01 8.362750709056854248e-02 9.726922512054443359e-01
3.511595487594604492e+00 -7.519246578216552734e+00 -1.446316480636596680e+00 -1.783226579427719116e-01 1.151441186666488647e-01 7.129335403442382812e-02 9.746075272560119629e-01
3.737669706344604492e+00 -7.352598190307617188e+00 -1.416449904441833496e+00 -1.769014596939086914e-01 1.098649650812149048e-01 5.920293927192687988e-02 9.762840867042541504e-01
3.970251321792602539e+00 -7.203836917877197266e+00 -1.395707964897155762e+00 -1.756496280431747437e-01 1.046808138489723206e-01 4.746739566326141357e-02 9.777197837829589844e-01
4.211726188659667969e+00 -7.087675571441650391e+00 -1.392897009849548340e+00 -1.745658814907073975e-01 9.966161847114562988e-02 3.619610890746116638e-02 9.789198637008666992e-01
4.470938682556152344e+00 -7.040568828582763672e+00 -1.427935719490051270e+00 -1.736441850662231445e-01 9.487973898649215698e-02 2.549686655402183533e-02 9.798955917358398438e-01
4.726827144622802734e+00 -7.022651672363281250e+00 -1.472107768058776855e+00 -1.728745698928833008e-01 9.040892869234085083e-02 1.547620911151170731e-02 9.806635379791259766e-01
4.978159904479980469e+00 -7.020874023437500000e+00 -1.516270995140075684e+00 -1.722436845302581787e-01 8.632387220859527588e-02 6.239143200218677521e-03 9.812448024749755859e-01
5.233795166015625000e+00 -7.019916057586669922e+00 -1.554709076881408691e+00 -1.717357933521270752e-01 8.269920945167541504e-02 -2.109648659825325012e-03 9.816634654998779297e-01
5.493582248687744141e+00 -7.019754409790039062e+00 -1.587673306465148926e+00 -1.713336855173110962e-01 7.960934191942214966e-02 -9.465822018682956696e-03 9.819458127021789551e-01
5.757346153259277344e+00 -7.020304203033447266e+00 -1.615823626518249512e+00 -1.710198968648910522e-01 7.712776213884353638e-02 -1.572529971599578857e-02 9.821181297302246094e-01
6.024946689605712891e+00 -7.021464824676513672e+00 -1.639969468116760254e+00 -1.707778871059417725e-01 7.532663643360137939e-02 -2.078404277563095093e-02 9.822061061859130859e-01
6.296376228332519531e+00 -7.023322582244873047e+00 -1.659552216529846191e+00 -1.705935299396514893e-01 7.427607476711273193e-02 -2.453595027327537537e-02 9.822316169738769531e-01
6.571404933929443359e+00 -7.025201320648193359e+00 -1.677452325820922852e+00 -1.704565435647964478e-01 7.404422014951705933e-02 -2.687433362007141113e-02 9.822116494178771973e-01
6.850010395050048828e+00 -7.026929855346679688e+00 -1.694424152374267578e+00 -1.703623086214065552e-01 7.469607889652252197e-02 -2.768990769982337952e-02 9.821559786796569824e-01
7.132197856903076172e+00 -7.028252601623535156e+00 -1.710811138153076172e+00 -1.703135967254638672e-01 7.629303634166717529e-02 -2.687055245041847229e-02 9.820643663406372070e-01
7.417936325073242188e+00 -7.028477668762207031e+00 -1.727663874626159668e+00 -1.703226119279861450e-01 7.889179140329360962e-02 -2.430072799324989319e-02 9.819244742393493652e-01
