8.295614242553710938e+00 -7.018767356872558594e+00 -1.791763901710510254e+00 -1.640023142099380493e-01 9.286844730377197266e-02 -5.817237310111522675e-03 9.820615649223327637e-01
8.593612670898437500e+00 -7.005108356475830078e+00 -1.827243328094482422e+00 -1.601178944110870361e-01 9.938757121562957764e-02 3.796197474002838135e-03 9.820743203163146973e-01
8.882170677185058594e+00 -6.963768005371093750e+00 -1.900989294052124023e+00 -1.557833701372146606e-01 1.066408455371856689e-01 1.497892290353775024e-02 9.819036722183227539e-01
8.720870971679687500e+00 -6.854908466339111328e+00 -2.049303770065307617e+00 -1.510012000799179077e-01 1.144996136426925659e-01 2.761007100343704224e-02 9.814918041229248047e-01
8.431476593017578125e+00 -6.796354293823242188e+00 -2.121170520782470703e+00 -1.457744091749191284e-01 1.228345409035682678e-01 4.156725108623504639e-02 9.807820916175842285e-01
8.132732391357421875e+00 -6.751014232635498047e+00 -2.174359083175659180e+00 -1.401074677705764771e-01 1.315156072378158569e-01 5.672582611441612244e-02 9.797222614288330078e-01
7.828265666961669922e+00 -6.713464736938476562e+00 -2.216670989990234375e+00 -1.340064704418182373e-01 1.404127925634384155e-01 7.295939326286315918e-02 9.782655239105224609e-01
7.519277572631835938e+00 -6.681474685668945312e+00 -2.251285314559936523e+00 -1.274799853563308716e-01 1.493962109088897705e-01 9.013989567756652832e-02 9.763731360435485840e-01
7.206476211547851562e+00 -6.652985572814941406e+00 -2.281115770339965820e+00 -1.205377280712127686e-01 1.583368778228759766e-01 1.081377565860748291e-01 9.740155935287475586e-01
6.890134811401367188e+00 -6.626948833465576172e+00 -2.307645797729492188e+00 -1.131926327943801880e-01 1.671066880226135254e-01 1.268223673105239868e-01 9.711740016937255859e-01
6.570369243621826172e+00 -6.602774620056152344e+00 -2.331718683242797852e+00 -1.054596677422523499e-01 1.755794882774353027e-01 1.460625827312469482e-01 9.678407907485961914e-01
6.247232437133789062e+00 -6.580112934112548828e+00 -2.353859186172485352e+00 -9.735563397407531738e-02 1.836313009262084961e-01 1.657273620367050171e-01 9.640207290649414062e-01
5.920743465423583984e+00 -6.558770656585693359e+00 -2.374417781829833984e+00 -8.890045434236526489e-02 1.911403685808181763e-01 1.856863647699356079e-01 9.597304463386535645e-01
5.590894699096679688e+00 -6.538830280303955078e+00 -2.393589973449707031e+00 -8.011473715305328369e-02 1.979885399341583252e-01 2.058107256889343262e-01 9.549995660781860352e-01
5.257728576660156250e+00 -6.519806861877441406e+00 -2.412136793136596680e+00 -7.102203369140625000e-02 2.040605843067169189e-01 2.259735316038131714e-01 9.498689770698547363e-01
4.921241760253906250e+00 -6.501703262329101562e+00 -2.430460214614868164e+00 -6.164639443159103394e-02 2.092450261116027832e-01 2.460505366325378418e-01 9.443915486335754395e-01
4.581449031829833984e+00 -6.484565258026123047e+00 -2.449272394180297852e+00 -5.201327055692672729e-02 2.134339362382888794e-01 2.659205496311187744e-01 9.386303424835205078e-01
4.238632678985595703e+00 -6.465065956115722656e+00 -2.471378087997436523e+00 -4.214850068092346191e-02 2.165231406688690186e-01 2.854658663272857666e-01 9.326577186584472656e-01
3.894152641296386719e+00 -6.432944774627685547e+00 -2.504085063934326172e+00 -3.207830339670181274e-02 2.184116691350936890e-01 3.045730292797088623e-01 9.265541434288024902e-01
3.551778554916381836e+00 -6.375198841094970703e+00 -2.555521249771118164e+00 -2.183432504534721375e-02 2.190335988998413086e-01 3.231455087661743164e-01 9.203937053680419922e-01
3.220333099365234375e+00 -6.276069164276123047e+00 -2.635088443756103516e+00 -1.146933436393737793e-02 2.184518426656723022e-01 3.411391973495483398e-01 9.142052531242370605e-01
2.906481981277465820e+00 -6.137011051177978516e+00 -2.740028619766235352e+00 -1.041211187839508057e-03 2.167623043060302734e-01 3.585231602191925049e-01 9.080055952072143555e-01
2.607381582260131836e+00 -5.970178127288818359e+00 -2.860159158706665039e+00 9.392514824867248535e-03 2.140616625547409058e-01 3.752684295177459717e-01 9.018109440803527832e-01
2.317214250564575195e+00 -5.784422874450683594e+00 -2.985053539276123047e+00 1.977459341287612915e-02 2.104472815990447998e-01 3.913481235504150391e-01 8.956381082534790039e-01
2.036345243453979492e+00 -5.576414585113525391e+00 -3.105925321578979492e+00 3.004863858222961426e-02 2.060174345970153809e-01 4.067358672618865967e-01 8.895053267478942871e-01
1.768453359603881836e+00 -5.337401390075683594e+00 -3.204727649688720703e+00 4.015885293483734131e-02 2.008708119392395020e-01 4.214076697826385498e-01 8.834329843521118164e-01
1.749459147453308105e+00 -5.119384765625000000e+00 -3.066015481948852539e+00 5.005002021789550781e-02 1.951066851615905762e-01 4.353421926498413086e-01 8.774425983428955078e-01
2.027153253555297852e+00 -5.132546901702880859e+00 -2.811344623565673828e+00 5.966776609420776367e-02 1.888247728347778320e-01 4.485199749469757080e-01 8.715588450431823730e-01
2.327568292617797852e+00 -5.173905372619628906e+00 -2.580221414566040039e+00 6.895852088928222656e-02 1.821248829364776611e-01 4.609240591526031494e-01 8.658083677291870117e-01
2.644855976104736328e+00 -5.218750476837158203e+00 -2.367576837539672852e+00 7.786981016397476196e-02 1.751070618629455566e-01 4.725395441055297852e-01 8.602209687232971191e-01
2.976391553878784180e+00 -5.257424354553222656e+00 -2.170181274414062500e+00 8.634985238313674927e-02 1.678711473941802979e-01 4.833538830280303955e-01 8.548286557197570801e-01
3.319466590881347656e+00 -5.282910823822021484e+00 -1.992942810058593750e+00 9.434813261032104492e-02 1.605165898799896240e-01 4.933569133281707764e-01 8.496657609939575195e-01
3.673159122467041016e+00 -5.292965412139892578e+00 -1.837845087051391602e+00 1.018146276473999023e-01 1.531428694725036621e-01 5.025399923324584961e-01 8.447690010070800781e-01
4.034724235534667969e+00 -5.290749549865722656e+00 -1.703786611557006836e+00 1.087004393339157104e-01 1.458486169576644897e-01 5.108968615531921387e-01 8.401767015457153320e-01
4.401854038238525391e+00 -5.279578685760498047e+00 -1.588917851448059082e+00 1.149574592709541321e-01 1.387318819761276245e-01 5.184218883514404297e-01 8.359288573265075684e-01
4.772752761840820312e+00 -5.262647151947021484e+00 -1.490955829620361328e+00 1.205380484461784363e-01 1.318901926279067993e-01 5.251113772392272949e-01 8.320658802986145020e-01
5.146094799041748047e+00 -5.242857933044433594e+00 -1.407451748847961426e+00 1.253951042890548706e-01 1.254201531410217285e-01 5.309615731239318848e-01 8.286287188529968262e-01
5.520954608917236328e+00 -5.222728252410888672e+00 -1.335951566696166992e+00 1.293113380670547485e-01 1.193069964647293091e-01 5.359936952590942383e-01 8.256847262382507324e-01
5.896610736846923828e+00 -5.204339504241943359e+00 -1.274360299110412598e+00 1.327514201402664185e-01 1.139773502945899963e-01 5.401294827461242676e-01 8.231927156448364258e-01
6.272628784179687500e+00 -5.189382076263427734e+00 -1.220530390739440918e+00 1.351728588342666626e-01 1.091726645827293396e-01 5.434524416923522949e-01 8.212606310844421387e-01
6.648572444915771484e+00 -5.177183628082275391e+00 -1.172770619392395020e+00 1.367775648832321167e-01 1.049913018941879272e-01 5.460025668144226074e-01 8.198475241661071777e-01
7.024174690246582031e+00 -5.167115211486816406e+00 -1.129771351814270020e+00 1.376118659973144531e-01 1.013989895582199097e-01 5.478550195693969727e-01 8.189236521720886230e-01
7.399260520935058594e+00 -5.158672809600830078e+00 -1.090509653091430664e+00 1.377212852239608765e-01 9.836074709892272949e-02 5.490817427635192871e-01 8.184540867805480957e-01
7.773707866668701172e+00 -5.151427268981933594e+00 -1.054146409034729004e+00 1.371507942676544189e-01 9.584087878465652466e-02 5.497518181800842285e-01 8.183991909027099609e-01
8.147422790527343750e+00 -5.144989013671875000e+00 -1.019943475723266602e+00 1.359445005655288696e-01 9.380310028791427612e-02 5.499313473701477051e-01 8.187157511711120605e-01
8.520334243774414062e+00 -5.138970851898193359e+00 -9.871999621391296387e-01 1.341461837291717529e-01 9.221100062131881714e-02 5.496852397918701172e-01 8.193582892417907715e-01
8.892373085021972656e+00 -5.132957458496093750e+00 -9.551882743835449219e-01 1.317992806434631348e-01 9.102787077426910400e-02 5.490772128105163574e-01 8.202787041664123535e-01
9.263466835021972656e+00 -5.126458644866943359e+00 -9.230740070343017578e-01 1.289469897747039795e-01 9.021668881177902222e-02 5.481692552566528320e-01 8.214281201362609863e-01
9.633511543273925781e+00 -5.118814468383789062e+00 -8.897702097892761230e-01 1.256324350833892822e-01 8.974049985408782959e-02 5.470237731933593750e-01 8.227564692497253418e-01
1.000253009796142578e+01 -5.110302925109863281e+00 -8.554660081863403320e-01 1.218987107276916504e-01 8.956226706504821777e-02 5.457023382186889648e-01 8.242137432098388672e-01
1.037055110931396484e+01 -5.101237297058105469e+00 -8.203676939010620117e-01 1.177890300750732422e-01 8.964489400386810303e-02 5.442672371864318848e-01 8.257496953010559082e-01
1.073761940002441406e+01 -5.092027664184570312e+00 -7.847735285758972168e-01 1.133466139435768127e-01 8.995152264833450317e-02 5.427805185317993164e-01 8.273153305053710938e-01
1.110378551483154297e+01 -5.083106040954589844e+00 -7.490243315696716309e-01 1.086149364709854126e-01 9.044529497623443604e-02 5.413050651550292969e-01 8.288614749908447266e-01
1.146909618377685547e+01 -5.074861526489257812e+00 -7.134460210800170898e-01 1.036375015974044800e-01 9.108944982290267944e-02 5.399044752120971680e-01 8.303403258323669434e-01
1.183359432220458984e+01 -5.067599773406982422e+00 -6.783208847045898438e-01 9.845830500125885010e-02 9.184734523296356201e-02 5.386426448822021484e-01 8.317054510116577148e-01
1.219730472564697266e+01 -5.061517238616943359e+00 -6.438598632812500000e-01 9.312123060226440430e-02 9.268243610858917236e-02 5.375847816467285156e-01 8.329111337661743164e-01
1.256025600433349609e+01 -5.056876182556152344e+00 -6.103027462959289551e-01 8.767043054103851318e-02 9.355850517749786377e-02 5.367960333824157715e-01 8.339128494262695312e-01
1.292242145538330078e+01 -5.053304195404052734e+00 -5.773849487304687500e-01 8.215023577213287354e-02 9.443919360637664795e-02 5.363427996635437012e-01 8.346670269966125488e-01
1.328379154205322266e+01 -5.050618648529052734e+00 -5.449694991111755371e-01 7.660490274429321289e-02 9.528852999210357666e-02 5.362912416458129883e-01 8.351307511329650879e-01
1.364435672760009766e+01 -5.048735618591308594e+00 -5.129665732383728027e-01 7.106880843639373779e-02 9.607587754726409912e-02 5.366836190223693848e-01 8.352780342102050781e-01
1.400410366058349609e+01 -5.047651767730712891e+00 -4.813018739223480225e-01 6.553613394498825073e-02 9.679219126701354980e-02 5.374624133110046387e-01 8.351469635963439941e-01
1.436301517486572266e+01 -5.047426223754882812e+00 -4.499069154262542725e-01 5.999092757701873779e-02 9.743383526802062988e-02 5.385451912879943848e-01 8.347915410995483398e-01
1.472107028961181641e+01 -5.048189163208007812e+00 -4.187100231647491455e-01 5.441728606820106506e-02 9.799717366695404053e-02 5.398489236831665039e-01 8.342651724815368652e-01
1.507824802398681641e+01 -5.050182342529296875e+00 -3.876193165779113770e-01 4.879917949438095093e-02 9.847857058048248291e-02 5.412910580635070801e-01 8.336213827133178711e-01
1.543451595306396484e+01 -5.053869724273681641e+00 -3.564916849136352539e-01 4.312084987759590149e-02 9.887422621250152588e-02 5.427885651588439941e-01 8.329136371612548828e-01
1.578471755981445312e+01 -5.060028076171875000e+00 -3.259722888469696045e-01 3.736620396375656128e-02 9.918066859245300293e-02 5.442588925361633301e-01 8.321955204010009766e-01
1.612892150878906250e+01 -5.069744110107421875e+00 -2.976391613483428955e-01 3.151959925889968872e-02 9.939411282539367676e-02 5.456191897392272949e-01 8.315208554267883301e-01
1.646721839904785156e+01 -5.085200309753417969e+00 -2.751074135303497314e-01 2.556509524583816528e-02 9.951106458902359009e-02 5.467875003814697266e-01 8.309435844421386719e-01
1.679953193664550781e+01 -5.105686187744140625e+00 -2.601510584354400635e-01 1.948689669370651245e-02 9.952792525291442871e-02 5.476810932159423828e-01 8.305178284645080566e-01
1.712570571899414062e+01 -5.130378723144531250e+00 -2.544091641902923584e-01 1.326922327280044556e-02 9.944108128547668457e-02 5.482175946235656738e-01 8.302968144416809082e-01
1.744566917419433594e+01 -5.156597614288330078e+00 -2.547326683998107910e-01 6.896264851093292236e-03 9.924688935279846191e-02 5.483139157295227051e-01 8.303337693214416504e-01
1.775946044921875000e+01 -5.182903289794921875e+00 -2.586865127086639404e-01 3.521703183650970459e-04 9.894160181283950806e-02 5.478871464729309082e-01 8.306805491447448730e-01
1.806715583801269531e+01 -5.208323955535888672e+00 -2.641876041889190674e-01 -6.378930062055587769e-03 9.852124750614166260e-02 5.468526482582092285e-01 8.313874602317810059e-01
1.836880302429199219e+01 -5.232361316680908203e+00 -2.699960172176361084e-01 -1.331285014748573303e-02 9.798163175582885742e-02 5.451249480247497559e-01 8.325029611587524414e-01
1.866441345214843750e+01 -5.254825115203857422e+00 -2.754061818122863770e-01 -2.046570926904678345e-02 9.731848537921905518e-02 5.426174402236938477e-01 8.340723514556884766e-01
1.895397758483886719e+01 -5.275727272033691406e+00 -2.800686657428741455e-01 -2.785338647663593292e-02 9.652694314718246460e-02 5.392407774925231934e-01 8.361377120018005371e-01
1.923746490478515625e+01 -5.295222282409667969e+00 -2.838842570781707764e-01 -3.549186140298843384e-02 9.560170024633407593e-02 5.349034070968627930e-01 8.387365341186523438e-01
1.951490020751953125e+01 -5.312612056732177734e+00 -2.862179577350616455e-01 -4.339717701077461243e-02 9.453709423542022705e-02 5.295114517211914062e-01 8.419008851051330566e-01
1.978620147705078125e+01 -5.328560829162597656e+00 -2.873419225215911865e-01 -5.158502608537673950e-02 9.332661330699920654e-02 5.229665637016296387e-01 8.456565141677856445e-01
2.005131340026855469e+01 -5.343499660491943359e+00 -2.875695824623107910e-01 -6.005875021219253540e-02 9.197078645229339600e-02 5.151988267898559570e-01 8.500026464462280273e-01
2.031028938293457031e+01 -5.356066703796386719e+00 -2.857638597488403320e-01 -6.877128779888153076e-02 9.049876779317855835e-02 5.062617659568786621e-01 8.548564314842224121e-01
2.056299972534179688e+01 -5.368691444396972656e+00 -2.835268974304199219e-01 -7.766275107860565186e-02 8.894798904657363892e-02 4.962413609027862549e-01 8.601170182228088379e-01
2.080940628051757812e+01 -5.382256984710693359e+00 -2.800979614257812500e-01 -8.667305111885070801e-02 8.735586702823638916e-02 4.852265119552612305e-01 8.656857609748840332e-01
2.104948616027832031e+01 -5.396783828735351562e+00 -2.764034867286682129e-01 -9.574177861213684082e-02 8.576050400733947754e-02 4.733094573020935059e-01 8.714681863784790039e-01
2.128313827514648438e+01 -5.414319992065429688e+00 -2.720312476158142090e-01 -1.048086434602737427e-01 8.420044183731079102e-02 4.605864286422729492e-01 8.773742318153381348e-01
2.151042366027832031e+01 -5.433051586151123047e+00 -2.675756812095642090e-01 -1.138142123818397522e-01 8.271487057209014893e-02 4.471579790115356445e-01 8.833200931549072266e-01
2.173103523254394531e+01 -5.457032203674316406e+00 -2.627435326576232910e-01 -1.226982772350311279e-01 8.134375512599945068e-02 4.331288039684295654e-01 8.892287611961364746e-01
2.194537353515625000e+01 -5.480996131896972656e+00 -2.579907178878784180e-01 -1.314028799533843994e-01 8.012734353542327881e-02 4.186083078384399414e-01 8.950306773185729980e-01
2.215240669250488281e+01 -5.513740062713623047e+00 -2.531137168407440186e-01 -1.398700028657913208e-01 7.910689711570739746e-02 4.037109017372131348e-01 9.006641507148742676e-01
2.235331916809082031e+01 -5.545544147491455078e+00 -2.483810335397720337e-01 -1.480433642864227295e-01 7.832378149032592773e-02 3.885543048381805420e-01 9.060762524604797363e-01
2.254628372192382812e+01 -5.586847305297851562e+00 -2.438305616378784180e-01 -1.558676064014434814e-01 7.782015949487686157e-02 3.732609748840332031e-01 9.112220406532287598e-01
2.273280525207519531e+01 -5.629296779632568359e+00 -2.394677698612213135e-01 -1.632896065711975098e-01 7.763846218585968018e-02 3.579554855823516846e-01 9.160658717155456543e-01
2.291140174865722656e+01 -5.677963733673095703e+00 -2.354479879140853882e-01 -1.702573299407958984e-01 7.782162725925445557e-02 3.427663445472717285e-01 9.205800294876098633e-01
2.308199501037597656e+01 -5.733272552490234375e+00 -2.317965626716613770e-01 -1.767205446958541870e-01 7.841280102729797363e-02 3.278244137763977051e-01 9.247446060180664062e-01
2.324641036987304688e+01 -5.787807941436767578e+00 -2.284078896045684814e-01 -1.826306283473968506e-01 7.945578545331954956e-02 3.132617175579071045e-01 9.285471439361572266e-01
2.339857101440429688e+01 -5.857968807220458984e+00 -2.257974147796630859e-01 -1.879405677318572998e-01 8.099455386400222778e-02 2.992116212844848633e-01 9.319821596145629883e-01
2.354530715942382812e+01 -5.925538063049316406e+00 -2.234255969524383545e-01 -1.926043033599853516e-01 8.307362347841262817e-02 2.858078181743621826e-01 9.350488185882568359e-01
2.368043327331542969e+01 -6.002133846282958984e+00 -2.217788696289062500e-01 -1.965778917074203491e-01 8.573726564645767212e-02 2.731840908527374268e-01 9.377508163452148438e-01
2.380554199218750000e+01 -6.084859371185302734e+00 -2.207546979188919067e-01 -1.998172849416732788e-01 8.903105556964874268e-02 2.614738643169403076e-01 9.400946497917175293e-01
2.392570686340332031e+01 -6.164545536041259766e+00 -2.207049578428268433e-01 -1.992334127426147461e-01 9.378834068775177002e-02 2.504680752754211426e-01 9.427489042282104492e-01
2.403043937683105469e+01 -6.254972934722900391e+00 -2.212081849575042725e-01 -1.987613886594772339e-01 9.882901608943939209e-02 2.404696494340896606e-01 9.449344277381896973e-01
2.412970161437988281e+01 -6.342723369598388672e+00 -2.217565923929214478e-01 -1.983735859394073486e-01 1.040946096181869507e-01 2.313815802335739136e-01 9.467179775238037109e-01
2.422437858581542969e+01 -6.426567077636718750e+00 -2.222988903522491455e-01 -1.980443596839904785e-01 1.095158606767654419e-01 2.231056839227676392e-01 9.481605291366577148e-01
2.430446815490722656e+01 -6.516808509826660156e+00 -2.231494039297103882e-01 -1.977499127388000488e-01 1.150150746107101440e-01 2.155424207448959351e-01 9.493196606636047363e-01
2.438060569763183594e+01 -6.602482795715332031e+00 -2.239681929349899292e-01 -1.974678486585617065e-01 1.205078363418579102e-01 2.085903137922286987e-01 9.502496123313903809e-01
2.445276069641113281e+01 -6.683609008789062500e+00 -2.247525006532669067e-01 -1.971770077943801880e-01 1.259047240018844604e-01 2.021460682153701782e-01 9.510026574134826660e-01
2.451520156860351562e+01 -6.764895439147949219e+00 -2.255734205245971680e-01 -1.968570649623870850e-01 1.311127096414566040e-01 1.961038410663604736e-01 9.516302347183227539e-01
2.457162094116210938e+01 -6.843301773071289062e+00 -2.263790816068649292e-01 -1.964882612228393555e-01 1.360357552766799927e-01 1.903554201126098633e-01 9.521823525428771973e-01
2.463152313232421875e+01 -6.926363468170166016e+00 -2.272186279296875000e-01 -1.960513591766357422e-01 1.405761390924453735e-01 1.847901642322540283e-01 9.527091979980468750e-01
2.469437980651855469e+01 -7.014428615570068359e+00 -2.280837893486022949e-01 -1.955274939537048340e-01 1.446342766284942627e-01 1.792947500944137573e-01 9.532592892646789551e-01
2.475323677062988281e+01 -7.112195968627929688e+00 -2.289035022258758545e-01 -1.948985159397125244e-01 1.481090784072875977e-01 1.737537682056427002e-01 9.538804292678833008e-01
2.481507301330566406e+01 -7.214928627014160156e+00 -2.297409027814865112e-01 -1.941474378108978271e-01 1.508983522653579712e-01 1.680500656366348267e-01 9.546180367469787598e-01
2.487973976135253906e+01 -7.322766780853271484e+00 -2.307589650154113770e-01 -1.925102919340133667e-01 1.530245989561080933e-01 1.619453728199005127e-01 9.556657671928405762e-01
2.493993759155273438e+01 -7.439817905426025391e+00 -2.314813137054443359e-01 -1.906654834747314453e-01 1.542530357837677002e-01 1.554296612739562988e-01 9.569191932678222656e-01
2.500271034240722656e+01 -7.562014102935791016e+00 -2.321249395608901978e-01 -1.889631599187850952e-01 1.544155925512313843e-01 1.484447419643402100e-01 9.583386778831481934e-01
2.506556129455566406e+01 -7.690583705902099609e+00 -2.324169874191284180e-01 -1.874607801437377930e-01 1.533949375152587891e-01 1.408851444721221924e-01 9.599374532699584961e-01
2.512702560424804688e+01 -7.826242923736572266e+00 -2.321942150592803955e-01 -1.862123757600784302e-01 1.510732769966125488e-01 1.326435506343841553e-01 9.617210626602172852e-01
2.519018173217773438e+01 -7.967401504516601562e+00 -2.316894531250000000e-01 -1.852714568376541138e-01 1.473318189382553101e-01 1.236110329627990723e-01 9.636846184730529785e-01
2.525166130065917969e+01 -8.115557670593261719e+00 -2.300588935613632202e-01 -1.846880912780761719e-01 1.420509368181228638e-01 1.136764138936996460e-01 9.658102393150329590e-01
2.531481361389160156e+01 -8.269288063049316406e+00 -2.283810377120971680e-01 -1.828127652406692505e-01 1.353364586830139160e-01 1.025351658463478088e-01 9.683749079704284668e-01
2.537849998474121094e+01 -8.428956031799316406e+00 -2.251202315092086792e-01 -1.809341907501220703e-01 1.271199882030487061e-01 9.050892293453216553e-02 9.710361957550048828e-01
2.544330978393554688e+01 -8.594292640686035156e+00 -2.210293561220169067e-01 -1.791348010301589966e-01 1.175420954823493958e-01 7.777943462133407593e-02 9.736759066581726074e-01
2.550894737243652344e+01 -8.765407562255859375e+00 -2.158477753400802612e-01 -1.774863898754119873e-01 1.067549213767051697e-01 6.452336907386779785e-02 9.761857390403747559e-01
2.557429695129394531e+01 -8.942703247070312500e+00 -2.091494649648666382e-01 -1.760479211807250977e-01 9.492229670286178589e-02 5.091077089309692383e-02 9.784706830978393555e-01
2.563973617553710938e+01 -9.126021385192871094e+00 -2.014984041452407837e-01 -1.748643368482589722e-01 8.221975713968276978e-02 3.710449859499931335e-02 9.804517626762390137e-01
2.570462417602539062e+01 -9.315584182739257812e+00 -1.929638683795928955e-01 -1.739660352468490601e-01 6.883325427770614624e-02 2.326014265418052673e-02 9.820675849914550781e-01
2.576823234558105469e+01 -9.511638641357421875e+00 -1.839288324117660522e-01 -1.733689606189727783e-01 5.495708063244819641e-02 9.526523761451244354e-03 9.832762479782104492e-01
2.582980918884277344e+01 -9.714418411254882812e+00 -1.751730293035507202e-01 -1.730750650167465210e-01 4.079164192080497742e-02 -3.953688312321901321e-03 9.840556383132934570e-01
2.588959884643554688e+01 -9.923821449279785156e+00 -1.671908497810363770e-01 -1.730732023715972900e-01 2.654111385345458984e-02 -1.704200357198715210e-02 9.844037890434265137e-01
2.594465255737304688e+01 -1.014063167572021484e+01 -1.635308861732482910e-01 -1.733401864767074585e-01 1.241125725209712982e-02 -2.960396371781826019e-02 9.843386411666870117e-01
2.599715232849121094e+01 -1.036415958404541016e+01 -1.628814637660980225e-01 -1.738419681787490845e-01 -1.393256708979606628e-03 -4.150658473372459412e-02 9.838974475860595703e-01
2.603969192504882812e+01 -1.059584236145019531e+01 -1.674533039331436157e-01 -1.745349019765853882e-01 -1.467073708772659302e-02 -5.261845141649246216e-02 9.831345677375793457e-01
2.607802963256835938e+01 -1.083418464660644531e+01 -1.734011769294738770e-01 -1.753672808408737183e-01 -2.722452208399772644e-02 -6.280610710382461548e-02 9.821203947067260742e-01
2.610997009277343750e+01 -1.107943248748779297e+01 -1.805172711610794067e-01 -1.762808859348297119e-01 -3.886362165212631226e-02 -7.193502783775329590e-02 9.809383749961853027e-01
2.613609313964843750e+01 -1.133134651184082031e+01 -1.875439435243606567e-01 -1.772128790616989136e-01 -4.940369725227355957e-02 -7.986705750226974487e-02 9.796815514564514160e-01
2.615826606750488281e+01 -1.158961868286132812e+01 -1.936160176992416382e-01 -1.780981570482254028e-01 -5.866866931319236755e-02 -8.646033704280853271e-02 9.784495830535888672e-01
2.617763328552246094e+01 -1.185410404205322266e+01 -1.982922255992889404e-01 -1.788717359304428101e-01 -6.648817658424377441e-02 -9.156838804483413696e-02 9.773430824279785156e-01
2.619522476196289062e+01 -1.212470149993896484e+01 -2.013082802295684814e-01 -1.794720441102981567e-01 -7.269815355539321899e-02 -9.503906965255737305e-02 9.764590263366699219e-01
2.621085357666015625e+01 -1.238678073883056641e+01 -2.022839337587356567e-01 -1.798445731401443481e-01 -7.714059948921203613e-02 -9.671509265899658203e-02 9.758849143981933594e-01
2.622535514831542969e+01 -1.264060974121093750e+01 -2.019189447164535522e-01 -1.764724105596542358e-01 -8.005592972040176392e-02 -9.619805961847305298e-02 9.763168096542358398e-01
2.623908805847167969e+01 -1.288582038879394531e+01 -1.992718428373336792e-01 -1.726165562868118286e-01 -8.121733367443084717e-02 -9.382733702659606934e-02 9.771405458450317383e-01
2.625239181518554688e+01 -1.312233734130859375e+01 -1.940838545560836792e-01 -1.683199852705001831e-01 -8.076230436563491821e-02 -8.975088596343994141e-02 9.783100485801696777e-01
2.626554298400878906e+01 -1.335007286071777344e+01 -1.859625130891799927e-01 -1.636233478784561157e-01 -7.882765680551528931e-02 -8.411515504121780396e-02 9.797644019126892090e-01
2.627881813049316406e+01 -1.356889629364013672e+01 -1.742767244577407837e-01 -1.585652977228164673e-01 -7.555019110441207886e-02 -7.706607878208160400e-02 9.814326763153076172e-01
2.629310417175292969e+01 -1.377866649627685547e+01 -1.590911895036697388e-01 -1.531837582588195801e-01 -7.106588035821914673e-02 -6.874923408031463623e-02 9.832384586334228516e-01
2.630977058410644531e+01 -1.397926235198974609e+01 -1.413940340280532837e-01 -1.475171595811843872e-01 -6.551156193017959595e-02 -5.931160971522331238e-02 9.851035475730895996e-01
2.633000946044921875e+01 -1.417059040069580078e+01 -1.224774122238159180e-01 -1.416046619415283203e-01 -5.902449041604995728e-02 -4.890070110559463501e-02 9.869513511657714844e-01
2.635456275939941406e+01 -1.435257434844970703e+01 -1.037176474928855896e-01 -1.354862451553344727e-01 -5.174346640706062317e-02 -3.766500949859619141e-02 9.887099266052246094e-01
2.638345718383789062e+01 -1.452516365051269531e+01 -8.628723025321960449e-02 -1.292035579681396484e-01 -4.380736872553825378e-02 -2.575506642460823059e-02 9.903151392936706543e-01
2.641602516174316406e+01 -1.468835639953613281e+01 -7.090362161397933960e-02 -1.228003501892089844e-01 -3.535730764269828796e-02 -1.332200504839420319e-02 9.917117953300476074e-01
2.645107650756835938e+01 -1.484224796295166016e+01 -5.773162841796875000e-02 -1.163222044706344604e-01 -2.653466910123825073e-02 -5.187541246414184570e-04 9.928568601608276367e-01
2.648934555053710938e+01 -1.498656940460205078e+01 -4.765747115015983582e-02 -1.098168641328811646e-01 -1.748154684901237488e-02 1.250156480818986893e-02 9.937194585800170898e-01
2.652792358398437500e+01 -1.512176036834716797e+01 -3.969848528504371643e-02 -1.033334285020828247e-01 -8.340990170836448669e-03 2.558505348861217499e-02 9.942826628684997559e-01
2.656620597839355469e+01 -1.524794197082519531e+01 -3.351654112339019775e-02 -9.692396968603134155e-02 7.442214991897344589e-04 3.857795149087905884e-02 9.945436120033264160e-01
2.660461425781250000e+01 -1.536489105224609375e+01 -2.908264100551605225e-02 -9.064114093780517578e-02 9.631522931158542633e-03 5.132693052291870117e-02 9.945134520530700684e-01
2.664127922058105469e+01 -1.547310543060302734e+01 -2.552246116101741791e-02 -8.453935384750366211e-02 1.817889139056205750e-02 6.367959827184677124e-02 9.942170381546020508e-01
2.667668914794921875e+01 -1.557238864898681641e+01 -2.290008403360843658e-02 -7.867399603128433228e-02 2.624512091279029846e-02 7.548476010560989380e-02 9.936919212341308594e-01
2.671049308776855469e+01 -1.566285991668701172e+01 -2.107116580009460449e-02 -7.310190051794052124e-02 3.368998691439628601e-02 8.659283071756362915e-02 9.929867982864379883e-01
2.674121475219726562e+01 -1.574497890472412109e+01 -1.948638819158077240e-02 -6.787943094968795776e-02 4.037445411086082458e-02 9.685578197240829468e-02 9.921597838401794434e-01
2.677040481567382812e+01 -1.581821823120117188e+01 -1.853942871093750000e-02 -6.305385380983352661e-02 4.619104415178298950e-02 1.061583384871482849e-01 9.912723302841186523e-01
2.679695701599121094e+01 -1.588298416137695312e+01 -1.791961677372455597e-02 -5.863223224878311157e-02 5.115340650081634521e-02 1.145108342170715332e-01 9.903700351715087891e-01
2.682017326354980469e+01 -1.593953800201416016e+01 -1.742950454354286194e-02 -5.461092293262481689e-02 5.530614033341407776e-02 1.219547092914581299e-01 9.894877076148986816e-01
2.684007263183593750e+01 -1.598788928985595703e+01 -1.706603914499282837e-02 -5.098514258861541748e-02 5.869356170296669006e-02 1.285311281681060791e-01 9.886533021926879883e-01
2.685716056823730469e+01 -1.602785301208496094e+01 -1.691772416234016418e-02 -4.775038361549377441e-02 6.136014312505722046e-02 1.342811435461044312e-01 9.878883957862854004e-01
2.687156105041503906e+01 -1.605939102172851562e+01 -1.700592041015625000e-02 -4.490061104297637939e-02 6.335001438856124878e-02 1.392451375722885132e-01 9.872089624404907227e-01
2.688241195678710938e+01 -1.608285713195800781e+01 -1.716430671513080597e-02 -4.243046045303344727e-02 6.470724940299987793e-02 1.434633433818817139e-01 9.866260290145874023e-01
2.688971900939941406e+01 -1.609825134277343750e+01 -1.739410310983657837e-02 -4.033322632312774658e-02 6.547545641660690308e-02 1.469752341508865356e-01 9.861462712287902832e-01
2.689350128173828125e+01 -1.610557365417480469e+01 -1.769805885851383209e-02 -3.860288858413696289e-02 6.569822132587432861e-02 1.498201042413711548e-01 9.857724308967590332e-01
2.689792442321777344e+01 -1.611484909057617188e+01 -1.783630251884460449e-02 -3.723267465829849243e-02 6.541898846626281738e-02 1.520367115736007690e-01 9.855043888092041016e-01
2.690300178527832031e+01 -1.612607383728027344e+01 -1.781280525028705597e-02 -3.621611371636390686e-02 6.468072533607482910e-02 1.536634415388107300e-01 9.853386878967285156e-01
2.690874862670898438e+01 -1.613924980163574219e+01 -1.763091981410980225e-02 -3.554607927799224854e-02 6.352651119232177734e-02 1.547383517026901245e-01 9.852699637413024902e-01
2.691517066955566406e+01 -1.615437316894531250e+01 -1.729522645473480225e-02 -3.521585837006568909e-02 6.199904531240463257e-02 1.552992463111877441e-01 9.852909445762634277e-01
2.692227745056152344e+01 -1.617144203186035156e+01 -1.680999808013439178e-02 -3.521851450204849243e-02 6.014115735888481140e-02 1.553837209939956665e-01 9.853926301002502441e-01
2.693007469177246094e+01 -1.619045639038085938e+01 -1.618011482059955597e-02 -3.554697707295417786e-02 5.799544602632522583e-02 1.550290733575820923e-01 9.855653047561645508e-01
2.693857383728027344e+01 -1.621140861511230469e+01 -1.540985051542520523e-02 -3.619452565908432007e-02 5.560439079999923706e-02 1.542726010084152222e-01 9.857981801033020020e-01
2.694778251647949219e+01 -1.623430252075195312e+01 -1.450439449399709702e-02 -3.715375065803527832e-02 5.301091447472572327e-02 1.531515270471572876e-01 9.860801100730895996e-01
2.695789527893066406e+01 -1.625904655456542969e+01 -1.349060051143169403e-02 -3.841799497604370117e-02 5.025726929306983948e-02 1.517030000686645508e-01 9.863997101783752441e-01
2.696959114074707031e+01 -1.628534507751464844e+01 -1.245697028934955597e-02 -3.998024761676788330e-02 4.738625884056091309e-02 1.499641537666320801e-01 9.867455959320068359e-01
2.698209953308105469e+01 -1.631353569030761719e+01 -1.131103467196226120e-02 -4.183313250541687012e-02 4.444048553705215454e-02 1.479721814393997192e-01 9.871065020561218262e-01
2.699541854858398438e+01 -1.634361076354980469e+01 -1.005950942635536194e-02 -4.395976662635803223e-02 4.146224632859230042e-02 1.457672566175460815e-01 9.874716401100158691e-01
2.700957489013671875e+01 -1.637557411193847656e+01 -8.719482459127902985e-03 -4.630239680409431458e-02 3.849158063530921936e-02 1.434012800455093384e-01 9.878312945365905762e-01
2.702457237243652344e+01 -1.640942001342773438e+01 -7.310180459171533585e-03 -4.879248142242431641e-02 3.556870669126510620e-02 1.409291326999664307e-01 9.881766438484191895e-01
2.704042434692382812e+01 -1.644514083862304688e+01 -5.849914625287055969e-03 -5.136230587959289551e-02 3.273329883813858032e-02 1.384060829877853394e-01 9.885009527206420898e-01
2.705714607238769531e+01 -1.648273658752441406e+01 -4.357910249382257462e-03 -5.394370481371879578e-02 3.002536296844482422e-02 1.358875632286071777e-01 9.887987971305847168e-01
2.707643508911132812e+01 -1.652137947082519531e+01 -2.973937895148992538e-03 -5.646901950240135193e-02 2.748499065637588501e-02 1.334291845560073853e-01 9.890663623809814453e-01
2.709689331054687500e+01 -1.656176185607910156e+01 -1.613464322872459888e-03 -5.887058749794960022e-02 2.515219151973724365e-02 1.310868412256240845e-01 9.893016815185546875e-01
2.711835098266601562e+01 -1.660397338867187500e+01 -2.819824148900806904e-04 -6.108040362596511841e-02 2.306702919304370880e-02 1.289165169000625610e-01 9.895038008689880371e-01
2.714082527160644531e+01 -1.664801025390625000e+01 1.003112760372459888e-03 -6.303133070468902588e-02 2.126957662403583527e-02 1.269743889570236206e-01 9.896727204322814941e-01
2.716432952880859375e+01 -1.669387817382812500e+01 2.223815768957138062e-03 -6.465548276901245117e-02 1.980001293122768402e-02 1.253166645765304565e-01 9.898097515106201172e-01
2.719124412536621094e+01 -1.674024772644042969e+01 3.285217098891735077e-03 -6.588547676801681519e-02 1.869843713939189911e-02 1.239995807409286499e-01 9.899159669876098633e-01
2.721981811523437500e+01 -1.678811073303222656e+01 4.226989578455686569e-03 -6.665386259555816650e-02 1.800490170717239380e-02 1.230792850255966187e-01 9.899921417236328125e-01
2.724958038330078125e+01 -1.683773803710937500e+01 5.048522725701332092e-03 -6.689322739839553833e-02 1.775937899947166443e-02 1.226119026541709900e-01 9.900385141372680664e-01
2.728054046630859375e+01 -1.688913345336914062e+01 5.731506273150444031e-03 -6.653565168380737305e-02 1.800191402435302734e-02 1.226531937718391418e-01 9.900531172752380371e-01
2.731638908386230469e+01 -1.693987083435058594e+01 6.244811695069074631e-03 -6.551337242126464844e-02 1.877258159220218658e-02 1.232587173581123352e-01 9.900316596031188965e-01
2.735412979125976562e+01 -1.699193191528320312e+01 6.579589564353227615e-03 -6.375870853662490845e-02 2.011109143495559692e-02 1.244835853576660156e-01 9.899668097496032715e-01
2.739324569702148438e+01 -1.704565811157226562e+01 6.718444637954235077e-03 -6.120285764336585999e-02 2.205741219222545624e-02 1.263822317123413086e-01 9.898461103439331055e-01
2.743693351745605469e+01 -1.709854888916015625e+01 6.683349609375000000e-03 -5.777705088257789612e-02 2.465103939175605774e-02 1.290085166692733765e-01 9.896520376205444336e-01
2.748352432250976562e+01 -1.715190505981445312e+01 6.430969107896089554e-03 -5.341286212205886841e-02 2.793130651116371155e-02 1.324151754379272461e-01 9.893599748611450195e-01
2.753180694580078125e+01 -1.720665359497070312e+01 5.925292614847421646e-03 -4.804055020213127136e-02 3.193715214729309082e-02 1.366538703441619873e-01 9.889377355575561523e-01
2.758454322814941406e+01 -1.725720596313476562e+01 5.280151031911373138e-03 -4.162003472447395325e-02 3.668100386857986450e-02 1.417455822229385376e-01 9.883472919464111328e-01
2.763735580444335938e+01 -1.730760765075683594e+01 4.349670372903347015e-03 -3.422880917787551880e-02 4.206986352801322937e-02 1.475941389799118042e-01 9.875598549842834473e-01
2.769260215759277344e+01 -1.735520935058593750e+01 3.341064322739839554e-03 -2.597439102828502655e-02 4.798428341746330261e-02 1.540740579366683960e-01 9.865515828132629395e-01
2.774934577941894531e+01 -1.740099143981933594e+01 2.217102097347378731e-03 -1.696503534913063049e-02 5.430465936660766602e-02 1.610599309206008911e-01 9.853034615516662598e-01
2.780707931518554688e+01 -1.744526672363281250e+01 1.037292415276169777e-03 -7.309709675610065460e-03 6.091123074293136597e-02 1.684270054101943970e-01 9.838031530380249023e-01
2.786683273315429688e+01 -1.748667144775390625e+01 -2.288818359375000000e-05 2.881399355828762054e-03 6.768421828746795654e-02 1.760514080524444580e-01 9.820470213890075684e-01
2.792680549621582031e+01 -1.752740669250488281e+01 -1.128540025092661381e-03 1.349777728319168091e-02 7.450443506240844727e-02 1.838107109069824219e-01 9.800410866737365723e-01
2.798859405517578125e+01 -1.756506919860839844e+01 -1.848144456744194031e-03 2.442839741706848145e-02 8.125311881303787231e-02 1.915839761495590210e-01 9.778019785881042480e-01
2.805025291442871094e+01 -1.760250663757324219e+01 -2.599487314000725746e-03 3.556203097105026245e-02 8.781234174966812134e-02 1.992523819208145142e-01 9.753577709197998047e-01
2.811313819885253906e+01 -1.763741683959960938e+01 -2.691955538466572762e-03 4.678761959075927734e-02 9.406520426273345947e-02 2.066993117332458496e-01 9.727476835250854492e-01
2.817580413818359375e+01 -1.767221450805664062e+01 -2.760620089247822762e-03 5.799445882439613342e-02 9.989614784717559814e-02 2.138106524944305420e-01 9.700218439102172852e-01
2.823889541625976562e+01 -1.770567512512207031e+01 -1.970520010218024254e-03 6.907264888286590576e-02 1.051907986402511597e-01 2.204747200012207031e-01 9.672407507896423340e-01
2.830175781250000000e+01 -1.773902511596679688e+01 -1.049194368533790112e-03 7.991322875022888184e-02 1.098361834883689880e-01 2.265823781490325928e-01 9.644740819931030273e-01
2.836428833007812500e+01 -1.777234840393066406e+01 8.807372651062905788e-04 9.040835499763488770e-02 1.137208491563796997e-01 2.320266366004943848e-01 9.617990255355834961e-01
2.842654991149902344e+01 -1.780566406250000000e+01 3.060302697122097015e-03 1.004515141248703003e-01 1.167339980602264404e-01 2.367025017738342285e-01 9.592989683151245117e-01
2.848849487304687500e+01 -1.783896827697753906e+01 6.198730319738388062e-03 1.099374294281005859e-01 1.187660843133926392e-01 2.405065894126892090e-01 9.570606350898742676e-01
2.855134963989257812e+01 -1.787298583984375000e+01 9.783935733139514923e-03 1.187618523836135864e-01 1.197077035903930664e-01 2.433359175920486450e-01 9.551718831062316895e-01
2.861509513854980469e+01 -1.790766525268554688e+01 1.447753887623548508e-02 1.268215924501419067e-01 1.194493919610977173e-01 2.450876235961914062e-01 9.537190794944763184e-01
2.867975234985351562e+01 -1.794310188293457031e+01 1.971008256077766418e-02 1.340140104293823242e-01 1.178810447454452515e-01 2.456580102443695068e-01 9.527835249900817871e-01
2.874531364440917969e+01 -1.797919273376464844e+01 2.612487785518169403e-02 1.402365416288375854e-01 1.148912161588668823e-01 2.449409663677215576e-01 9.524377584457397461e-01
2.881431770324707031e+01 -1.801741600036621094e+01 3.359344229102134705e-02 1.454054862260818481e-01 1.103998422622680664e-01 2.428637742996215820e-01 9.527256488800048828e-01
2.888679122924804688e+01 -1.805768394470214844e+01 4.236999526619911194e-02 1.495125442743301392e-01 1.044583469629287720e-01 2.394949346780776978e-01 9.536124467849731445e-01
2.896281623840332031e+01 -1.809979057312011719e+01 5.266998335719108582e-02 1.525668650865554810e-01 9.715022146701812744e-02 2.349361330270767212e-01 9.550341367721557617e-01
2.904244613647460938e+01 -1.814364624023437500e+01 6.442230194807052612e-02 1.545762419700622559e-01 8.855845034122467041e-02 2.292871475219726562e-01 9.569175243377685547e-01
2.912579917907714844e+01 -1.818891716003417969e+01 7.787475734949111938e-02 1.555474251508712769e-01 7.876577973365783691e-02 2.226464599370956421e-01 9.591816663742065430e-01
2.921313476562500000e+01 -1.823495864868164062e+01 9.339996427297592163e-02 1.554867923259735107e-01 6.785539537668228149e-02 2.151119858026504517e-01 9.617412686347961426e-01
2.929955291748046875e+01 -1.829007911682128906e+01 1.096728518605232239e-01 1.544007360935211182e-01 5.591135472059249878e-02 2.067816853523254395e-01 9.645079970359802246e-01
2.934311676025390625e+01 -1.838399696350097656e+01 1.148886084556579590e-01 1.522959917783737183e-01 4.301878437399864197e-02 1.977543085813522339e-01 9.673926234245300293e-01
2.931516456604003906e+01 -1.849311637878417969e+01 1.024264469742774963e-01 1.491804122924804688e-01 2.926423028111457825e-02 1.881296783685684204e-01 9.703071713447570801e-01
2.926053619384765625e+01 -1.859689140319824219e+01 8.366820961236953735e-02 1.450629532337188721e-01 1.473594177514314651e-02 1.780091077089309692e-01 9.731661677360534668e-01
2.919563484191894531e+01 -1.869922256469726562e+01 6.231902912259101868e-02 1.399542838335037231e-01 -4.766266793012619019e-04 1.674956381320953369e-01 9.758881926536560059e-01
2.912545585632324219e+01 -1.880287361145019531e+01 3.951171785593032837e-02 1.338668465614318848e-01 -1.628190279006958008e-02 1.566940844058990479e-01 9.783974289894104004e-01
2.905146408081054688e+01 -1.890885353088378906e+01 1.564117334783077240e-02 1.268151700496673584e-01 -3.258727490901947021e-02 1.457110345363616943e-01 9.806243777275085449e-01
2.897328948974609375e+01 -1.901677131652832031e+01 -9.472961537539958954e-03 1.188161000609397888e-01 -4.929871857166290283e-02 1.346548199653625488e-01 9.825072884559631348e-01
2.889236450195312500e+01 -1.912770843505859375e+01 -3.540740907192230225e-02 1.098884344100952148e-01 -6.632115691900253296e-02 1.236352398991584778e-01 9.839921593666076660e-01
2.880835914611816406e+01 -1.924135017395019531e+01 -6.232513114809989929e-02 1.000532656908035278e-01 -8.355937153100967407e-02 1.127633154392242432e-01 9.850338101387023926e-01
2.872180938720703125e+01 -1.935810089111328125e+01 -9.007385373115539551e-02 8.933377265930175781e-02 -1.009175255894660950e-01 1.021510660648345947e-01 9.855964779853820801e-01
2.863269424438476562e+01 -1.947789382934570312e+01 -1.187100186944007874e-01 7.775482535362243652e-02 -1.183001846075057983e-01 9.191103279590606689e-02 9.856528639793395996e-01
2.854135131835937500e+01 -1.960096740722656250e+01 -1.481683254241943359e-01 6.534308195114135742e-02 -1.356128156185150146e-01 8.215602487325668335e-02 9.851852059364318848e-01
2.844781112670898438e+01 -1.972731971740722656e+01 -1.784610003232955933e-01 5.212625861167907715e-02 -1.527612507343292236e-01 7.299859821796417236e-02 9.841839671134948730e-01
2.835251235961914062e+01 -1.985723686218261719e+01 -2.095666527748107910e-01 3.815812245011329651e-02 -1.696504503488540649e-01 6.452962756156921387e-02 9.826487302780151367e-01
2.825529289245605469e+01 -1.999060058593750000e+01 -2.415032833814620972e-01 2.359283901751041412e-02 -1.861748695373535156e-01 5.675476044416427612e-02 9.805922508239746094e-01
2.815715217590332031e+01 -2.012810707092285156e+01 -2.742953300476074219e-01 8.610434830188751221e-03 -2.022287547588348389e-01 4.965839162468910217e-02 9.780406355857849121e-01
2.805738258361816406e+01 -2.026924514770507812e+01 -3.079614043235778809e-01 -6.608927622437477112e-03 -2.177091538906097412e-01 4.322493448853492737e-02 9.750335812568664551e-01
2.795813179016113281e+01 -2.041547393798828125e+01 -3.424820005893707275e-01 -2.188547328114509583e-02 -2.325173914432525635e-01 3.743867203593254089e-02 9.716249704360961914e-01
2.785935401916503906e+01 -2.056667709350585938e+01 -3.778341710567474365e-01 -3.704012185335159302e-02 -2.465593814849853516e-01 3.228387981653213501e-02 9.678813219070434570e-01
2.776195335388183594e+01 -2.072340774536132812e+01 -4.138690233230590820e-01 -5.189602822065353394e-02 -2.597451806068420410e-01 2.774456702172756195e-02 9.638825654983520508e-01
2.766735267639160156e+01 -2.088653945922851562e+01 -4.501254260540008545e-01 -6.627761572599411011e-02 -2.719893157482147217e-01 2.380493842065334320e-02 9.597198963165283203e-01
2.757756805419921875e+01 -2.105716323852539062e+01 -4.855465590953826904e-01 -8.001225441694259644e-02 -2.832110822200775146e-01 2.044894546270370483e-02 9.554954171180725098e-01
2.749222373962402344e+01 -2.123487281799316406e+01 -5.195150375366210938e-01 -9.293051064014434814e-02 -2.933337986469268799e-01 1.766034960746765137e-02 9.513187408447265625e-01
2.741116905212402344e+01 -2.141946220397949219e+01 -5.513861179351806641e-01 -1.048646569252014160e-01 -3.022840619087219238e-01 1.542326062917709351e-02 9.473066329956054688e-01
2.733349037170410156e+01 -2.161038208007812500e+01 -5.808432102203369141e-01 -1.156504154205322266e-01 -3.099912703037261963e-01 1.372152194380760193e-02 9.435793757438659668e-01
2.725782203674316406e+01 -2.180692863464355469e+01 -6.079913377761840820e-01 -1.251248419284820557e-01 -3.163864612579345703e-01 1.253926008939743042e-02 9.402585625648498535e-01
2.718283081054687500e+01 -2.200847053527832031e+01 -6.332376003265380859e-01 -1.331267356872558594e-01 -3.214010298252105713e-01 1.186062768101692200e-02 9.374635815620422363e-01
2.710755348205566406e+01 -2.221455955505371094e+01 -6.570996046066284180e-01 -1.394960731267929077e-01 -3.249654769897460938e-01 1.166961714625358582e-02 9.353085756301879883e-01
2.703183746337890625e+01 -2.242516326904296875e+01 -6.803640723228454590e-01 -1.408157646656036377e-01 -3.269635438919067383e-01 1.309027895331382751e-02 9.343951344490051270e-01
2.695516586303710938e+01 -2.263999938964843750e+01 -7.028313875198364258e-01 -1.401306390762329102e-01 -3.273525536060333252e-01 1.498774811625480652e-02 9.343335032463073730e-01
2.687705993652343750e+01 -2.285880088806152344e+01 -7.247802615165710449e-01 -1.399340927600860596e-01 -3.260925710201263428e-01 1.639768481254577637e-02 9.347797036170959473e-01
2.679750823974609375e+01 -2.308158302307128906e+01 -7.460922002792358398e-01 -1.402685642242431641e-01 -3.231074810028076172e-01 1.723748072981834412e-02 9.357505440711975098e-01
2.671650505065917969e+01 -2.330833244323730469e+01 -7.668014168739318848e-01 -1.411509513854980469e-01 -3.183113038539886475e-01 1.746936514973640442e-02 9.372561573982238770e-01
2.663532257080078125e+01 -2.353952980041503906e+01 -7.890762090682983398e-01 -1.343348175287246704e-01 -3.114944994449615479e-01 1.985347270965576172e-02 9.404951333999633789e-01
2.655308723449707031e+01 -2.377482414245605469e+01 -8.116012215614318848e-01 -1.251416653394699097e-01 -3.028953075408935547e-01 2.255707606673240662e-02 9.445026516914367676e-01
2.646910667419433594e+01 -2.400522613525390625e+01 -8.332687020301818848e-01 -1.138342022895812988e-01 -2.927138507366180420e-01 2.551218122243881226e-02 9.490571618080139160e-01
2.638432121276855469e+01 -2.423104286193847656e+01 -8.543551564216613770e-01 -1.006771773099899292e-01 -2.811525762081146240e-01 2.865054830908775330e-02 9.539373517036437988e-01
2.629126358032226562e+01 -2.444916725158691406e+01 -8.731256127357482910e-01 -8.593981713056564331e-02 -2.684201002120971680e-01 3.190334886312484741e-02 9.589302539825439453e-01
2.619615745544433594e+01 -2.466184997558593750e+01 -8.911160230636596680e-01 -6.989666819572448730e-02 -2.547314167022705078e-01 3.520198911428451538e-02 9.638398289680480957e-01
2.608849525451660156e+01 -2.486394309997558594e+01 -9.057903885841369629e-01 -5.282710120081901550e-02 -2.403116524219512939e-01 3.847811743617057800e-02 9.684931039810180664e-01
2.597385025024414062e+01 -2.505693054199218750e+01 -9.183532595634460449e-01 -3.501547873020172119e-02 -2.253956496715545654e-01 4.166417941451072693e-02 9.727460145950317383e-01
2.584786987304687500e+01 -2.523816299438476562e+01 -9.276711940765380859e-01 -1.674961298704147339e-02 -2.102274298667907715e-01 4.469377920031547546e-02 9.764867424964904785e-01
2.571351432800292969e+01 -2.540777206420898438e+01 -9.341701865196228027e-01 1.679893583059310913e-03 -1.950605958700180054e-01 4.750200733542442322e-02 9.796387553215026855e-01
2.557621955871582031e+01 -2.556998252868652344e+01 -9.392379522323608398e-01 1.998158916831016541e-02 -1.801557391881942749e-01 5.002577230334281921e-02 9.821619391441345215e-01
2.543240737915039062e+01 -2.572081756591796875e+01 -9.416598081588745117e-01 3.786562010645866394e-02 -1.657799631357192993e-01 5.220409110188484192e-02 9.840518236160278320e-01
2.528977775573730469e+01 -2.586728858947753906e+01 -9.435720443725585938e-01 5.504420027136802673e-02 -1.522054523229598999e-01 5.397800356149673462e-02 9.853376150131225586e-01
2.514569854736328125e+01 -2.600668907165527344e+01 -9.440810680389404297e-01 7.123337686061859131e-02 -1.397060900926589966e-01 5.529049038887023926e-02 9.860786199569702148e-01
2.500428962707519531e+01 -2.614320564270019531e+01 -9.443520903587341309e-01 8.615382015705108643e-02 -1.285579353570938110e-01 5.608622357249259949e-02 9.863592982292175293e-01
2.486556625366210938e+01 -2.627688407897949219e+01 -9.443063139915466309e-01 9.953105449676513672e-02 -1.190372332930564880e-01 5.631104111671447754e-02 9.862823486328125000e-01
2.472953987121582031e+01 -2.640777015686035156e+01 -9.438708424568176270e-01 1.110950037837028503e-01 -1.114189475774765015e-01 5.591122806072235107e-02 9.859602451324462891e-01
2.459622955322265625e+01 -2.653591537475585938e+01 -9.429760575294494629e-01 1.205790191888809204e-01 -1.059757918119430542e-01 5.483259260654449463e-02 9.855065941810607910e-01
2.446565628051757812e+01 -2.666136932373046875e+01 -9.415566921234130859e-01 1.277182102203369141e-01 -1.029790118336677551e-01 5.301965028047561646e-02 9.850240349769592285e-01
2.433781242370605469e+01 -2.678416633605957031e+01 -9.395507574081420898e-01 1.322473585605621338e-01 -1.026968061923980713e-01 5.041433125734329224e-02 9.845924973487854004e-01
2.421271133422851562e+01 -2.690434074401855469e+01 -9.369186162948608398e-01 1.339803785085678101e-01 -1.053086444735527039e-01 4.697480052709579468e-02 9.842523336410522461e-01
2.409035682678222656e+01 -2.702188110351562500e+01 -9.337038993835449219e-01 1.330537497997283936e-01 -1.106491088867187500e-01 4.273481294512748718e-02 9.839853644371032715e-01
2.397074127197265625e+01 -2.713677215576171875e+01 -9.299709796905517578e-01 1.296807080507278442e-01 -1.184628903865814209e-01 3.774594515562057495e-02 9.837300181388854980e-01
2.381455421447753906e+01 -2.714338874816894531e+01 -9.617471098899841309e-01 1.240713894367218018e-01 -1.284908801317214966e-01 3.205905109643936157e-02 9.833964109420776367e-01
2.366007995605468750e+01 -2.714457130432128906e+01 -9.940545558929443359e-01 1.164350658655166626e-01 -1.404698789119720459e-01 2.572502940893173218e-02 9.828780889511108398e-01
2.350934982299804688e+01 -2.714579772949218750e+01 -1.025080561637878418e+00 1.069818735122680664e-01 -1.541336029767990112e-01 1.879567839205265045e-02 9.820613265037536621e-01
2.336235237121582031e+01 -2.714701652526855469e+01 -1.054891347885131836e+00 9.592466801404953003e-02 -1.692130267620086670e-01 1.132417563349008560e-02 9.808349609375000000e-01
2.321907424926757812e+01 -2.714818572998046875e+01 -1.083553791046142578e+00 8.348017185926437378e-02 -1.854373961687088013e-01 3.365686163306236267e-03 9.790978431701660156e-01
2.307951927185058594e+01 -2.714927482604980469e+01 -1.111137390136718750e+00 6.986948847770690918e-02 -2.025354355573654175e-01 -5.022966302931308746e-03 9.767662286758422852e-01
2.294368553161621094e+01 -2.715023612976074219e+01 -1.137710213661193848e+00 5.531842261552810669e-02 -2.202373147010803223e-01 -1.378253102302551270e-02 9.737790226936340332e-01
2.281598281860351562e+01 -2.715103530883789062e+01 -1.162362933158874512e+00 4.005698859691619873e-02 -2.382751107215881348e-01 -2.285259775817394257e-02 9.701021313667297363e-01
2.269643211364746094e+01 -2.715164184570312500e+01 -1.185162067413330078e+00 2.431861869990825653e-02 -2.563859224319458008e-01 -3.217139467597007751e-02 9.657328724861145020e-01
2.258505630493164062e+01 -2.715204620361328125e+01 -1.206170678138732910e+00 8.339100517332553864e-03 -2.743139564990997314e-01 -4.167623817920684814e-02 9.607005119323730469e-01
2.248190116882324219e+01 -2.715223503112792969e+01 -1.225447654724121094e+00 -7.644746452569961548e-03 -2.918107807636260986e-01 -5.130440369248390198e-02 9.550684690475463867e-01
2.238700103759765625e+01 -2.715222358703613281e+01 -1.243045926094055176e+00 -2.339679934084415436e-02 -3.086392581462860107e-01 -6.099401041865348816e-02 9.489331245422363281e-01
2.230040740966796875e+01 -2.715200805664062500e+01 -1.259010553359985352e+00 -3.868255019187927246e-02 -3.245721161365509033e-01 -7.068489491939544678e-02 9.424225687980651855e-01
2.222216987609863281e+01 -2.715162086486816406e+01 -1.273380994796752930e+00 -5.327067524194717407e-02 -3.393940329551696777e-01 -8.031800389289855957e-02 9.356938600540161133e-01
2.215234756469726562e+01 -2.715107917785644531e+01 -1.286186814308166504e+00 -6.693398207426071167e-02 -3.529017865657806396e-01 -8.983795344829559326e-02 9.289290308952331543e-01
2.209098815917968750e+01 -2.715041923522949219e+01 -1.297451138496398926e+00 -7.945026457309722900e-02 -3.649023771286010742e-01 -9.919212013483047485e-02 9.223312735557556152e-01
2.203814315795898438e+01 -2.714967727661132812e+01 -1.307189941406250000e+00 -9.060114622116088867e-02 -3.752121627330780029e-01 -1.083306297659873962e-01 9.161177277565002441e-01
2.199411010742187500e+01 -2.714893722534179688e+01 -1.315146207809448242e+00 -9.952102601528167725e-02 -3.737944066524505615e-01 -1.169613897800445557e-01 9.147094488143920898e-01
2.195864295959472656e+01 -2.714818000793457031e+01 -1.321541428565979004e+00 -1.070198342204093933e-01 -3.724263310432434082e-01 -1.253184676170349121e-01 9.133130311965942383e-01
2.193171310424804688e+01 -2.714741897583007812e+01 -1.326356530189514160e+00 -1.131930351257324219e-01 -3.711294233798980713e-01 -1.334263682365417480e-01 9.119471907615661621e-01
2.191331672668457031e+01 -2.714665985107421875e+01 -1.329566597938537598e+00 -1.181467175483703613e-01 -3.699230551719665527e-01 -1.412856578826904297e-01 9.106242060661315918e-01
2.190344238281250000e+01 -2.714591026306152344e+01 -1.331142902374267578e+00 -1.219966784119606018e-01 -3.688240051269531250e-01 -1.488769501447677612e-01 9.093521237373352051e-01
2.188772010803222656e+01 -2.714523315429687500e+01 -1.334252595901489258e+00 -1.248657107353210449e-01 -3.678456246852874756e-01 -1.561639010906219482e-01 9.081358909606933594e-01
2.186614990234375000e+01 -2.714463806152343750e+01 -1.338862299919128418e+00 -1.268811672925949097e-01 -3.669972419738769531e-01 -1.630989760160446167e-01 9.069801568984985352e-01
2.183873558044433594e+01 -2.714411544799804688e+01 -1.344938278198242188e+00 -1.281706690788269043e-01 -3.662832975387573242e-01 -1.696274131536483765e-01 9.058891534805297852e-01
2.180546569824218750e+01 -2.714368438720703125e+01 -1.352446913719177246e+00 -1.288595199584960938e-01 -3.657034039497375488e-01 -1.756917238235473633e-01 9.048693776130676270e-01
2.176635169982910156e+01 -2.714333152770996094e+01 -1.361355543136596680e+00 -1.290674954652786255e-01 -3.652522265911102295e-01 -1.812356710433959961e-01 9.039281010627746582e-01
2.172139167785644531e+01 -2.714306640625000000e+01 -1.371634483337402344e+00 -1.289064586162567139e-01 -3.649202585220336914e-01 -1.862062364816665649e-01 9.030744433403015137e-01
2.167057991027832031e+01 -2.714289093017578125e+01 -1.383254647254943848e+00 -1.284794211387634277e-01 -3.646946251392364502e-01 -1.905567348003387451e-01 9.023186564445495605e-01
2.161392593383789062e+01 -2.714280700683593750e+01 -1.396191358566284180e+00 -1.278800368309020996e-01 -3.645597994327545166e-01 -1.942466497421264648e-01 9.016712903976440430e-01
2.155142021179199219e+01 -2.714281463623046875e+01 -1.410421133041381836e+00 -1.271933913230895996e-01 -3.644988238811492920e-01 -1.972430199384689331e-01 9.011422991752624512e-01
2.148306655883789062e+01 -2.714291191101074219e+01 -1.425923109054565430e+00 -1.264960765838623047e-01 -3.644942641258239746e-01 -1.995185613632202148e-01 9.007413387298583984e-01
2.140885925292968750e+01 -2.714310455322265625e+01 -1.442678809165954590e+00 -1.258590519428253174e-01 -3.645286858081817627e-01 -2.010511308908462524e-01 9.004758596420288086e-01
2.132880401611328125e+01 -2.714339065551757812e+01 -1.460670471191406250e+00 -1.253486722707748413e-01 -3.645856678485870361e-01 -2.018222212791442871e-01 9.003514051437377930e-01
2.124288940429687500e+01 -2.714376831054687500e+01 -1.479881286621093750e+00 -1.250288635492324829e-01 -3.646502196788787842e-01 -2.018155902624130249e-01 9.003711938858032227e-01
2.115112304687500000e+01 -2.714423370361328125e+01 -1.500295042991638184e+00 -1.249644309282302856e-01 -3.647092878818511963e-01 -2.010154873132705688e-01 9.005352258682250977e-01
2.105349349975585938e+01 -2.714478492736816406e+01 -1.521893858909606934e+00 -1.252216994762420654e-01 -3.647524416446685791e-01 -1.994034945964813232e-01 9.008404016494750977e-01
2.095005416870117188e+01 -2.714543342590332031e+01 -1.544614195823669434e+00 -1.254717707633972168e-01 -3.625012040138244629e-01 -1.970229595899581909e-01 9.022371172904968262e-01
2.084073257446289062e+01 -2.714615440368652344e+01 -1.568526864051818848e+00 -1.261931955814361572e-01 -3.607769608497619629e-01 -1.938576251268386841e-01 9.035123586654663086e-01
2.072552108764648438e+01 -2.714693260192871094e+01 -1.593644976615905762e+00 -1.273438483476638794e-01 -3.595376610755920410e-01 -1.899865716695785522e-01 9.046663641929626465e-01
2.060440635681152344e+01 -2.714776039123535156e+01 -1.619982838630676270e+00 -1.288810372352600098e-01 -3.587398529052734375e-01 -1.854890137910842896e-01 9.056981801986694336e-01
2.047737503051757812e+01 -2.714863014221191406e+01 -1.647554278373718262e+00 -1.307615786790847778e-01 -3.583403825759887695e-01 -1.804431080818176270e-01 9.066057205200195312e-01
2.034441375732421875e+01 -2.714953041076660156e+01 -1.676372647285461426e+00 -1.329427957534790039e-01 -3.582952022552490234e-01 -1.749277114868164062e-01 9.073869585990905762e-01
2.020550918579101562e+01 -2.715045547485351562e+01 -1.706451416015625000e+00 -1.353816241025924683e-01 -3.585617542266845703e-01 -1.690219342708587646e-01 9.080401659011840820e-01
2.006065177917480469e+01 -2.715139579772949219e+01 -1.737804174423217773e+00 -1.380352824926376343e-01 -3.590964674949645996e-01 -1.628045886754989624e-01 9.085651636123657227e-01
1.990982055664062500e+01 -2.715233993530273438e+01 -1.770445466041564941e+00 -1.408611983060836792e-01 -3.598577678203582764e-01 -1.563554406166076660e-01 9.089629054069519043e-01
1.975300788879394531e+01 -2.715328979492187500e+01 -1.804389357566833496e+00 -1.438171267509460449e-01 -3.608034253120422363e-01 -1.497545391321182251e-01 9.092364907264709473e-01
1.959019660949707031e+01 -2.715423583984375000e+01 -1.839649915695190430e+00 -1.468609869480133057e-01 -3.618935346603393555e-01 -1.430821567773818970e-01 9.093912243843078613e-01
1.942121124267578125e+01 -2.715496063232421875e+01 -1.875505924224853516e+00 -1.499513089656829834e-01 -3.630876541137695312e-01 -1.364194154739379883e-01 9.094347357749938965e-01
1.924609184265136719e+01 -2.715553474426269531e+01 -1.912232041358947754e+00 -1.530465185642242432e-01 -3.643479943275451660e-01 -1.298472732305526733e-01 9.093772768974304199e-01
1.906492233276367188e+01 -2.715608787536621094e+01 -1.950277924537658691e+00 -1.561062633991241455e-01 -3.656364381313323975e-01 -1.234476268291473389e-01 9.092313647270202637e-01
1.887645912170410156e+01 -2.715476799011230469e+01 -1.983333706855773926e+00 -1.590898483991622925e-01 -3.669164180755615234e-01 -1.173023954033851624e-01 9.090120196342468262e-01
